922 191 946 264 0.813035 0
760 191 806 276 0.774983 0
873 192 902 265 0.637564 0
993 187 1023 263 0.590882 0
1043 195 1064 255 0.456725 0
1151 192 1174 247 0.250637 0
1035 187 1063 257 0.168135 0
1035 187 1051 251 0.116973 0
1149 195 1162 245 0.087130 0
847 200 860 240 0.071770 0
847 200 856 223 0.065189 0
994 195 1014 257 0.064626 0
847 199 865 228 0.035464 0
1034 188 1049 226 0.031943 0
1158 192 1171 216 0.028803 0
1150 210 1169 247 0.022958 0
965 373 978 390 0.020921 0
208 202 217 228 0.018416 0
1044 192 1061 237 0.018021 0
1112 194 1120 202 0.015993 0
1149 193 1169 217 0.015943 0
248 202 258 236 0.015553 0
1072 484 1080 498 0.013482 0
1272 198 1279 238 0.013199 0
911 455 928 485 0.012483 0
502 189 538 251 0.012430 0
210 201 222 229 0.011299 0
640 688 671 703 0.011131 0
1201 503 1208 512 0.010644 0
632 202 643 215 0.010600 0
511 197 518 209 0.010421 0
1191 495 1200 504 0.010377 0
982 193 1015 264 0.010336 0
864 439 875 455 0.010055 0
999 383 1011 399 0.010004 0
865 215 884 260 0.009528 0
839 200 856 240 0.009082 0
807 210 833 244 0.008905 0
1010 197 1024 226 0.008559 0
960 369 983 410 0.008170 0
915 468 928 483 0.008095 0
1112 194 1121 207 0.008086 0
1015 388 1023 401 0.008072 0
1056 488 1065 495 0.007882 0
1030 450 1040 464 0.007717 0
1207 504 1216 512 0.007682 0
974 371 982 392 0.007266 0
789 330 810 344 0.007240 0
1040 455 1047 464 0.007172 0
1016 456 1024 467 0.007060 0
1115 197 1168 248 0.006849 0
980 209 997 255 0.006502 0
1176 495 1185 503 0.006277 0
1013 383 1024 402 0.006219 0
510 196 518 217 0.006014 0
1023 456 1031 464 0.005935 0
517 192 527 209 0.005671 0
1185 500 1200 512 0.005467 0
691 207 704 238 0.005419 0
908 336 923 345 0.005328 0
842 199 856 226 0.005219 0
1091 447 1104 471 0.005177 0
784 212 808 268 0.005176 0
1045 200 1077 253 0.005166 0
240 198 256 237 0.004931 0
983 374 991 391 0.004859 0
887 471 896 485 0.004766 0
1010 384 1024 421 0.004743 0
784 198 795 217 0.004665 0
1267 195 1279 254 0.004566 0
896 472 905 483 0.004235 0
1007 455 1024 472 0.004133 0
1242 197 1256 233 0.004132 0
998 382 1024 404 0.004068 0
1000 382 1024 420 0.004047 0
1072 488 1081 503 0.004046 0
751 463 762 472 0.003996 0
1072 482 1080 492 0.003995 0
978 367 987 391 0.003959 0
0 64 68 218 0.003887 0
1178 343 1184 359 0.003866 0
1272 196 1279 261 0.003752 0
959 372 979 424 0.003713 0
1212 503 1228 511 0.003706 0
1230 455 1253 508 0.003702 0
887 193 903 239 0.003656 0
1231 454 1250 486 0.003599 0
532 208 543 218 0.003581 0
1023 190 1056 257 0.003520 0
1 64 247 219 0.003514 0
873 326 882 341 0.003384 0
1134 446 1149 471 0.003379 0
1215 198 1228 233 0.003240 0
754 452 768 472 0.003194 0
1043 483 1055 495 0.003105 0
1229 503 1239 510 0.003077 0
880 154 893 174 0.003053 0
611 447 624 463 0.003046 0
1175 497 1185 511 0.003018 0
1183 496 1201 511 0.003012 0
978 353 996 392 0.003011 0
575 424 584 432 0.002991 0
1198 497 1212 507 0.002988 0
1146 196 1160 217 0.002960 0
876 191 899 219 0.002960 0
1078 334 1088 359 0.002891 0
804 184 815 201 0.002887 0
1247 472 1257 484 0.002870 0
1111 232 1120 248 0.002869 0
988 455 998 463 0.002837 0
751 458 768 472 0.002827 0
1120 312 1128 327 0.002824 0
895 155 908 178 0.002811 0
1046 481 1056 490 0.002807 0
865 208 874 218 0.002790 0
675 451 688 463 0.002787 0
887 191 900 208 0.002784 0
1144 505 1152 511 0.002780 0
786 328 814 377 0.002779 0
1231 456 1241 471 0.002766 0
1022 445 1035 463 0.002737 0
909 335 926 349 0.002734 0
511 191 532 242 0.002724 0
680 198 691 216 0.002703 0
478 200 485 217 0.002666 0
803 184 816 218 0.002662 0
870 333 883 343 0.002649 0
1014 443 1025 465 0.002626 0
1204 495 1216 504 0.002623 0
1244 458 1259 484 0.002620 0
863 327 878 343 0.002615 0
315 64 496 205 0.002597 0
1058 487 1072 495 0.002578 0
1237 453 1260 475 0.002546 0
319 203 331 230 0.002545 0
1157 309 1167 333 0.002520 0
1175 217 1190 246 0.002494 0
1176 209 1194 244 0.002486 0
853 463 865 474 0.002482 0
470 204 478 217 0.002472 0
992 446 1000 459 0.002433 0
948 352 961 402 0.002395 0
922 193 940 235 0.002385 0
1104 312 1111 326 0.002341 0
968 455 976 462 0.002333 0
925 448 935 456 0.002298 0
1216 197 1226 223 0.002285 0
1214 495 1233 510 0.002253 0
1006 444 1025 472 0.002244 0
1119 439 1134 473 0.002202 0
639 674 672 703 0.002183 0
854 206 879 268 0.002182 0
935 455 942 464 0.002178 0
1135 446 1144 460 0.002156 0
1011 373 1024 402 0.002152 0
915 474 928 486 0.002126 0
784 199 807 233 0.002112 0
896 326 903 343 0.002098 0
1183 344 1194 384 0.002077 0
1219 201 1230 232 0.002063 0
680 450 688 462 0.002060 0
805 328 819 344 0.002054 0
465 202 471 215 0.002051 0
1153 319 1168 343 0.002046 0
1213 176 1230 232 0.002015 0
1247 199 1257 234 0.001988 0
831 465 840 473 0.001978 0
862 432 872 452 0.001971 0
1181 344 1194 358 0.001959 0
1119 313 1133 343 0.001951 0
879 322 886 343 0.001941 0
1034 447 1048 465 0.001935 0
904 450 931 486 0.001907 0
959 455 969 465 0.001882 0
311 64 368 196 0.001880 0
1218 208 1232 233 0.001870 0
995 455 1008 465 0.001865 0
884 322 896 343 0.001863 0
574 429 592 458 0.001860 0
1233 451 1250 471 0.001849 0
1030 184 1052 225 0.001845 0
247 195 257 220 0.001837 0
863 437 881 479 0.001826 0
877 332 885 343 0.001803 0
879 439 889 458 0.001796 0
996 381 1024 441 0.001782 0
1253 484 1273 509 0.001780 0
914 448 928 456 0.001778 0
863 335 877 343 0.001756 0
376 187 385 200 0.001743 0
1190 213 1202 228 0.001739 0
249 210 262 235 0.001729 0
815 209 826 222 0.001728 0
1165 497 1178 508 0.001719 0
1039 321 1054 335 0.001718 0
826 202 859 241 0.001691 0
1135 441 1152 467 0.001681 0
1232 197 1256 233 0.001677 0
938 198 959 255 0.001666 0
1033 184 1061 225 0.001651 0
975 368 993 413 0.001647 0
1124 440 1137 470 0.001644 0
1180 165 1202 218 0.001638 0
1119 312 1130 334 0.001630 0
1088 189 1095 209 0.001575 0
1238 480 1253 486 0.001575 0
163 203 175 230 0.001558 0
634 192 655 214 0.001556 0
703 324 718 376 0.001534 0
1212 210 1228 233 0.001533 0
568 202 576 215 0.001521 0
1208 167 1227 217 0.001500 0
846 463 857 474 0.001496 0
582 432 591 439 0.001483 0
471 199 479 216 0.001480 0
797 329 809 376 0.001476 0
847 196 888 232 0.001454 0
1072 462 1080 472 0.001454 0
1215 175 1224 208 0.001437 0
1062 464 1072 471 0.001427 0
626 191 634 200 0.001415 0
1035 480 1057 495 0.001414 0
1217 195 1225 212 0.001377 0
367 208 375 220 0.001366 0
1119 440 1129 470 0.001360 0
930 191 947 218 0.001358 0
1135 487 1152 504 0.001357 0
1151 438 1166 457 0.001342 0
1072 456 1094 472 0.001334 0
1009 429 1016 440 0.001319 0
992 373 1012 408 0.001298 0
661 677 672 703 0.001294 0
787 216 814 244 0.001284 0
322 64 495 296 0.001275 0
1154 497 1174 510 0.001255 0
209 185 224 229 0.001246 0
909 336 925 387 0.001246 0
514 190 530 210 0.001245 0
1031 491 1040 502 0.001240 0
1039 410 1057 459 0.001236 0
1129 503 1136 509 0.001234 0
785 215 808 238 0.001227 0
983 447 993 455 0.001220 0
1061 204 1073 229 0.001195 0
367 207 375 231 0.001195 0
310 64 408 197 0.001193 0
478 629 496 671 0.001172 0
772 429 785 453 0.001166 0
1117 321 1136 364 0.001150 0
1262 182 1278 234 0.001143 0
1118 464 1128 474 0.001137 0
800 439 816 458 0.001133 0
200 206 209 225 0.001128 0
160 202 176 239 0.001126 0
1117 439 1155 472 0.001126 0
784 199 817 237 0.001125 0
1081 455 1095 472 0.001117 0
799 438 816 473 0.001117 0
1094 494 1105 505 0.001111 0
468 204 479 224 0.001105 0
1250 214 1265 234 0.001103 0
1151 470 1168 479 0.001101 0
738 202 744 213 0.001086 0
912 449 926 459 0.001080 0
879 436 893 476 0.001064 0
960 440 967 454 0.001063 0
671 461 681 471 0.001048 0
1053 480 1067 496 0.001045 0
663 294 673 345 0.001037 0
1123 323 1135 343 0.001036 0
1222 470 1232 482 0.001031 0
788 215 841 270 0.001030 0
757 192 836 275 0.001013 0
465 202 476 226 0.001011 0
993 381 1022 410 0.000998 0
1100 313 1120 345 0.000995 0
1111 503 1120 509 0.000992 0
1103 312 1115 328 0.000988 0
0 64 22 209 0.000982 0
1215 473 1224 482 0.000979 0
1078 333 1104 360 0.000979 0
901 336 924 351 0.000976 0
909 336 925 367 0.000965 0
783 193 797 219 0.000962 0
811 210 831 227 0.000956 0
575 423 592 438 0.000950 0
607 447 624 477 0.000940 0
1261 200 1279 266 0.000937 0
922 190 941 217 0.000934 0
207 392 224 413 0.000933 0
719 190 728 211 0.000930 0
799 439 812 450 0.000929 0
1085 424 1104 472 0.000928 0
1134 442 1166 474 0.000927 0
1008 471 1015 488 0.000922 0
1150 324 1169 348 0.000912 0
1208 167 1222 202 0.000910 0
418 71 482 284 0.000909 0
1221 450 1242 472 0.000908 0
813 328 844 344 0.000903 0
1222 454 1245 484 0.000893 0
465 203 478 268 0.000891 0
1222 191 1257 233 0.000884 0
861 463 873 477 0.000883 0
631 424 640 458 0.000873 0
390 64 497 235 0.000870 0
922 439 934 455 0.000868 0
633 184 642 199 0.000867 0
871 317 885 341 0.000866 0
1246 470 1268 487 0.000854 0
805 208 827 228 0.000850 0
670 207 678 228 0.000843 0
989 368 1008 395 0.000838 0
1056 475 1073 495 0.000829 0
557 177 579 214 0.000829 0
992 445 1008 465 0.000828 0
957 379 973 426 0.000825 0
994 358 1009 393 0.000816 0
1115 193 1206 250 0.000813 0
1144 320 1158 341 0.000809 0
1098 331 1105 345 0.000804 0
343 64 443 209 0.000802 0
555 201 567 216 0.000780 0
630 434 640 461 0.000774 0
157 64 264 238 0.000764 0
738 425 783 472 0.000762 0
1105 314 1127 344 0.000758 0
899 326 914 344 0.000741 0
877 438 901 486 0.000739 0
375 186 386 214 0.000736 0
1150 449 1163 467 0.000732 0
854 429 884 457 0.000731 0
631 423 640 438 0.000731 0
835 464 848 473 0.000727 0
1185 507 1200 519 0.000720 0
1189 489 1200 504 0.000719 0
201 198 226 256 0.000716 0
1104 320 1135 363 0.000716 0
939 205 950 251 0.000711 0
1083 404 1121 473 0.000708 0
1110 443 1135 473 0.000703 0
1262 169 1279 220 0.000699 0
793 420 817 472 0.000698 0
1100 324 1118 344 0.000696 0
1072 398 1079 409 0.000690 0
880 311 904 343 0.000687 0
1147 314 1168 343 0.000687 0
246 212 265 240 0.000681 0
864 191 947 266 0.000680 0
1150 496 1167 508 0.000677 0
1165 471 1180 479 0.000674 0
789 318 817 344 0.000673 0
1044 410 1056 431 0.000671 0
789 330 810 360 0.000671 0
1208 506 1215 516 0.000668 0
1079 401 1088 410 0.000665 0
1112 464 1125 474 0.000661 0
943 363 957 398 0.000658 0
1207 188 1228 229 0.000657 0
953 360 1021 419 0.000656 0
971 366 1002 421 0.000655 0
1110 320 1136 346 0.000653 0
830 203 870 269 0.000649 0
1013 423 1024 440 0.000644 0
1079 411 1107 474 0.000639 0
1082 340 1097 360 0.000637 0
1109 331 1120 344 0.000636 0
717 196 728 215 0.000630 0
1088 182 1104 204 0.000628 0
1131 64 1152 72 0.000625 0
1171 343 1196 384 0.000622 0
1059 197 1078 224 0.000621 0
1105 312 1132 332 0.000620 0
976 693 986 703 0.000617 0
533 204 550 221 0.000616 0
1095 499 1104 510 0.000614 0
1097 327 1112 344 0.000611 0
210 183 231 230 0.000611 0
865 461 880 478 0.000608 0
847 186 857 218 0.000604 0
662 296 680 350 0.000600 0
0 64 45 205 0.000598 0
879 439 901 462 0.000592 0
686 200 701 235 0.000591 0
1013 361 1023 392 0.000586 0
1071 436 1088 456 0.000585 0
670 451 691 471 0.000577 0
255 64 363 195 0.000575 0
1248 353 1264 378 0.000570 0
831 480 841 489 0.000567 0
1043 279 1059 295 0.000560 0
159 195 175 231 0.000560 0
1062 439 1098 472 0.000556 0
479 182 495 215 0.000555 0
1195 368 1263 426 0.000549 0
981 449 1015 469 0.000542 0
943 372 976 459 0.000542 0
351 189 357 199 0.000534 0
607 430 624 464 0.000531 0
458 202 466 215 0.000528 0
225 389 240 407 0.000526 0
288 218 323 315 0.000523 0
895 415 912 439 0.000521 0
760 191 784 225 0.000517 0
1158 486 1203 507 0.000517 0
1205 444 1239 472 0.000517 0
1142 450 1167 473 0.000515 0
104 249 129 264 0.000511 0
782 320 834 381 0.000510 0
932 448 944 461 0.000501 0
990 351 1006 367 0.000500 0
1071 505 1080 512 0.000499 0
1272 425 1279 441 0.000498 0
1166 329 1173 338 0.000496 0
1122 327 1136 365 0.000494 0
1008 423 1023 440 0.000494 0
1246 452 1265 478 0.000493 0
1068 190 1080 208 0.000493 0
1183 344 1209 391 0.000489 0
787 421 816 456 0.000489 0
1199 456 1208 478 0.000485 0
1087 490 1096 504 0.000485 0
521 196 546 249 0.000484 0
431 520 440 551 0.000484 0
943 363 953 391 0.000481 0
944 352 984 428 0.000481 0
1250 351 1264 402 0.000475 0
255 64 325 161 0.000473 0
1112 506 1120 520 0.000473 0
895 416 905 439 0.000471 0
1202 452 1221 471 0.000470 0
1183 442 1192 456 0.000470 0
203 394 224 470 0.000468 0
1142 396 1152 408 0.000466 0
265 195 275 207 0.000463 0
1201 407 1216 439 0.000462 0
1181 171 1225 220 0.000461 0
97 64 333 176 0.000458 0
503 579 512 616 0.000455 0
1216 486 1241 503 0.000455 0
1261 199 1273 230 0.000454 0
775 315 817 344 0.000453 0
438 192 445 204 0.000451 0
1003 192 1071 258 0.000449 0
817 416 846 444 0.000449 0
751 457 769 479 0.000446 0
613 424 623 433 0.000446 0
799 419 817 450 0.000446 0
1089 335 1105 360 0.000439 0
983 482 990 487 0.000437 0
902 179 939 251 0.000437 0
1239 426 1247 440 0.000437 0
598 528 609 568 0.000436 0
1075 425 1088 449 0.000436 0
877 438 934 485 0.000435 0
1199 404 1210 433 0.000434 0
749 423 777 452 0.000433 0
896 317 909 343 0.000432 0
1081 404 1088 413 0.000432 0
703 417 729 459 0.000430 0
665 455 676 471 0.000429 0
932 437 944 453 0.000429 0
736 461 745 472 0.000427 0
1222 478 1231 488 0.000425 0
990 383 1013 421 0.000425 0
1183 344 1198 371 0.000424 0
897 456 916 483 0.000423 0
863 315 878 340 0.000422 0
895 440 907 456 0.000417 0
535 632 550 671 0.000416 0
1023 420 1033 440 0.000416 0
1159 185 1171 209 0.000414 0
1024 427 1032 440 0.000414 0
1042 393 1093 467 0.000410 0
644 456 656 472 0.000406 0
878 452 897 485 0.000405 0
1053 280 1070 295 0.000402 0
200 200 216 224 0.000402 0
990 161 1033 263 0.000401 0
900 336 921 346 0.000400 0
1072 476 1088 489 0.000400 0
1167 478 1176 490 0.000399 0
1044 409 1055 423 0.000397 0
1143 389 1153 405 0.000396 0
1137 482 1196 510 0.000396 0
1040 281 1057 331 0.000394 0
1087 488 1100 498 0.000393 0
805 316 820 343 0.000392 0
816 346 824 361 0.000391 0
735 424 751 458 0.000389 0
684 450 695 456 0.000387 0
1221 343 1264 425 0.000386 0
760 215 797 278 0.000382 0
721 424 763 472 0.000381 0
632 201 654 221 0.000379 0
704 439 723 464 0.000379 0
0 139 29 269 0.000378 0
927 353 944 382 0.000377 0
1056 188 1080 225 0.000375 0
1150 447 1168 474 0.000375 0
1256 483 1279 652 0.000373 0
968 352 1024 410 0.000372 0
1187 191 1220 230 0.000370 0
1008 470 1017 478 0.000370 0
718 321 741 366 0.000369 0
85 64 427 210 0.000367 0
1249 213 1278 243 0.000365 0
912 200 931 240 0.000365 0
861 287 913 343 0.000365 0
992 440 1000 452 0.000362 0
1208 454 1227 475 0.000359 0
775 277 846 344 0.000359 0
1085 184 1107 210 0.000357 0
1037 393 1067 450 0.000356 0
1000 431 1008 439 0.000355 0
196 192 204 214 0.000354 0
801 416 815 443 0.000354 0
635 181 648 204 0.000354 0
1248 624 1279 704 0.000352 0
648 410 657 424 0.000351 0
1148 485 1169 504 0.000351 0
1050 420 1091 468 0.000349 0
766 247 850 345 0.000348 0
63 64 134 202 0.000345 0
751 461 764 478 0.000344 0
350 64 577 354 0.000342 0
1154 425 1168 450 0.000338 0
670 208 683 234 0.000337 0
599 560 608 569 0.000336 0
911 438 933 455 0.000336 0
1112 470 1127 478 0.000335 0
1105 341 1120 362 0.000335 0
788 190 816 230 0.000335 0
1070 425 1086 457 0.000335 0
0 149 7 203 0.000334 0
1167 471 1187 480 0.000333 0
1024 419 1040 448 0.000331 0
265 200 274 217 0.000330 0
820 323 848 343 0.000328 0
157 73 214 223 0.000327 0
1079 320 1122 362 0.000324 0
1016 478 1024 488 0.000324 0
1248 519 1279 700 0.000324 0
973 195 982 207 0.000323 0
891 416 912 458 0.000323 0
879 438 911 457 0.000319 0
660 425 671 437 0.000316 0
1197 355 1279 486 0.000314 0
1191 503 1212 518 0.000312 0
1028 426 1040 448 0.000312 0
1054 398 1114 463 0.000311 0
663 287 687 351 0.000310 0
1072 337 1090 406 0.000307 0
670 299 689 376 0.000306 0
887 565 897 598 0.000305 0
1008 355 1024 392 0.000305 0
0 64 131 256 0.000304 0
1247 346 1268 377 0.000303 0
701 320 731 376 0.000301 0
680 170 691 215 0.000301 0
1072 336 1088 359 0.000300 0
809 204 858 238 0.000299 0
355 214 370 276 0.000296 0
1066 483 1089 502 0.000296 0
882 184 938 244 0.000296 0
902 336 925 375 0.000296 0
1023 411 1037 440 0.000294 0
955 417 974 453 0.000293 0
574 413 585 432 0.000293 0
0 167 6 203 0.000292 0
1048 457 1092 485 0.000292 0
703 408 743 459 0.000291 0
1097 399 1104 407 0.000290 0
934 425 944 445 0.000290 0
838 503 848 511 0.000289 0
436 187 448 206 0.000288 0
591 528 601 567 0.000288 0
774 411 818 452 0.000285 0
1165 342 1198 398 0.000283 0
690 460 704 470 0.000283 0
723 319 741 341 0.000282 0
1032 372 1043 388 0.000282 0
717 321 729 343 0.000281 0
850 282 864 337 0.000278 0
1135 400 1149 429 0.000275 0
1203 439 1257 473 0.000275 0
429 222 439 230 0.000272 0
1105 437 1137 472 0.000270 0
1247 421 1254 434 0.000269 0
1199 446 1241 486 0.000269 0
1055 462 1073 488 0.000268 0
212 191 245 254 0.000268 0
803 163 857 234 0.000268 0
1111 184 1132 206 0.000267 0
629 453 640 461 0.000267 0
1078 390 1122 457 0.000264 0
913 341 929 394 0.000263 0
643 651 669 703 0.000263 0
1271 418 1279 441 0.000263 0
1259 570 1279 636 0.000262 0
55 64 126 163 0.000261 0
180 199 193 216 0.000261 0
1158 304 1167 322 0.000259 0
903 328 927 346 0.000259 0
615 534 624 576 0.000259 0
165 64 328 97 0.000258 0
645 445 656 461 0.000256 0
198 207 222 233 0.000255 0
264 64 499 363 0.000254 0
574 444 593 467 0.000253 0
732 323 744 339 0.000253 0
856 398 864 408 0.000252 0
1216 422 1228 434 0.000250 0
111 210 122 231 0.000250 0
367 201 383 221 0.000249 0
660 207 680 233 0.000249 0
238 193 266 237 0.000249 0
312 64 445 165 0.000249 0
1219 422 1233 433 0.000248 0
1215 401 1227 426 0.000247 0
1256 581 1279 653 0.000246 0
719 317 738 331 0.000243 0
655 555 669 578 0.000243 0
1024 399 1121 473 0.000242 0
796 328 843 365 0.000241 0
1246 347 1279 415 0.000238 0
799 361 809 378 0.000238 0
688 447 703 461 0.000237 0
1104 606 1111 614 0.000236 0
752 415 768 428 0.000235 0
251 64 458 198 0.000234 0
801 415 816 433 0.000234 0
1051 362 1126 468 0.000234 0
206 397 224 428 0.000232 0
986 390 1014 452 0.000231 0
605 174 617 185 0.000231 0
1261 367 1279 443 0.000231 0
286 220 297 309 0.000230 0
1274 160 1279 170 0.000228 0
880 417 908 459 0.000227 0
958 370 994 452 0.000226 0
1079 346 1119 405 0.000226 0
270 386 288 399 0.000223 0
702 454 717 469 0.000221 0
1216 357 1280 437 0.000221 0
1135 399 1145 413 0.000220 0
1130 316 1156 343 0.000219 0
931 373 945 388 0.000219 0
1206 384 1260 441 0.000218 0
631 474 640 488 0.000217 0
943 343 956 382 0.000217 0
1023 408 1043 448 0.000217 0
629 535 649 570 0.000215 0
986 418 1045 462 0.000215 0
1084 439 1120 472 0.000215 0
450 174 483 297 0.000214 0
752 417 766 445 0.000213 0
1122 64 1152 82 0.000213 0
1235 392 1257 433 0.000211 0
1039 406 1054 425 0.000211 0
974 325 993 388 0.000211 0
658 301 689 377 0.000210 0
1262 368 1279 412 0.000210 0
1243 401 1256 430 0.000210 0
1035 369 1052 393 0.000209 0
0 66 59 297 0.000209 0
963 445 976 463 0.000209 0
1176 410 1198 440 0.000209 0
933 336 943 354 0.000208 0
1182 425 1194 440 0.000208 0
663 191 702 220 0.000208 0
883 414 896 440 0.000208 0
934 376 945 391 0.000208 0
592 407 608 434 0.000207 0
493 181 561 253 0.000207 0
645 434 656 456 0.000206 0
1038 437 1140 474 0.000206 0
797 441 834 473 0.000206 0
712 319 744 352 0.000206 0
1002 189 1151 250 0.000204 0
1246 679 1279 703 0.000204 0
1135 395 1171 428 0.000204 0
634 631 676 703 0.000204 0
1231 387 1261 427 0.000203 0
1265 430 1279 458 0.000203 0
917 368 928 407 0.000203 0
117 64 412 158 0.000202 0
1074 423 1088 442 0.000202 0
950 439 966 455 0.000201 0
722 334 736 363 0.000200 0
1157 412 1168 424 0.000200 0
1098 339 1120 361 0.000199 0
1261 623 1279 702 0.000199 0
152 64 258 167 0.000199 0
480 697 494 703 0.000198 0
862 182 1030 265 0.000197 0
59 64 214 170 0.000197 0
637 683 690 703 0.000196 0
1008 485 1015 493 0.000195 0
912 328 928 346 0.000195 0
975 318 986 337 0.000194 0
611 358 623 375 0.000191 0
851 320 864 339 0.000191 0
1141 382 1190 409 0.000190 0
1055 422 1064 436 0.000190 0
305 184 325 204 0.000189 0
244 64 318 99 0.000189 0
699 314 741 345 0.000189 0
902 336 915 377 0.000187 0
1120 395 1128 410 0.000187 0
266 195 281 221 0.000187 0
701 327 714 343 0.000187 0
712 186 737 219 0.000186 0
1054 416 1091 452 0.000186 0
1259 66 1279 276 0.000185 0
661 274 704 374 0.000185 0
1224 170 1254 235 0.000184 0
949 444 961 459 0.000184 0
1167 454 1199 472 0.000184 0
1023 423 1052 464 0.000182 0
663 182 674 217 0.000182 0
671 487 680 499 0.000181 0
943 361 959 424 0.000180 0
1022 406 1035 425 0.000180 0
1099 366 1127 408 0.000180 0
1267 572 1279 635 0.000180 0
1038 392 1050 412 0.000180 0
503 525 513 548 0.000179 0
346 64 496 162 0.000179 0
1261 517 1279 633 0.000179 0
1073 377 1088 402 0.000179 0
859 223 911 343 0.000178 0
419 64 497 159 0.000177 0
698 328 704 340 0.000177 0
974 402 1002 452 0.000175 0
364 183 375 200 0.000175 0
772 312 791 340 0.000175 0
1103 500 1118 510 0.000175 0
1264 311 1279 359 0.000174 0
930 379 944 409 0.000174 0
1027 358 1057 389 0.000173 0
648 480 656 487 0.000173 0
908 335 935 384 0.000173 0
193 194 201 215 0.000173 0
603 620 672 704 0.000173 0
1071 402 1087 422 0.000173 0
1199 64 1208 75 0.000173 0
111 219 125 243 0.000172 0
15 511 48 567 0.000172 0
1262 139 1279 183 0.000172 0
1123 475 1175 496 0.000172 0
1030 367 1045 393 0.000171 0
823 406 833 417 0.000171 0
493 64 584 147 0.000170 0
886 341 895 356 0.000170 0
671 557 681 581 0.000170 0
1053 64 1162 189 0.000170 0
729 455 768 472 0.000169 0
1262 75 1279 172 0.000169 0
1244 425 1265 452 0.000167 0
1048 421 1069 462 0.000166 0
243 393 257 405 0.000166 0
1029 278 1058 333 0.000166 0
1026 359 1046 387 0.000166 0
221 193 332 376 0.000165 0
1249 428 1264 442 0.000165 0
760 196 788 259 0.000165 0
940 331 999 392 0.000165 0
1071 380 1083 403 0.000165 0
353 345 368 386 0.000164 0
497 64 585 228 0.000163 0
183 192 192 206 0.000163 0
387 185 400 205 0.000163 0
225 375 240 406 0.000163 0
836 494 848 505 0.000162 0
745 246 791 308 0.000162 0
220 202 254 245 0.000162 0
454 154 582 258 0.000162 0
1114 412 1169 476 0.000161 0
1147 64 1279 268 0.000161 0
1072 339 1084 361 0.000160 0
0 116 65 226 0.000160 0
995 435 1093 476 0.000160 0
612 449 625 488 0.000159 0
1121 406 1128 420 0.000159 0
1075 334 1090 377 0.000158 0
0 393 17 529 0.000158 0
836 384 848 411 0.000158 0
806 276 850 344 0.000157 0
112 68 215 219 0.000157 0
10 64 126 171 0.000157 0
542 64 594 210 0.000156 0
2 368 32 425 0.000155 0
673 571 680 582 0.000155 0
325 64 692 209 0.000155 0
297 95 378 281 0.000155 0
432 190 443 204 0.000154 0
1087 350 1113 404 0.000154 0
1036 367 1053 410 0.000154 0
607 447 620 487 0.000153 0
949 422 972 455 0.000152 0
548 64 559 75 0.000152 0
1130 423 1171 474 0.000151 0
1198 407 1261 472 0.000151 0
347 64 496 95 0.000151 0
1000 379 1040 425 0.000150 0
669 453 684 485 0.000150 0
1076 145 1280 256 0.000150 0
61 64 168 79 0.000150 0
767 575 775 584 0.000149 0
1044 392 1063 424 0.000149 0
831 402 840 417 0.000148 0
1118 187 1162 221 0.000147 0
516 392 528 423 0.000147 0
1037 397 1162 475 0.000147 0
799 313 843 343 0.000147 0
0 64 351 400 0.000146 0
319 64 370 103 0.000146 0
1073 407 1091 426 0.000145 0
111 390 129 402 0.000145 0
696 588 705 609 0.000144 0
665 206 675 218 0.000144 0
1074 183 1098 209 0.000144 0
1222 423 1243 435 0.000144 0
1184 440 1199 457 0.000143 0
983 187 1010 223 0.000143 0
1084 362 1125 407 0.000143 0
1079 465 1104 481 0.000143 0
703 430 724 458 0.000142 0
791 577 799 590 0.000142 0
1102 231 1123 253 0.000142 0
1013 382 1032 410 0.000141 0
257 221 296 300 0.000141 0
640 291 682 356 0.000141 0
238 232 260 299 0.000141 0
1136 385 1199 426 0.000140 0
1026 161 1094 256 0.000140 0
958 431 975 455 0.000139 0
1137 408 1161 426 0.000139 0
1208 510 1216 531 0.000139 0
597 359 623 376 0.000139 0
302 523 318 551 0.000139 0
884 392 896 407 0.000139 0
847 170 873 223 0.000139 0
665 485 673 496 0.000139 0
743 262 767 305 0.000139 0
577 407 609 435 0.000138 0
1189 403 1237 457 0.000138 0
897 380 904 392 0.000137 0
665 480 673 488 0.000137 0
39 377 51 397 0.000136 0
1252 352 1279 499 0.000136 0
192 392 224 476 0.000136 0
1064 554 1072 578 0.000135 0
1180 456 1200 475 0.000135 0
287 230 296 263 0.000135 0
33 65 503 257 0.000134 0
793 413 854 456 0.000134 0
275 226 292 264 0.000134 0
880 392 889 407 0.000133 0
573 408 592 436 0.000133 0
742 280 760 303 0.000133 0
974 398 1110 477 0.000133 0
762 182 785 207 0.000133 0
730 185 752 217 0.000132 0
216 187 256 233 0.000132 0
0 588 16 702 0.000132 0
912 354 924 395 0.000132 0
975 326 991 346 0.000131 0
802 362 816 386 0.000131 0
652 282 675 353 0.000130 0
762 267 810 342 0.000130 0
320 374 336 391 0.000129 0
623 424 633 436 0.000129 0
693 312 712 342 0.000129 0
799 589 809 616 0.000128 0
1057 339 1091 406 0.000128 0
0 393 32 461 0.000127 0
855 496 863 503 0.000127 0
1177 404 1197 426 0.000127 0
830 394 840 412 0.000127 0
546 64 651 212 0.000127 0
375 184 397 205 0.000127 0
833 372 848 410 0.000126 0
997 184 1010 209 0.000126 0
976 430 993 454 0.000126 0
1058 402 1081 444 0.000126 0
457 162 551 297 0.000125 0
0 134 44 247 0.000125 0
1029 369 1044 407 0.000124 0
1103 299 1143 340 0.000124 0
658 454 676 487 0.000123 0
930 392 944 408 0.000123 0
1053 406 1097 444 0.000123 0
1022 383 1030 394 0.000123 0
543 600 561 633 0.000123 0
272 202 294 265 0.000122 0
777 313 793 336 0.000122 0
0 506 33 564 0.000122 0
952 334 982 384 0.000122 0
922 331 947 379 0.000122 0
681 170 703 215 0.000122 0
360 64 437 88 0.000121 0
463 601 474 643 0.000121 0
444 163 495 296 0.000121 0
1263 628 1279 648 0.000121 0
111 381 131 404 0.000120 0
0 461 16 521 0.000120 0
751 404 769 428 0.000119 0
8 64 181 128 0.000119 0
910 420 944 458 0.000119 0
110 229 130 319 0.000119 0
1252 398 1275 426 0.000118 0
775 330 786 344 0.000118 0
1134 401 1171 446 0.000118 0
596 685 671 703 0.000117 0
967 129 1070 264 0.000117 0
1014 170 1254 259 0.000117 0
799 361 812 391 0.000117 0
1078 696 1093 703 0.000117 0
896 333 922 353 0.000116 0
197 380 225 413 0.000116 0
805 687 816 703 0.000116 0
300 112 322 160 0.000115 0
1137 183 1189 215 0.000115 0
1024 405 1044 433 0.000115 0
495 64 682 212 0.000115 0
744 238 803 333 0.000115 0
1165 394 1201 427 0.000115 0
0 510 93 600 0.000114 0
274 198 288 229 0.000114 0
1252 422 1279 458 0.000114 0
880 408 888 434 0.000113 0
576 392 593 420 0.000113 0
206 390 240 409 0.000113 0
913 424 931 449 0.000113 0
830 367 848 393 0.000113 0
302 110 312 123 0.000112 0
1267 694 1279 703 0.000112 0
1009 327 1024 382 0.000112 0
1269 138 1279 171 0.000112 0
173 206 185 217 0.000111 0
354 64 372 72 0.000111 0
1060 398 1072 425 0.000111 0
984 673 1026 703 0.000111 0
1119 64 1144 77 0.000110 0
887 344 895 370 0.000109 0
291 221 338 375 0.000109 0
832 493 847 511 0.000109 0
0 252 59 388 0.000109 0
670 294 707 365 0.000109 0
0 65 16 133 0.000108 0
757 325 820 369 0.000108 0
623 64 642 105 0.000108 0
1105 341 1123 371 0.000108 0
1053 64 1280 267 0.000107 0
342 64 371 87 0.000107 0
644 673 693 703 0.000107 0
0 377 17 414 0.000107 0
961 391 1065 463 0.000107 0
774 409 784 419 0.000106 0
802 184 840 222 0.000106 0
544 64 583 108 0.000105 0
1112 515 1120 528 0.000105 0
553 399 596 437 0.000105 0
1034 438 1076 467 0.000105 0
31 518 48 566 0.000104 0
195 370 241 412 0.000104 0
687 310 720 376 0.000104 0
173 653 189 703 0.000104 0
581 64 672 223 0.000104 0
1144 505 1152 517 0.000103 0
629 363 641 383 0.000103 0
256 389 274 403 0.000103 0
1077 334 1114 387 0.000103 0
1160 184 1180 209 0.000102 0
927 327 944 344 0.000102 0
593 665 672 703 0.000102 0
847 427 874 452 0.000102 0
999 504 1009 527 0.000102 0
334 328 367 389 0.000102 0
258 64 320 128 0.000101 0
575 366 604 417 0.000101 0
831 385 848 436 0.000101 0
69 268 201 401 0.000101 0
623 359 635 377 0.000101 0
979 228 1026 272 0.690426 1
866 222 908 270 0.501329 1
1029 221 1064 262 0.354551 1
752 217 844 288 0.230662 1
1150 214 1177 249 0.120381 1
1041 216 1064 261 0.042343 1
881 233 908 269 0.033707 1
865 233 909 287 0.030697 1
752 247 813 283 0.015775 1
862 228 895 282 0.014342 1
866 220 889 268 0.013936 1
848 216 909 277 0.012367 1
48 229 97 256 0.010704 1
19 231 72 257 0.008752 1
752 243 848 283 0.008624 1
1125 217 1181 253 0.008312 1
1010 217 1025 263 0.008109 1
78 237 99 257 0.007826 1
1022 211 1061 254 0.007508 1
998 226 1025 272 0.006140 1
991 219 1024 265 0.006040 1
1156 217 1189 249 0.005782 1
47 236 72 256 0.005498 1
1044 220 1077 262 0.005098 1
0 232 42 258 0.005089 1
968 235 983 259 0.004967 1
864 250 904 293 0.004887 1
1024 227 1047 262 0.004246 1
1139 227 1167 253 0.004191 1
1049 213 1089 256 0.004000 1
892 233 909 266 0.003970 1
1158 226 1178 253 0.003803 1
849 208 885 274 0.003634 1
979 224 999 263 0.003563 1
0 224 73 258 0.003376 1
1140 229 1155 247 0.003237 1
800 210 834 244 0.003076 1
47 225 73 255 0.003030 1
793 243 845 283 0.003018 1
17 215 43 257 0.002969 1
19 216 65 258 0.002924 1
51 223 94 247 0.002891 1
819 256 845 283 0.002873 1
973 236 993 261 0.002774 1
1019 222 1070 275 0.002697 1
1024 319 1056 336 0.002696 1
950 274 960 294 0.002501 1
1035 320 1054 335 0.002404 1
0 239 10 257 0.002312 1
1166 212 1187 245 0.002307 1
1019 219 1043 255 0.002195 1
934 274 961 301 0.002188 1
752 248 779 285 0.002121 1
108 236 158 259 0.001846 1
75 225 99 257 0.001743 1
976 216 1068 273 0.001708 1
1022 195 1064 260 0.001692 1
66 225 96 237 0.001686 1
885 237 924 290 0.001669 1
911 270 928 296 0.001594 1
753 214 913 293 0.001570 1
979 235 1003 273 0.001522 1
1184 212 1236 265 0.001517 1
969 223 992 255 0.001473 1
0 238 26 258 0.001472 1
190 232 263 259 0.001338 1
162 226 225 260 0.001280 1
863 197 957 286 0.001253 1
191 231 232 262 0.001161 1
902 233 909 248 0.001155 1
90 235 157 264 0.001055 1
968 225 984 255 0.001037 1
851 227 872 282 0.001033 1
949 237 984 260 0.001024 1
1020 213 1105 260 0.001011 1
122 235 200 263 0.000993 1
11 229 73 277 0.000976 1
815 263 835 283 0.000972 1
160 225 259 263 0.000953 1
891 268 910 288 0.000907 1
856 217 870 268 0.000899 1
911 213 1026 274 0.000880 1
910 270 945 296 0.000865 1
1135 228 1182 254 0.000857 1
948 274 960 303 0.000808 1
1024 306 1056 334 0.000805 1
825 248 853 282 0.000773 1
835 224 868 282 0.000763 1
1180 164 1225 257 0.000753 1
846 250 867 283 0.000749 1
978 239 992 263 0.000744 1
196 207 225 257 0.000722 1
1016 234 1037 262 0.000719 1
842 261 859 282 0.000709 1
868 192 925 268 0.000708 1
110 219 157 255 0.000700 1
661 240 849 343 0.000661 1
116 218 190 258 0.000628 1
926 229 945 263 0.000605 1
1174 203 1193 219 0.000599 1
802 217 844 266 0.000594 1
903 261 966 302 0.000590 1
1131 211 1218 273 0.000589 1
855 250 914 298 0.000573 1
194 199 262 260 0.000569 1
931 278 948 295 0.000554 1
1066 206 1085 233 0.000508 1
2 231 48 278 0.000506 1
198 235 242 264 0.000495 1
41 235 76 274 0.000481 1
940 224 1081 299 0.000451 1
941 239 957 255 0.000448 1
1003 213 1132 274 0.000443 1
845 264 855 282 0.000438 1
1015 319 1078 351 0.000427 1
1149 222 1211 261 0.000427 1
752 230 803 280 0.000424 1
12 210 80 258 0.000387 1
892 232 931 265 0.000376 1
1060 228 1073 273 0.000369 1
946 262 1075 298 0.000360 1
125 216 150 240 0.000359 1
942 209 979 257 0.000333 1
941 213 1143 303 0.000327 1
913 272 962 305 0.000322 1
927 277 958 311 0.000316 1
133 217 158 244 0.000309 1
30 215 41 233 0.000292 1
895 253 927 296 0.000290 1
63 224 163 260 0.000289 1
152 217 191 254 0.000287 1
945 237 959 254 0.000284 1
1007 233 1025 271 0.000272 1
138 217 175 252 0.000270 1
919 229 931 262 0.000267 1
785 228 802 273 0.000264 1
900 223 931 259 0.000260 1
901 236 929 296 0.000251 1
905 213 1050 310 0.000247 1
939 219 949 253 0.000246 1
52 216 95 239 0.000241 1
809 261 841 286 0.000240 1
948 274 971 301 0.000240 1
1177 188 1201 218 0.000226 1
851 256 869 296 0.000223 1
0 184 56 260 0.000222 1
69 243 98 264 0.000218 1
1089 213 1235 275 0.000209 1
833 261 861 292 0.000208 1
76 216 95 236 0.000202 1
136 237 174 264 0.000201 1
923 204 946 263 0.000197 1
22 232 120 267 0.000187 1
883 258 918 297 0.000179 1
751 244 844 324 0.000164 1
956 235 996 272 0.000164 1
921 210 937 260 0.000157 1
926 241 996 264 0.000156 1
925 234 961 263 0.000156 1
178 239 230 264 0.000152 1
824 256 869 290 0.000145 1
1046 221 1096 267 0.000139 1
759 256 846 288 0.000138 1
996 222 1068 298 0.000133 1
628 210 849 303 0.000128 1
926 282 944 311 0.000123 1
919 239 989 298 0.000122 1
859 215 926 315 0.000122 1
53 217 66 238 0.000116 1
747 245 812 320 0.000110 1
852 270 903 296 0.000107 1
906 215 930 252 0.000101 1
1008 229 1036 271 0.000101 1
691 204 727 236 0.052707 2
484 198 516 217 0.038224 2
823 330 847 344 0.034289 2
1113 216 1137 239 0.024731 2
863 177 937 200 0.023503 2
1113 215 1157 244 0.022391 2
304 186 323 198 0.021803 2
1069 210 1138 246 0.016192 2
937 200 955 210 0.015854 2
587 183 622 206 0.014594 2
589 193 651 215 0.013165 2
1101 214 1137 238 0.010862 2
919 198 960 255 0.010244 2
979 455 996 463 0.009526 2
633 382 657 396 0.009217 2
1114 216 1180 245 0.008677 2
935 200 956 231 0.008355 2
606 200 649 215 0.007864 2
856 182 957 245 0.007765 2
461 419 537 447 0.007218 2
870 189 947 258 0.007208 2
529 197 553 218 0.007107 2
0 396 16 422 0.006848 2
632 202 650 216 0.006839 2
668 453 687 463 0.006624 2
1068 213 1094 243 0.006136 2
592 448 608 459 0.006038 2
479 172 517 217 0.005758 2
535 203 553 218 0.005574 2
534 203 546 218 0.005543 2
1222 503 1233 511 0.005393 2
706 209 727 234 0.005332 2
641 689 672 703 0.005193 2
847 176 938 211 0.005164 2
431 423 463 441 0.004803 2
597 463 608 471 0.004757 2
925 454 937 463 0.004523 2
486 190 527 217 0.004180 2
319 217 331 231 0.004124 2
592 423 608 434 0.004077 2
1037 321 1055 335 0.004021 2
1021 319 1049 335 0.003916 2
1015 337 1024 344 0.003882 2
357 216 368 229 0.003859 2
208 399 223 413 0.003644 2
598 319 608 329 0.003624 2
319 206 331 231 0.003536 2
662 454 678 463 0.003509 2
246 412 264 423 0.003424 2
528 204 543 218 0.003401 2
495 238 533 251 0.003330 2
529 247 600 281 0.003328 2
1107 219 1149 248 0.003191 2
661 271 770 344 0.003059 2
575 445 593 458 0.002960 2
937 199 956 249 0.002812 2
1070 213 1102 234 0.002811 2
111 411 126 425 0.002802 2
158 408 176 424 0.002788 2
607 447 624 463 0.002713 2
1098 208 1137 230 0.002619 2
648 455 656 461 0.002614 2
89 398 181 425 0.002559 2
111 402 157 426 0.002458 2
159 415 170 423 0.002377 2
940 455 971 464 0.002290 2
1213 495 1227 504 0.002168 2
111 410 141 426 0.002116 2
459 417 503 443 0.002115 2
0 399 32 422 0.002113 2
457 205 465 215 0.002104 2
656 454 669 462 0.002088 2
1020 210 1040 230 0.002063 2
589 182 658 217 0.002025 2
306 185 332 199 0.001976 2
1097 160 1204 229 0.001975 2
1263 250 1279 270 0.001954 2
1020 207 1036 225 0.001949 2
503 320 514 335 0.001939 2
1263 349 1279 364 0.001913 2
1228 197 1256 233 0.001889 2
1026 210 1041 226 0.001849 2
589 194 618 214 0.001844 2
47 407 64 424 0.001772 2
658 450 689 463 0.001765 2
944 456 962 466 0.001731 2
513 186 554 217 0.001639 2
902 177 945 202 0.001616 2
1029 320 1086 338 0.001603 2
1151 447 1167 457 0.001597 2
919 472 943 483 0.001573 2
631 375 657 396 0.001568 2
292 199 333 232 0.001568 2
1182 165 1202 217 0.001564 2
1263 169 1279 180 0.001537 2
1067 209 1174 251 0.001507 2
597 449 608 461 0.001496 2
125 410 139 425 0.001475 2
437 422 497 443 0.001473 2
1121 64 1152 76 0.001432 2
462 408 516 444 0.001423 2
1144 322 1169 345 0.001414 2
591 462 608 472 0.001326 2
606 201 616 215 0.001325 2
0 283 24 294 0.001324 2
503 311 528 336 0.001300 2
623 321 662 369 0.001289 2
1180 165 1228 214 0.001260 2
572 423 609 457 0.001225 2
932 192 954 213 0.001222 2
328 200 376 232 0.001206 2
653 202 728 235 0.001179 2
265 194 273 202 0.001169 2
191 392 212 414 0.001157 2
705 302 768 330 0.001150 2
901 456 913 463 0.001141 2
293 178 314 198 0.001140 2
625 323 680 374 0.001135 2
301 175 316 194 0.001131 2
390 422 429 437 0.001106 2
658 193 692 217 0.001106 2
122 404 150 425 0.001095 2
294 177 306 195 0.001075 2
1066 200 1139 235 0.001063 2
1018 319 1093 348 0.001062 2
1206 254 1226 267 0.001055 2
957 481 971 487 0.001055 2
1103 229 1120 248 0.001053 2
151 401 177 423 0.001046 2
190 392 224 415 0.001033 2
1263 169 1279 209 0.001030 2
1147 471 1165 479 0.001020 2
1184 165 1202 187 0.001017 2
1031 317 1068 335 0.001014 2
960 480 975 487 0.000975 2
897 472 914 484 0.000974 2
531 169 576 217 0.000972 2
557 179 582 202 0.000955 2
1263 204 1279 270 0.000952 2
503 311 518 335 0.000947 2
821 330 847 354 0.000943 2
415 422 461 441 0.000929 2
1136 331 1181 360 0.000929 2
1145 324 1162 343 0.000925 2
627 189 651 215 0.000906 2
821 329 873 344 0.000904 2
452 207 466 222 0.000896 2
550 203 562 216 0.000892 2
1018 198 1036 214 0.000891 2
331 212 371 232 0.000889 2
1204 234 1280 269 0.000888 2
1 257 327 394 0.000887 2
156 395 213 420 0.000873 2
1109 185 1120 202 0.000870 2
391 421 463 441 0.000868 2
1015 319 1045 341 0.000860 2
0 398 97 424 0.000855 2
640 455 653 467 0.000813 2
1253 206 1277 234 0.000803 2
994 503 1017 520 0.000777 2
974 208 995 232 0.000772 2
972 219 989 249 0.000771 2
328 214 354 232 0.000769 2
639 447 695 463 0.000759 2
391 429 417 437 0.000745 2
599 361 623 376 0.000729 2
158 400 180 423 0.000725 2
1053 313 1089 335 0.000718 2
1002 507 1016 520 0.000702 2
503 292 531 336 0.000700 2
0 257 24 294 0.000698 2
405 408 513 444 0.000692 2
639 462 650 472 0.000690 2
1015 320 1036 345 0.000683 2
1135 342 1190 362 0.000671 2
359 408 368 415 0.000667 2
975 455 1023 472 0.000665 2
1111 471 1124 478 0.000662 2
1028 303 1057 334 0.000661 2
223 440 272 465 0.000651 2
191 444 224 475 0.000647 2
687 174 730 236 0.000644 2
1264 367 1279 375 0.000642 2
1261 350 1279 382 0.000631 2
498 233 541 254 0.000629 2
1017 319 1062 345 0.000628 2
32 439 48 446 0.000628 2
1060 181 1147 246 0.000627 2
977 454 997 467 0.000627 2
1199 472 1216 482 0.000619 2
0 560 88 600 0.000618 2
1199 472 1211 482 0.000616 2
850 439 869 454 0.000597 2
1061 315 1122 348 0.000596 2
299 538 320 552 0.000588 2
0 257 16 284 0.000579 2
386 198 398 206 0.000559 2
1132 326 1150 343 0.000555 2
1258 354 1279 410 0.000552 2
1119 325 1160 344 0.000551 2
368 453 401 471 0.000549 2
249 214 277 232 0.000544 2
1249 189 1278 233 0.000529 2
975 481 986 487 0.000528 2
1101 197 1166 248 0.000521 2
652 438 703 464 0.000520 2
310 195 335 232 0.000517 2
953 457 970 470 0.000515 2
581 186 617 215 0.000511 2
1247 347 1263 359 0.000510 2
674 451 702 468 0.000507 2
526 625 539 646 0.000506 2
726 160 962 248 0.000506 2
136 395 196 421 0.000499 2
1077 198 1093 210 0.000498 2
1067 195 1080 211 0.000497 2
689 197 807 236 0.000496 2
999 505 1013 520 0.000496 2
1262 278 1279 295 0.000495 2
930 207 984 258 0.000491 2
477 200 517 222 0.000484 2
320 408 340 413 0.000480 2
1211 199 1256 234 0.000477 2
587 181 700 217 0.000476 2
897 216 911 245 0.000475 2
1222 162 1278 213 0.000467 2
1243 248 1279 268 0.000466 2
1060 322 1088 336 0.000462 2
461 426 492 447 0.000461 2
20 400 176 425 0.000457 2
504 314 529 351 0.000457 2
930 182 943 200 0.000454 2
592 424 608 441 0.000454 2
975 207 988 223 0.000451 2
1054 310 1064 329 0.000447 2
917 174 944 197 0.000446 2
884 192 908 222 0.000440 2
261 196 270 202 0.000437 2
702 203 765 235 0.000436 2
661 274 688 283 0.000436 2
1202 252 1241 267 0.000436 2
1186 196 1279 266 0.000426 2
677 183 830 241 0.000422 2
1052 464 1072 471 0.000421 2
689 454 704 467 0.000420 2
894 206 911 235 0.000420 2
813 331 846 365 0.000413 2
1008 188 1052 228 0.000412 2
1233 344 1264 357 0.000408 2
273 184 294 193 0.000408 2
1093 488 1108 498 0.000408 2
0 401 66 424 0.000405 2
821 334 888 344 0.000400 2
1097 195 1122 210 0.000397 2
1135 471 1164 479 0.000396 2
1043 454 1095 472 0.000389 2
491 408 515 424 0.000384 2
57 402 145 426 0.000383 2
492 433 527 448 0.000381 2
104 251 127 264 0.000379 2
831 444 882 477 0.000378 2
495 188 543 253 0.000377 2
1223 173 1272 234 0.000376 2
702 191 742 227 0.000376 2
946 456 973 470 0.000371 2
1236 344 1249 354 0.000371 2
1263 365 1279 407 0.000362 2
1168 244 1279 363 0.000359 2
1225 162 1272 182 0.000359 2
268 446 318 469 0.000358 2
466 408 531 436 0.000357 2
934 201 989 244 0.000355 2
945 326 980 344 0.000353 2
629 379 652 395 0.000352 2
1072 324 1088 338 0.000351 2
1260 628 1279 648 0.000348 2
968 211 990 254 0.000340 2
266 195 279 207 0.000336 2
1160 173 1203 218 0.000334 2
928 275 1142 335 0.000332 2
1007 304 1021 311 0.000331 2
273 185 288 195 0.000329 2
1085 315 1119 342 0.000329 2
222 408 264 426 0.000322 2
1219 249 1280 280 0.000322 2
1202 256 1280 292 0.000320 2
602 423 621 434 0.000318 2
1255 629 1264 644 0.000317 2
268 192 278 202 0.000314 2
1195 352 1265 378 0.000314 2
587 361 624 392 0.000314 2
671 454 705 471 0.000312 2
656 429 676 440 0.000312 2
511 340 522 351 0.000311 2
1204 254 1226 272 0.000311 2
493 408 509 418 0.000311 2
271 178 313 199 0.000308 2
62 255 92 264 0.000305 2
879 527 891 535 0.000305 2
1215 366 1225 377 0.000302 2
1 193 536 388 0.000301 2
24 405 59 424 0.000300 2
63 468 80 484 0.000300 2
446 197 467 221 0.000298 2
190 392 224 458 0.000294 2
364 414 434 446 0.000293 2
502 436 527 448 0.000293 2
1171 275 1232 286 0.000293 2
1173 234 1279 305 0.000290 2
354 199 385 231 0.000288 2
1146 329 1173 360 0.000286 2
159 238 232 264 0.000286 2
1103 171 1121 203 0.000285 2
639 448 650 460 0.000278 2
1196 272 1280 296 0.000278 2
592 191 730 235 0.000274 2
28 396 67 422 0.000268 2
555 179 599 216 0.000266 2
624 300 692 377 0.000264 2
956 248 1044 297 0.000261 2
1146 160 1202 187 0.000261 2
302 407 368 436 0.000260 2
660 172 728 236 0.000259 2
6 513 47 530 0.000254 2
703 453 762 471 0.000252 2
1264 316 1279 370 0.000252 2
966 205 990 225 0.000252 2
294 543 311 551 0.000251 2
650 195 662 216 0.000249 2
654 428 689 440 0.000248 2
574 241 590 248 0.000247 2
1199 291 1280 353 0.000246 2
20 200 35 206 0.000245 2
376 453 415 471 0.000244 2
631 372 690 396 0.000241 2
470 189 481 203 0.000240 2
152 392 225 458 0.000239 2
462 407 515 428 0.000238 2
1181 352 1265 422 0.000238 2
374 415 433 438 0.000232 2
271 388 288 399 0.000232 2
559 241 593 249 0.000232 2
636 388 689 424 0.000231 2
504 235 546 278 0.000230 2
522 628 537 647 0.000229 2
639 437 655 456 0.000226 2
698 303 768 344 0.000226 2
330 208 369 271 0.000224 2
847 169 928 226 0.000222 2
64 508 77 521 0.000221 2
183 394 224 435 0.000221 2
463 295 529 348 0.000221 2
1056 294 1136 341 0.000219 2
976 448 995 463 0.000218 2
716 328 729 344 0.000218 2
665 432 679 440 0.000217 2
63 506 83 521 0.000212 2
639 431 654 440 0.000212 2
210 406 314 461 0.000212 2
25 395 113 423 0.000211 2
637 200 663 217 0.000211 2
1244 346 1265 376 0.000210 2
696 185 730 221 0.000208 2
1224 345 1269 372 0.000207 2
111 408 144 433 0.000205 2
361 208 377 232 0.000205 2
975 329 1016 356 0.000204 2
635 173 676 216 0.000204 2
644 430 656 439 0.000203 2
556 247 600 275 0.000202 2
1016 319 1072 359 0.000201 2
997 333 1009 343 0.000199 2
880 528 896 535 0.000197 2
606 448 641 468 0.000197 2
8 507 84 535 0.000196 2
1263 253 1279 292 0.000196 2
1192 276 1280 308 0.000195 2
1165 263 1186 269 0.000195 2
1169 273 1280 290 0.000193 2
1201 253 1263 275 0.000192 2
1168 263 1253 286 0.000188 2
486 304 526 351 0.000187 2
471 408 575 437 0.000184 2
635 449 680 474 0.000184 2
207 192 257 233 0.000184 2
567 201 584 216 0.000182 2
1024 280 1058 335 0.000182 2
480 235 555 273 0.000181 2
358 405 435 439 0.000181 2
161 392 223 425 0.000180 2
1166 268 1273 304 0.000179 2
938 237 1146 334 0.000179 2
321 444 377 463 0.000175 2
1199 302 1238 311 0.000175 2
295 201 334 272 0.000174 2
892 200 916 237 0.000174 2
185 431 275 468 0.000172 2
658 174 691 216 0.000171 2
639 272 657 292 0.000170 2
1151 309 1168 341 0.000169 2
35 401 126 428 0.000167 2
390 568 400 575 0.000167 2
430 414 470 441 0.000166 2
1201 437 1263 468 0.000165 2
736 186 786 230 0.000165 2
623 314 673 359 0.000164 2
32 256 54 279 0.000164 2
452 244 608 379 0.000164 2
996 437 1018 454 0.000163 2
974 327 1010 376 0.000163 2
1262 302 1279 359 0.000162 2
1216 318 1236 332 0.000161 2
1255 631 1267 649 0.000160 2
111 390 128 402 0.000159 2
79 518 95 535 0.000156 2
161 239 193 264 0.000155 2
635 266 900 362 0.000154 2
1006 303 1120 349 0.000154 2
39 252 93 280 0.000153 2
1144 330 1213 360 0.000153 2
696 301 768 375 0.000152 2
1167 273 1215 285 0.000151 2
679 207 694 233 0.000150 2
1224 341 1251 357 0.000149 2
927 589 941 599 0.000148 2
320 431 384 472 0.000148 2
627 331 664 398 0.000145 2
374 408 385 414 0.000144 2
123 411 144 431 0.000144 2
90 411 109 425 0.000144 2
0 397 72 455 0.000143 2
582 271 696 380 0.000142 2
689 275 769 333 0.000142 2
311 406 369 453 0.000142 2
601 200 664 223 0.000141 2
355 408 423 474 0.000140 2
673 431 694 440 0.000140 2
573 352 624 392 0.000140 2
929 281 1010 316 0.000138 2
1156 252 1280 291 0.000138 2
60 254 92 278 0.000137 2
655 270 764 306 0.000136 2
627 370 692 425 0.000135 2
1241 435 1279 462 0.000134 2
451 279 521 345 0.000134 2
173 407 267 427 0.000134 2
81 407 149 440 0.000131 2
351 407 368 416 0.000130 2
354 408 368 432 0.000130 2
209 406 312 435 0.000130 2
631 350 689 383 0.000129 2
1029 278 1077 336 0.000129 2
320 205 357 264 0.000129 2
502 280 537 342 0.000129 2
553 163 795 230 0.000127 2
802 173 855 224 0.000127 2
637 686 713 703 0.000126 2
634 271 701 284 0.000126 2
591 424 625 465 0.000125 2
1227 166 1247 198 0.000124 2
860 332 887 346 0.000124 2
523 622 544 642 0.000124 2
387 413 478 442 0.000123 2
318 407 363 421 0.000122 2
488 408 544 428 0.000122 2
684 454 720 471 0.000121 2
178 406 272 452 0.000119 2
397 198 408 206 0.000119 2
628 353 681 396 0.000118 2
3 510 52 536 0.000118 2
1012 324 1042 359 0.000117 2
621 270 677 353 0.000117 2
1222 353 1263 376 0.000117 2
0 400 17 451 0.000116 2
1102 184 1141 221 0.000116 2
473 276 530 341 0.000115 2
964 197 986 209 0.000115 2
598 319 608 342 0.000115 2
1020 310 1133 365 0.000115 2
1045 279 1071 295 0.000114 2
471 202 486 223 0.000112 2
0 508 48 563 0.000112 2
708 319 760 350 0.000110 2
920 193 998 262 0.000110 2
227 162 615 361 0.000110 2
1258 276 1279 316 0.000110 2
947 276 1002 299 0.000108 2
661 274 688 314 0.000108 2
941 330 959 344 0.000107 2
365 430 384 464 0.000106 2
1028 362 1057 392 0.000105 2
758 326 921 372 0.000105 2
332 212 354 256 0.000105 2
0 508 20 558 0.000103 2
629 361 658 396 0.000103 2
824 134 952 208 0.000102 2
242 411 263 429 0.000102 2
63 424 72 433 0.000101 2
306 408 324 416 0.000101 2
754 212 845 288 0.644883 3
799 212 847 275 0.001357 3
756 232 799 277 0.000118 3
1181 164 1279 267 0.009401 5
479 167 585 217 0.005305 5
478 170 522 217 0.002502 5
443 172 522 218 0.001856 5
827 135 939 164 0.001543 5
448 148 525 171 0.000818 5
480 172 506 206 0.000522 5
1172 281 1280 315 0.000255 5
462 143 526 164 0.000187 5
1225 179 1279 209 0.000166 5
806 159 858 190 0.000157 5
1166 275 1265 348 0.000112 5
699 152 954 248 0.060693 6
641 263 1271 489 0.038078 6
925 271 1279 420 0.025518 6
925 270 1279 360 0.021965 6
641 268 1245 384 0.011333 6
1044 275 1279 501 0.006457 6
467 166 581 209 0.004750 6
641 271 1023 484 0.004313 6
324 414 706 464 0.003452 6
647 398 1203 490 0.003396 6
827 135 939 166 0.003254 6
453 407 954 477 0.003201 6
642 186 1270 396 0.002853 6
1123 418 1279 473 0.002387 6
1078 436 1279 475 0.002205 6
1023 427 1279 513 0.002135 6
923 214 1279 351 0.001823 6
747 431 881 478 0.001718 6
878 270 1279 512 0.001606 6
657 449 1275 519 0.001564 6
14 434 290 475 0.001395 6
1125 378 1279 477 0.001173 6
1002 464 1278 517 0.001112 6
33 400 320 477 0.000997 6
768 406 944 480 0.000996 6
796 154 939 220 0.000988 6
191 441 272 467 0.000979 6
1198 422 1277 477 0.000892 6
747 434 941 485 0.000765 6
382 250 946 479 0.000731 6
479 422 703 464 0.000665 6
1046 392 1280 474 0.000623 6
822 452 1082 487 0.000616 6
8 433 358 508 0.000613 6
443 167 521 217 0.000498 6
266 447 372 472 0.000488 6
731 417 883 472 0.000478 6
939 201 1280 294 0.000437 6
1122 438 1169 472 0.000413 6
644 423 1266 570 0.000397 6
687 182 1243 313 0.000394 6
320 443 383 472 0.000356 6
720 371 945 467 0.000352 6
0 69 463 391 0.000325 6
1079 407 1280 502 0.000318 6
901 409 1279 513 0.000304 6
953 206 1269 267 0.000297 6
1199 363 1279 489 0.000293 6
313 65 629 222 0.000290 6
842 472 1272 533 0.000288 6
586 422 702 465 0.000284 6
597 262 956 419 0.000273 6
1064 334 1266 417 0.000245 6
329 341 713 465 0.000244 6
460 163 665 210 0.000243 6
1157 65 1280 272 0.000237 6
1188 288 1280 352 0.000220 6
709 339 944 447 0.000199 6
325 64 695 237 0.000198 6
564 153 669 217 0.000165 6
1041 151 1270 247 0.000161 6
1043 342 1261 473 0.000157 6
924 314 1088 394 0.000146 6
924 276 1137 341 0.000146 6
488 392 704 464 0.000145 6
1061 64 1280 272 0.000139 6
401 69 617 219 0.000126 6
1071 413 1174 475 0.000115 6
331 395 855 552 0.000114 6
1031 469 1280 561 0.000110 6
662 440 1267 665 0.000106 6
418 259 923 392 0.000102 6
698 153 952 239 0.241204 7
707 153 858 234 0.064285 7
587 184 622 209 0.015592 7
1184 226 1279 267 0.015440 7
1184 183 1279 267 0.015413 7
865 178 947 243 0.012999 7
1050 274 1280 347 0.010491 7
796 175 941 222 0.005004 7
547 172 580 203 0.004142 7
486 169 579 209 0.002846 7
1181 165 1279 230 0.002630 7
714 154 809 218 0.002602 7
290 199 390 339 0.002445 7
586 184 657 218 0.002070 7
662 272 769 361 0.002034 7
291 199 387 279 0.001963 7
1052 274 1141 339 0.001840 7
1264 168 1279 241 0.001543 7
911 471 928 487 0.001465 7
784 169 957 259 0.001366 7
660 271 853 344 0.001281 7
293 199 333 232 0.001263 7
802 154 859 226 0.001233 7
1102 164 1149 207 0.001070 7
587 163 657 217 0.001046 7
1181 166 1240 225 0.001021 7
1224 180 1279 232 0.000998 7
191 392 212 415 0.000947 7
952 274 1142 339 0.000876 7
1263 169 1279 208 0.000827 7
1102 162 1206 216 0.000740 7
1190 370 1264 425 0.000728 7
545 178 628 211 0.000660 7
1043 275 1274 409 0.000602 7
736 152 807 203 0.000599 7
850 181 904 265 0.000588 7
1193 304 1276 361 0.000584 7
695 301 768 374 0.000565 7
176 392 215 417 0.000553 7
595 165 634 201 0.000541 7
855 175 940 218 0.000514 7
1100 166 1173 247 0.000491 7
702 163 791 225 0.000477 7
670 148 809 229 0.000473 7
688 276 864 377 0.000418 7
804 138 941 223 0.000415 7
1224 164 1279 213 0.000404 7
456 151 537 211 0.000358 7
732 165 791 221 0.000355 7
1171 227 1279 303 0.000353 7
992 427 1031 470 0.000348 7
1103 164 1166 217 0.000288 7
1015 275 1140 356 0.000285 7
674 84 944 236 0.000272 7
736 269 913 343 0.000268 7
923 277 1134 388 0.000248 7
1206 305 1258 357 0.000244 7
703 123 829 227 0.000228 7
1138 276 1215 342 0.000224 7
810 159 855 181 0.000221 7
695 161 746 230 0.000220 7
1213 318 1269 362 0.000207 7
1157 303 1219 369 0.000200 7
1132 277 1168 343 0.000198 7
695 173 733 221 0.000188 7
584 166 695 217 0.000178 7
650 160 747 212 0.000176 7
1161 294 1277 352 0.000165 7
1094 277 1165 344 0.000164 7
1221 148 1280 183 0.000158 7
451 259 535 350 0.000145 7
325 431 385 472 0.000136 7
1161 294 1221 352 0.000128 7
540 155 654 209 0.000122 7
924 280 1052 387 0.000114 7
444 177 470 216 0.000113 7
35 435 113 471 0.000112 7
923 169 960 212 0.000111 7
931 281 1076 357 0.000105 7
1089 150 1103 178 0.524199 9
512 151 524 180 0.239387 9
239 178 247 190 0.092175 9
448 157 490 170 0.058987 9
964 371 978 406 0.041365 9
372 168 381 184 0.038518 9
894 156 906 177 0.032675 9
366 167 374 188 0.031910 9
553 172 571 200 0.030790 9
1215 167 1223 183 0.030596 9
1207 169 1215 185 0.027122 9
558 183 567 196 0.023246 9
224 183 231 194 0.022299 9
1198 384 1206 413 0.022280 9
551 173 581 203 0.020238 9
863 166 870 183 0.019629 9
1014 136 1025 168 0.019407 9
879 154 894 171 0.017546 9
313 151 341 194 0.017284 9
257 142 268 160 0.016921 9
239 177 249 193 0.014656 9
523 183 536 196 0.012102 9
119 64 159 78 0.010833 9
681 167 687 184 0.010643 9
991 679 1008 703 0.009244 9
362 167 369 189 0.009075 9
950 353 961 387 0.008947 9
513 152 536 190 0.007382 9
665 182 671 196 0.007087 9
514 169 548 187 0.006688 9
965 369 979 390 0.006582 9
173 64 201 91 0.006434 9
895 150 909 177 0.006243 9
512 191 524 207 0.005706 9
545 167 553 185 0.005695 9
927 152 937 169 0.005689 9
1155 161 1167 184 0.005636 9
975 369 985 392 0.005576 9
1192 385 1204 401 0.005324 9
542 168 577 201 0.005319 9
223 183 231 199 0.005136 9
984 371 992 391 0.005050 9
870 164 880 177 0.004972 9
904 65 928 120 0.004870 9
814 144 823 155 0.004850 9
545 168 557 200 0.004798 9
520 181 549 199 0.004677 9
215 183 224 199 0.004622 9
1197 383 1218 417 0.004541 9
1104 168 1120 202 0.004532 9
881 153 897 176 0.004481 9
694 178 704 199 0.004480 9
866 152 881 175 0.004242 9
312 78 368 197 0.004163 9
844 151 858 166 0.004129 9
223 180 234 196 0.004128 9
1097 134 1108 168 0.003909 9
801 143 811 156 0.003791 9
959 357 980 402 0.003645 9
975 189 981 200 0.003543 9
1188 383 1208 415 0.003474 9
1229 166 1247 181 0.003436 9
965 358 978 382 0.003400 9
848 180 858 198 0.003227 9
1099 136 1110 162 0.003222 9
638 160 644 170 0.003129 9
119 64 201 88 0.003076 9
969 176 976 186 0.003007 9
257 179 262 191 0.002994 9
119 64 184 79 0.002925 9
680 168 689 196 0.002889 9
690 168 697 183 0.002839 9
1196 382 1261 426 0.002747 9
587 171 593 185 0.002716 9
246 177 257 192 0.002710 9
209 197 222 229 0.002691 9
836 686 848 703 0.002666 9
1207 168 1216 200 0.002632 9
993 359 1008 386 0.002626 9
865 152 877 171 0.002609 9
167 64 176 76 0.002606 9
486 173 496 185 0.002572 9
565 179 582 202 0.002563 9
961 340 968 353 0.002459 9
312 141 355 197 0.002404 9
521 182 537 199 0.002351 9
847 168 858 187 0.002320 9
687 170 693 184 0.002302 9
463 165 473 183 0.002276 9
980 353 996 391 0.002257 9
247 194 256 204 0.002211 9
446 157 490 181 0.002207 9
926 148 944 183 0.002150 9
699 132 705 152 0.002134 9
1005 136 1015 170 0.002100 9
834 156 859 182 0.002098 9
220 176 247 194 0.002074 9
453 149 569 217 0.002063 9
111 151 128 164 0.002016 9
1088 150 1112 181 0.002003 9
1198 382 1210 427 0.001970 9
991 360 1001 386 0.001930 9
999 134 1009 177 0.001893 9
619 150 631 163 0.001823 9
854 161 870 184 0.001819 9
693 176 700 196 0.001809 9
665 170 671 190 0.001791 9
1195 381 1236 424 0.001772 9
94 154 104 176 0.001751 9
478 157 579 209 0.001743 9
624 166 633 174 0.001685 9
160 64 180 86 0.001648 9
1088 186 1096 208 0.001617 9
240 166 248 188 0.001615 9
978 692 986 703 0.001614 9
1188 165 1201 186 0.001610 9
1005 135 1025 171 0.001608 9
1204 409 1216 424 0.001563 9
949 345 965 387 0.001527 9
580 64 596 91 0.001508 9
486 150 524 195 0.001463 9
618 153 633 171 0.001437 9
951 344 959 360 0.001434 9
1181 382 1203 412 0.001413 9
979 352 1006 390 0.001407 9
955 343 977 404 0.001396 9
623 263 640 284 0.001351 9
373 172 385 199 0.001317 9
905 127 912 136 0.001283 9
1013 132 1040 169 0.001267 9
164 64 184 75 0.001249 9
613 150 638 173 0.001235 9
1220 404 1232 424 0.001233 9
159 64 171 75 0.001232 9
993 133 1004 170 0.001226 9
1211 167 1225 205 0.001177 9
511 168 526 199 0.001156 9
993 138 1001 168 0.001145 9
1001 135 1017 175 0.001128 9
372 153 381 185 0.001122 9
568 160 580 179 0.001118 9
999 127 1007 135 0.001077 9
1112 150 1120 165 0.001056 9
448 156 491 204 0.001055 9
1109 156 1118 168 0.001054 9
614 151 631 166 0.001053 9
637 168 654 198 0.001027 9
946 343 995 402 0.001018 9
1078 150 1103 185 0.000997 9
975 327 985 344 0.000992 9
637 167 652 185 0.000988 9
855 282 863 295 0.000986 9
809 158 858 182 0.000984 9
585 119 599 164 0.000982 9
947 351 982 410 0.000975 9
587 167 603 185 0.000972 9
306 80 342 196 0.000970 9
1048 157 1056 172 0.000964 9
944 168 960 185 0.000961 9
1015 336 1023 345 0.000930 9
1184 347 1212 413 0.000928 9
831 371 848 393 0.000922 9
256 129 268 160 0.000921 9
1176 381 1184 391 0.000901 9
959 664 967 680 0.000899 9
475 150 524 180 0.000885 9
596 64 624 93 0.000882 9
254 177 262 191 0.000876 9
827 135 860 167 0.000872 9
959 343 969 370 0.000867 9
463 252 478 304 0.000866 9
1087 162 1102 207 0.000864 9
630 157 641 172 0.000854 9
1207 158 1219 188 0.000854 9
802 145 813 159 0.000851 9
447 154 521 170 0.000849 9
1182 380 1192 393 0.000847 9
701 118 717 128 0.000846 9
664 325 676 349 0.000837 9
703 168 711 179 0.000822 9
621 156 634 172 0.000822 9
664 153 671 173 0.000821 9
847 167 871 215 0.000816 9
948 353 963 406 0.000812 9
587 174 602 185 0.000807 9
256 143 268 175 0.000798 9
343 167 353 199 0.000787 9
1165 379 1207 409 0.000783 9
1213 373 1223 385 0.000762 9
1138 341 1188 380 0.000752 9
693 122 706 154 0.000748 9
311 182 337 197 0.000743 9
1097 127 1105 151 0.000726 9
983 680 1040 703 0.000724 9
256 86 262 98 0.000721 9
809 378 814 391 0.000720 9
1199 374 1229 419 0.000710 9
1103 677 1121 703 0.000702 9
1184 166 1217 191 0.000695 9
808 166 815 182 0.000693 9
577 291 594 322 0.000686 9
866 671 873 682 0.000681 9
1053 111 1081 144 0.000663 9
871 688 880 700 0.000662 9
977 679 1009 703 0.000658 9
664 168 681 212 0.000655 9
211 166 218 176 0.000654 9
95 184 101 200 0.000652 9
352 161 364 192 0.000647 9
664 167 671 174 0.000644 9
1167 381 1179 392 0.000639 9
829 137 890 169 0.000637 9
974 169 983 186 0.000636 9
662 170 690 215 0.000636 9
768 101 784 136 0.000631 9
479 169 518 217 0.000627 9
962 158 987 169 0.000622 9
841 149 871 175 0.000614 9
600 151 635 199 0.000612 9
575 273 607 335 0.000607 9
1223 165 1233 182 0.000607 9
1106 165 1147 185 0.000602 9
848 118 864 136 0.000601 9
843 119 859 135 0.000590 9
520 174 577 212 0.000587 9
330 176 346 199 0.000586 9
576 277 597 346 0.000572 9
1081 173 1091 184 0.000562 9
1039 671 1047 679 0.000562 9
222 168 231 176 0.000558 9
497 170 514 192 0.000557 9
866 671 874 687 0.000555 9
593 64 641 101 0.000554 9
240 186 257 209 0.000553 9
961 663 976 680 0.000550 9
928 72 944 119 0.000548 9
1089 265 1097 270 0.000546 9
684 167 702 199 0.000534 9
432 171 446 193 0.000530 9
819 151 859 175 0.000525 9
993 133 1018 173 0.000523 9
1050 119 1058 133 0.000521 9
68 170 80 200 0.000521 9
1015 143 1032 168 0.000516 9
1125 164 1154 185 0.000512 9
1225 161 1248 181 0.000511 9
664 316 680 349 0.000508 9
1125 372 1136 390 0.000500 9
861 111 869 119 0.000500 9
111 138 128 165 0.000500 9
943 348 952 389 0.000499 9
480 176 496 201 0.000498 9
183 196 192 206 0.000497 9
444 145 527 176 0.000496 9
1100 135 1121 166 0.000495 9
621 179 632 199 0.000494 9
692 168 706 181 0.000492 9
170 64 238 91 0.000491 9
825 135 921 170 0.000488 9
255 113 264 128 0.000486 9
1187 356 1210 388 0.000477 9
701 152 711 178 0.000476 9
695 124 710 178 0.000471 9
604 150 618 167 0.000471 9
735 424 752 456 0.000468 9
315 90 332 158 0.000460 9
68 169 80 177 0.000459 9
979 168 991 185 0.000456 9
607 158 614 169 0.000455 9
942 344 957 387 0.000454 9
960 336 968 345 0.000450 9
637 149 652 171 0.000450 9
1021 126 1040 164 0.000448 9
827 135 864 155 0.000443 9
448 153 525 210 0.000441 9
977 692 1001 703 0.000436 9
209 182 224 203 0.000435 9
309 90 334 172 0.000430 9
915 152 928 171 0.000428 9
647 168 657 179 0.000427 9
472 162 511 209 0.000419 9
969 161 990 187 0.000416 9
337 159 354 196 0.000416 9
1088 154 1107 205 0.000416 9
697 152 706 174 0.000413 9
1211 348 1265 427 0.000411 9
309 122 388 197 0.000411 9
689 119 704 161 0.000409 9
898 136 937 154 0.000407 9
212 164 225 177 0.000405 9
1159 370 1170 390 0.000403 9
700 116 720 156 0.000403 9
575 127 581 160 0.000401 9
862 671 873 688 0.000400 9
871 663 880 689 0.000400 9
621 156 640 190 0.000397 9
1133 348 1191 411 0.000397 9
1149 161 1169 184 0.000397 9
111 204 121 227 0.000393 9
344 182 353 199 0.000392 9
1146 343 1179 360 0.000390 9
1166 373 1182 393 0.000389 9
415 176 421 203 0.000388 9
586 118 598 133 0.000387 9
512 148 544 185 0.000386 9
958 158 992 190 0.000383 9
286 68 345 197 0.000382 9
849 136 938 173 0.000381 9
350 162 369 199 0.000381 9
858 163 941 199 0.000377 9
878 688 888 703 0.000374 9
767 77 784 138 0.000372 9
407 180 418 203 0.000372 9
603 163 628 187 0.000371 9
1050 117 1059 137 0.000366 9
830 150 850 164 0.000365 9
906 89 928 120 0.000364 9
827 417 845 441 0.000363 9
1208 157 1227 185 0.000361 9
1183 353 1228 418 0.000361 9
797 135 813 156 0.000353 9
934 328 944 344 0.000350 9
543 159 581 190 0.000349 9
837 121 848 136 0.000343 9
1071 136 1103 210 0.000340 9
1247 359 1262 376 0.000340 9
1079 127 1108 178 0.000340 9
332 184 342 199 0.000339 9
544 265 559 281 0.000339 9
1224 387 1259 427 0.000338 9
628 168 639 199 0.000338 9
851 136 938 154 0.000333 9
851 166 909 213 0.000331 9
1210 165 1230 207 0.000329 9
1055 152 1063 163 0.000329 9
248 163 256 174 0.000327 9
308 109 324 158 0.000322 9
351 148 383 189 0.000321 9
880 136 938 179 0.000320 9
903 147 932 179 0.000320 9
1024 149 1039 162 0.000318 9
1086 139 1123 180 0.000316 9
806 168 816 197 0.000315 9
1096 124 1128 169 0.000314 9
254 94 269 128 0.000312 9
1056 153 1064 168 0.000311 9
830 688 844 703 0.000311 9
1183 152 1227 193 0.000311 9
805 157 858 198 0.000309 9
761 268 851 344 0.000308 9
1261 369 1279 410 0.000308 9
1040 157 1058 184 0.000306 9
668 273 704 354 0.000305 9
1139 158 1169 185 0.000299 9
1014 683 1040 703 0.000298 9
990 358 1024 403 0.000298 9
293 199 324 232 0.000296 9
649 155 657 174 0.000294 9
624 64 638 73 0.000292 9
972 174 983 202 0.000292 9
652 151 671 175 0.000291 9
847 253 864 338 0.000291 9
1090 370 1105 404 0.000290 9
119 64 171 91 0.000290 9
587 164 634 192 0.000288 9
1040 170 1049 184 0.000287 9
964 155 992 170 0.000286 9
937 341 1017 397 0.000286 9
1140 380 1201 410 0.000282 9
1072 389 1079 406 0.000279 9
689 118 713 153 0.000278 9
1087 357 1115 405 0.000275 9
1143 375 1152 392 0.000274 9
835 685 856 703 0.000273 9
1136 359 1170 379 0.000272 9
799 131 817 158 0.000272 9
1090 227 1103 270 0.000271 9
57 126 64 144 0.000269 9
676 167 690 213 0.000269 9
701 128 715 155 0.000268 9
576 80 585 102 0.000266 9
1035 371 1048 388 0.000266 9
814 135 825 158 0.000264 9
701 171 711 185 0.000257 9
596 147 626 166 0.000256 9
664 166 685 202 0.000255 9
455 182 468 206 0.000252 9
847 292 856 314 0.000252 9
1070 121 1126 184 0.000248 9
1146 378 1213 424 0.000248 9
783 115 835 150 0.000247 9
479 332 496 356 0.000247 9
783 122 804 137 0.000246 9
1041 157 1055 172 0.000246 9
260 165 272 179 0.000245 9
311 64 336 165 0.000244 9
846 687 856 703 0.000241 9
1046 152 1056 163 0.000239 9
372 162 408 185 0.000238 9
638 144 657 172 0.000235 9
651 170 663 201 0.000234 9
1055 119 1106 201 0.000234 9
634 169 659 204 0.000234 9
1149 156 1199 185 0.000233 9
653 161 662 175 0.000231 9
927 140 945 171 0.000230 9
1073 150 1080 164 0.000229 9
566 143 580 174 0.000229 9
975 688 988 703 0.000229 9
680 131 691 161 0.000228 9
566 137 581 163 0.000226 9
1052 391 1065 416 0.000225 9
432 170 447 183 0.000221 9
310 93 362 166 0.000221 9
970 177 979 191 0.000221 9
891 120 912 139 0.000220 9
1262 406 1276 423 0.000218 9
807 363 815 392 0.000217 9
596 136 626 168 0.000217 9
213 174 240 199 0.000216 9
661 307 687 368 0.000216 9
923 167 961 186 0.000215 9
209 123 270 236 0.000215 9
578 64 598 104 0.000214 9
31 275 44 295 0.000214 9
1123 143 1136 152 0.000213 9
478 630 496 672 0.000212 9
712 599 720 611 0.000212 9
920 682 929 703 0.000209 9
399 184 408 202 0.000208 9
575 277 596 319 0.000208 9
935 159 993 188 0.000207 9
1011 135 1027 177 0.000207 9
888 439 912 456 0.000207 9
471 144 524 173 0.000207 9
256 67 268 99 0.000206 9
637 140 659 163 0.000206 9
921 144 990 186 0.000205 9
1143 379 1154 402 0.000203 9
95 160 110 177 0.000203 9
45 321 57 344 0.000203 9
461 182 480 204 0.000203 9
596 135 606 146 0.000203 9
960 136 989 168 0.000203 9
826 135 842 154 0.000202 9
596 291 608 329 0.000201 9
535 630 552 671 0.000201 9
1168 365 1197 393 0.000200 9
1104 363 1121 394 0.000200 9
830 416 845 431 0.000199 9
239 161 253 181 0.000198 9
1015 338 1024 351 0.000197 9
924 167 948 196 0.000196 9
209 113 299 241 0.000195 9
1056 375 1065 390 0.000195 9
783 116 829 136 0.000193 9
208 65 253 87 0.000193 9
596 138 609 163 0.000192 9
1176 615 1182 622 0.000191 9
558 249 601 292 0.000191 9
1183 159 1202 188 0.000190 9
655 327 668 352 0.000189 9
1210 153 1223 163 0.000189 9
314 129 343 181 0.000188 9
255 74 272 128 0.000187 9
822 378 831 393 0.000186 9
575 80 583 97 0.000186 9
528 627 545 642 0.000186 9
853 112 870 136 0.000185 9
766 133 796 154 0.000184 9
1118 684 1128 703 0.000184 9
680 152 690 185 0.000183 9
913 148 939 181 0.000183 9
622 103 640 121 0.000179 9
808 541 816 559 0.000177 9
990 131 1011 183 0.000174 9
981 141 993 166 0.000173 9
684 119 708 177 0.000173 9
1142 377 1173 407 0.000170 9
786 137 811 155 0.000170 9
208 66 227 87 0.000169 9
1197 148 1208 189 0.000169 9
95 151 112 176 0.000169 9
1029 331 1041 359 0.000168 9
680 143 690 164 0.000168 9
1215 584 1224 621 0.000167 9
651 127 661 144 0.000167 9
760 96 785 154 0.000166 9
989 123 998 151 0.000166 9
416 170 442 204 0.000165 9
1198 652 1211 684 0.000164 9
786 129 808 153 0.000163 9
583 64 630 106 0.000162 9
16 157 26 183 0.000161 9
911 156 924 179 0.000160 9
922 141 966 182 0.000159 9
883 120 902 138 0.000159 9
816 414 846 445 0.000158 9
205 176 258 235 0.000158 9
1201 158 1243 183 0.000156 9
1072 149 1084 169 0.000154 9
416 173 427 204 0.000154 9
593 160 602 171 0.000154 9
10 391 32 406 0.000154 9
1137 161 1184 196 0.000153 9
304 171 333 199 0.000153 9
1107 138 1136 164 0.000153 9
360 148 370 166 0.000152 9
1149 372 1188 406 0.000152 9
1031 367 1057 394 0.000151 9
776 511 785 523 0.000151 9
447 512 456 528 0.000151 9
445 157 504 219 0.000150 9
383 149 401 161 0.000149 9
1089 263 1102 270 0.000148 9
359 148 375 174 0.000148 9
160 568 171 584 0.000147 9
621 64 641 101 0.000145 9
762 133 827 154 0.000145 9
1098 153 1140 184 0.000145 9
664 121 671 144 0.000144 9
170 147 178 167 0.000143 9
257 138 319 160 0.000143 9
718 116 730 129 0.000141 9
149 64 256 94 0.000140 9
256 161 267 181 0.000140 9
261 179 273 198 0.000140 9
543 159 576 174 0.000139 9
259 170 271 192 0.000138 9
598 150 633 175 0.000137 9
1116 342 1134 369 0.000135 9
175 186 183 205 0.000135 9
576 313 593 387 0.000134 9
895 119 907 136 0.000134 9
66 167 81 180 0.000134 9
581 278 590 291 0.000133 9
688 150 706 179 0.000133 9
1115 144 1136 164 0.000133 9
824 676 832 687 0.000133 9
219 165 247 188 0.000132 9
1039 135 1131 247 0.000131 9
857 109 870 120 0.000131 9
462 143 524 161 0.000131 9
1043 153 1064 189 0.000131 9
731 343 759 375 0.000131 9
753 78 768 121 0.000130 9
254 72 344 217 0.000129 9
478 311 496 357 0.000129 9
825 135 924 155 0.000129 9
1072 132 1102 177 0.000128 9
759 534 769 564 0.000127 9
609 148 641 182 0.000126 9
1088 147 1122 193 0.000125 9
480 528 488 536 0.000124 9
1030 341 1040 359 0.000124 9
325 97 339 128 0.000123 9
1050 108 1072 138 0.000122 9
211 150 268 209 0.000121 9
717 64 754 122 0.000121 9
1061 393 1072 421 0.000121 9
1123 335 1136 371 0.000121 9
463 186 480 213 0.000120 9
1150 582 1168 632 0.000119 9
989 116 999 132 0.000118 9
1118 365 1137 391 0.000118 9
859 97 870 119 0.000118 9
446 142 495 172 0.000118 9
1149 99 1169 135 0.000116 9
654 509 665 543 0.000116 9
17 166 26 184 0.000116 9
316 65 362 146 0.000115 9
701 113 720 129 0.000115 9
1113 162 1139 185 0.000115 9
64 149 80 177 0.000115 9
998 118 1007 135 0.000114 9
807 146 858 173 0.000113 9
63 152 79 168 0.000113 9
1181 379 1218 428 0.000112 9
740 362 752 375 0.000111 9
208 90 322 180 0.000111 9
853 268 910 332 0.000111 9
519 526 529 551 0.000111 9
1031 365 1049 387 0.000110 9
638 130 671 175 0.000109 9
1096 110 1137 169 0.000108 9
1061 105 1073 114 0.000107 9
468 178 486 205 0.000106 9
835 255 876 340 0.000106 9
783 113 854 140 0.000105 9
363 150 409 186 0.000104 9
647 172 673 205 0.000104 9
932 168 961 208 0.000103 9
1032 366 1066 420 0.000103 9
110 112 129 166 0.000102 9
1082 349 1123 403 0.000102 9
583 142 608 187 0.000100 9
920 340 1003 389 0.000100 9
1263 75 1279 119 0.000100 9
167 64 203 100 0.000100 9
1051 109 1083 146 0.015158 11
516 191 527 202 0.008016 11
1056 115 1066 132 0.002121 11
1180 188 1201 217 0.001822 11
1180 167 1202 217 0.001502 11
531 249 593 281 0.000375 11
