742 199 785 299 0.825931 0
522 185 551 263 0.802849 0
966 189 996 256 0.699164 0
789 194 825 273 0.674051 0
1045 188 1073 256 0.560478 0
1210 192 1229 220 0.138577 0
1209 191 1230 264 0.107034 0
228 201 244 246 0.101115 0
510 189 529 249 0.058661 0
782 197 800 259 0.057531 0
510 186 543 258 0.046435 0
1071 483 1080 500 0.045449 0
926 203 945 252 0.043123 0
789 328 810 344 0.040580 0
1015 204 1025 223 0.039665 0
613 152 625 168 0.032089 0
750 200 785 269 0.031815 0
1046 190 1065 230 0.030088 0
756 190 770 216 0.030079 0
863 437 876 455 0.029703 0
716 212 727 235 0.028751 0
757 190 770 205 0.028599 0
610 151 628 191 0.027326 0
1207 195 1223 221 0.026794 0
510 191 525 212 0.025534 0
632 202 643 215 0.024808 0
741 212 753 251 0.023687 0
770 200 790 261 0.021958 0
862 423 884 455 0.021742 0
751 191 770 228 0.021387 0
1112 194 1119 202 0.020959 0
741 196 771 253 0.020804 0
968 198 983 220 0.018288 0
934 204 944 215 0.018050 0
751 191 758 207 0.017518 0
742 200 761 248 0.017476 0
1198 198 1211 221 0.017333 0
847 200 856 225 0.016301 0
691 207 705 238 0.015568 0
1190 191 1232 267 0.014749 0
212 186 225 229 0.014709 0
784 198 795 235 0.013997 0
991 455 998 463 0.013650 0
1204 198 1212 227 0.013263 0
1146 309 1168 344 0.012932 0
604 149 635 192 0.012073 0
1271 199 1279 235 0.011945 0
845 201 856 241 0.011929 0
1206 195 1214 226 0.011782 0
769 200 785 246 0.011675 0
750 192 759 217 0.011003 0
605 151 626 184 0.010832 0
785 198 801 239 0.010799 0
1183 214 1206 257 0.010507 0
705 205 728 235 0.010494 0
1119 312 1129 329 0.010336 0
728 208 754 257 0.010262 0
832 470 840 483 0.009579 0
1192 197 1210 228 0.009485 0
1188 203 1207 243 0.009358 0
1103 312 1113 327 0.009339 0
793 198 804 230 0.008858 0
1112 193 1120 206 0.008436 0
510 183 529 214 0.008303 0
742 191 759 225 0.007581 0
1007 473 1016 492 0.007527 0
847 200 865 241 0.007522 0
623 149 632 168 0.007383 0
632 201 649 215 0.007301 0
983 450 993 463 0.006750 0
852 425 885 479 0.006413 0
804 184 816 206 0.006307 0
960 439 968 454 0.006109 0
1119 311 1131 342 0.005941 0
1087 187 1095 209 0.005929 0
930 201 946 214 0.005804 0
896 200 904 226 0.005683 0
1039 198 1052 226 0.005574 0
1048 189 1074 228 0.005517 0
1011 203 1030 225 0.005389 0
926 448 935 456 0.005369 0
736 325 744 339 0.005334 0
638 160 645 184 0.005233 0
862 433 882 478 0.005110 0
727 325 737 345 0.005063 0
1009 205 1025 231 0.004996 0
774 313 785 342 0.004983 0
983 446 993 456 0.004977 0
753 189 783 220 0.004974 0
1038 203 1050 230 0.004841 0
800 328 816 344 0.004838 0
1177 496 1184 509 0.004833 0
1191 203 1208 224 0.004652 0
739 218 778 294 0.004444 0
1031 491 1039 503 0.004369 0
1191 496 1200 504 0.004324 0
975 188 993 220 0.004323 0
924 201 962 254 0.004274 0
521 182 534 201 0.004267 0
710 317 720 344 0.004111 0
722 323 738 361 0.004075 0
866 432 887 456 0.003932 0
975 183 991 204 0.003929 0
1174 209 1185 245 0.003859 0
787 320 811 344 0.003854 0
1176 344 1188 359 0.003702 0
1207 504 1217 513 0.003696 0
1072 462 1079 470 0.003600 0
750 454 767 472 0.003481 0
912 455 928 484 0.003444 0
1044 482 1056 493 0.003431 0
989 448 999 463 0.003364 0
423 491 481 519 0.003362 0
1244 199 1256 232 0.003331 0
866 208 873 231 0.003252 0
893 200 904 234 0.003239 0
632 160 644 186 0.003218 0
776 317 810 344 0.003171 0
880 199 903 241 0.003163 0
853 463 866 476 0.003071 0
1199 502 1209 512 0.003053 0
1087 181 1102 209 0.003008 0
1179 344 1194 357 0.002991 0
788 329 814 380 0.002941 0
1136 447 1143 456 0.002864 0
704 317 722 377 0.002807 0
879 206 892 236 0.002760 0
917 474 928 486 0.002760 0
883 203 894 236 0.002748 0
1231 459 1249 510 0.002734 0
1152 439 1159 448 0.002734 0
637 160 650 185 0.002694 0
920 220 930 246 0.002667 0
814 329 845 344 0.002665 0
738 201 744 213 0.002656 0
831 464 840 478 0.002626 0
751 463 766 472 0.002602 0
733 325 744 348 0.002542 0
1015 457 1025 466 0.002521 0
1236 197 1256 233 0.002509 0
721 317 738 341 0.002472 0
442 492 463 507 0.002461 0
719 322 739 379 0.002428 0
833 468 847 479 0.002412 0
1090 183 1104 205 0.002411 0
1102 312 1115 344 0.002344 0
719 325 728 342 0.002261 0
641 689 672 703 0.002225 0
718 192 729 219 0.002207 0
1129 503 1136 509 0.002197 0
769 195 827 276 0.002167 0
1066 482 1081 505 0.002165 0
999 384 1023 400 0.002160 0
536 190 550 217 0.002155 0
698 329 703 337 0.002149 0
765 314 778 343 0.002146 0
1196 196 1229 248 0.002145 0
754 185 772 205 0.002128 0
836 201 856 241 0.002092 0
621 150 638 188 0.002090 0
912 472 928 485 0.002068 0
724 320 744 340 0.002067 0
443 491 476 510 0.002028 0
865 427 889 480 0.002026 0
1096 176 1104 206 0.002017 0
847 184 868 242 0.002014 0
1135 445 1144 468 0.001983 0
718 323 732 368 0.001982 0
797 185 816 219 0.001980 0
1077 333 1092 359 0.001980 0
1247 201 1259 234 0.001976 0
1040 455 1048 464 0.001975 0
558 178 579 216 0.001973 0
671 460 684 488 0.001972 0
631 164 639 190 0.001963 0
241 197 251 217 0.001948 0
922 199 953 233 0.001930 0
926 438 937 456 0.001923 0
1144 318 1164 342 0.001922 0
247 196 255 214 0.001900 0
915 199 947 247 0.001891 0
1015 442 1025 460 0.001882 0
1157 496 1184 510 0.001865 0
793 193 804 217 0.001854 0
837 466 848 477 0.001847 0
319 203 331 230 0.001834 0
959 455 969 464 0.001811 0
982 446 992 461 0.001804 0
635 202 653 216 0.001803 0
934 437 944 450 0.001799 0
693 177 703 199 0.001766 0
200 208 208 225 0.001762 0
913 448 930 456 0.001758 0
670 207 678 229 0.001755 0
855 423 901 484 0.001749 0
1182 344 1194 380 0.001737 0
459 492 481 509 0.001734 0
847 420 887 463 0.001719 0
1203 496 1216 505 0.001712 0
1145 327 1155 343 0.001709 0
813 209 822 229 0.001694 0
773 311 803 340 0.001686 0
967 189 989 220 0.001673 0
783 422 810 450 0.001664 0
1198 496 1212 507 0.001630 0
1112 326 1142 344 0.001622 0
223 201 243 258 0.001616 0
969 190 995 233 0.001609 0
1176 209 1185 222 0.001582 0
665 315 688 391 0.001580 0
1023 456 1031 464 0.001577 0
515 190 531 246 0.001547 0
959 439 976 457 0.001535 0
631 175 638 191 0.001530 0
789 329 811 354 0.001508 0
477 196 486 216 0.001503 0
1270 197 1279 265 0.001494 0
1248 345 1258 355 0.001473 0
1182 164 1202 202 0.001461 0
862 466 873 478 0.001447 0
1009 431 1015 439 0.001443 0
895 472 913 487 0.001436 0
1098 329 1104 344 0.001423 0
664 308 683 350 0.001402 0
1142 311 1169 356 0.001377 0
1143 504 1151 510 0.001370 0
1030 453 1040 465 0.001369 0
835 220 854 241 0.001368 0
885 472 897 486 0.001366 0
1033 464 1040 470 0.001337 0
935 430 944 445 0.001337 0
1086 189 1102 227 0.001335 0
799 439 807 449 0.001329 0
874 326 881 342 0.001302 0
1180 212 1194 226 0.001292 0
1183 496 1200 510 0.001289 0
1223 195 1257 233 0.001287 0
819 327 848 392 0.001287 0
984 482 992 487 0.001267 0
633 159 657 201 0.001266 0
926 423 942 456 0.001263 0
1009 381 1024 401 0.001252 0
649 407 657 424 0.001227 0
1169 409 1177 423 0.001226 0
876 155 892 174 0.001222 0
1153 303 1168 341 0.001222 0
788 328 820 363 0.001209 0
1023 445 1034 457 0.001194 0
846 463 858 475 0.001186 0
464 200 479 271 0.001179 0
983 441 993 456 0.001162 0
1247 358 1264 377 0.001159 0
1037 190 1061 226 0.001145 0
1184 496 1211 510 0.001140 0
1071 465 1080 495 0.001136 0
1071 455 1080 470 0.001136 0
1232 458 1258 483 0.001135 0
1050 185 1066 213 0.001130 0
1006 473 1020 499 0.001116 0
863 215 873 234 0.001112 0
682 197 692 215 0.001096 0
1249 215 1264 234 0.001091 0
686 203 702 236 0.001088 0
1029 444 1039 456 0.001079 0
237 199 252 240 0.001077 0
1251 199 1264 224 0.001073 0
851 430 879 453 0.001060 0
1110 329 1120 344 0.001046 0
1185 164 1201 186 0.001045 0
751 244 768 340 0.001026 0
240 197 253 228 0.001024 0
765 327 780 343 0.001021 0
755 312 769 337 0.001020 0
798 420 808 448 0.001017 0
1120 393 1128 409 0.001014 0
1200 472 1216 485 0.001011 0
1245 461 1264 501 0.001003 0
908 474 930 489 0.000996 0
1150 450 1160 466 0.000983 0
804 316 820 343 0.000982 0
1252 496 1280 516 0.000980 0
704 439 721 463 0.000979 0
1145 326 1168 344 0.000977 0
664 327 679 349 0.000975 0
960 366 986 408 0.000968 0
1043 279 1059 295 0.000967 0
1167 327 1174 336 0.000964 0
860 216 873 242 0.000949 0
703 327 713 342 0.000946 0
755 314 772 343 0.000942 0
815 331 844 362 0.000940 0
608 447 624 465 0.000936 0
1008 448 1015 460 0.000929 0
655 317 684 379 0.000928 0
752 429 769 449 0.000920 0
852 211 870 269 0.000919 0
1181 180 1224 223 0.000915 0
783 423 798 447 0.000912 0
471 196 480 216 0.000894 0
788 438 802 450 0.000885 0
465 199 472 216 0.000873 0
895 154 907 176 0.000863 0
801 416 809 427 0.000836 0
878 321 886 342 0.000835 0
1135 486 1152 509 0.000833 0
968 181 994 216 0.000832 0
832 469 849 493 0.000831 0
524 184 548 203 0.000830 0
1110 501 1120 509 0.000826 0
847 693 859 703 0.000825 0
782 193 798 210 0.000824 0
930 424 945 450 0.000820 0
1105 606 1112 614 0.000818 0
717 323 752 378 0.000811 0
895 326 904 343 0.000808 0
213 183 233 233 0.000807 0
1151 448 1161 460 0.000803 0
1243 459 1259 478 0.000802 0
1135 439 1149 460 0.000801 0
705 316 746 377 0.000798 0
212 187 228 249 0.000795 0
748 427 768 453 0.000787 0
1100 327 1116 344 0.000780 0
1231 459 1243 473 0.000780 0
1071 494 1081 512 0.000777 0
1176 344 1198 360 0.000767 0
1144 324 1176 354 0.000761 0
465 201 474 222 0.000760 0
1248 347 1258 358 0.000757 0
786 415 822 453 0.000755 0
470 202 478 219 0.000755 0
1016 441 1025 449 0.000754 0
799 417 808 436 0.000747 0
988 449 1012 466 0.000743 0
1103 312 1132 343 0.000742 0
662 415 671 436 0.000741 0
752 297 768 338 0.000729 0
1127 445 1135 456 0.000721 0
1175 410 1183 423 0.000720 0
738 440 777 472 0.000718 0
768 431 776 447 0.000715 0
1250 347 1264 360 0.000712 0
814 410 833 450 0.000707 0
1079 429 1087 441 0.000706 0
820 412 832 440 0.000700 0
1104 312 1131 330 0.000699 0
495 188 530 251 0.000699 0
1231 458 1240 468 0.000695 0
1216 193 1276 267 0.000692 0
1086 488 1098 501 0.000690 0
750 242 792 346 0.000687 0
959 425 968 457 0.000685 0
680 171 691 215 0.000684 0
1039 322 1055 335 0.000680 0
1259 198 1277 231 0.000676 0
1215 443 1223 456 0.000674 0
1215 473 1224 482 0.000674 0
1015 479 1025 489 0.000670 0
1248 199 1272 235 0.000669 0
697 328 703 343 0.000668 0
823 544 833 573 0.000667 0
1001 432 1008 440 0.000661 0
833 432 884 481 0.000659 0
1137 442 1152 459 0.000653 0
572 180 581 201 0.000649 0
944 203 964 254 0.000643 0
1072 504 1082 524 0.000638 0
678 359 688 375 0.000635 0
606 367 624 438 0.000635 0
820 317 848 344 0.000628 0
846 684 859 703 0.000627 0
766 173 784 198 0.000626 0
790 407 834 457 0.000624 0
1064 463 1071 470 0.000618 0
995 447 1008 459 0.000613 0
785 312 802 332 0.000602 0
1171 471 1184 480 0.000601 0
804 407 833 451 0.000601 0
467 201 479 248 0.000599 0
833 485 848 503 0.000599 0
399 485 417 518 0.000595 0
875 434 914 486 0.000593 0
665 178 673 217 0.000591 0
648 158 657 176 0.000590 0
1073 428 1081 441 0.000585 0
958 192 1004 265 0.000584 0
1007 456 1019 466 0.000583 0
738 432 792 459 0.000579 0
783 436 794 449 0.000578 0
1092 312 1116 345 0.000569 0
752 317 768 342 0.000568 0
899 202 911 240 0.000568 0
866 207 888 238 0.000563 0
0 64 59 220 0.000559 0
915 431 944 458 0.000559 0
979 187 1001 222 0.000557 0
1007 530 1015 537 0.000557 0
637 366 658 394 0.000556 0
801 416 815 428 0.000553 0
767 437 775 448 0.000553 0
1044 409 1057 436 0.000553 0
1255 198 1279 265 0.000552 0
735 423 779 454 0.000551 0
1078 190 1091 206 0.000549 0
641 161 659 199 0.000546 0
1173 343 1196 380 0.000546 0
670 319 688 361 0.000545 0
720 432 727 440 0.000543 0
804 440 816 451 0.000541 0
1191 459 1199 473 0.000533 0
934 455 942 463 0.000528 0
831 419 845 448 0.000527 0
809 312 834 343 0.000523 0
952 373 977 429 0.000521 0
687 423 696 438 0.000521 0
966 428 975 444 0.000521 0
1008 424 1016 439 0.000518 0
704 314 721 347 0.000517 0
601 158 619 183 0.000515 0
705 306 755 350 0.000513 0
1136 444 1154 471 0.000513 0
223 183 231 199 0.000512 0
997 373 1023 404 0.000511 0
1151 448 1168 472 0.000508 0
1112 519 1119 527 0.000504 0
837 639 861 683 0.000504 0
877 327 885 343 0.000501 0
943 364 961 408 0.000497 0
986 196 1005 228 0.000495 0
752 181 782 207 0.000494 0
933 190 949 204 0.000488 0
773 433 784 449 0.000488 0
1207 507 1216 516 0.000487 0
367 207 376 231 0.000481 0
618 146 633 180 0.000478 0
1181 168 1201 221 0.000478 0
686 460 696 487 0.000474 0
1116 438 1139 472 0.000474 0
385 198 396 206 0.000473 0
1023 419 1031 440 0.000472 0
631 447 640 460 0.000469 0
767 252 846 345 0.000467 0
676 360 688 383 0.000466 0
1076 334 1091 379 0.000466 0
894 425 905 458 0.000464 0
1039 417 1048 437 0.000464 0
710 206 740 236 0.000461 0
528 216 548 263 0.000460 0
812 413 833 468 0.000456 0
1210 368 1224 409 0.000455 0
429 223 439 230 0.000454 0
881 440 900 456 0.000452 0
664 303 689 357 0.000451 0
1217 419 1224 432 0.000447 0
1129 64 1152 74 0.000447 0
867 330 883 343 0.000446 0
854 314 863 336 0.000446 0
665 206 678 230 0.000441 0
384 484 416 519 0.000437 0
894 413 912 458 0.000430 0
1216 356 1267 413 0.000425 0
653 195 662 216 0.000423 0
1015 415 1023 425 0.000416 0
807 295 849 345 0.000415 0
895 414 912 441 0.000412 0
689 463 704 489 0.000411 0
1222 466 1233 487 0.000410 0
726 417 736 440 0.000410 0
1166 478 1176 490 0.000408 0
266 196 274 213 0.000407 0
1244 461 1274 488 0.000407 0
847 424 857 440 0.000406 0
654 325 676 378 0.000405 0
800 418 818 438 0.000404 0
375 186 385 201 0.000404 0
764 422 788 449 0.000401 0
1039 409 1051 435 0.000399 0
658 345 672 376 0.000396 0
606 145 634 171 0.000393 0
1066 477 1088 501 0.000393 0
1007 530 1018 539 0.000392 0
821 463 832 474 0.000391 0
690 458 704 469 0.000389 0
751 231 801 323 0.000388 0
751 461 767 483 0.000386 0
1076 334 1119 377 0.000386 0
1071 444 1081 470 0.000384 0
863 321 878 343 0.000384 0
951 439 969 456 0.000382 0
384 485 402 515 0.000378 0
1151 438 1168 457 0.000378 0
959 372 979 424 0.000378 0
696 475 704 490 0.000377 0
879 316 886 332 0.000374 0
1084 204 1106 234 0.000374 0
1014 420 1024 437 0.000373 0
1090 447 1104 471 0.000373 0
663 288 704 370 0.000372 0
688 312 704 344 0.000370 0
1222 458 1243 486 0.000369 0
421 502 442 516 0.000368 0
736 448 744 457 0.000367 0
1239 448 1248 456 0.000365 0
1172 406 1184 423 0.000363 0
749 333 820 389 0.000360 0
1222 408 1230 423 0.000359 0
671 350 688 391 0.000359 0
858 225 871 269 0.000354 0
607 409 624 439 0.000352 0
1030 487 1050 521 0.000352 0
4 64 254 209 0.000351 0
867 423 908 461 0.000351 0
958 424 971 447 0.000350 0
686 456 701 471 0.000350 0
932 376 945 391 0.000347 0
316 197 334 231 0.000345 0
1103 393 1124 409 0.000343 0
207 194 224 228 0.000343 0
460 188 481 300 0.000342 0
1234 354 1280 436 0.000342 0
975 174 994 208 0.000342 0
796 422 831 461 0.000340 0
735 435 765 459 0.000340 0
1185 488 1206 505 0.000337 0
704 408 721 463 0.000337 0
726 424 737 445 0.000336 0
757 329 773 344 0.000335 0
800 409 812 427 0.000331 0
768 431 828 473 0.000331 0
666 206 676 220 0.000331 0
845 432 942 486 0.000330 0
981 182 1004 215 0.000330 0
721 339 755 376 0.000328 0
1150 451 1162 474 0.000327 0
1215 453 1224 469 0.000326 0
1121 450 1136 472 0.000325 0
1119 441 1134 465 0.000323 0
1039 424 1048 439 0.000323 0
946 383 961 408 0.000321 0
415 251 420 271 0.000321 0
356 247 367 272 0.000321 0
756 257 831 342 0.000320 0
809 209 831 239 0.000319 0
1111 500 1120 526 0.000319 0
1087 459 1094 471 0.000318 0
926 356 945 392 0.000317 0
1243 357 1279 411 0.000316 0
964 683 976 703 0.000316 0
944 199 973 235 0.000315 0
686 445 703 467 0.000313 0
711 329 737 383 0.000312 0
996 187 1013 223 0.000311 0
1230 65 1279 173 0.000311 0
1069 190 1082 207 0.000308 0
1023 425 1030 441 0.000306 0
1049 184 1076 216 0.000306 0
887 318 893 327 0.000302 0
1042 412 1057 452 0.000301 0
331 185 342 199 0.000300 0
905 339 930 393 0.000299 0
198 199 210 224 0.000299 0
320 573 333 600 0.000297 0
1023 414 1034 438 0.000293 0
1248 343 1264 359 0.000292 0
592 407 608 433 0.000291 0
332 586 349 610 0.000290 0
1033 417 1041 439 0.000290 0
436 490 496 521 0.000289 0
1170 208 1182 222 0.000289 0
854 232 866 275 0.000285 0
831 474 844 495 0.000285 0
1073 434 1087 453 0.000284 0
752 173 778 202 0.000281 0
343 178 353 199 0.000281 0
647 152 661 176 0.000280 0
1071 338 1081 358 0.000279 0
913 381 928 407 0.000278 0
681 172 702 215 0.000278 0
1111 185 1131 205 0.000278 0
1046 409 1055 426 0.000278 0
1133 431 1144 440 0.000276 0
491 188 524 215 0.000275 0
948 424 961 456 0.000271 0
680 460 698 489 0.000271 0
1183 444 1190 456 0.000271 0
1152 482 1180 507 0.000270 0
356 226 368 273 0.000270 0
1071 433 1083 451 0.000270 0
631 439 640 458 0.000269 0
0 64 28 214 0.000268 0
674 423 692 436 0.000267 0
594 141 634 182 0.000266 0
894 268 911 310 0.000264 0
773 430 784 443 0.000262 0
813 447 828 459 0.000261 0
988 438 1000 451 0.000261 0
704 335 735 394 0.000261 0
679 297 704 349 0.000260 0
678 303 689 352 0.000260 0
736 190 763 220 0.000258 0
1206 246 1237 268 0.000258 0
947 439 974 464 0.000257 0
226 203 258 249 0.000254 0
929 375 945 408 0.000254 0
1071 337 1090 390 0.000254 0
878 412 887 445 0.000252 0
1102 387 1128 411 0.000252 0
250 563 291 652 0.000252 0
669 422 690 439 0.000251 0
1095 498 1104 510 0.000250 0
1039 180 1052 211 0.000250 0
1032 216 1076 296 0.000248 0
724 452 769 472 0.000247 0
1092 454 1104 472 0.000247 0
657 207 682 231 0.000246 0
1152 432 1165 451 0.000246 0
688 352 694 360 0.000244 0
846 205 869 280 0.000242 0
636 304 690 390 0.000241 0
882 318 895 342 0.000239 0
1071 455 1088 471 0.000239 0
896 326 915 344 0.000239 0
328 579 350 611 0.000238 0
894 264 923 344 0.000237 0
1121 313 1163 343 0.000237 0
255 563 285 600 0.000237 0
927 383 937 404 0.000236 0
595 365 624 409 0.000235 0
720 438 736 457 0.000235 0
525 222 540 263 0.000234 0
1176 424 1184 441 0.000233 0
741 183 772 224 0.000232 0
653 421 670 438 0.000232 0
199 195 227 252 0.000231 0
175 186 184 205 0.000230 0
1183 591 1192 607 0.000230 0
242 238 257 300 0.000229 0
900 340 920 392 0.000228 0
1118 455 1133 472 0.000227 0
303 561 348 685 0.000227 0
847 313 863 342 0.000227 0
1069 197 1079 216 0.000226 0
909 341 944 396 0.000224 0
919 320 928 344 0.000224 0
205 310 224 328 0.000224 0
551 464 575 499 0.000222 0
657 350 674 385 0.000222 0
1170 212 1182 245 0.000220 0
1169 457 1184 475 0.000219 0
688 327 705 360 0.000219 0
912 325 928 345 0.000218 0
687 323 702 343 0.000218 0
637 151 656 182 0.000218 0
665 203 697 233 0.000217 0
885 215 901 245 0.000217 0
719 372 727 384 0.000216 0
893 204 912 243 0.000213 0
1161 431 1168 440 0.000212 0
655 327 676 355 0.000210 0
471 189 481 206 0.000209 0
366 183 608 390 0.000207 0
799 441 820 469 0.000207 0
1186 686 1219 703 0.000204 0
954 187 998 231 0.000203 0
485 184 616 268 0.000203 0
385 185 400 206 0.000202 0
196 207 210 229 0.000201 0
943 423 953 433 0.000201 0
1221 444 1232 456 0.000201 0
1247 413 1256 428 0.000201 0
999 182 1009 203 0.000201 0
519 396 528 409 0.000201 0
832 689 842 703 0.000201 0
1189 604 1217 689 0.000200 0
1176 414 1184 441 0.000200 0
933 191 954 209 0.000200 0
1270 408 1279 424 0.000199 0
1015 321 1025 345 0.000198 0
911 374 933 407 0.000197 0
932 390 945 408 0.000196 0
1136 306 1169 341 0.000196 0
816 567 824 581 0.000195 0
321 571 354 665 0.000194 0
246 270 256 296 0.000193 0
1145 410 1153 425 0.000193 0
255 558 291 623 0.000192 0
1219 407 1231 426 0.000192 0
1033 412 1041 432 0.000191 0
750 449 786 473 0.000191 0
846 214 862 247 0.000191 0
866 216 883 243 0.000190 0
1263 75 1279 171 0.000190 0
1114 326 1144 362 0.000189 0
1015 524 1023 535 0.000188 0
556 478 569 498 0.000188 0
457 202 466 215 0.000185 0
1076 401 1090 420 0.000184 0
1151 447 1168 462 0.000184 0
739 385 753 403 0.000183 0
932 425 960 457 0.000182 0
535 216 550 263 0.000181 0
719 340 736 393 0.000181 0
648 478 655 487 0.000181 0
1023 445 1050 465 0.000179 0
1135 442 1164 473 0.000179 0
639 669 672 703 0.000178 0
914 422 928 439 0.000178 0
752 414 763 425 0.000177 0
819 693 834 703 0.000176 0
1248 350 1279 499 0.000175 0
868 309 888 343 0.000174 0
894 327 924 371 0.000174 0
897 440 914 459 0.000174 0
1079 325 1121 360 0.000174 0
951 366 991 423 0.000173 0
519 175 588 265 0.000173 0
591 392 604 408 0.000172 0
1029 425 1040 444 0.000172 0
938 379 962 425 0.000172 0
247 556 314 676 0.000172 0
774 332 847 392 0.000172 0
1143 387 1177 408 0.000170 0
1268 409 1279 440 0.000169 0
704 438 739 466 0.000169 0
735 407 772 450 0.000169 0
590 368 617 436 0.000169 0
767 410 838 470 0.000169 0
1051 417 1091 471 0.000168 0
998 385 1024 424 0.000168 0
254 555 318 604 0.000166 0
1151 380 1163 400 0.000166 0
420 492 454 518 0.000165 0
1215 448 1251 485 0.000165 0
670 381 688 414 0.000165 0
294 194 320 286 0.000165 0
1122 431 1136 440 0.000164 0
1148 329 1201 359 0.000164 0
895 298 909 343 0.000164 0
907 179 956 219 0.000162 0
1184 456 1200 474 0.000161 0
576 363 592 392 0.000160 0
851 414 925 468 0.000159 0
736 384 747 403 0.000159 0
632 201 657 222 0.000159 0
837 193 896 281 0.000159 0
951 377 1023 411 0.000158 0
957 697 971 703 0.000157 0
756 340 788 359 0.000157 0
1070 423 1083 437 0.000156 0
1078 169 1099 204 0.000156 0
1081 326 1147 361 0.000156 0
956 410 970 424 0.000156 0
1213 369 1233 390 0.000155 0
1111 454 1128 472 0.000155 0
1127 504 1136 518 0.000154 0
915 345 987 416 0.000153 0
1066 440 1089 471 0.000153 0
915 309 928 344 0.000153 0
783 344 792 358 0.000153 0
732 318 756 344 0.000152 0
378 184 398 205 0.000151 0
907 336 922 344 0.000151 0
195 190 205 218 0.000151 0
942 410 955 424 0.000150 0
1191 441 1200 456 0.000150 0
198 209 214 240 0.000149 0
1087 411 1105 469 0.000149 0
686 352 702 376 0.000148 0
1103 602 1112 614 0.000148 0
1092 416 1104 436 0.000148 0
629 403 643 424 0.000148 0
926 378 945 393 0.000148 0
1120 64 1152 77 0.000147 0
563 427 591 479 0.000147 0
906 271 929 344 0.000145 0
540 412 552 424 0.000144 0
670 458 686 505 0.000144 0
825 308 848 342 0.000144 0
945 402 960 423 0.000144 0
736 379 746 396 0.000143 0
574 392 609 437 0.000143 0
1158 412 1168 424 0.000142 0
1035 323 1084 398 0.000142 0
1036 330 1096 469 0.000142 0
847 405 883 456 0.000142 0
652 173 667 215 0.000142 0
878 418 905 457 0.000142 0
1242 275 1279 500 0.000142 0
1159 384 1196 409 0.000140 0
663 295 673 326 0.000140 0
1097 398 1104 409 0.000140 0
254 557 296 601 0.000140 0
1142 389 1154 404 0.000139 0
319 567 350 609 0.000138 0
566 367 606 440 0.000138 0
655 492 665 517 0.000138 0
522 171 580 240 0.000138 0
1107 434 1122 462 0.000137 0
1256 362 1279 441 0.000137 0
992 528 998 536 0.000136 0
255 566 273 600 0.000136 0
1005 412 1024 442 0.000136 0
1032 536 1039 550 0.000135 0
1059 220 1073 295 0.000134 0
575 338 593 392 0.000134 0
1205 455 1218 471 0.000134 0
688 340 704 375 0.000133 0
1055 423 1063 434 0.000133 0
428 222 439 240 0.000133 0
238 189 254 218 0.000132 0
1263 406 1279 425 0.000132 0
188 460 443 663 0.000131 0
796 408 840 472 0.000130 0
1250 366 1265 427 0.000130 0
351 189 358 199 0.000129 0
775 400 783 420 0.000128 0
1184 470 1200 483 0.000128 0
1032 273 1059 338 0.000128 0
808 172 817 193 0.000127 0
809 696 827 703 0.000127 0
1035 404 1054 432 0.000126 0
559 392 592 444 0.000126 0
911 377 924 401 0.000126 0
1161 471 1185 492 0.000125 0
1054 422 1065 450 0.000124 0
356 417 387 440 0.000124 0
669 489 686 513 0.000123 0
576 373 590 393 0.000122 0
933 412 943 423 0.000122 0
1071 400 1098 424 0.000122 0
333 580 352 621 0.000122 0
650 288 709 389 0.000121 0
702 312 743 407 0.000121 0
780 356 814 432 0.000121 0
1190 368 1269 415 0.000120 0
1226 409 1244 427 0.000120 0
918 383 943 408 0.000119 0
510 317 528 350 0.000119 0
1168 678 1186 703 0.000119 0
787 402 801 424 0.000119 0
1082 311 1116 337 0.000117 0
998 515 1012 536 0.000116 0
732 356 752 378 0.000116 0
1106 422 1121 458 0.000116 0
982 450 1010 474 0.000115 0
863 305 878 342 0.000115 0
878 327 889 360 0.000115 0
988 677 1018 703 0.000114 0
1103 285 1169 343 0.000114 0
907 376 1022 412 0.000114 0
989 64 1065 245 0.000113 0
1072 506 1087 526 0.000113 0
1263 406 1279 444 0.000113 0
1205 441 1223 461 0.000112 0
635 377 671 425 0.000112 0
658 485 680 516 0.000112 0
1140 390 1161 408 0.000112 0
0 179 6 204 0.000111 0
452 204 465 222 0.000111 0
1245 413 1257 433 0.000111 0
299 65 393 197 0.000111 0
629 375 652 427 0.000110 0
803 212 855 278 0.000110 0
148 64 260 205 0.000109 0
759 378 768 395 0.000109 0
1062 413 1090 442 0.000109 0
439 209 446 218 0.000108 0
1043 163 1100 258 0.000108 0
391 176 563 271 0.000108 0
1273 425 1279 441 0.000108 0
800 444 833 474 0.000108 0
0 159 6 203 0.000107 0
912 425 930 450 0.000107 0
891 697 912 703 0.000107 0
762 253 805 305 0.000107 0
506 283 530 351 0.000107 0
1038 391 1086 442 0.000106 0
1188 237 1280 374 0.000106 0
406 250 416 271 0.000106 0
644 408 674 438 0.000106 0
693 174 710 204 0.000106 0
732 351 766 399 0.000106 0
674 386 689 433 0.000106 0
1040 276 1059 329 0.000106 0
749 410 773 441 0.000106 0
737 375 765 399 0.000105 0
718 416 735 451 0.000105 0
1199 64 1208 76 0.000104 0
569 380 595 444 0.000104 0
1148 412 1161 424 0.000104 0
812 684 828 703 0.000104 0
831 554 839 577 0.000104 0
1242 65 1279 228 0.000104 0
58 64 126 167 0.000103 0
924 182 978 229 0.000104 0
383 156 579 285 0.000103 0
547 442 586 491 0.000103 0
705 315 769 401 0.000103 0
216 243 241 264 0.000103 0
523 478 546 497 0.000103 0
193 186 202 214 0.000102 0
1152 511 1167 521 0.000102 0
539 450 583 496 0.000102 0
911 178 941 199 0.000102 0
775 397 783 414 0.000102 0
324 64 435 212 0.000101 0
82 64 329 197 0.000101 0
820 545 839 579 0.000101 0
544 64 650 211 0.000101 0
1042 434 1056 455 0.000101 0
962 219 1025 271 0.737351 1
1034 220 1075 262 0.627425 1
962 226 998 271 0.304911 1
749 239 784 298 0.221201 1
726 228 750 258 0.152459 1
756 239 785 281 0.131499 1
1034 220 1058 261 0.124609 1
1014 219 1060 261 0.087218 1
1023 227 1056 262 0.056692 1
743 247 772 300 0.040857 1
728 211 754 258 0.032650 1
764 238 794 280 0.031391 1
1053 225 1075 262 0.022177 1
990 218 1007 258 0.021206 1
1020 236 1049 262 0.015749 1
778 242 827 282 0.015705 1
949 273 960 304 0.015059 1
992 228 1025 268 0.014728 1
924 272 953 306 0.009561 1
690 205 728 236 0.008340 1
1012 240 1025 267 0.008274 1
1069 213 1090 247 0.007742 1
925 204 948 253 0.007719 1
1011 233 1032 267 0.007666 1
974 218 1003 257 0.007177 1
864 248 893 286 0.006756 1
1183 223 1220 263 0.006687 1
994 213 1028 263 0.006671 1
1180 220 1232 266 0.006600 1
992 209 1009 252 0.006493 1
859 247 910 293 0.006372 1
883 244 929 296 0.005885 1
704 213 729 238 0.005617 1
739 226 755 267 0.005011 1
752 237 817 307 0.004887 1
743 212 781 298 0.004518 1
927 239 941 253 0.004286 1
1061 225 1080 256 0.004112 1
961 233 986 270 0.004069 1
743 257 760 299 0.003970 1
893 265 928 296 0.003793 1
1071 210 1087 230 0.003718 1
787 247 833 284 0.003579 1
961 239 978 270 0.003552 1
869 260 910 289 0.003271 1
1181 217 1205 265 0.003193 1
727 226 762 299 0.003189 1
854 227 889 282 0.003103 1
1071 227 1092 246 0.002949 1
972 219 1064 268 0.002825 1
932 241 946 254 0.002762 1
989 205 1002 223 0.002438 1
752 246 769 304 0.002335 1
925 273 944 312 0.002180 1
925 270 944 296 0.002089 1
916 216 932 252 0.002012 1
862 235 918 286 0.002000 1
16 229 72 259 0.001919 1
776 251 833 293 0.001856 1
791 244 822 280 0.001781 1
1072 215 1091 231 0.001645 1
555 201 573 216 0.001530 1
904 267 929 297 0.001466 1
785 233 825 276 0.001439 1
1180 163 1203 217 0.001431 1
770 229 819 275 0.001342 1
916 232 933 253 0.001333 1
1068 228 1093 262 0.001247 1
894 267 911 294 0.001245 1
783 257 822 288 0.001229 1
853 255 895 300 0.001169 1
1069 207 1077 223 0.001167 1
1183 242 1202 255 0.001161 1
863 213 1003 298 0.001144 1
805 245 829 280 0.001100 1
1070 223 1103 269 0.001085 1
550 201 563 216 0.001056 1
911 213 930 249 0.001055 1
875 265 913 301 0.001030 1
955 272 1063 294 0.001010 1
910 271 944 312 0.000994 1
889 258 951 310 0.000970 1
894 266 915 303 0.000967 1
19 217 64 258 0.000962 1
860 176 983 295 0.000874 1
864 245 933 315 0.000862 1
721 220 779 303 0.000845 1
795 252 834 297 0.000827 1
927 203 965 255 0.000812 1
784 260 806 281 0.000790 1
567 202 577 216 0.000789 1
1014 198 1071 246 0.000734 1
827 190 1185 274 0.000727 1
19 230 46 257 0.000722 1
911 272 933 296 0.000715 1
16 217 44 258 0.000712 1
891 234 967 298 0.000711 1
933 243 959 254 0.000695 1
45 236 74 255 0.000689 1
948 245 961 254 0.000687 1
32 228 94 257 0.000640 1
43 235 100 258 0.000622 1
959 210 1092 295 0.000611 1
747 235 837 334 0.000602 1
912 214 1035 303 0.000579 1
887 221 931 299 0.000574 1
848 251 888 292 0.000558 1
726 225 759 272 0.000554 1
1180 162 1225 223 0.000546 1
928 239 977 303 0.000540 1
684 207 755 260 0.000528 1
879 233 946 267 0.000521 1
949 261 1073 295 0.000515 1
909 276 926 296 0.000509 1
814 254 834 283 0.000505 1
1044 278 1059 295 0.000487 1
833 183 945 288 0.000479 1
851 239 881 282 0.000469 1
948 233 968 254 0.000462 1
1039 219 1076 286 0.000452 1
1058 224 1074 279 0.000390 1
856 227 871 277 0.000384 1
749 229 919 307 0.000370 1
0 229 43 259 0.000368 1
765 252 812 292 0.000360 1
820 264 834 284 0.000351 1
1007 228 1053 272 0.000343 1
1085 218 1097 232 0.000338 1
942 235 980 269 0.000327 1
0 232 70 275 0.000325 1
1079 213 1099 232 0.000297 1
12 231 105 261 0.000295 1
757 211 916 288 0.000273 1
960 212 974 251 0.000249 1
948 254 975 306 0.000233 1
949 272 969 303 0.000227 1
646 210 1044 324 0.000223 1
1005 276 1061 295 0.000222 1
209 229 242 263 0.000216 1
902 267 1041 312 0.000214 1
863 207 907 279 0.000212 1
692 215 744 255 0.000210 1
1045 211 1105 272 0.000209 1
721 237 772 342 0.000200 1
867 271 881 298 0.000197 1
886 254 944 340 0.000195 1
0 231 105 284 0.000195 1
870 239 941 278 0.000194 1
840 243 923 335 0.000194 1
858 214 895 280 0.000191 1
1003 224 1075 295 0.000184 1
781 213 803 266 0.000181 1
915 238 963 299 0.000178 1
816 261 857 306 0.000175 1
918 271 961 319 0.000168 1
112 222 195 258 0.000164 1
735 251 761 299 0.000155 1
28 236 88 266 0.000155 1
852 260 883 298 0.000145 1
26 215 42 249 0.000139 1
680 213 695 234 0.000138 1
907 275 948 344 0.000138 1
1057 223 1095 281 0.000136 1
212 244 241 264 0.000134 1
952 230 1012 299 0.000123 1
58 224 83 241 0.000123 1
818 261 840 300 0.000121 1
662 205 775 281 0.000119 1
685 214 885 297 0.000116 1
747 242 975 339 0.000112 1
753 253 841 310 0.000107 1
958 228 1041 297 0.000105 1
922 239 967 271 0.000103 1
696 225 749 259 0.000103 1
207 218 237 255 0.000103 1
0 277 600 641 0.448186 2
631 375 657 395 0.046901 2
821 329 848 344 0.046505 2
1007 199 1031 224 0.032167 2
1104 487 1119 497 0.029875 2
305 187 322 198 0.025464 2
831 477 840 485 0.021119 2
96 393 144 420 0.017197 2
566 428 591 441 0.013250 2
960 480 975 487 0.012047 2
1005 197 1046 224 0.011810 2
691 198 731 234 0.011780 2
566 428 592 452 0.009045 2
1007 202 1025 230 0.008403 2
80 393 95 423 0.007550 2
670 384 684 394 0.007189 2
1110 488 1136 497 0.007077 2
848 472 866 479 0.006649 2
680 383 687 394 0.006614 2
929 447 944 456 0.006320 2
838 469 849 479 0.006132 2
485 200 515 217 0.004945 2
847 439 876 455 0.004763 2
1011 203 1034 227 0.004594 2
1006 190 1062 227 0.004431 2
968 455 976 462 0.004398 2
917 473 928 482 0.004327 2
492 199 506 211 0.004306 2
924 455 936 462 0.004266 2
819 328 848 363 0.003914 2
642 688 672 703 0.003869 2
893 476 914 488 0.003758 2
824 504 833 511 0.003723 2
836 494 848 504 0.003638 2
647 456 656 461 0.003583 2
951 480 964 486 0.003565 2
556 176 579 203 0.003504 2
589 192 654 215 0.003302 2
994 206 1009 227 0.003063 2
587 183 622 202 0.002860 2
648 375 662 391 0.002772 2
1103 488 1121 504 0.002752 2
921 473 940 483 0.002749 2
495 238 528 251 0.002661 2
942 455 956 463 0.002636 2
912 455 925 463 0.002559 2
705 198 740 229 0.002475 2
947 456 961 466 0.002458 2
623 323 661 377 0.002442 2
607 448 624 466 0.002431 2
1263 348 1279 367 0.002405 2
559 423 591 444 0.002394 2
659 456 673 464 0.002345 2
299 560 356 680 0.002279 2
662 375 672 386 0.002170 2
1114 220 1134 235 0.002120 2
714 197 730 229 0.002115 2
599 318 608 329 0.002076 2
911 449 926 456 0.002060 2
818 218 852 241 0.002057 2
670 454 683 464 0.002035 2
322 376 595 485 0.002003 2
625 322 680 369 0.001943 2
1023 208 1040 230 0.001937 2
672 384 688 397 0.001857 2
630 373 687 398 0.001804 2
1004 196 1054 242 0.001800 2
901 456 913 462 0.001763 2
319 209 331 231 0.001743 2
606 201 646 216 0.001739 2
1261 464 1279 500 0.001730 2
1263 343 1279 355 0.001685 2
1113 217 1189 247 0.001633 2
595 422 608 434 0.001611 2
392 482 498 528 0.001608 2
632 202 652 217 0.001565 2
617 189 656 214 0.001556 2
1010 210 1041 234 0.001546 2
1101 226 1120 247 0.001533 2
1095 494 1105 504 0.001499 2
1199 472 1215 482 0.001453 2
1182 217 1274 267 0.001436 2
1074 327 1088 336 0.001431 2
305 186 336 199 0.001422 2
317 381 516 461 0.001418 2
1186 328 1200 339 0.001374 2
925 203 965 254 0.001355 2
1104 169 1120 203 0.001324 2
601 361 623 376 0.001261 2
987 482 1000 487 0.001259 2
293 179 312 198 0.001253 2
1037 322 1056 334 0.001233 2
657 377 677 393 0.001201 2
1263 463 1279 486 0.001147 2
912 455 930 466 0.001147 2
1114 220 1142 240 0.001128 2
1016 337 1024 344 0.001090 2
688 375 695 384 0.001085 2
625 321 689 389 0.001071 2
668 371 687 392 0.001069 2
1262 250 1279 270 0.001055 2
1119 502 1130 509 0.001053 2
1068 326 1088 338 0.001040 2
895 472 913 486 0.001040 2
1260 168 1279 181 0.001034 2
294 178 306 197 0.001016 2
1082 208 1132 248 0.001009 2
1031 321 1086 340 0.001007 2
497 197 516 211 0.000998 2
1024 320 1054 334 0.000959 2
1110 215 1135 233 0.000937 2
1120 64 1152 77 0.000912 2
1093 488 1107 502 0.000912 2
1023 319 1042 331 0.000890 2
685 452 703 468 0.000890 2
236 380 538 483 0.000871 2
921 199 958 221 0.000861 2
1258 202 1278 233 0.000856 2
49 395 98 423 0.000851 2
339 376 585 444 0.000850 2
598 462 608 472 0.000832 2
564 423 608 462 0.000830 2
1219 242 1280 268 0.000803 2
870 197 931 233 0.000794 2
657 454 668 463 0.000788 2
676 360 688 391 0.000781 2
214 343 601 638 0.000775 2
996 198 1018 228 0.000765 2
640 455 655 463 0.000756 2
566 424 608 448 0.000735 2
592 423 608 440 0.000729 2
1237 249 1279 269 0.000725 2
422 493 475 518 0.000719 2
804 182 852 221 0.000718 2
893 198 953 247 0.000712 2
829 504 840 512 0.000704 2
1027 312 1086 335 0.000704 2
677 452 689 467 0.000690 2
1116 327 1146 344 0.000682 2
877 203 904 243 0.000657 2
273 184 294 194 0.000653 2
649 443 702 465 0.000652 2
495 196 533 252 0.000644 2
1248 199 1274 234 0.000639 2
741 437 768 456 0.000633 2
799 494 809 503 0.000629 2
582 184 621 213 0.000624 2
591 448 608 457 0.000621 2
997 455 1008 465 0.000618 2
531 410 592 459 0.000604 2
703 439 722 466 0.000578 2
1094 174 1122 209 0.000576 2
716 247 769 339 0.000576 2
743 443 801 467 0.000552 2
631 451 640 463 0.000549 2
645 379 686 400 0.000546 2
293 175 319 199 0.000545 2
1023 319 1043 341 0.000536 2
636 427 654 439 0.000533 2
630 364 651 393 0.000532 2
1167 267 1205 282 0.000527 2
890 439 945 456 0.000525 2
838 498 848 511 0.000502 2
456 204 465 216 0.000497 2
843 437 884 479 0.000489 2
896 199 912 236 0.000489 2
1072 323 1126 345 0.000488 2
3 281 79 295 0.000482 2
681 447 703 466 0.000481 2
629 421 668 438 0.000479 2
958 456 969 469 0.000478 2
584 445 608 460 0.000475 2
642 426 657 439 0.000472 2
357 219 368 230 0.000462 2
663 462 672 471 0.000461 2
863 335 876 343 0.000456 2
504 327 512 335 0.000454 2
590 450 608 465 0.000452 2
318 201 334 231 0.000447 2
0 281 265 435 0.000445 2
635 347 656 375 0.000439 2
1071 333 1088 346 0.000438 2
1050 455 1069 466 0.000435 2
436 489 487 511 0.000430 2
1204 254 1223 266 0.000430 2
1086 207 1127 232 0.000427 2
627 403 664 429 0.000425 2
1022 321 1060 345 0.000422 2
1042 311 1136 347 0.000421 2
704 454 755 471 0.000421 2
495 217 529 251 0.000416 2
624 405 671 438 0.000413 2
607 358 623 375 0.000409 2
481 175 511 215 0.000409 2
1099 208 1129 223 0.000408 2
1224 163 1279 181 0.000408 2
914 197 956 231 0.000402 2
802 184 849 241 0.000399 2
670 430 681 440 0.000398 2
975 455 985 463 0.000398 2
910 439 942 456 0.000393 2
1263 364 1279 376 0.000392 2
46 281 79 294 0.000384 2
951 459 961 471 0.000382 2
587 171 603 185 0.000378 2
648 425 690 440 0.000374 2
908 201 939 248 0.000372 2
594 461 608 486 0.000371 2
48 406 86 423 0.000369 2
972 277 1043 295 0.000367 2
632 350 678 393 0.000360 2
1172 274 1218 286 0.000350 2
885 473 923 489 0.000348 2
606 414 624 438 0.000342 2
838 443 871 454 0.000339 2
585 453 608 481 0.000338 2
640 416 666 438 0.000338 2
717 326 769 363 0.000337 2
385 198 398 206 0.000337 2
591 360 624 397 0.000336 2
1165 255 1251 286 0.000334 2
0 251 65 283 0.000333 2
1181 161 1210 223 0.000333 2
362 379 579 551 0.000332 2
722 341 790 375 0.000329 2
714 337 793 362 0.000328 2
636 437 703 466 0.000328 2
819 469 831 477 0.000327 2
656 426 677 440 0.000327 2
661 183 692 221 0.000321 2
717 336 757 363 0.000320 2
448 519 599 634 0.000319 2
272 178 313 198 0.000319 2
1043 200 1128 246 0.000318 2
506 411 593 482 0.000311 2
1119 598 1127 606 0.000311 2
1235 345 1253 354 0.000308 2
380 428 400 439 0.000301 2
923 439 963 457 0.000299 2
718 327 781 349 0.000299 2
1256 349 1279 376 0.000298 2
865 191 903 241 0.000298 2
365 420 400 439 0.000296 2
614 376 700 438 0.000295 2
597 167 623 187 0.000292 2
750 343 786 361 0.000289 2
914 179 951 203 0.000283 2
645 444 657 461 0.000283 2
996 479 1010 488 0.000281 2
255 555 320 593 0.000279 2
1166 263 1196 271 0.000277 2
1119 64 1140 77 0.000275 2
475 555 546 632 0.000274 2
582 425 608 459 0.000271 2
47 395 146 423 0.000271 2
518 170 554 197 0.000270 2
607 426 624 440 0.000269 2
1214 249 1279 284 0.000268 2
871 497 880 503 0.000267 2
738 443 765 459 0.000265 2
514 391 592 456 0.000264 2
1204 247 1252 270 0.000262 2
638 440 656 462 0.000262 2
1016 439 1041 456 0.000261 2
1175 256 1280 292 0.000261 2
324 190 339 199 0.000259 2
1167 329 1200 358 0.000257 2
0 281 216 349 0.000256 2
1022 333 1033 343 0.000256 2
634 385 679 428 0.000255 2
534 160 581 195 0.000254 2
455 397 593 464 0.000253 2
671 427 690 440 0.000253 2
388 481 504 556 0.000253 2
326 199 387 231 0.000252 2
540 411 591 444 0.000249 2
1075 194 1092 210 0.000248 2
1262 168 1279 222 0.000245 2
469 179 499 218 0.000244 2
415 487 496 515 0.000242 2
577 452 608 491 0.000238 2
625 411 703 463 0.000238 2
1166 262 1215 282 0.000236 2
114 236 189 265 0.000234 2
1204 252 1229 274 0.000231 2
642 439 678 460 0.000231 2
447 150 522 171 0.000231 2
624 422 645 438 0.000230 2
319 200 369 233 0.000227 2
545 420 592 481 0.000222 2
628 349 653 377 0.000221 2
1151 470 1184 484 0.000220 2
607 446 642 467 0.000219 2
824 451 886 478 0.000218 2
816 180 1198 298 0.000218 2
375 388 599 585 0.000218 2
640 386 685 411 0.000217 2
953 276 1046 312 0.000215 2
1169 272 1280 288 0.000213 2
653 371 705 409 0.000213 2
1026 305 1065 334 0.000213 2
242 422 320 445 0.000213 2
838 439 864 452 0.000210 2
585 368 609 407 0.000209 2
568 407 609 437 0.000205 2
253 553 355 677 0.000202 2
253 197 272 211 0.000199 2
623 359 635 377 0.000199 2
1257 170 1279 200 0.000198 2
638 439 651 458 0.000198 2
1038 322 1058 345 0.000197 2
833 493 858 505 0.000195 2
711 337 846 466 0.000195 2
1014 277 1059 295 0.000195 2
193 473 216 488 0.000194 2
371 426 400 439 0.000194 2
1036 325 1089 346 0.000193 2
641 365 706 440 0.000189 2
1103 494 1120 510 0.000188 2
1076 335 1120 369 0.000187 2
590 368 623 411 0.000187 2
1200 269 1280 296 0.000186 2
1052 455 1075 470 0.000186 2
870 177 942 199 0.000186 2
560 410 592 442 0.000184 2
1175 229 1279 302 0.000184 2
411 418 603 638 0.000184 2
671 354 704 385 0.000182 2
662 370 703 395 0.000181 2
624 363 649 389 0.000179 2
488 349 531 407 0.000179 2
0 300 68 349 0.000179 2
973 448 992 461 0.000179 2
0 279 76 353 0.000178 2
624 310 682 358 0.000176 2
1121 247 1220 282 0.000176 2
1007 303 1023 311 0.000175 2
662 273 688 283 0.000175 2
320 570 350 612 0.000173 2
524 403 592 446 0.000172 2
831 416 847 429 0.000171 2
869 177 954 219 0.000171 2
1258 278 1279 295 0.000170 2
624 376 641 394 0.000169 2
535 405 558 422 0.000168 2
1251 483 1279 503 0.000168 2
930 183 948 202 0.000168 2
305 186 332 224 0.000166 2
503 317 528 350 0.000166 2
486 151 520 170 0.000165 2
320 385 386 433 0.000165 2
1263 325 1279 369 0.000164 2
670 185 692 215 0.000163 2
1184 350 1268 399 0.000162 2
333 423 385 455 0.000161 2
913 180 956 220 0.000160 2
525 168 570 190 0.000160 2
949 275 1024 302 0.000159 2
1206 256 1220 273 0.000158 2
623 423 638 439 0.000157 2
557 418 695 469 0.000156 2
583 174 726 217 0.000156 2
563 426 599 485 0.000155 2
1123 243 1213 271 0.000154 2
519 459 591 532 0.000154 2
515 391 528 408 0.000152 2
453 553 530 588 0.000151 2
81 396 136 423 0.000151 2
1071 414 1091 425 0.000150 2
500 383 528 407 0.000150 2
826 281 850 300 0.000149 2
1168 327 1186 339 0.000149 2
297 199 388 290 0.000147 2
267 196 279 215 0.000147 2
318 567 353 639 0.000147 2
955 339 994 382 0.000146 2
522 481 543 505 0.000146 2
85 392 165 430 0.000145 2
80 385 144 423 0.000145 2
265 193 273 206 0.000144 2
1239 344 1279 396 0.000144 2
556 178 584 215 0.000144 2
481 200 524 250 0.000143 2
306 198 387 239 0.000142 2
957 438 993 458 0.000142 2
1179 275 1279 292 0.000141 2
971 480 993 487 0.000141 2
1003 324 1042 362 0.000140 2
471 331 532 403 0.000137 2
1213 335 1225 348 0.000137 2
1171 372 1274 423 0.000135 2
749 269 979 342 0.000135 2
1051 302 1149 339 0.000131 2
635 380 692 445 0.000130 2
400 485 468 521 0.000130 2
1050 310 1104 335 0.000128 2
699 180 763 231 0.000128 2
298 200 332 232 0.000128 2
519 421 598 501 0.000127 2
1224 182 1269 216 0.000127 2
631 468 640 478 0.000124 2
502 410 598 524 0.000124 2
629 450 679 479 0.000123 2
1163 273 1280 314 0.000122 2
1244 316 1279 401 0.000122 2
446 194 466 220 0.000122 2
852 496 863 503 0.000122 2
1013 319 1077 387 0.000122 2
1206 360 1264 392 0.000122 2
659 408 704 441 0.000121 2
1202 253 1258 275 0.000120 2
591 361 621 379 0.000119 2
1247 440 1279 487 0.000119 2
631 455 667 473 0.000119 2
39 396 599 680 0.000118 2
990 433 1002 440 0.000116 2
1263 359 1279 399 0.000116 2
2 280 79 309 0.000115 2
945 278 1009 310 0.000113 2
351 213 370 233 0.000112 2
0 408 48 424 0.000112 2
628 455 673 487 0.000112 2
994 422 1014 436 0.000111 2
1229 353 1279 412 0.000110 2
472 221 529 251 0.000110 2
960 227 1050 296 0.000109 2
352 379 409 438 0.000108 2
719 292 767 324 0.000107 2
1154 164 1201 184 0.000107 2
631 459 640 475 0.000107 2
948 286 1008 326 0.000105 2
391 386 500 542 0.000105 2
1184 370 1268 400 0.000105 2
131 237 243 265 0.000104 2
239 410 382 453 0.000103 2
1205 333 1219 347 0.000101 2
1254 631 1264 644 0.000101 2
598 316 608 342 0.000101 2
1180 164 1279 268 0.006573 5
444 168 516 217 0.006419 5
444 167 561 217 0.003357 5
1111 163 1279 269 0.002984 5
478 169 519 216 0.002772 5
1006 183 1053 223 0.001023 5
1220 162 1279 206 0.000967 5
706 198 1276 361 0.000694 5
1224 180 1279 203 0.000441 5
480 172 505 206 0.000304 5
446 154 519 170 0.000292 5
821 135 938 163 0.000254 5
1202 281 1280 316 0.000208 5
1200 165 1270 210 0.000140 5
1162 276 1280 314 0.000135 5
449 169 512 269 0.000128 5
952 277 1037 311 0.000107 5
0 279 602 667 0.160955 6
0 280 611 498 0.123945 6
651 259 1279 501 0.066091 6
1180 163 1279 269 0.008985 6
663 256 1278 373 0.006287 6
1100 161 1279 269 0.005512 6
684 426 1277 500 0.005307 6
444 165 518 217 0.005012 6
671 362 1278 500 0.003789 6
906 267 1279 491 0.002869 6
864 266 1279 356 0.002862 6
753 438 884 479 0.002298 6
744 459 1277 508 0.002212 6
818 446 1056 488 0.001691 6
1180 166 1279 227 0.001673 6
1050 270 1279 414 0.001516 6
721 194 1277 384 0.001502 6
1135 276 1279 351 0.001489 6
1025 266 1279 361 0.001474 6
442 152 590 217 0.001472 6
640 321 1180 486 0.001410 6
1122 410 1279 482 0.001222 6
997 468 1280 509 0.001145 6
730 418 887 479 0.001004 6
0 281 388 446 0.000942 6
1008 398 1275 478 0.000903 6
825 450 1176 494 0.000847 6
6 280 607 396 0.000844 6
1103 275 1279 488 0.000826 6
834 449 945 487 0.000790 6
876 160 1279 335 0.000679 6
908 465 1191 498 0.000615 6
758 448 946 486 0.000613 6
642 422 1062 487 0.000522 6
640 262 1097 454 0.000472 6
1180 421 1279 492 0.000465 6
830 135 938 167 0.000456 6
1125 371 1278 475 0.000449 6
609 414 702 466 0.000442 6
849 426 950 482 0.000421 6
1156 65 1279 272 0.000415 6
1228 440 1279 493 0.000385 6
711 335 847 463 0.000381 6
1057 420 1264 495 0.000372 6
622 326 942 476 0.000369 6
1163 286 1279 419 0.000351 6
1172 343 1277 419 0.000343 6
1034 335 1276 476 0.000336 6
1171 232 1279 301 0.000315 6
1218 162 1279 211 0.000310 6
636 436 703 466 0.000310 6
707 409 844 470 0.000307 6
947 270 1178 348 0.000295 6
11 167 502 360 0.000288 6
709 307 850 380 0.000285 6
1191 283 1280 351 0.000285 6
1029 432 1234 488 0.000270 6
862 421 1003 482 0.000263 6
942 405 1279 506 0.000260 6
1049 163 1279 370 0.000260 6
1 280 227 339 0.000256 6
357 64 707 221 0.000256 6
589 150 636 194 0.000254 6
606 331 959 578 0.000252 6
641 419 1195 538 0.000248 6
20 67 544 361 0.000245 6
1252 370 1279 501 0.000244 6
709 332 848 387 0.000237 6
561 430 703 469 0.000210 6
1196 366 1279 494 0.000208 6
410 142 890 231 0.000194 6
444 177 485 217 0.000194 6
652 407 785 470 0.000193 6
541 375 704 465 0.000184 6
926 430 1181 499 0.000170 6
973 297 1164 349 0.000167 6
982 195 1279 302 0.000164 6
828 408 1035 465 0.000158 6
924 275 1110 334 0.000156 6
3 182 572 429 0.000153 6
901 300 1095 400 0.000152 6
1168 244 1279 359 0.000149 6
816 135 937 223 0.000126 6
1057 64 1280 275 0.000122 6
33 245 321 323 0.000103 6
81 283 331 435 0.000102 6
612 233 952 432 0.000101 6
911 412 1043 479 0.000101 6
865 176 959 244 0.274832 7
803 176 952 242 0.096710 7
717 152 859 235 0.067925 7
698 154 960 244 0.052437 7
713 153 811 221 0.045700 7
1113 172 1199 247 0.017659 7
544 170 580 204 0.016139 7
1181 177 1279 269 0.014457 7
803 170 857 223 0.008215 7
1182 216 1279 269 0.007275 7
1005 195 1048 225 0.007111 7
587 183 621 214 0.006504 7
866 176 942 226 0.005250 7
587 183 650 214 0.003528 7
1109 164 1239 240 0.003476 7
1102 164 1194 211 0.003417 7
1042 270 1277 350 0.003011 7
865 176 910 241 0.002552 7
804 183 852 231 0.002234 7
691 197 728 235 0.002052 7
1106 172 1120 202 0.001915 7
713 299 768 335 0.001875 7
519 176 579 215 0.001838 7
1133 273 1279 351 0.001811 7
483 158 580 205 0.001788 7
477 169 518 215 0.001531 7
1119 184 1188 220 0.001447 7
1178 163 1279 224 0.001054 7
866 176 942 203 0.000990 7
847 173 918 238 0.000940 7
1219 180 1279 234 0.000905 7
727 215 802 260 0.000888 7
457 152 531 214 0.000821 7
731 152 808 201 0.000756 7
1135 274 1280 407 0.000753 7
1066 165 1195 249 0.000712 7
717 187 792 226 0.000673 7
470 165 580 221 0.000606 7
536 166 657 208 0.000599 7
666 281 768 351 0.000564 7
1170 225 1279 298 0.000549 7
831 439 889 479 0.000539 7
585 160 648 209 0.000538 7
827 133 965 243 0.000512 7
714 304 760 348 0.000507 7
1101 165 1145 206 0.000474 7
998 171 1059 227 0.000470 7
1161 301 1280 351 0.000462 7
634 438 705 464 0.000443 7
782 172 1006 272 0.000405 7
940 271 1191 346 0.000388 7
1250 181 1279 238 0.000387 7
459 142 580 207 0.000382 7
798 453 831 474 0.000381 7
907 279 1059 396 0.000329 7
1137 165 1187 221 0.000297 7
713 302 832 354 0.000293 7
1058 285 1198 347 0.000292 7
460 152 520 170 0.000284 7
1141 183 1185 218 0.000279 7
847 176 869 235 0.000260 7
809 454 832 469 0.000257 7
623 281 694 381 0.000252 7
519 184 573 237 0.000248 7
743 138 1042 257 0.000238 7
807 458 832 475 0.000230 7
707 301 765 373 0.000226 7
1070 455 1089 472 0.000225 7
816 175 1116 288 0.000219 7
1265 174 1279 239 0.000199 7
1122 185 1164 216 0.000187 7
1129 272 1228 341 0.000179 7
1167 307 1235 349 0.000179 7
738 166 1172 324 0.000174 7
985 431 1041 463 0.000171 7
799 127 888 222 0.000169 7
905 277 1023 353 0.000158 7
663 286 710 366 0.000152 7
1206 291 1279 419 0.000137 7
695 160 766 234 0.000126 7
694 181 730 225 0.000122 7
1104 183 1185 237 0.000115 7
1120 185 1149 216 0.000110 7
685 107 946 246 0.000108 7
874 285 1023 393 0.000108 7
1182 318 1273 366 0.000107 7
533 271 693 393 0.000103 7
918 151 992 185 0.000103 7
1038 211 1109 307 0.000102 7
673 81 918 244 0.000101 7
1088 150 1103 178 0.627592 9
966 372 979 392 0.140440 9
990 680 1000 703 0.118826 9
512 151 524 178 0.076949 9
847 638 856 676 0.052425 9
1044 646 1056 680 0.043872 9
1207 169 1215 185 0.028334 9
449 157 490 171 0.023010 9
866 151 881 176 0.020237 9
966 367 989 392 0.019569 9
313 150 341 190 0.019530 9
895 653 905 688 0.018901 9
847 639 861 681 0.018373 9
373 167 382 184 0.016862 9
862 166 870 184 0.016103 9
1039 646 1057 701 0.015407 9
239 178 246 190 0.015132 9
365 167 374 188 0.015041 9
855 648 864 669 0.014747 9
1214 167 1223 184 0.014563 9
968 357 992 391 0.013251 9
990 680 1007 703 0.012558 9
1199 405 1205 415 0.012318 9
894 152 907 176 0.012200 9
854 644 864 681 0.011688 9
1196 385 1206 401 0.010590 9
982 374 990 391 0.010107 9
863 652 873 684 0.009234 9
1104 169 1120 203 0.009014 9
1013 137 1024 168 0.008962 9
878 154 891 170 0.008962 9
863 164 873 183 0.008061 9
991 343 1008 388 0.007797 9
950 347 961 391 0.007598 9
979 367 991 391 0.007509 9
558 184 567 196 0.006872 9
959 374 967 391 0.006426 9
362 167 369 189 0.006290 9
864 671 873 681 0.006146 9
992 356 1009 384 0.005972 9
951 347 960 373 0.005940 9
959 374 968 398 0.005926 9
878 647 891 685 0.005804 9
680 167 687 184 0.005725 9
849 640 865 687 0.005684 9
1191 386 1204 401 0.005678 9
821 335 848 392 0.005676 9
983 680 1000 703 0.005047 9
224 183 231 194 0.004892 9
1195 383 1208 415 0.004880 9
842 151 859 166 0.004849 9
1000 385 1010 399 0.004766 9
934 343 954 370 0.004694 9
1000 647 1017 687 0.004552 9
1247 358 1264 381 0.004379 9
553 171 576 202 0.003853 9
879 153 895 172 0.003707 9
933 348 993 393 0.003692 9
119 64 159 76 0.003691 9
696 176 705 199 0.003620 9
257 180 262 190 0.003613 9
1007 340 1024 399 0.003334 9
1013 360 1024 395 0.003291 9
935 670 945 688 0.003251 9
1063 646 1072 670 0.003240 9
930 345 947 370 0.003204 9
1044 644 1072 703 0.003152 9
919 686 928 703 0.003068 9
545 167 554 199 0.003056 9
873 153 891 176 0.003027 9
895 631 905 648 0.002959 9
665 180 671 198 0.002944 9
1059 645 1073 704 0.002935 9
989 674 1016 703 0.002932 9
111 150 128 164 0.002921 9
1232 166 1247 181 0.002794 9
1013 389 1023 401 0.002787 9
895 438 902 455 0.002786 9
930 343 959 392 0.002782 9
979 689 987 703 0.002756 9
167 64 175 76 0.002689 9
799 360 809 381 0.002610 9
1088 150 1103 198 0.002532 9
862 639 874 681 0.002480 9
830 361 847 392 0.002451 9
894 630 906 688 0.002417 9
965 374 979 408 0.002398 9
967 646 976 675 0.002393 9
824 672 832 688 0.002263 9
1146 324 1169 360 0.002255 9
690 168 698 180 0.002254 9
999 647 1011 682 0.002232 9
957 365 983 393 0.002194 9
991 340 1024 400 0.002153 9
959 369 983 406 0.002143 9
1150 341 1169 360 0.002136 9
1183 346 1193 378 0.002134 9
569 161 580 178 0.002069 9
1207 168 1218 200 0.002066 9
840 119 854 135 0.002054 9
999 385 1022 401 0.002022 9
1000 645 1008 668 0.001970 9
976 690 985 703 0.001957 9
1177 382 1184 391 0.001944 9
944 347 967 391 0.001907 9
1048 155 1056 168 0.001901 9
215 183 224 197 0.001884 9
172 64 201 90 0.001878 9
693 176 699 196 0.001872 9
849 119 865 136 0.001860 9
1111 360 1119 372 0.001847 9
904 337 924 373 0.001811 9
1152 165 1171 184 0.001806 9
596 133 603 143 0.001796 9
698 127 705 152 0.001775 9
810 152 859 181 0.001768 9
928 152 937 169 0.001740 9
1191 384 1221 416 0.001727 9
1039 674 1056 703 0.001709 9
897 440 904 456 0.001692 9
832 691 841 703 0.001661 9
971 348 1018 397 0.001608 9
991 623 997 630 0.001600 9
918 341 1018 396 0.001575 9
957 372 973 408 0.001573 9
119 64 151 73 0.001568 9
927 346 945 377 0.001563 9
1032 376 1039 391 0.001554 9
949 370 960 394 0.001543 9
981 351 992 372 0.001541 9
801 143 811 155 0.001516 9
362 167 373 190 0.001500 9
544 169 579 202 0.001495 9
948 343 961 375 0.001492 9
943 355 957 392 0.001452 9
983 666 994 680 0.001430 9
840 119 862 135 0.001419 9
960 340 968 352 0.001405 9
1209 167 1224 199 0.001404 9
992 375 1012 407 0.001368 9
833 143 854 161 0.001345 9
983 657 996 680 0.001335 9
680 168 689 203 0.001333 9
834 135 860 167 0.001313 9
893 630 913 688 0.001301 9
1217 408 1224 425 0.001296 9
118 64 182 79 0.001288 9
1203 407 1216 415 0.001270 9
751 362 759 375 0.001267 9
1119 335 1136 390 0.001248 9
694 120 706 153 0.001237 9
372 155 381 184 0.001235 9
848 182 858 207 0.001222 9
1119 375 1136 388 0.001222 9
1198 406 1206 423 0.001221 9
983 646 1005 681 0.001211 9
163 64 177 83 0.001184 9
586 118 599 134 0.001161 9
821 337 847 362 0.001161 9
1206 159 1226 186 0.001160 9
1081 174 1089 183 0.001146 9
983 633 993 653 0.001140 9
884 646 899 686 0.001133 9
831 374 847 392 0.001111 9
1213 368 1223 386 0.001107 9
1182 352 1210 406 0.001094 9
813 143 824 154 0.001073 9
1055 674 1062 691 0.001070 9
1071 336 1088 403 0.001056 9
1189 163 1202 186 0.001053 9
799 360 810 390 0.001040 9
846 166 871 220 0.001039 9
161 64 177 91 0.001036 9
982 636 994 662 0.001036 9
947 371 962 405 0.001018 9
167 64 183 75 0.001018 9
837 644 854 681 0.001015 9
936 670 952 694 0.001012 9
987 666 999 680 0.001001 9
686 169 695 186 0.000992 9
784 329 816 393 0.000992 9
312 86 340 193 0.000984 9
1108 155 1118 168 0.000972 9
894 630 912 663 0.000945 9
1007 135 1024 170 0.000923 9
1078 335 1093 360 0.000907 9
257 144 266 160 0.000896 9
882 152 900 176 0.000891 9
991 366 1011 402 0.000885 9
664 171 671 198 0.000857 9
863 667 872 688 0.000857 9
1004 386 1023 407 0.000857 9
993 647 1008 681 0.000856 9
1039 696 1050 703 0.000844 9
808 642 816 656 0.000840 9
1215 397 1224 425 0.000835 9
919 583 928 603 0.000833 9
1183 388 1191 401 0.000833 9
992 146 1001 166 0.000832 9
982 646 994 676 0.000831 9
985 632 1001 663 0.000828 9
816 344 827 362 0.000820 9
872 689 879 696 0.000817 9
241 165 247 178 0.000797 9
664 152 671 173 0.000794 9
1014 338 1024 358 0.000786 9
1181 384 1214 410 0.000781 9
668 316 681 342 0.000780 9
1048 645 1072 683 0.000775 9
1039 640 1056 681 0.000771 9
845 152 872 186 0.000769 9
1120 343 1137 361 0.000764 9
692 166 707 182 0.000751 9
866 643 881 688 0.000751 9
893 338 925 375 0.000741 9
835 681 849 703 0.000738 9
895 327 903 343 0.000731 9
855 634 888 688 0.000730 9
1198 357 1209 379 0.000709 9
265 215 276 231 0.000708 9
1095 130 1106 174 0.000705 9
1038 323 1074 392 0.000689 9
1089 153 1119 194 0.000684 9
259 143 268 160 0.000672 9
664 326 680 348 0.000668 9
623 263 640 283 0.000667 9
986 635 1005 674 0.000666 9
1074 686 1093 703 0.000660 9
1200 384 1224 410 0.000653 9
870 635 882 684 0.000647 9
950 342 977 391 0.000645 9
1181 372 1224 416 0.000642 9
312 89 368 195 0.000635 9
809 164 848 183 0.000634 9
800 137 824 160 0.000624 9
1011 359 1040 393 0.000622 9
1148 339 1187 383 0.000617 9
740 356 753 375 0.000610 9
935 576 944 599 0.000610 9
68 169 81 178 0.000602 9
840 150 866 173 0.000599 9
352 159 363 192 0.000599 9
1102 359 1120 392 0.000599 9
928 350 979 404 0.000597 9
697 151 708 180 0.000597 9
94 168 106 176 0.000596 9
1091 150 1110 177 0.000595 9
895 652 911 688 0.000594 9
997 133 1009 175 0.000593 9
991 386 1010 408 0.000593 9
1143 165 1187 184 0.000593 9
808 160 857 187 0.000591 9
587 167 595 184 0.000590 9
742 361 752 375 0.000589 9
320 91 332 155 0.000588 9
1168 381 1180 391 0.000585 9
1078 154 1102 185 0.000583 9
807 635 816 655 0.000579 9
952 647 960 657 0.000579 9
256 177 263 191 0.000566 9
580 64 596 90 0.000564 9
686 118 707 156 0.000561 9
908 342 933 376 0.000561 9
702 163 711 179 0.000554 9
934 577 944 616 0.000548 9
802 130 817 155 0.000537 9
594 131 604 144 0.000533 9
1203 391 1224 420 0.000521 9
1178 382 1195 394 0.000509 9
1000 634 1008 655 0.000502 9
1039 602 1047 625 0.000500 9
905 127 912 137 0.000494 9
1175 377 1184 391 0.000492 9
840 626 909 689 0.000489 9
1079 694 1093 703 0.000488 9
992 134 1002 170 0.000482 9
943 373 952 392 0.000481 9
1041 664 1074 703 0.000467 9
1026 360 1040 391 0.000467 9
1127 165 1146 185 0.000465 9
836 659 849 685 0.000463 9
1050 391 1066 420 0.000461 9
1031 644 1056 684 0.000461 9
1184 162 1220 200 0.000460 9
830 135 861 157 0.000452 9
455 161 479 185 0.000449 9
1056 391 1079 426 0.000449 9
973 648 985 677 0.000448 9
814 150 827 161 0.000448 9
384 149 394 161 0.000446 9
1136 164 1173 185 0.000446 9
953 646 969 678 0.000443 9
1203 408 1216 423 0.000436 9
932 374 945 390 0.000435 9
1041 154 1054 169 0.000434 9
1100 138 1110 159 0.000426 9
1247 73 1264 95 0.000424 9
1019 157 1029 168 0.000423 9
1049 111 1083 146 0.000422 9
803 150 814 161 0.000422 9
799 642 808 656 0.000419 9
1130 332 1190 406 0.000417 9
1039 366 1058 391 0.000416 9
682 118 709 182 0.000404 9
1218 164 1241 182 0.000399 9
158 64 173 75 0.000399 9
1056 646 1090 703 0.000397 9
862 137 922 176 0.000397 9
1165 376 1182 392 0.000397 9
914 583 928 616 0.000396 9
848 302 855 311 0.000395 9
876 629 888 681 0.000395 9
342 165 353 199 0.000394 9
1097 129 1105 139 0.000390 9
1075 342 1120 379 0.000388 9
988 630 1000 649 0.000387 9
713 133 720 154 0.000386 9
1013 132 1040 169 0.000378 9
446 157 490 182 0.000377 9
815 339 845 377 0.000374 9
976 641 1002 698 0.000374 9
1097 164 1147 204 0.000373 9
832 134 874 169 0.000371 9
1006 337 1024 365 0.000366 9
1084 359 1120 394 0.000365 9
808 129 816 152 0.000365 9
313 90 333 166 0.000365 9
798 358 816 390 0.000364 9
566 144 581 173 0.000363 9
991 615 998 630 0.000363 9
1067 647 1096 703 0.000361 9
1039 174 1048 188 0.000357 9
1089 265 1095 270 0.000354 9
585 118 602 166 0.000353 9
1171 149 1184 163 0.000352 9
1119 685 1126 700 0.000352 9
971 639 1060 704 0.000351 9
898 669 911 689 0.000350 9
1039 346 1058 391 0.000347 9
567 142 580 162 0.000347 9
913 342 953 374 0.000346 9
818 662 832 683 0.000343 9
799 131 831 157 0.000341 9
595 120 605 144 0.000337 9
246 177 257 192 0.000335 9
1143 376 1152 387 0.000331 9
1207 165 1243 194 0.000330 9
1072 371 1085 405 0.000329 9
514 152 533 195 0.000328 9
1170 342 1196 396 0.000327 9
486 336 496 354 0.000323 9
829 135 915 175 0.000323 9
1247 327 1264 356 0.000322 9
158 205 168 224 0.000317 9
951 647 961 674 0.000317 9
680 146 689 164 0.000316 9
1183 159 1202 188 0.000314 9
1077 400 1088 410 0.000312 9
799 636 808 655 0.000312 9
1160 377 1171 389 0.000310 9
815 407 833 426 0.000310 9
565 161 582 201 0.000310 9
1182 349 1209 388 0.000309 9
1055 152 1063 168 0.000306 9
851 114 870 136 0.000302 9
906 65 944 120 0.000302 9
596 149 616 175 0.000302 9
979 627 1001 678 0.000302 9
1197 148 1206 185 0.000297 9
595 64 623 93 0.000293 9
960 686 968 698 0.000293 9
860 156 889 184 0.000291 9
593 148 601 164 0.000289 9
221 176 247 192 0.000287 9
861 118 870 136 0.000285 9
973 675 987 703 0.000284 9
1138 348 1184 411 0.000282 9
1224 162 1255 181 0.000281 9
829 641 851 685 0.000276 9
682 167 703 205 0.000273 9
694 121 716 180 0.000271 9
906 353 1023 408 0.000269 9
331 165 349 199 0.000267 9
872 637 880 649 0.000267 9
510 150 573 190 0.000267 9
974 366 996 409 0.000266 9
1098 131 1111 162 0.000265 9
1155 378 1212 408 0.000260 9
1069 648 1080 669 0.000257 9
1052 392 1095 426 0.000256 9
1114 164 1146 186 0.000253 9
1106 379 1120 392 0.000252 9
856 282 863 295 0.000251 9
663 168 689 215 0.000250 9
1210 152 1224 163 0.000250 9
1124 377 1136 390 0.000250 9
210 167 217 176 0.000250 9
837 678 848 695 0.000249 9
1130 344 1145 359 0.000247 9
941 672 953 699 0.000246 9
1089 229 1103 271 0.000245 9
1056 152 1063 163 0.000243 9
698 119 716 156 0.000240 9
906 340 941 386 0.000240 9
478 150 524 175 0.000239 9
1011 648 1022 682 0.000238 9
650 154 664 175 0.000238 9
961 424 975 440 0.000237 9
735 87 753 122 0.000235 9
118 64 203 91 0.000234 9
373 150 384 183 0.000231 9
624 64 639 73 0.000230 9
337 161 353 197 0.000228 9
544 264 559 280 0.000228 9
975 551 985 578 0.000226 9
1135 604 1155 649 0.000225 9
911 584 923 609 0.000222 9
861 112 869 119 0.000221 9
67 170 81 186 0.000220 9
1204 150 1226 182 0.000220 9
904 307 1024 395 0.000220 9
1086 133 1103 177 0.000217 9
897 439 912 456 0.000216 9
973 653 984 686 0.000216 9
1044 363 1068 391 0.000215 9
95 151 106 176 0.000215 9
1076 648 1088 671 0.000213 9
595 140 613 174 0.000213 9
1148 344 1194 361 0.000210 9
680 135 690 165 0.000209 9
1001 618 1021 678 0.000208 9
999 333 1009 344 0.000208 9
828 152 846 164 0.000207 9
991 406 1002 421 0.000206 9
801 146 812 160 0.000206 9
1135 342 1173 361 0.000205 9
478 150 524 202 0.000205 9
1072 397 1089 412 0.000202 9
255 109 262 128 0.000201 9
809 151 856 168 0.000197 9
350 159 370 199 0.000196 9
909 104 936 120 0.000194 9
575 134 581 145 0.000194 9
935 662 947 691 0.000193 9
695 169 711 192 0.000192 9
753 591 876 699 0.000191 9
1026 337 1040 379 0.000190 9
1202 157 1239 183 0.000189 9
1000 134 1022 181 0.000188 9
650 150 671 175 0.000188 9
680 146 689 184 0.000187 9
322 92 339 153 0.000187 9
444 156 494 214 0.000186 9
880 625 906 685 0.000186 9
685 118 707 139 0.000184 9
786 115 830 156 0.000182 9
945 328 960 345 0.000182 9
993 118 1004 172 0.000181 9
1150 100 1169 134 0.000181 9
542 539 559 564 0.000180 9
1037 366 1065 418 0.000179 9
895 624 905 631 0.000179 9
831 117 838 132 0.000177 9
309 94 326 159 0.000176 9
1071 647 1089 697 0.000176 9
1000 631 1009 649 0.000175 9
914 167 928 180 0.000175 9
976 327 991 343 0.000175 9
800 536 806 545 0.000175 9
1187 381 1262 431 0.000174 9
312 134 363 197 0.000173 9
806 628 816 645 0.000172 9
1042 336 1083 395 0.000170 9
1206 367 1225 410 0.000169 9
1085 143 1129 182 0.000169 9
1159 379 1175 393 0.000169 9
960 119 968 131 0.000169 9
1051 130 1104 193 0.000168 9
357 149 383 189 0.000168 9
846 692 860 703 0.000168 9
932 327 944 348 0.000167 9
1132 350 1180 394 0.000167 9
1072 143 1101 206 0.000165 9
653 127 661 145 0.000164 9
1007 613 1017 631 0.000163 9
820 681 837 703 0.000163 9
1079 344 1120 362 0.000161 9
1007 614 1018 641 0.000160 9
927 137 937 152 0.000160 9
1047 392 1063 421 0.000159 9
926 104 936 120 0.000159 9
1029 658 1044 693 0.000159 9
999 126 1007 136 0.000159 9
586 123 606 173 0.000158 9
807 377 815 392 0.000158 9
912 144 930 180 0.000158 9
347 147 379 191 0.000155 9
512 166 551 194 0.000155 9
1023 376 1037 392 0.000152 9
317 90 354 166 0.000151 9
1069 399 1095 425 0.000151 9
926 685 936 698 0.000151 9
1005 645 1022 680 0.000150 9
850 136 939 162 0.000150 9
1038 610 1053 632 0.000149 9
1058 390 1073 416 0.000148 9
684 150 710 185 0.000148 9
1118 157 1195 186 0.000148 9
956 340 991 376 0.000147 9
1185 151 1207 188 0.000147 9
1038 374 1058 393 0.000146 9
1064 118 1116 182 0.000146 9
1007 173 1016 184 0.000145 9
1146 367 1218 414 0.000145 9
831 117 859 138 0.000144 9
1025 148 1039 164 0.000143 9
1072 160 1096 204 0.000143 9
256 84 262 97 0.000143 9
1069 647 1086 680 0.000142 9
983 564 996 577 0.000141 9
1056 345 1072 380 0.000140 9
879 686 888 698 0.000140 9
846 612 859 655 0.000139 9
1117 337 1192 387 0.000139 9
1038 371 1055 409 0.000139 9
415 176 422 203 0.000138 9
445 145 551 196 0.000137 9
992 620 1022 695 0.000137 9
1011 135 1029 177 0.000137 9
1074 345 1122 398 0.000136 9
1043 617 1060 632 0.000135 9
813 376 831 392 0.000134 9
680 119 693 168 0.000133 9
576 282 595 333 0.000133 9
1006 333 1022 345 0.000132 9
942 659 952 677 0.000132 9
941 328 957 352 0.000131 9
256 159 268 177 0.000131 9
1030 658 1054 704 0.000130 9
1111 326 1160 360 0.000129 9
804 341 847 392 0.000129 9
974 119 982 129 0.000128 9
676 167 690 212 0.000127 9
1046 614 1056 626 0.000126 9
984 618 995 641 0.000126 9
662 273 687 283 0.000126 9
1023 321 1043 364 0.000126 9
1103 127 1111 138 0.000125 9
313 64 340 159 0.000125 9
1052 339 1076 393 0.000124 9
68 170 80 200 0.000124 9
1124 162 1138 183 0.000123 9
920 661 929 672 0.000122 9
596 133 623 173 0.000122 9
574 122 581 145 0.000122 9
952 670 963 680 0.000122 9
867 121 879 136 0.000122 9
989 670 1039 703 0.000122 9
1028 375 1040 406 0.000121 9
992 409 1001 427 0.000121 9
1046 153 1057 178 0.000120 9
925 577 945 617 0.000119 9
667 163 688 198 0.000119 9
169 64 263 90 0.000119 9
890 327 1007 392 0.000119 9
897 630 921 682 0.000119 9
1169 140 1186 165 0.000118 9
1150 125 1161 134 0.000118 9
533 405 555 421 0.000118 9
914 136 937 152 0.000118 9
941 647 952 672 0.000117 9
846 271 856 311 0.000117 9
965 676 977 702 0.000116 9
822 674 840 693 0.000116 9
898 631 920 663 0.000115 9
800 536 807 552 0.000115 9
1142 376 1154 402 0.000115 9
1096 121 1137 170 0.000115 9
1036 395 1049 408 0.000114 9
702 118 716 128 0.000113 9
852 685 864 696 0.000113 9
260 166 272 180 0.000113 9
1247 69 1273 95 0.000113 9
872 135 938 180 0.000112 9
223 168 231 176 0.000112 9
405 180 418 203 0.000111 9
310 108 334 188 0.000111 9
665 141 672 170 0.000109 9
799 85 807 100 0.000109 9
1025 157 1040 168 0.000109 9
570 64 597 92 0.000108 9
69 177 79 199 0.000108 9
1002 329 1041 389 0.000107 9
577 295 593 325 0.000106 9
574 133 610 182 0.000105 9
372 159 408 185 0.000105 9
372 172 386 200 0.000105 9
991 556 1000 570 0.000105 9
943 137 960 151 0.000104 9
95 182 102 200 0.000103 9
870 120 879 134 0.000103 9
587 116 606 147 0.000103 9
959 663 969 681 0.000101 9
1004 613 1024 672 0.000101 9
680 117 712 219 0.000101 9
567 148 616 186 0.000101 9
209 182 224 203 0.000101 9
879 343 887 359 0.000100 9
313 151 341 194 0.019144 11
1051 111 1083 146 0.009569 11
1182 192 1198 214 0.006506 11
1055 114 1066 141 0.002009 11
1178 185 1201 217 0.000216 11
1050 117 1067 144 0.000131 11
