775 192 821 269 0.758298 0
1033 195 1054 259 0.719155 0
1010 192 1036 262 0.692416 0
914 192 940 262 0.674182 0
863 192 887 269 0.471508 0
1145 198 1168 241 0.133097 0
846 200 859 236 0.125339 0
1152 188 1166 214 0.085185 0
991 201 1004 227 0.019027 0
813 212 849 244 0.016338 0
1113 193 1120 202 0.016138 0
1216 190 1228 233 0.015842 0
982 209 994 229 0.013957 0
958 367 980 424 0.012849 0
1271 198 1279 245 0.012640 0
935 204 944 223 0.011277 0
470 204 479 217 0.007323 0
612 151 638 194 0.007186 0
635 183 642 199 0.005036 0
719 192 728 216 0.003245 0
632 203 644 216 0.002932 0
1030 194 1041 216 0.002715 0
995 382 1023 423 0.002367 0
460 204 466 215 0.002232 0
1228 166 1248 231 0.002212 0
815 210 829 221 0.002080 0
241 201 253 238 0.002054 0
930 202 959 255 0.001942 0
892 201 905 237 0.001913 0
789 331 810 344 0.001803 0
998 199 1021 224 0.001684 0
1231 170 1246 181 0.001494 0
513 191 527 209 0.001465 0
950 274 960 295 0.001451 0
1072 484 1081 501 0.001248 0
804 185 816 207 0.001132 0
1264 186 1279 321 0.001063 0
680 200 689 216 0.001009 0
465 203 472 216 0.000952 0
949 356 1021 459 0.000844 0
1251 204 1267 231 0.000832 0
864 440 879 455 0.000800 0
637 166 658 208 0.000772 0
1180 169 1201 217 0.000713 0
1056 488 1065 496 0.000675 0
565 201 576 216 0.000595 0
1088 188 1096 209 0.000591 0
204 203 222 238 0.000574 0
375 185 386 202 0.000516 0
162 204 176 230 0.000481 0
670 208 679 231 0.000468 0
855 154 1268 272 0.000398 0
949 346 961 390 0.000381 0
991 455 999 464 0.000346 0
1211 377 1231 426 0.000324 0
1028 279 1039 293 0.000313 0
794 264 849 344 0.000296 0
908 199 1034 266 0.000294 0
510 193 537 249 0.000286 0
785 330 817 379 0.000285 0
1199 393 1210 418 0.000280 0
856 437 881 481 0.000276 0
1070 189 1080 205 0.000263 0
913 475 927 487 0.000256 0
1039 455 1048 465 0.000248 0
266 198 271 210 0.000240 0
1198 383 1206 401 0.000234 0
737 201 743 212 0.000231 0
1218 197 1274 256 0.000223 0
650 197 663 217 0.000222 0
980 352 996 388 0.000214 0
1042 279 1056 296 0.000193 0
1013 453 1025 467 0.000181 0
451 163 481 288 0.000168 0
637 160 645 170 0.000168 0
775 194 793 228 0.000164 0
1207 256 1227 273 0.000164 0
751 451 767 472 0.000145 0
575 78 585 102 0.000137 0
631 200 662 233 0.000133 0
1136 447 1143 458 0.000133 0
1089 228 1103 272 0.000124 0
658 187 672 217 0.000123 0
77 64 167 77 0.000119 0
1184 336 1219 408 0.000119 0
1135 181 1213 230 0.000118 0
972 177 998 227 0.000118 0
1263 273 1279 480 0.000117 0
942 361 966 424 0.000113 0
1274 160 1279 175 0.000112 0
0 144 15 285 0.000106 0
384 190 397 206 0.000105 0
1139 212 1171 254 0.668083 1
996 228 1035 272 0.328595 1
767 241 856 280 0.182052 1
1022 222 1063 263 0.170656 1
863 227 894 272 0.146101 1
1067 214 1090 244 0.011777 1
1050 225 1065 249 0.006825 1
1164 227 1176 250 0.003162 1
976 231 1002 258 0.002967 1
805 212 849 244 0.002565 1
1113 219 1137 252 0.001900 1
1052 214 1072 233 0.001559 1
927 216 1025 260 0.001076 1
928 274 962 308 0.000845 1
1171 218 1189 247 0.000550 1
866 184 927 295 0.000352 1
822 187 1139 271 0.000303 1
935 242 961 255 0.000211 1
881 264 912 291 0.000189 1
912 227 940 264 0.000163 1
761 260 781 279 0.000159 1
1167 273 1215 329 0.048516 2
484 202 516 217 0.045783 2
867 178 955 208 0.036764 2
527 198 553 218 0.030876 2
1114 215 1162 241 0.027310 2
982 209 1001 229 0.019985 2
588 184 622 201 0.019684 2
604 199 651 216 0.018643 2
693 202 728 234 0.012028 2
920 199 953 207 0.011627 2
1263 277 1279 369 0.007647 2
1174 274 1279 418 0.006454 2
1104 487 1117 495 0.003745 2
1186 271 1279 294 0.003291 2
882 189 1015 258 0.002240 2
1262 196 1279 248 0.001741 2
821 328 848 344 0.001655 2
1222 166 1279 181 0.001637 2
1215 285 1232 327 0.001431 2
449 157 491 171 0.001342 2
1119 488 1135 497 0.001282 2
978 206 1034 251 0.001223 2
1247 278 1272 328 0.001072 2
923 200 957 253 0.001028 2
973 207 985 223 0.000941 2
1069 209 1090 231 0.000897 2
680 199 690 216 0.000828 2
544 202 564 217 0.000774 2
1102 197 1121 209 0.000771 2
311 187 323 198 0.000721 2
473 205 485 217 0.000684 2
1070 197 1079 212 0.000675 2
485 178 547 220 0.000629 2
453 205 465 222 0.000552 2
848 468 868 479 0.000528 2
304 189 314 198 0.000486 2
1259 249 1279 268 0.000482 2
803 186 860 221 0.000472 2
0 395 15 411 0.000469 2
471 189 479 203 0.000451 2
1045 196 1081 221 0.000446 2
1186 221 1276 256 0.000445 2
1042 483 1055 494 0.000433 2
562 200 579 216 0.000432 2
1185 275 1215 286 0.000418 2
653 185 692 217 0.000397 2
1263 350 1279 376 0.000392 2
883 200 903 234 0.000391 2
1219 178 1277 233 0.000386 2
1213 503 1232 512 0.000381 2
387 198 397 206 0.000353 2
1055 487 1077 500 0.000338 2
673 209 702 234 0.000293 2
1097 207 1125 223 0.000285 2
495 238 537 252 0.000261 2
559 248 592 279 0.000244 2
559 271 575 280 0.000234 2
1023 486 1037 495 0.000228 2
1009 464 1024 472 0.000210 2
1088 197 1107 209 0.000202 2
1023 482 1068 498 0.000195 2
174 204 189 216 0.000162 2
1134 260 1225 279 0.000155 2
661 183 671 207 0.000150 2
396 200 412 207 0.000135 2
1209 495 1230 504 0.000126 2
1216 332 1232 355 0.000119 2
1196 373 1263 424 0.000116 2
1073 185 1094 205 0.000113 2
594 463 608 471 0.000112 2
1094 495 1105 504 0.000110 2
356 216 368 229 0.000105 2
921 454 939 463 0.000104 2
832 478 840 487 0.000104 2
866 177 954 207 0.050152 5
480 173 517 217 0.010009 5
1218 168 1279 265 0.004428 5
699 151 953 232 0.053140 6
1169 162 1279 278 0.006214 6
643 271 1273 343 0.004981 6
861 181 952 265 0.002627 6
589 149 952 232 0.002482 6
1142 273 1279 418 0.001901 6
1 64 80 247 0.000584 6
478 167 630 214 0.000374 6
1 64 344 277 0.000223 6
580 64 668 214 0.000163 6
1048 404 1275 475 0.000105 6
700 152 859 234 0.126188 7
866 176 954 208 0.026878 7
1218 172 1279 266 0.002768 7
692 184 730 234 0.002719 7
589 153 661 216 0.001350 7
803 183 857 220 0.000864 7
486 180 557 217 0.000669 7
1088 150 1102 176 0.573193 9
512 152 524 180 0.170559 9
1012 136 1025 169 0.027727 9
1099 136 1107 155 0.022104 9
373 167 381 184 0.017244 9
366 167 373 188 0.016629 9
119 64 160 74 0.012266 9
1207 168 1215 196 0.010072 9
449 157 491 171 0.009903 9
239 177 246 190 0.008900 9
511 196 520 209 0.008714 9
517 191 525 201 0.008554 9
1130 64 1151 71 0.005814 9
995 137 1002 171 0.005423 9
975 190 981 201 0.004425 9
523 183 537 197 0.003573 9
557 184 567 198 0.003392 9
864 440 876 455 0.003220 9
808 161 857 183 0.003138 9
1041 181 1061 199 0.002525 9
1212 168 1224 191 0.002493 9
1056 115 1066 136 0.002320 9
312 148 341 195 0.002070 9
698 136 704 152 0.001977 9
839 151 859 165 0.001966 9
163 64 179 75 0.001938 9
1200 135 1212 152 0.001890 9
1193 165 1201 185 0.001753 9
257 146 266 159 0.001658 9
895 157 905 172 0.001603 9
848 179 858 200 0.001582 9
999 131 1104 181 0.001456 9
879 155 890 168 0.001397 9
979 142 992 159 0.001363 9
858 136 937 153 0.001284 9
224 183 231 191 0.001185 9
1050 119 1057 135 0.001143 9
1154 160 1168 183 0.001091 9
1232 170 1246 181 0.001066 9
803 148 811 157 0.001063 9
1198 153 1207 183 0.000902 9
693 178 702 200 0.000899 9
865 150 881 168 0.000849 9
829 135 861 155 0.000836 9
1046 160 1056 180 0.000820 9
960 135 977 160 0.000818 9
1080 170 1090 182 0.000813 9
544 168 553 181 0.000800 9
861 112 869 118 0.000776 9
587 172 593 185 0.000731 9
813 150 822 160 0.000707 9
999 126 1007 136 0.000704 9
687 119 707 152 0.000701 9
664 123 670 140 0.000694 9
652 127 660 143 0.000686 9
248 177 256 191 0.000683 9
1172 150 1182 162 0.000666 9
1088 183 1097 200 0.000634 9
1065 105 1072 115 0.000573 9
1120 64 1135 72 0.000571 9
864 165 870 184 0.000542 9
862 113 870 136 0.000539 9
215 183 224 192 0.000531 9
375 184 388 201 0.000527 9
1180 161 1226 223 0.000513 9
681 166 689 185 0.000501 9
851 119 866 136 0.000497 9
446 150 563 211 0.000474 9
463 185 479 202 0.000467 9
516 167 541 182 0.000454 9
905 127 912 137 0.000446 9
697 151 705 175 0.000438 9
1058 110 1083 144 0.000423 9
530 176 555 209 0.000421 9
687 168 695 206 0.000395 9
930 149 944 176 0.000394 9
311 185 323 198 0.000391 9
117 64 198 92 0.000390 9
832 117 843 134 0.000379 9
586 117 597 133 0.000369 9
985 149 997 169 0.000322 9
991 679 1008 698 0.000318 9
545 141 552 151 0.000315 9
341 166 351 188 0.000294 9
205 204 222 231 0.000292 9
395 83 413 96 0.000276 9
974 167 992 203 0.000271 9
257 180 263 191 0.000268 9
321 92 330 118 0.000267 9
869 119 878 136 0.000263 9
255 111 267 129 0.000257 9
352 166 360 189 0.000247 9
845 128 1234 278 0.000247 9
1199 132 1219 192 0.000246 9
959 159 988 168 0.000227 9
572 161 581 178 0.000217 9
356 148 382 190 0.000206 9
690 146 710 206 0.000206 9
1110 146 1120 164 0.000205 9
840 164 929 220 0.000202 9
664 150 671 173 0.000202 9
320 203 330 219 0.000200 9
703 81 722 96 0.000196 9
597 64 624 90 0.000190 9
552 173 580 204 0.000186 9
870 165 890 177 0.000183 9
256 86 270 103 0.000182 9
1092 148 1123 203 0.000181 9
581 64 595 71 0.000180 9
1023 156 1058 194 0.000173 9
943 131 953 145 0.000172 9
432 171 446 194 0.000168 9
1191 137 1203 151 0.000166 9
1135 137 1144 153 0.000161 9
240 193 256 225 0.000160 9
1073 151 1082 167 0.000147 9
320 64 364 111 0.000147 9
649 125 673 177 0.000146 9
1176 151 1201 171 0.000145 9
255 161 261 174 0.000144 9
220 164 232 175 0.000138 9
293 176 307 198 0.000136 9
1149 102 1185 131 0.000133 9
240 164 248 177 0.000127 9
1150 135 1190 177 0.000119 9
1050 104 1057 115 0.000113 9
980 123 992 142 0.000112 9
624 115 632 128 0.000112 9
377 162 407 188 0.000108 9
248 163 256 175 0.000106 9
680 143 690 165 0.000105 9
939 168 961 194 0.000104 9
624 64 639 90 0.000101 9
894 122 906 139 0.000101 9
1077 134 1099 160 0.000100 9
523 183 536 196 0.097488 11
1181 191 1199 216 0.032367 11
1232 197 1256 233 0.028706 11
325 110 366 164 0.024407 11
517 191 526 200 0.020700 11
313 149 341 193 0.010902 11
1056 112 1083 146 0.001095 11
449 157 491 171 0.000759 11
321 64 359 99 0.000100 11
