454 194 498 304 0.866946 0
815 192 853 268 0.734840 0
889 193 915 261 0.705732 0
1125 190 1149 240 0.612232 0
987 197 1012 247 0.569994 0
1051 193 1084 256 0.475882 0
230 201 245 237 0.289971 0
1039 203 1051 231 0.184006 0
849 200 857 216 0.121088 0
836 198 848 221 0.115354 0
192 199 204 227 0.106538 0
878 198 895 245 0.056570 0
786 198 795 216 0.040974 0
718 211 728 235 0.039263 0
1272 201 1279 243 0.028869 0
161 204 172 228 0.026430 0
845 201 858 260 0.022418 0
213 200 224 238 0.022398 0
1113 194 1120 202 0.022154 0
1149 192 1161 218 0.015143 0
246 197 255 215 0.014782 0
1233 198 1257 234 0.013962 0
1216 194 1229 234 0.009750 0
241 199 250 234 0.009346 0
1260 200 1270 216 0.008505 0
950 360 984 460 0.008109 0
633 202 645 216 0.007225 0
1016 203 1025 222 0.006020 0
375 185 385 201 0.004555 0
783 331 817 378 0.004445 0
949 273 960 297 0.004335 0
1263 79 1279 168 0.004140 0
1052 191 1064 225 0.004036 0
169 202 179 222 0.004005 0
965 372 980 390 0.003356 0
1119 312 1129 332 0.003011 0
866 207 873 226 0.002961 0
998 382 1024 438 0.002816 0
1196 383 1208 415 0.002551 0
1231 169 1246 182 0.002313 0
1216 191 1223 207 0.002286 0
1249 215 1264 235 0.002264 0
311 185 323 199 0.002192 0
913 472 928 487 0.002116 0
692 207 702 234 0.001965 0
936 203 944 214 0.001922 0
848 466 867 479 0.001916 0
183 198 191 215 0.001911 0
327 184 343 199 0.001889 0
351 190 357 200 0.001850 0
270 200 279 215 0.001834 0
367 208 374 217 0.001711 0
516 191 526 208 0.001690 0
1257 200 1279 269 0.001624 0
862 423 881 458 0.001498 0
275 200 286 225 0.001366 0
264 198 271 208 0.001242 0
1088 188 1095 209 0.001193 0
1072 484 1080 501 0.001177 0
1181 167 1201 217 0.001165 0
1000 385 1017 399 0.001098 0
975 208 987 230 0.001097 0
154 206 163 227 0.001072 0
866 205 884 243 0.000914 0
320 203 330 218 0.000819 0
1119 315 1136 385 0.000808 0
738 202 744 214 0.000806 0
539 201 553 219 0.000781 0
216 187 223 207 0.000760 0
751 463 760 472 0.000751 0
473 196 490 223 0.000722 0
803 199 820 235 0.000716 0
1215 401 1232 426 0.000626 0
670 208 679 231 0.000626 0
948 347 971 390 0.000624 0
1136 447 1143 458 0.000604 0
1043 223 1065 251 0.000600 0
1191 215 1208 230 0.000584 0
646 64 756 118 0.000579 0
1183 345 1195 401 0.000569 0
1231 454 1249 511 0.000568 0
681 200 690 216 0.000567 0
851 339 1003 477 0.000554 0
385 197 396 206 0.000554 0
632 182 641 199 0.000533 0
1262 64 1279 74 0.000502 0
1207 369 1227 419 0.000482 0
1071 210 1088 231 0.000480 0
1127 446 1134 461 0.000479 0
455 219 467 280 0.000477 0
578 64 644 94 0.000452 0
883 194 1149 267 0.000451 0
825 191 842 213 0.000440 0
924 407 944 469 0.000426 0
496 64 557 145 0.000405 0
874 439 914 486 0.000400 0
1054 487 1068 497 0.000391 0
1074 332 1088 343 0.000390 0
1167 378 1178 393 0.000379 0
1103 312 1113 331 0.000365 0
1176 211 1185 223 0.000360 0
978 374 991 392 0.000346 0
1012 455 1024 467 0.000346 0
613 153 628 170 0.000346 0
904 335 929 389 0.000341 0
800 440 816 472 0.000336 0
575 64 591 102 0.000329 0
1136 439 1168 481 0.000321 0
1195 204 1279 299 0.000311 0
400 184 408 204 0.000303 0
1263 366 1279 426 0.000295 0
641 190 655 213 0.000293 0
1085 311 1147 345 0.000289 0
1155 325 1167 356 0.000287 0
821 277 850 343 0.000284 0
1253 64 1279 97 0.000282 0
512 191 531 246 0.000281 0
1071 329 1091 402 0.000277 0
19 215 42 256 0.000275 0
563 201 576 216 0.000270 0
655 198 661 216 0.000270 0
978 350 992 374 0.000257 0
30 214 41 229 0.000252 0
455 207 464 236 0.000249 0
631 202 659 231 0.000245 0
1159 376 1168 392 0.000236 0
1008 425 1017 439 0.000235 0
917 341 960 387 0.000235 0
438 211 444 219 0.000234 0
195 203 243 264 0.000226 0
877 440 895 459 0.000226 0
678 64 703 105 0.000223 0
805 360 816 392 0.000211 0
1232 401 1255 427 0.000204 0
959 199 968 208 0.000202 0
628 64 660 116 0.000202 0
1144 376 1152 387 0.000188 0
974 190 981 200 0.000184 0
1015 326 1024 345 0.000183 0
848 376 887 463 0.000181 0
1143 328 1154 344 0.000176 0
1146 273 1168 348 0.000176 0
1089 265 1095 270 0.000170 0
1023 184 1060 228 0.000167 0
1008 472 1016 481 0.000167 0
339 183 353 199 0.000165 0
1183 157 1253 235 0.000165 0
1039 455 1048 469 0.000161 0
1204 409 1216 424 0.000160 0
751 64 784 108 0.000159 0
1089 231 1103 273 0.000152 0
1066 64 1159 76 0.000151 0
799 313 837 344 0.000151 0
847 188 868 221 0.000149 0
542 64 650 160 0.000148 0
855 280 863 296 0.000147 0
624 64 639 79 0.000146 0
895 328 906 344 0.000144 0
894 276 913 312 0.000142 0
880 467 899 486 0.000142 0
625 689 672 703 0.000136 0
607 153 639 200 0.000129 0
333 200 354 255 0.000128 0
959 346 1024 392 0.000128 0
246 196 277 234 0.000127 0
983 330 1117 460 0.000126 0
1231 459 1242 471 0.000126 0
1207 253 1226 272 0.000124 0
840 234 867 284 0.000123 0
773 64 876 116 0.000123 0
398 199 408 206 0.000121 0
1025 484 1075 499 0.000115 0
998 180 1010 201 0.000114 0
544 64 584 113 0.000113 0
831 471 840 484 0.000111 0
911 442 932 467 0.000110 0
575 279 598 392 0.000110 0
1113 195 1134 225 0.000108 0
902 64 960 120 0.000108 0
664 205 871 281 0.000108 0
544 64 562 82 0.000106 0
1083 179 1110 249 0.000106 0
405 196 414 205 0.000105 0
1248 346 1262 359 0.000103 0
827 327 848 393 0.000103 0
1245 457 1258 473 0.000100 0
959 223 1026 264 0.818495 1
1043 228 1084 268 0.791728 1
1120 216 1155 255 0.779571 1
799 228 855 278 0.334728 1
846 218 893 268 0.007387 1
1075 225 1090 250 0.007132 1
1108 219 1130 248 0.004514 1
920 211 945 253 0.004106 1
876 238 918 290 0.001906 1
1002 225 1054 253 0.001544 1
921 271 961 299 0.001074 1
847 240 856 264 0.001048 1
909 270 931 296 0.000815 1
974 205 986 223 0.000751 1
803 217 818 239 0.000638 1
895 223 923 256 0.000462 1
781 245 815 274 0.000416 1
930 241 943 253 0.000394 1
1041 231 1054 249 0.000388 1
865 212 1043 301 0.000347 1
1143 215 1181 246 0.000287 1
949 246 961 254 0.000222 1
1054 213 1140 251 0.000208 1
772 248 785 268 0.000183 1
878 267 895 287 0.000158 1
942 233 980 255 0.000125 1
1083 226 1104 271 0.000109 1
487 204 516 217 0.018090 2
823 328 848 344 0.013128 2
304 191 313 198 0.006730 2
528 201 549 218 0.006279 2
827 284 848 300 0.006052 2
1010 202 1025 223 0.005731 2
311 186 323 199 0.005557 2
878 198 897 243 0.004858 2
867 177 1012 257 0.004263 2
924 198 953 206 0.003569 2
598 200 649 216 0.003459 2
1260 200 1279 239 0.003156 2
848 471 865 479 0.002674 2
693 200 727 230 0.002455 2
992 194 1060 229 0.002164 2
590 183 622 201 0.001926 2
803 216 818 232 0.001485 2
449 157 491 171 0.001404 2
880 190 954 218 0.001133 2
1118 488 1136 499 0.001131 2
1156 270 1276 292 0.000972 2
1214 167 1279 205 0.000972 2
1225 158 1248 181 0.000815 2
294 184 307 199 0.000686 2
1261 168 1279 183 0.000669 2
1262 249 1279 269 0.000626 2
1167 272 1279 365 0.000567 2
1102 196 1121 209 0.000566 2
1215 276 1231 328 0.000554 2
1103 487 1117 495 0.000537 2
1166 271 1203 284 0.000513 2
927 201 981 222 0.000502 2
512 192 533 217 0.000496 2
175 204 189 217 0.000441 2
1198 202 1270 257 0.000422 2
126 205 137 216 0.000397 2
1075 197 1092 210 0.000382 2
1071 327 1087 340 0.000363 2
1079 188 1091 201 0.000354 2
1263 351 1279 423 0.000295 2
1263 278 1279 330 0.000273 2
1187 342 1279 422 0.000268 2
1142 502 1163 510 0.000257 2
549 196 572 217 0.000253 2
95 200 103 208 0.000244 2
386 198 396 206 0.000242 2
356 219 368 231 0.000239 2
557 184 571 199 0.000237 2
1177 379 1185 392 0.000225 2
825 274 864 317 0.000213 2
803 184 845 223 0.000202 2
832 479 840 487 0.000198 2
1203 408 1216 416 0.000197 2
319 204 331 231 0.000191 2
853 466 882 484 0.000189 2
946 202 1207 263 0.000189 2
902 455 913 463 0.000179 2
752 269 973 345 0.000173 2
592 463 608 472 0.000172 2
923 455 936 463 0.000165 2
496 409 528 426 0.000163 2
1067 210 1149 248 0.000162 2
1197 276 1214 285 0.000157 2
1036 485 1078 500 0.000149 2
1264 366 1279 375 0.000146 2
1151 270 1168 344 0.000143 2
441 164 531 223 0.000140 2
881 476 897 487 0.000140 2
1016 326 1090 345 0.000134 2
507 239 537 252 0.000132 2
1229 277 1265 324 0.000129 2
863 335 885 343 0.000128 2
1123 327 1150 344 0.000127 2
1136 342 1199 360 0.000124 2
254 198 267 208 0.000122 2
1199 274 1217 324 0.000122 2
1161 499 1177 510 0.000120 2
274 184 294 194 0.000118 2
1167 263 1182 272 0.000118 2
736 201 796 236 0.000117 2
504 316 511 336 0.000110 2
1211 370 1223 389 0.000110 2
1023 487 1036 495 0.000108 2
660 187 693 220 0.000101 2
1263 79 1279 169 0.004852 5
1220 173 1279 264 0.002322 5
806 160 879 217 0.000313 5
1210 164 1236 229 0.000254 5
1151 270 1167 352 0.000218 5
645 260 1278 378 0.035293 6
1148 269 1279 419 0.010518 6
480 171 576 210 0.002358 6
1263 79 1279 263 0.002088 6
0 64 75 281 0.001254 6
574 149 957 236 0.001238 6
571 64 673 210 0.001017 6
1174 172 1279 273 0.000774 6
0 138 41 214 0.000528 6
640 686 811 703 0.000377 6
820 189 1134 270 0.000375 6
926 267 1140 330 0.000345 6
6 65 583 401 0.000339 6
687 116 954 233 0.000264 6
71 159 129 227 0.000128 6
998 343 1272 481 0.000116 6
867 177 954 226 0.218591 7
702 151 860 235 0.083702 7
1264 79 1279 168 0.012077 7
1219 175 1279 266 0.002869 7
478 169 566 217 0.002542 7
805 160 858 205 0.001512 7
486 201 515 217 0.001278 7
699 184 729 233 0.000922 7
640 687 812 703 0.000436 7
819 185 1085 271 0.000391 7
577 64 705 220 0.000367 7
1002 184 1064 216 0.000360 7
515 185 540 216 0.000221 7
585 154 949 334 0.000182 7
1122 64 1231 91 0.000178 7
293 176 308 198 0.000176 7
555 177 580 202 0.000166 7
607 167 638 200 0.000140 7
1151 270 1167 349 0.000109 7
1089 150 1103 176 0.567139 9
512 152 524 181 0.093158 9
239 177 247 190 0.041245 9
864 439 874 455 0.025845 9
373 167 381 184 0.024187 9
366 167 374 188 0.019607 9
1007 135 1024 174 0.017884 9
517 191 524 202 0.012569 9
119 64 159 76 0.010057 9
449 157 490 171 0.009885 9
1207 168 1215 191 0.007200 9
1123 64 1152 75 0.006876 9
1263 79 1279 168 0.006217 9
841 119 859 136 0.005804 9
846 145 860 166 0.004755 9
511 195 521 209 0.004755 9
223 183 231 191 0.004743 9
995 139 1001 171 0.004109 9
1214 167 1224 184 0.003973 9
1097 135 1104 151 0.003903 9
215 183 223 191 0.003614 9
312 149 341 193 0.003372 9
1182 189 1199 216 0.002408 9
162 64 181 75 0.002081 9
804 149 813 159 0.001992 9
895 154 907 174 0.001983 9
1080 174 1088 181 0.001960 9
909 271 928 296 0.001883 9
587 172 593 184 0.001606 9
976 141 993 166 0.001588 9
257 147 265 159 0.001553 9
257 180 262 191 0.001414 9
697 126 704 152 0.001283 9
1190 165 1201 185 0.001242 9
557 184 566 197 0.001226 9
1073 151 1082 166 0.001225 9
545 141 551 152 0.001223 9
813 150 822 160 0.001192 9
847 429 878 479 0.001123 9
1055 152 1064 164 0.001070 9
1088 185 1096 202 0.001060 9
1054 113 1082 144 0.000990 9
95 169 102 176 0.000972 9
121 165 127 174 0.000905 9
909 137 937 152 0.000881 9
1200 135 1211 153 0.000854 9
831 136 847 151 0.000839 9
1000 126 1006 135 0.000813 9
1200 150 1207 176 0.000805 9
1225 165 1232 181 0.000781 9
688 119 704 180 0.000759 9
990 678 1023 703 0.000735 9
216 163 224 177 0.000735 9
248 177 256 191 0.000724 9
340 166 350 187 0.000684 9
975 123 982 138 0.000663 9
586 117 598 135 0.000647 9
861 112 869 119 0.000641 9
905 127 912 138 0.000640 9
832 117 843 135 0.000634 9
771 695 809 703 0.000625 9
172 64 201 87 0.000614 9
1050 120 1056 134 0.000590 9
581 64 596 83 0.000571 9
863 117 870 136 0.000561 9
1028 134 1104 190 0.000559 9
961 136 976 159 0.000538 9
696 151 705 177 0.000527 9
1172 150 1182 160 0.000514 9
1065 105 1073 120 0.000514 9
991 283 999 297 0.000505 9
1038 131 1065 161 0.000472 9
580 64 637 95 0.000468 9
446 151 575 214 0.000464 9
112 151 127 163 0.000439 9
980 123 992 140 0.000435 9
221 164 232 175 0.000430 9
879 154 891 170 0.000425 9
810 162 858 181 0.000416 9
951 345 960 371 0.000415 9
694 178 702 200 0.000413 9
1248 88 1264 167 0.000406 9
265 215 275 232 0.000376 9
892 138 908 152 0.000372 9
681 167 688 183 0.000351 9
1154 162 1167 184 0.000349 9
1216 64 1232 90 0.000342 9
855 136 898 152 0.000339 9
848 182 857 210 0.000338 9
1087 135 1130 183 0.000337 9
1180 160 1228 231 0.000335 9
372 148 383 166 0.000328 9
1106 153 1118 169 0.000325 9
484 173 496 184 0.000323 9
1205 127 1232 195 0.000313 9
530 182 554 201 0.000312 9
869 118 878 135 0.000311 9
1022 149 1040 161 0.000285 9
239 163 248 179 0.000278 9
1239 694 1254 703 0.000269 9
892 267 949 312 0.000248 9
686 169 695 201 0.000241 9
512 167 551 187 0.000239 9
956 338 978 387 0.000238 9
352 161 363 189 0.000236 9
989 124 997 139 0.000235 9
999 147 1008 184 0.000234 9
551 142 565 151 0.000233 9
429 223 438 230 0.000224 9
1248 347 1261 358 0.000223 9
399 84 410 96 0.000220 9
255 162 264 175 0.000213 9
321 92 331 119 0.000211 9
1046 156 1056 167 0.000210 9
1072 151 1090 194 0.000196 9
1145 166 1154 184 0.000192 9
597 134 605 144 0.000192 9
552 173 580 202 0.000189 9
681 176 689 211 0.000187 9
259 166 270 179 0.000182 9
801 152 813 188 0.000179 9
248 163 256 174 0.000169 9
638 161 645 171 0.000163 9
681 64 734 111 0.000162 9
894 285 913 311 0.000158 9
876 120 888 136 0.000152 9
895 122 903 137 0.000151 9
704 75 722 98 0.000150 9
1053 151 1066 205 0.000147 9
687 92 693 104 0.000146 9
104 151 111 162 0.000145 9
432 170 446 194 0.000144 9
215 179 238 197 0.000141 9
311 64 373 198 0.000138 9
928 152 938 168 0.000137 9
572 182 582 201 0.000130 9
119 164 128 211 0.000129 9
1151 103 1181 131 0.000128 9
864 144 887 173 0.000127 9
811 151 848 163 0.000123 9
655 152 671 178 0.000122 9
816 84 859 136 0.000119 9
1078 133 1090 148 0.000117 9
370 163 393 204 0.000116 9
98 166 110 179 0.000114 9
1054 105 1064 132 0.000110 9
94 151 106 170 0.000110 9
959 160 988 168 0.000104 9
292 176 310 198 0.000102 9
523 183 536 197 0.053157 11
1182 191 1199 216 0.028551 11
324 110 366 164 0.020950 11
1234 197 1256 233 0.020532 11
517 190 526 199 0.010197 11
313 149 341 193 0.005559 11
1053 112 1083 145 0.002220 11
449 157 491 171 0.001856 11
1055 116 1065 136 0.001042 11
326 235 334 248 0.000270 11
518 184 552 218 0.000184 11
