486 194 528 297 0.828189 0
1070 189 1097 253 0.658665 0
794 193 830 273 0.640275 0
879 190 904 241 0.625923 0
228 200 241 232 0.623318 0
966 198 992 247 0.557511 0
830 192 858 265 0.511215 0
189 200 201 229 0.376377 0
1122 191 1142 247 0.289758 0
1036 193 1050 229 0.232004 0
718 211 728 235 0.069915 0
1151 198 1161 216 0.062770 0
470 200 478 225 0.057507 0
1113 193 1120 203 0.035837 0
162 204 172 228 0.016518 0
862 436 878 477 0.016112 0
846 190 857 216 0.015915 0
213 201 224 230 0.014596 0
787 197 794 217 0.014359 0
375 185 386 201 0.012397 0
486 203 495 246 0.012372 0
245 197 255 215 0.009857 0
968 192 976 208 0.009494 0
633 202 644 216 0.009072 0
971 189 985 213 0.007981 0
1269 199 1279 236 0.006908 0
1233 197 1256 232 0.004844 0
1011 200 1026 225 0.004828 0
367 208 374 217 0.003879 0
351 190 357 200 0.003270 0
461 201 469 219 0.002649 0
154 207 163 228 0.002519 0
803 187 814 216 0.002379 0
1216 205 1228 233 0.002156 0
950 271 959 292 0.002026 0
680 199 690 216 0.001953 0
1231 169 1245 181 0.001815 0
959 370 980 416 0.001758 0
914 472 928 487 0.001682 0
670 208 678 230 0.001632 0
1248 423 1253 430 0.001466 0
1085 189 1096 219 0.001447 0
1181 167 1201 216 0.001390 0
537 200 552 218 0.001365 0
510 196 520 212 0.001345 0
799 421 817 472 0.001272 0
480 196 490 216 0.001266 0
866 208 872 218 0.001244 0
320 203 330 219 0.001217 0
787 330 816 386 0.001207 0
242 210 252 236 0.001194 0
387 199 396 206 0.001182 0
811 193 831 218 0.001178 0
1014 443 1024 466 0.001140 0
266 198 272 211 0.001105 0
504 203 525 243 0.001050 0
1072 485 1080 500 0.001028 0
1251 201 1274 232 0.001001 0
799 436 807 448 0.000958 0
991 452 1000 464 0.000907 0
1119 312 1131 344 0.000846 0
711 191 1244 268 0.000835 0
328 184 342 199 0.000827 0
1216 192 1225 213 0.000740 0
879 437 888 458 0.000715 0
463 195 482 302 0.000702 0
564 201 576 216 0.000682 0
998 384 1023 402 0.000679 0
999 235 1011 250 0.000647 0
1159 329 1167 347 0.000645 0
1062 197 1080 224 0.000594 0
1046 483 1055 489 0.000589 0
1024 440 1039 464 0.000589 0
878 441 904 486 0.000565 0
862 209 874 235 0.000494 0
0 191 5 204 0.000478 0
1167 328 1174 338 0.000475 0
971 353 992 393 0.000468 0
1087 223 1103 271 0.000448 0
1087 264 1095 269 0.000445 0
998 442 1008 464 0.000424 0
400 184 409 202 0.000410 0
830 64 839 69 0.000408 0
925 446 935 459 0.000405 0
1050 188 1067 227 0.000400 0
270 199 278 213 0.000391 0
1192 471 1199 480 0.000383 0
738 202 744 215 0.000380 0
800 411 816 433 0.000378 0
832 471 841 486 0.000366 0
1137 446 1142 456 0.000366 0
653 196 663 217 0.000364 0
1075 332 1088 342 0.000351 0
1212 193 1279 295 0.000328 0
984 213 1019 255 0.000328 0
692 206 707 236 0.000328 0
896 427 904 445 0.000320 0
25 215 41 252 0.000314 0
1220 406 1232 430 0.000306 0
497 268 512 308 0.000288 0
32 214 40 227 0.000283 0
126 209 134 228 0.000281 0
1211 167 1245 234 0.000269 0
1263 64 1279 75 0.000260 0
1145 329 1153 344 0.000259 0
471 192 480 207 0.000255 0
1039 454 1048 466 0.000249 0
742 201 750 216 0.000245 0
820 166 860 216 0.000242 0
1135 326 1143 360 0.000242 0
1104 312 1111 326 0.000237 0
1043 279 1056 295 0.000237 0
1190 497 1200 504 0.000219 0
339 175 353 199 0.000219 0
1159 376 1167 388 0.000216 0
1237 420 1249 436 0.000209 0
1232 459 1239 470 0.000207 0
1176 212 1185 223 0.000199 0
438 211 443 218 0.000197 0
354 191 366 200 0.000196 0
1247 422 1260 447 0.000183 0
304 185 323 203 0.000175 0
1186 204 1215 231 0.000173 0
1028 485 1040 500 0.000173 0
1167 380 1179 393 0.000172 0
959 440 968 457 0.000169 0
895 327 904 343 0.000168 0
1066 64 1151 76 0.000167 0
936 347 1022 469 0.000166 0
275 199 286 216 0.000164 0
1122 440 1136 472 0.000162 0
468 195 497 284 0.000161 0
1159 424 1167 442 0.000159 0
623 64 640 77 0.000158 0
1198 386 1213 416 0.000158 0
774 198 794 236 0.000158 0
478 160 940 300 0.000157 0
1151 439 1160 451 0.000156 0
992 411 1000 425 0.000152 0
665 200 674 217 0.000151 0
1199 408 1216 426 0.000149 0
894 264 920 295 0.000147 0
847 429 860 457 0.000146 0
950 349 960 381 0.000146 0
927 394 944 427 0.000142 0
982 348 1024 391 0.000139 0
426 178 595 241 0.000139 0
1089 449 1103 476 0.000134 0
823 328 848 390 0.000131 0
895 467 913 485 0.000130 0
930 281 944 297 0.000130 0
1025 275 1040 293 0.000128 0
982 439 996 463 0.000128 0
1132 277 1147 341 0.000127 0
1147 271 1169 359 0.000125 0
297 185 622 352 0.000123 0
763 242 851 341 0.000121 0
578 64 647 93 0.000118 0
895 286 909 309 0.000116 0
928 344 957 383 0.000115 0
450 203 465 222 0.000115 0
867 64 889 88 0.000110 0
1151 445 1164 465 0.000110 0
852 397 864 414 0.000108 0
905 336 925 370 0.000107 0
775 189 786 207 0.000103 0
1263 298 1279 457 0.000100 0
939 217 1007 263 0.861142 1
1112 215 1147 254 0.783469 1
783 234 832 277 0.649717 1
1059 222 1095 269 0.553168 1
823 238 856 277 0.131595 1
922 203 944 242 0.091527 1
510 227 534 292 0.020109 1
868 242 905 274 0.011301 1
1100 227 1117 248 0.005983 1
515 228 530 247 0.003113 1
1084 216 1100 246 0.001743 1
994 223 1070 261 0.001247 1
1056 225 1065 245 0.000606 1
959 213 975 246 0.000541 1
830 207 1027 292 0.000491 1
672 215 845 278 0.000456 1
979 235 998 260 0.000424 1
874 264 899 287 0.000384 1
1006 236 1031 255 0.000347 1
893 263 915 292 0.000336 1
907 268 944 296 0.000328 1
1057 209 1197 278 0.000316 1
896 227 914 248 0.000257 1
496 236 518 295 0.000214 1
772 248 787 270 0.000206 1
929 239 943 254 0.000197 1
1007 198 1051 229 0.101477 2
821 329 848 344 0.036350 2
1184 228 1279 266 0.021565 2
605 199 652 215 0.019652 2
1271 199 1279 237 0.017391 2
695 202 727 234 0.009174 2
304 191 313 198 0.006148 2
312 186 323 199 0.005268 2
1104 487 1117 495 0.005025 2
862 177 958 251 0.003742 2
552 200 568 216 0.003641 2
527 198 551 218 0.003159 2
1152 267 1214 344 0.002807 2
833 212 900 274 0.002633 2
824 282 848 300 0.002239 2
680 199 690 215 0.002071 2
1120 489 1135 496 0.001988 2
581 183 622 201 0.001708 2
588 200 618 214 0.001633 2
662 272 688 283 0.001359 2
387 198 397 206 0.001353 2
1232 179 1279 235 0.001272 2
848 469 867 479 0.001224 2
1045 195 1065 229 0.001105 2
1262 248 1279 269 0.001103 2
1261 169 1279 181 0.001096 2
1008 465 1024 472 0.001032 2
985 200 1002 217 0.000994 2
1094 495 1104 504 0.000960 2
1230 271 1279 367 0.000903 2
863 215 879 238 0.000865 2
1249 217 1266 233 0.000760 2
924 201 950 211 0.000732 2
1201 251 1279 292 0.000717 2
673 201 698 233 0.000714 2
907 178 953 206 0.000640 2
560 248 591 279 0.000633 2
1185 274 1214 286 0.000600 2
923 455 938 463 0.000573 2
452 202 465 223 0.000556 2
880 443 903 457 0.000493 2
1222 502 1232 511 0.000488 2
1056 487 1074 498 0.000483 2
815 328 888 364 0.000479 2
294 181 307 199 0.000464 2
1101 195 1120 209 0.000428 2
1063 464 1071 471 0.000424 2
1122 496 1136 506 0.000414 2
715 201 797 236 0.000402 2
832 480 840 487 0.000400 2
992 205 1016 240 0.000374 2
1263 338 1279 370 0.000373 2
902 456 913 463 0.000365 2
863 333 884 344 0.000360 2
1071 327 1087 340 0.000346 2
624 264 681 284 0.000339 2
319 205 331 231 0.000316 2
1207 257 1229 272 0.000311 2
913 455 927 464 0.000306 2
432 176 757 228 0.000305 2
651 185 671 216 0.000269 2
817 457 832 472 0.000263 2
1111 501 1120 510 0.000262 2
923 202 979 243 0.000255 2
781 332 837 377 0.000248 2
1106 492 1122 507 0.000247 2
1200 412 1216 424 0.000240 2
127 206 137 219 0.000234 2
879 475 895 487 0.000228 2
1045 483 1054 490 0.000225 2
1023 479 1033 488 0.000224 2
1223 157 1279 182 0.000221 2
1149 198 1176 218 0.000221 2
545 265 559 281 0.000220 2
983 445 992 459 0.000195 2
398 201 410 206 0.000194 2
909 466 943 486 0.000190 2
893 198 913 237 0.000177 2
1263 364 1279 378 0.000175 2
688 273 1017 346 0.000171 2
1071 193 1147 250 0.000167 2
896 473 916 486 0.000166 2
815 358 832 377 0.000165 2
968 456 975 462 0.000159 2
1039 459 1050 471 0.000158 2
1177 381 1185 392 0.000157 2
1214 256 1231 327 0.000154 2
1118 472 1127 478 0.000151 2
1101 165 1148 205 0.000149 2
636 378 657 396 0.000146 2
343 164 921 314 0.000146 2
1122 270 1168 334 0.000144 2
911 445 925 458 0.000142 2
460 212 560 261 0.000138 2
1186 345 1276 415 0.000131 2
1161 502 1177 510 0.000127 2
1144 502 1163 509 0.000126 2
1110 176 1226 237 0.000125 2
715 301 767 317 0.000123 2
1010 478 1027 488 0.000122 2
1079 324 1156 346 0.000118 2
1015 334 1024 345 0.000116 2
95 200 103 208 0.000114 2
1140 336 1206 360 0.000111 2
255 198 267 211 0.000107 2
666 454 687 464 0.000106 2
623 261 688 368 0.000106 2
1151 269 1172 284 0.000103 2
832 457 859 476 0.000102 2
1220 167 1279 236 0.006213 5
1261 169 1279 210 0.000589 5
803 169 939 217 0.000265 5
479 173 518 215 0.000233 5
1101 165 1151 208 0.000227 5
643 263 1277 452 0.036282 6
1143 269 1279 417 0.005221 6
880 267 1177 343 0.002871 6
1180 169 1279 275 0.002740 6
0 64 75 249 0.001479 6
1023 402 1274 475 0.000541 6
662 234 1221 297 0.000373 6
1264 283 1279 403 0.000175 6
0 142 39 206 0.000172 6
576 64 675 215 0.000111 6
866 177 954 230 0.308600 7
702 152 859 234 0.131045 7
587 183 655 215 0.013121 7
701 184 728 234 0.009146 7
1220 177 1279 266 0.003273 7
804 159 858 205 0.002432 7
761 214 920 274 0.001503 7
1261 168 1279 236 0.000487 7
482 175 567 217 0.000430 7
592 154 744 222 0.000384 7
602 154 639 199 0.000269 7
469 154 936 322 0.000159 7
623 265 769 375 0.000153 7
293 176 307 198 0.000137 7
1101 163 1231 219 0.000135 7
555 178 580 215 0.000133 7
1088 151 1102 176 0.537806 9
512 152 524 181 0.113201 9
1006 136 1024 175 0.078794 9
364 167 373 188 0.041558 9
373 167 381 184 0.031738 9
239 178 247 191 0.025926 9
979 142 993 166 0.012613 9
449 157 490 171 0.012065 9
995 138 1002 170 0.007471 9
1199 385 1208 414 0.007133 9
1207 168 1215 188 0.006812 9
119 64 160 75 0.006295 9
312 149 341 194 0.005555 9
1200 136 1213 152 0.005199 9
965 373 979 389 0.005026 9
999 137 1009 182 0.004862 9
223 183 231 191 0.004703 9
910 273 927 296 0.004661 9
215 183 223 191 0.004108 9
1124 64 1151 78 0.003936 9
1097 133 1106 153 0.003548 9
1213 168 1224 184 0.003343 9
557 184 567 198 0.003326 9
1181 166 1200 217 0.003294 9
1080 172 1088 182 0.003261 9
844 151 859 166 0.003238 9
847 181 857 210 0.002962 9
843 119 856 135 0.002742 9
804 149 813 159 0.002529 9
1021 157 1030 170 0.002247 9
162 64 181 75 0.002110 9
1000 135 1103 179 0.001903 9
811 162 858 187 0.001822 9
1230 168 1246 181 0.001656 9
587 173 593 184 0.001598 9
257 145 267 159 0.001400 9
813 150 822 160 0.001295 9
960 135 988 162 0.001187 9
1023 150 1040 161 0.001118 9
512 189 522 201 0.001109 9
1199 135 1217 201 0.001025 9
698 135 704 152 0.001017 9
831 136 904 166 0.000988 9
1172 149 1182 162 0.000933 9
121 164 127 174 0.000872 9
257 180 262 191 0.000863 9
1225 166 1232 180 0.000812 9
1053 111 1083 144 0.000808 9
999 125 1006 136 0.000799 9
1155 163 1168 184 0.000785 9
1050 120 1063 136 0.000760 9
1192 160 1201 185 0.000751 9
521 182 538 199 0.000694 9
908 137 937 152 0.000688 9
172 64 201 89 0.000648 9
1079 135 1090 147 0.000622 9
464 183 475 199 0.000617 9
1048 171 1057 184 0.000616 9
680 167 687 182 0.000600 9
545 141 551 151 0.000598 9
658 152 670 173 0.000585 9
544 168 552 179 0.000572 9
214 165 223 176 0.000565 9
1129 165 1146 184 0.000561 9
864 117 870 136 0.000561 9
870 119 879 134 0.000531 9
957 338 986 395 0.000523 9
895 155 906 174 0.000522 9
322 93 330 115 0.000509 9
536 180 554 201 0.000507 9
992 282 999 296 0.000495 9
861 112 869 118 0.000495 9
519 167 541 183 0.000492 9
553 173 580 204 0.000491 9
95 169 103 176 0.000483 9
1135 327 1145 345 0.000467 9
689 119 702 179 0.000439 9
340 165 351 190 0.000432 9
905 127 912 138 0.000410 9
586 117 597 133 0.000405 9
696 151 704 176 0.000391 9
864 165 870 178 0.000391 9
1248 346 1262 359 0.000366 9
248 178 256 191 0.000364 9
880 154 895 172 0.000357 9
1045 155 1058 168 0.000343 9
943 130 956 148 0.000336 9
1056 153 1065 167 0.000333 9
653 128 660 143 0.000332 9
265 215 275 232 0.000316 9
429 222 439 229 0.000290 9
1216 64 1232 104 0.000283 9
598 135 605 143 0.000281 9
1087 375 1102 395 0.000281 9
1087 134 1134 183 0.000279 9
588 176 603 188 0.000278 9
432 171 446 193 0.000275 9
240 166 248 178 0.000274 9
831 136 855 154 0.000271 9
597 64 624 88 0.000270 9
832 118 843 135 0.000264 9
447 150 559 192 0.000258 9
373 149 382 164 0.000245 9
1211 164 1242 207 0.000242 9
1102 164 1149 213 0.000239 9
1064 105 1073 122 0.000229 9
255 112 266 129 0.000221 9
966 123 982 136 0.000217 9
1052 162 1063 190 0.000211 9
219 164 232 175 0.000207 9
1152 125 1161 135 0.000190 9
1025 126 1040 157 0.000182 9
1051 183 1062 198 0.000180 9
255 160 262 176 0.000180 9
664 119 671 141 0.000178 9
1187 358 1213 414 0.000175 9
1075 116 1087 143 0.000172 9
487 174 495 183 0.000172 9
959 159 990 169 0.000171 9
804 161 932 216 0.000170 9
1107 149 1120 168 0.000169 9
399 84 410 96 0.000167 9
320 64 364 110 0.000164 9
581 64 595 72 0.000163 9
1043 134 1062 161 0.000162 9
951 348 959 372 0.000150 9
1207 369 1224 412 0.000149 9
95 152 105 174 0.000149 9
999 180 1008 192 0.000142 9
1119 311 1136 386 0.000141 9
991 280 1006 329 0.000140 9
258 161 270 179 0.000139 9
907 123 1181 222 0.000130 9
613 153 635 173 0.000127 9
1072 149 1082 168 0.000127 9
602 154 659 208 0.000126 9
1167 141 1181 153 0.000123 9
414 177 421 192 0.000120 9
549 141 561 151 0.000120 9
317 89 332 156 0.000120 9
377 162 409 185 0.000115 9
458 181 465 198 0.000114 9
462 169 474 187 0.000114 9
351 163 369 191 0.000111 9
238 194 255 217 0.000111 9
991 679 1001 703 0.000110 9
569 162 581 181 0.000110 9
1072 166 1090 190 0.000109 9
248 163 257 175 0.000109 9
896 278 913 310 0.000108 9
215 178 240 196 0.000108 9
293 177 308 198 0.000107 9
693 173 706 204 0.000103 9
656 163 694 213 0.000102 9
1181 191 1199 216 0.032259 11
523 183 536 196 0.029357 11
1233 197 1256 232 0.027069 11
312 148 341 194 0.010585 11
325 110 366 164 0.010068 11
518 189 526 200 0.002894 11
1055 112 1083 145 0.001677 11
46 65 71 121 0.000594 11
