510 191 552 294 0.723369 0
942 194 968 247 0.571517 0
792 195 816 270 0.502399 0
872 192 894 264 0.353321 0
1081 199 1109 266 0.232804 0
226 200 240 232 0.216520 0
1036 196 1050 230 0.215937 0
183 201 193 227 0.167136 0
1121 192 1135 216 0.109916 0
718 211 728 234 0.076400 0
845 201 858 233 0.075089 0
776 197 798 267 0.061306 0
471 201 479 217 0.036792 0
840 199 881 271 0.022822 0
1271 199 1279 246 0.017179 0
812 209 827 239 0.012704 0
1155 198 1166 219 0.011808 0
1015 201 1026 223 0.011288 0
1112 193 1119 203 0.010176 0
161 204 173 229 0.008639 0
633 202 644 216 0.006775 0
863 438 877 478 0.006055 0
243 197 255 215 0.005255 0
1232 197 1256 234 0.004991 0
805 189 816 213 0.004528 0
510 194 524 241 0.004321 0
466 199 478 249 0.004277 0
213 200 222 228 0.004207 0
375 185 386 202 0.004041 0
937 204 946 223 0.003720 0
367 208 374 217 0.002995 0
999 384 1022 401 0.002967 0
959 210 978 237 0.002566 0
460 202 467 217 0.002453 0
1216 205 1229 233 0.002393 0
885 204 907 241 0.002375 0
949 272 960 295 0.002256 0
1060 209 1083 251 0.001942 0
1231 169 1246 181 0.001838 0
964 369 987 392 0.001661 0
1181 167 1201 216 0.001592 0
195 207 207 226 0.001546 0
1251 201 1266 232 0.001542 0
914 472 928 487 0.001312 0
351 190 357 200 0.001222 0
1215 187 1224 209 0.001219 0
680 199 690 215 0.001183 0
626 181 646 202 0.001070 0
786 330 815 390 0.000958 0
1098 193 1123 218 0.000898 0
1209 169 1228 218 0.000808 0
879 438 889 459 0.000776 0
1072 485 1081 500 0.000754 0
346 188 353 199 0.000699 0
957 200 1129 266 0.000693 0
799 440 816 473 0.000686 0
670 208 679 230 0.000686 0
311 186 323 198 0.000683 0
640 206 654 216 0.000676 0
654 195 663 217 0.000657 0
386 198 396 206 0.000611 0
832 470 840 486 0.000597 0
991 456 999 464 0.000568 0
320 203 330 219 0.000557 0
973 192 982 202 0.000551 0
894 436 904 457 0.000542 0
830 64 839 70 0.000516 0
1119 312 1134 344 0.000472 0
328 185 342 199 0.000453 0
991 384 1024 456 0.000432 0
242 216 251 239 0.000423 0
877 438 904 482 0.000416 0
266 197 272 211 0.000394 0
1214 197 1279 295 0.000391 0
1086 184 1098 203 0.000389 0
1247 423 1254 431 0.000383 0
1075 332 1088 343 0.000375 0
1075 182 1235 248 0.000368 0
1148 283 1167 353 0.000365 0
1160 329 1167 347 0.000364 0
1135 445 1143 457 0.000349 0
1084 152 1108 217 0.000305 0
1263 64 1279 75 0.000284 0
154 203 164 230 0.000273 0
981 350 993 384 0.000265 0
798 418 809 437 0.000261 0
1046 483 1055 489 0.000260 0
692 208 707 234 0.000259 0
332 182 902 292 0.000248 0
1121 442 1134 473 0.000245 0
25 215 41 255 0.000244 0
0 190 5 205 0.000233 0
1067 64 1152 75 0.000230 0
1027 278 1038 294 0.000227 0
975 348 1024 392 0.000217 0
1190 497 1200 504 0.000196 0
1022 440 1036 464 0.000191 0
896 473 907 484 0.000188 0
1176 212 1185 223 0.000182 0
1217 404 1232 432 0.000181 0
948 343 978 389 0.000179 0
32 214 40 228 0.000179 0
918 341 1011 433 0.000176 0
1191 359 1213 415 0.000175 0
826 328 848 391 0.000171 0
1044 279 1056 296 0.000170 0
925 445 934 457 0.000169 0
125 210 134 228 0.000164 0
991 190 1002 214 0.000155 0
189 199 243 239 0.000154 0
1207 367 1224 411 0.000152 0
738 202 744 215 0.000151 0
1104 312 1111 326 0.000150 0
400 184 409 202 0.000150 0
718 127 1219 267 0.000144 0
1167 380 1179 392 0.000143 0
1131 273 1148 334 0.000137 0
659 190 672 217 0.000136 0
1145 329 1154 344 0.000131 0
1011 451 1024 467 0.000130 0
624 64 640 77 0.000126 0
578 64 647 93 0.000126 0
438 211 444 218 0.000124 0
753 64 1157 110 0.000124 0
1023 220 1090 334 0.000121 0
1135 325 1146 348 0.000121 0
791 319 814 345 0.000120 0
816 456 832 474 0.000112 0
694 199 846 274 0.000111 0
575 78 584 100 0.000110 0
768 253 846 346 0.000108 0
903 336 925 378 0.000106 0
1265 158 1279 182 0.000103 0
271 201 278 217 0.000101 0
1120 184 1169 219 0.000101 0
919 216 990 262 0.810237 1
1104 216 1139 254 0.574853 1
767 225 821 277 0.569709 1
838 221 891 280 0.305589 1
1076 232 1111 265 0.226960 1
887 210 911 242 0.014378 1
962 200 992 226 0.008131 1
805 240 822 270 0.005385 1
919 214 937 246 0.004453 1
870 243 915 289 0.003475 1
1101 227 1113 253 0.002810 1
809 241 857 280 0.001514 1
968 218 986 235 0.001483 1
1003 234 1025 254 0.001267 1
910 271 944 296 0.000946 1
999 239 1064 262 0.000594 1
941 215 961 249 0.000383 1
970 218 1029 255 0.000234 1
896 225 935 263 0.000230 1
1036 230 1092 286 0.000227 1
924 250 992 303 0.000189 1
767 212 790 236 0.000133 1
1007 198 1053 229 0.068758 2
1167 270 1215 329 0.064180 2
484 199 514 217 0.052164 2
1185 227 1279 265 0.036128 2
821 329 848 344 0.026409 2
598 199 651 216 0.019067 2
960 199 979 215 0.011174 2
990 203 1022 226 0.008386 2
1150 269 1280 413 0.007914 2
700 184 729 233 0.004451 2
1263 199 1279 236 0.003684 2
1104 487 1120 495 0.003140 2
304 191 313 198 0.003007 2
870 181 937 230 0.002766 2
551 199 571 216 0.002518 2
588 183 622 201 0.002351 2
312 186 323 199 0.002307 2
1221 165 1279 182 0.002231 2
1071 197 1098 232 0.002100 2
978 205 994 226 0.001992 2
1262 248 1279 269 0.001561 2
1224 177 1279 237 0.001539 2
1184 274 1214 285 0.001501 2
1231 169 1247 181 0.001225 2
680 199 690 215 0.001201 2
1120 488 1136 497 0.001124 2
911 190 1093 233 0.001079 2
531 200 553 217 0.001040 2
1214 274 1231 328 0.000907 2
917 201 949 242 0.000890 2
662 273 688 283 0.000826 2
1042 201 1066 232 0.000798 2
873 216 914 267 0.000718 2
387 199 397 206 0.000713 2
848 469 868 479 0.000667 2
1188 270 1279 293 0.000665 2
672 205 699 233 0.000605 2
705 193 1213 267 0.000599 2
1263 344 1279 379 0.000596 2
513 183 574 217 0.000564 2
1223 282 1279 329 0.000489 2
804 184 857 240 0.000452 2
648 184 671 217 0.000422 2
474 203 485 217 0.000408 2
1209 161 1243 216 0.000402 2
1119 495 1137 506 0.000397 2
825 282 849 300 0.000375 2
785 328 848 367 0.000371 2
1142 265 1187 365 0.000366 2
709 202 790 235 0.000360 2
1150 471 1167 479 0.000299 2
555 184 572 202 0.000280 2
1218 499 1232 512 0.000278 2
1207 257 1229 273 0.000274 2
1150 183 1200 218 0.000264 2
453 202 465 223 0.000260 2
294 180 307 199 0.000246 2
470 190 851 219 0.000244 2
1071 327 1087 341 0.000226 2
247 680 273 703 0.000213 2
127 208 136 219 0.000210 2
1199 369 1267 425 0.000202 2
1263 366 1279 416 0.000199 2
864 333 885 344 0.000189 2
1063 207 1219 334 0.000187 2
1055 190 1082 224 0.000185 2
624 266 643 284 0.000176 2
95 200 102 209 0.000173 2
1008 467 1024 473 0.000166 2
471 189 480 203 0.000149 2
1100 178 1136 211 0.000149 2
921 455 938 463 0.000143 2
1094 496 1104 505 0.000141 2
667 454 686 464 0.000138 2
610 171 654 208 0.000136 2
1111 502 1120 510 0.000134 2
1078 312 1152 345 0.000123 2
1214 366 1226 390 0.000122 2
1262 298 1280 357 0.000115 2
903 456 913 463 0.000113 2
1160 501 1177 510 0.000113 2
1142 339 1200 360 0.000111 2
638 270 658 283 0.000108 2
0 198 7 206 0.000107 2
448 155 491 171 0.000106 2
1211 334 1279 389 0.000103 2
480 170 559 217 0.011797 5
1180 162 1279 270 0.008162 5
1261 169 1279 202 0.000932 5
866 177 933 215 0.000407 5
1209 163 1236 222 0.000337 5
1263 76 1279 268 0.000134 5
642 263 1277 398 0.019156 6
1156 274 1279 417 0.002689 6
1075 165 1279 279 0.000717 6
640 230 1022 299 0.000688 6
1 65 74 240 0.000579 6
868 261 1095 316 0.000314 6
665 331 956 458 0.000280 6
1032 261 1191 334 0.000196 6
452 149 934 235 0.000184 6
1001 407 1267 477 0.000104 6
865 177 949 244 0.134517 7
703 152 859 233 0.098765 7
1181 160 1279 265 0.003800 7
701 184 729 222 0.003686 7
589 183 622 201 0.003397 7
481 168 575 216 0.002451 7
757 182 1134 262 0.001828 7
646 232 1253 315 0.001331 7
805 181 857 219 0.000880 7
1261 168 1279 206 0.000669 7
600 151 754 231 0.000259 7
556 180 580 205 0.000162 7
460 155 947 285 0.000152 7
1005 182 1065 227 0.000106 7
826 135 941 176 0.000100 7
1088 151 1102 176 0.518666 9
1006 136 1025 175 0.057349 9
512 151 524 178 0.044763 9
365 167 373 188 0.032580 9
373 167 381 184 0.022256 9
979 141 993 166 0.012462 9
998 136 1012 179 0.010784 9
449 157 490 171 0.010197 9
1207 169 1215 198 0.009051 9
119 64 160 76 0.008833 9
965 373 980 391 0.008299 9
239 178 246 191 0.008038 9
995 138 1002 170 0.007815 9
841 151 859 166 0.007483 9
1181 190 1199 216 0.006292 9
312 149 341 194 0.005872 9
1125 64 1151 75 0.005472 9
1130 165 1146 185 0.004323 9
1212 167 1224 186 0.004026 9
1097 133 1106 155 0.002866 9
1200 136 1212 152 0.002729 9
841 119 859 135 0.002390 9
895 155 906 175 0.002243 9
803 149 813 160 0.002171 9
802 156 858 193 0.002090 9
1188 165 1201 185 0.002016 9
222 183 231 191 0.001999 9
1080 172 1089 182 0.001853 9
1199 384 1208 414 0.001697 9
215 183 224 192 0.001546 9
163 64 180 75 0.001445 9
909 272 928 296 0.001340 9
1232 170 1246 181 0.001268 9
998 133 1104 182 0.001131 9
257 146 267 159 0.001094 9
1052 112 1083 146 0.001073 9
1198 136 1218 202 0.001045 9
847 181 858 213 0.001044 9
1154 163 1168 184 0.001043 9
992 282 999 300 0.000961 9
832 135 895 159 0.000874 9
1021 128 1040 160 0.000863 9
905 127 912 137 0.000812 9
545 141 551 151 0.000788 9
813 150 823 160 0.000787 9
697 133 704 152 0.000786 9
999 125 1006 136 0.000758 9
1048 170 1056 184 0.000754 9
1172 149 1182 162 0.000731 9
557 184 567 198 0.000727 9
1050 120 1063 135 0.000706 9
864 164 870 181 0.000698 9
907 137 937 152 0.000688 9
879 154 895 173 0.000593 9
597 134 605 143 0.000592 9
924 167 960 184 0.000582 9
586 117 597 133 0.000580 9
988 124 997 153 0.000564 9
653 128 660 143 0.000538 9
587 173 594 186 0.000529 9
656 152 671 174 0.000497 9
1216 64 1232 104 0.000472 9
954 337 988 391 0.000455 9
1086 147 1105 262 0.000453 9
1079 134 1090 147 0.000442 9
688 119 702 183 0.000435 9
861 112 869 118 0.000428 9
1096 156 1141 206 0.000421 9
171 64 201 89 0.000407 9
1055 165 1063 186 0.000402 9
801 153 813 188 0.000401 9
870 119 879 135 0.000399 9
1107 152 1119 169 0.000384 9
965 173 975 186 0.000374 9
864 117 870 136 0.000371 9
463 184 478 201 0.000368 9
990 679 1008 703 0.000347 9
696 151 705 176 0.000296 9
510 144 524 151 0.000289 9
959 158 984 168 0.000289 9
1064 105 1073 123 0.000280 9
598 64 624 88 0.000261 9
1051 183 1061 197 0.000260 9
321 92 330 116 0.000256 9
1044 156 1057 168 0.000243 9
1073 150 1082 168 0.000235 9
918 159 997 208 0.000225 9
1248 346 1262 360 0.000222 9
831 117 842 135 0.000221 9
121 164 128 174 0.000218 9
1056 153 1065 168 0.000217 9
340 164 351 190 0.000216 9
1120 160 1200 219 0.000205 9
945 71 977 92 0.000198 9
486 171 550 200 0.000192 9
998 177 1008 192 0.000191 9
680 167 688 185 0.000190 9
548 141 562 151 0.000186 9
944 128 952 137 0.000183 9
430 223 438 230 0.000171 9
1264 79 1279 120 0.000169 9
248 178 256 191 0.000165 9
929 150 944 169 0.000163 9
593 123 602 144 0.000160 9
942 132 956 150 0.000160 9
215 183 225 221 0.000157 9
664 119 671 142 0.000153 9
969 123 983 139 0.000153 9
215 164 224 177 0.000150 9
950 345 961 384 0.000150 9
1199 361 1225 415 0.000149 9
1175 141 1205 188 0.000146 9
1104 131 1131 171 0.000144 9
255 111 266 129 0.000142 9
432 171 446 194 0.000137 9
257 180 262 191 0.000134 9
543 160 581 203 0.000132 9
1072 163 1091 192 0.000131 9
581 64 595 71 0.000131 9
1003 161 1063 204 0.000131 9
1040 127 1063 165 0.000128 9
1148 134 1189 180 0.000124 9
377 165 390 185 0.000114 9
95 168 104 176 0.000114 9
625 118 631 127 0.000112 9
575 136 581 143 0.000112 9
816 171 935 216 0.000111 9
320 64 364 111 0.000110 9
635 153 672 212 0.000109 9
265 215 276 232 0.000106 9
587 153 635 189 0.000106 9
240 166 248 178 0.000105 9
399 84 410 96 0.000103 9
373 149 382 165 0.000103 9
1231 196 1256 233 0.045543 11
1181 191 1199 216 0.042646 11
325 110 366 164 0.008926 11
312 149 341 194 0.008711 11
523 183 536 198 0.002844 11
1054 112 1083 146 0.001536 11
449 157 491 171 0.001433 11
46 64 73 121 0.001007 11
