731 200 768 271 0.757896 0
800 192 838 268 0.753708 0
937 189 970 263 0.733913 0
1166 201 1187 249 0.672023 0
1069 190 1093 258 0.365414 0
848 199 857 223 0.135780 0
803 184 815 214 0.101601 0
1229 195 1258 261 0.025113 0
718 212 728 234 0.020333 0
1271 200 1279 237 0.019632 0
223 201 239 232 0.019252 0
1113 194 1120 202 0.016360 0
787 196 794 213 0.015510 0
1218 211 1232 234 0.010906 0
538 178 568 254 0.009335 0
633 202 644 216 0.008789 0
953 373 980 452 0.008601 0
612 151 632 168 0.008428 0
966 211 990 235 0.008185 0
1039 201 1050 229 0.007546 0
782 196 797 240 0.007466 0
793 194 812 240 0.004794 0
950 274 960 292 0.004574 0
470 204 478 218 0.003514 0
879 200 909 242 0.003198 0
844 201 868 242 0.002762 0
244 196 255 215 0.002497 0
998 382 1024 422 0.002424 0
1258 200 1279 269 0.002350 0
1253 203 1266 231 0.002048 0
864 218 874 236 0.002023 0
951 189 959 207 0.001949 0
896 201 905 225 0.001685 0
1120 313 1129 344 0.001614 0
1183 205 1203 236 0.001598 0
460 204 466 216 0.001368 0
1214 191 1227 217 0.001304 0
681 199 690 216 0.001156 0
866 214 886 266 0.001053 0
1209 203 1218 220 0.001047 0
516 192 527 208 0.001037 0
953 204 975 226 0.001037 0
557 184 566 199 0.001017 0
788 330 814 345 0.000960 0
864 440 878 462 0.000942 0
632 184 642 199 0.000922 0
725 201 748 227 0.000866 0
212 199 220 228 0.000855 0
1057 211 1079 298 0.000850 0
964 372 980 395 0.000850 0
916 202 939 241 0.000820 0
199 208 206 219 0.000796 0
1072 483 1081 501 0.000790 0
640 206 653 216 0.000734 0
375 185 387 202 0.000723 0
802 174 852 215 0.000689 0
1136 447 1143 461 0.000485 0
1192 242 1226 269 0.000484 0
944 349 966 407 0.000482 0
972 358 992 393 0.000474 0
775 174 961 284 0.000453 0
1147 278 1168 355 0.000450 0
1202 365 1232 431 0.000439 0
931 237 963 294 0.000425 0
653 198 664 217 0.000422 0
914 453 929 485 0.000417 0
1119 274 1143 344 0.000398 0
0 338 16 365 0.000393 0
822 197 838 224 0.000392 0
604 174 615 182 0.000391 0
670 208 679 230 0.000356 0
776 189 790 206 0.000351 0
631 201 661 234 0.000342 0
1062 174 1268 268 0.000340 0
1056 488 1066 497 0.000318 0
983 230 1003 271 0.000301 0
602 159 637 199 0.000282 0
463 165 574 272 0.000279 0
1038 276 1058 333 0.000275 0
692 214 703 238 0.000270 0
1072 331 1088 342 0.000264 0
512 192 530 245 0.000254 0
184 198 191 207 0.000253 0
881 440 904 457 0.000248 0
771 252 784 278 0.000248 0
264 196 272 211 0.000224 0
158 204 171 228 0.000218 0
1195 378 1208 411 0.000211 0
664 197 672 217 0.000204 0
78 64 165 76 0.000190 0
1249 346 1262 360 0.000187 0
821 209 874 281 0.000174 0
1088 259 1097 270 0.000165 0
749 455 765 472 0.000162 0
1024 268 1039 294 0.000162 0
272 199 279 219 0.000161 0
1069 64 1080 69 0.000160 0
988 358 1024 395 0.000159 0
1127 444 1134 469 0.000157 0
1035 380 1054 424 0.000151 0
319 203 331 222 0.000149 0
242 215 251 240 0.000143 0
386 197 396 206 0.000140 0
848 463 868 479 0.000139 0
662 695 815 703 0.000138 0
1144 328 1155 344 0.000137 0
1201 406 1216 423 0.000136 0
848 448 915 480 0.000136 0
1161 374 1167 388 0.000136 0
922 339 1020 455 0.000135 0
575 79 584 99 0.000135 0
1262 250 1279 296 0.000129 0
990 191 1001 213 0.000125 0
847 268 853 281 0.000121 0
767 179 781 199 0.000120 0
1053 185 1115 348 0.000118 0
579 64 651 94 0.000117 0
798 429 808 458 0.000117 0
1212 369 1223 390 0.000115 0
789 314 848 344 0.000113 0
542 64 665 207 0.000112 0
797 440 831 473 0.000112 0
606 192 659 282 0.000111 0
924 447 933 458 0.000112 0
744 150 752 157 0.000111 0
465 202 479 250 0.000108 0
1063 64 1149 75 0.000107 0
173 201 191 216 0.000106 0
639 159 645 167 0.000105 0
974 245 996 304 0.000103 0
351 189 358 199 0.000102 0
991 283 1000 296 0.000102 0
732 232 766 298 0.774538 1
1161 230 1189 263 0.706904 1
933 228 995 273 0.486248 1
776 214 819 258 0.283126 1
1070 216 1095 260 0.150395 1
804 229 818 257 0.031748 1
813 225 835 264 0.010962 1
961 208 990 236 0.008737 1
1042 230 1077 260 0.007737 1
915 221 943 253 0.001168 1
729 232 744 271 0.001144 1
727 214 865 300 0.000995 1
1183 225 1203 252 0.000879 1
750 231 787 241 0.000821 1
929 276 962 303 0.000702 1
718 212 745 239 0.000621 1
983 243 995 270 0.000560 1
833 222 851 247 0.000343 1
865 222 888 276 0.000167 1
817 257 834 280 0.000103 1
899 209 1105 317 0.000101 1
0 328 237 605 0.865354 2
991 197 1050 230 0.284381 2
697 201 719 217 0.116142 2
484 202 516 217 0.057582 2
606 201 647 216 0.027051 2
1122 271 1279 415 0.020417 2
590 183 622 201 0.011718 2
1263 280 1279 329 0.011157 2
834 218 855 242 0.010381 2
1003 235 1024 251 0.010351 2
0 490 67 612 0.007850 2
1099 198 1120 209 0.005957 2
535 201 544 221 0.005940 2
1262 199 1279 233 0.005734 2
821 328 848 344 0.005265 2
0 329 47 373 0.005247 2
1115 221 1131 232 0.005026 2
863 183 980 253 0.004239 2
0 328 24 346 0.004094 2
1100 225 1119 248 0.004042 2
680 199 690 216 0.002203 2
1114 220 1166 241 0.002167 2
883 199 907 226 0.001975 2
1043 195 1072 227 0.001859 2
1184 267 1279 294 0.001772 2
508 196 518 215 0.001751 2
967 206 993 233 0.001685 2
1099 207 1133 222 0.001522 2
1243 206 1279 269 0.001520 2
1074 206 1123 253 0.001479 2
1263 351 1279 407 0.001477 2
702 198 748 231 0.001446 2
558 185 571 199 0.001326 2
589 200 616 215 0.001320 2
693 209 703 234 0.001244 2
866 224 883 243 0.001051 2
1215 277 1231 328 0.001045 2
449 157 491 171 0.001042 2
1104 487 1120 495 0.000965 2
678 211 697 233 0.000946 2
622 188 654 206 0.000921 2
1263 249 1279 269 0.000908 2
1263 168 1279 181 0.000854 2
1184 274 1214 285 0.000847 2
458 203 465 216 0.000715 2
1120 488 1135 497 0.000666 2
311 187 323 198 0.000606 2
477 168 575 257 0.000601 2
304 190 315 198 0.000555 2
963 268 1220 333 0.000553 2
561 197 579 216 0.000538 2
916 201 940 242 0.000512 2
903 456 913 463 0.000490 2
595 168 670 217 0.000440 2
1166 273 1216 331 0.000432 2
1208 180 1261 233 0.000394 2
1071 328 1087 340 0.000352 2
8 261 627 385 0.000350 2
1242 278 1268 327 0.000339 2
174 205 185 216 0.000328 2
1152 272 1168 339 0.000322 2
1104 184 1122 203 0.000302 2
848 466 870 479 0.000289 2
387 198 397 206 0.000288 2
832 478 840 486 0.000271 2
1201 355 1279 410 0.000263 2
1138 183 1203 212 0.000261 2
62 508 149 575 0.000252 2
798 192 859 251 0.000238 2
751 178 1236 262 0.000225 2
1094 497 1104 504 0.000224 2
991 248 1008 264 0.000216 2
571 241 590 248 0.000201 2
874 177 939 201 0.000195 2
356 216 368 229 0.000191 2
127 204 138 216 0.000187 2
15 447 37 472 0.000187 2
1070 311 1121 347 0.000159 2
471 188 479 204 0.000158 2
294 181 306 198 0.000151 2
651 182 671 211 0.000148 2
332 157 890 304 0.000135 2
893 478 913 487 0.000135 2
527 233 538 252 0.000135 2
0 443 25 503 0.000131 2
496 238 533 252 0.000128 2
1139 335 1209 360 0.000124 2
450 194 474 232 0.000123 2
448 206 455 218 0.000118 2
1203 412 1216 424 0.000116 2
47 359 80 372 0.000115 2
921 454 938 463 0.000114 2
926 272 996 306 0.000111 2
632 207 666 235 0.000107 2
0 274 16 302 0.000105 2
961 177 997 217 0.000104 2
1104 488 1138 507 0.000103 2
480 172 517 217 0.029322 5
1217 176 1279 266 0.007909 5
866 177 940 202 0.001130 5
810 161 857 180 0.000895 5
1263 174 1279 201 0.000495 5
542 161 581 185 0.000210 5
1263 71 1279 266 0.000172 5
445 156 518 180 0.000139 5
643 266 1278 412 0.008579 6
1099 172 1279 275 0.002652 6
1027 270 1234 345 0.000706 6
475 165 649 210 0.000614 6
0 64 74 255 0.000511 6
7 64 464 370 0.000431 6
655 193 1063 294 0.000426 6
577 66 672 211 0.000367 6
326 64 694 272 0.000342 6
118 64 258 98 0.000144 6
865 177 941 242 0.394413 7
704 152 859 233 0.160619 7
700 184 727 218 0.008227 7
807 160 858 205 0.007732 7
1218 177 1279 267 0.006994 7
1116 182 1230 250 0.005689 7
598 166 658 205 0.001513 7
1263 169 1279 242 0.000807 7
1095 164 1154 218 0.000720 7
810 179 1217 278 0.000313 7
542 162 582 203 0.000290 7
1005 183 1065 216 0.000211 7
10 64 557 374 0.000192 7
1088 150 1103 177 0.613629 9
512 151 524 181 0.093262 9
1007 136 1024 174 0.088383 9
1022 128 1040 161 0.023495 9
373 167 381 184 0.021364 9
366 167 373 186 0.019374 9
119 64 159 74 0.015893 9
831 136 861 166 0.012542 9
848 181 858 211 0.012505 9
1207 168 1215 187 0.012092 9
995 139 1001 170 0.007771 9
449 157 490 171 0.007050 9
976 138 994 165 0.006997 9
1047 159 1056 180 0.006768 9
960 135 976 160 0.006047 9
239 177 246 190 0.005944 9
1073 151 1082 168 0.004988 9
1172 150 1182 162 0.004817 9
1096 135 1105 152 0.004716 9
1052 115 1066 136 0.004087 9
1213 168 1224 185 0.004014 9
1080 172 1088 182 0.003994 9
1181 183 1200 217 0.002794 9
865 442 875 455 0.002753 9
840 119 851 134 0.002656 9
511 190 520 203 0.002560 9
975 168 992 184 0.002521 9
1061 112 1082 144 0.002509 9
810 161 857 180 0.002474 9
814 149 823 159 0.002218 9
967 72 976 86 0.002026 9
1130 64 1152 72 0.001918 9
847 119 866 136 0.001611 9
1065 105 1072 117 0.001609 9
1200 135 1208 153 0.001573 9
878 155 889 168 0.001559 9
165 64 180 75 0.001414 9
1264 78 1279 104 0.001400 9
1216 190 1223 206 0.001331 9
1191 165 1201 185 0.001287 9
1046 126 1102 186 0.001146 9
689 119 700 153 0.001102 9
224 183 231 191 0.001016 9
1056 153 1064 168 0.000918 9
864 165 870 181 0.000905 9
870 119 879 133 0.000905 9
1229 166 1247 181 0.000832 9
259 143 269 159 0.000792 9
1108 149 1119 166 0.000782 9
991 679 1003 703 0.000777 9
999 125 1007 135 0.000769 9
999 143 1008 184 0.000749 9
871 138 895 156 0.000737 9
586 117 597 134 0.000725 9
898 136 937 152 0.000664 9
935 72 976 91 0.000644 9
1080 135 1091 146 0.000639 9
1214 277 1231 327 0.000589 9
118 64 199 91 0.000587 9
896 168 904 177 0.000563 9
863 119 870 136 0.000557 9
803 148 812 156 0.000556 9
974 188 981 200 0.000524 9
697 151 706 176 0.000517 9
214 183 224 192 0.000505 9
692 175 704 200 0.000503 9
1039 156 1052 171 0.000488 9
1078 156 1092 181 0.000475 9
514 167 545 183 0.000467 9
1083 183 1097 200 0.000464 9
692 181 723 216 0.000451 9
1043 178 1061 198 0.000447 9
265 215 275 232 0.000432 9
1198 383 1208 411 0.000417 9
374 183 390 201 0.000409 9
805 148 827 169 0.000408 9
1187 165 1217 201 0.000402 9
1099 153 1111 185 0.000392 9
582 64 595 70 0.000367 9
1153 164 1168 184 0.000367 9
340 165 351 189 0.000357 9
257 180 263 191 0.000336 9
398 83 410 96 0.000335 9
909 273 927 296 0.000325 9
1011 155 1058 187 0.000319 9
1144 165 1154 184 0.000309 9
1151 118 1160 135 0.000308 9
904 128 912 137 0.000303 9
771 695 809 703 0.000293 9
652 127 661 143 0.000292 9
461 185 479 203 0.000291 9
1024 119 1035 129 0.000283 9
944 161 997 213 0.000282 9
249 177 256 191 0.000271 9
1148 102 1187 177 0.000263 9
862 136 938 178 0.000262 9
903 70 942 120 0.000257 9
977 119 984 135 0.000253 9
959 159 988 169 0.000247 9
448 154 579 217 0.000244 9
896 89 904 104 0.000244 9
1209 164 1241 214 0.000235 9
981 118 995 140 0.000232 9
1103 163 1165 218 0.000218 9
951 346 960 376 0.000213 9
1157 135 1169 158 0.000212 9
964 122 981 142 0.000207 9
998 180 1009 198 0.000205 9
681 101 711 226 0.000202 9
215 165 225 177 0.000201 9
311 185 323 196 0.000198 9
315 135 359 196 0.000189 9
876 120 888 136 0.000186 9
256 157 265 173 0.000183 9
1199 65 1216 131 0.000176 9
322 93 330 118 0.000176 9
891 154 907 176 0.000175 9
663 119 670 145 0.000170 9
579 64 596 92 0.000168 9
240 165 248 178 0.000167 9
592 64 645 93 0.000166 9
907 127 1208 270 0.000160 9
680 167 689 208 0.000157 9
293 176 307 198 0.000155 9
1215 64 1232 105 0.000148 9
871 162 897 177 0.000147 9
416 64 431 96 0.000142 9
1103 679 1120 696 0.000142 9
247 216 256 237 0.000141 9
1064 64 1154 75 0.000140 9
1005 181 1067 220 0.000139 9
320 64 365 111 0.000138 9
664 147 671 170 0.000134 9
639 124 662 163 0.000134 9
1248 346 1263 359 0.000131 9
575 80 586 103 0.000128 9
703 80 722 95 0.000126 9
551 172 568 199 0.000116 9
576 64 722 230 0.000116 9
998 103 1025 121 0.000115 9
358 152 381 188 0.000110 9
545 141 552 152 0.000107 9
1230 85 1248 166 0.000104 9
1272 693 1279 704 0.000103 9
523 183 536 197 0.042649 11
312 149 341 194 0.034833 11
325 111 366 164 0.016102 11
1182 188 1199 216 0.013074 11
518 190 526 199 0.010345 11
448 157 491 171 0.001340 11
533 186 545 217 0.000302 11
