985 190 1020 257 0.721784 0
511 187 535 264 0.695229 0
766 201 808 280 0.678098 0
714 187 742 251 0.621387 0
1028 191 1054 239 0.416502 0
848 200 857 240 0.123376 0
781 187 807 222 0.102607 0
230 200 246 240 0.099115 0
243 195 255 216 0.034764 0
633 202 645 216 0.017854 0
1216 190 1222 204 0.009393 0
1016 204 1025 216 0.006416 0
1204 191 1225 240 0.005024 0
1010 206 1041 260 0.004884 0
720 184 736 207 0.004176 0
534 195 552 218 0.003929 0
934 201 943 215 0.003735 0
524 183 536 200 0.003191 0
1113 194 1120 203 0.002975 0
789 328 810 344 0.002552 0
964 372 980 391 0.002350 0
471 198 479 215 0.002205 0
878 200 905 243 0.002094 0
1191 209 1204 230 0.002087 0
1205 226 1217 249 0.001828 0
681 199 690 216 0.001786 0
641 205 653 216 0.001661 0
375 185 386 201 0.001654 0
850 195 869 277 0.001484 0
1231 167 1246 181 0.001467 0
271 199 279 216 0.001394 0
815 209 827 222 0.001215 0
692 208 701 230 0.001209 0
1271 199 1279 264 0.001165 0
267 198 273 213 0.001071 0
709 213 723 236 0.001057 0
612 152 624 168 0.000890 0
1263 64 1279 73 0.000861 0
975 189 981 200 0.000848 0
1177 213 1184 222 0.000840 0
654 198 661 217 0.000833 0
1104 312 1115 327 0.000813 0
1120 312 1129 329 0.000802 0
1213 180 1279 293 0.000787 0
1072 485 1080 499 0.000783 0
669 208 678 229 0.000748 0
459 202 467 216 0.000747 0
804 186 814 205 0.000729 0
923 201 945 245 0.000669 0
626 184 647 202 0.000640 0
1006 198 1020 216 0.000540 0
809 196 855 241 0.000512 0
1115 312 1143 344 0.000500 0
212 199 222 231 0.000476 0
784 327 816 393 0.000469 0
351 192 357 200 0.000459 0
1000 385 1024 403 0.000453 0
775 183 949 281 0.000453 0
975 372 991 392 0.000432 0
591 680 630 703 0.000426 0
695 183 703 202 0.000413 0
367 207 376 219 0.000410 0
602 151 633 190 0.000402 0
224 183 231 199 0.000399 0
557 184 566 197 0.000379 0
1075 332 1088 344 0.000375 0
1173 344 1189 361 0.000370 0
184 198 191 207 0.000370 0
1088 190 1099 209 0.000361 0
386 198 397 206 0.000360 0
575 280 597 351 0.000354 0
665 201 674 217 0.000339 0
458 182 933 272 0.000337 0
950 245 958 254 0.000325 0
462 192 479 258 0.000300 0
1041 279 1057 313 0.000293 0
345 186 353 199 0.000273 0
319 203 330 224 0.000270 0
1120 273 1154 331 0.000268 0
551 199 574 217 0.000254 0
775 236 827 345 0.000244 0
330 185 343 199 0.000241 0
1147 293 1168 352 0.000238 0
709 171 820 243 0.000234 0
215 183 225 211 0.000233 0
1067 204 1109 311 0.000225 0
1063 64 1152 75 0.000225 0
1215 198 1253 235 0.000215 0
1038 184 1054 207 0.000211 0
950 274 959 293 0.000192 0
1091 216 1122 270 0.000188 0
103 255 112 265 0.000187 0
944 354 985 394 0.000184 0
691 210 714 251 0.000179 0
1199 406 1215 415 0.000174 0
433 165 572 264 0.000172 0
992 284 1000 297 0.000163 0
1247 340 1264 379 0.000163 0
1216 407 1235 426 0.000159 0
999 181 1008 199 0.000156 0
1263 73 1279 263 0.000154 0
431 424 441 440 0.000144 0
1088 258 1097 269 0.000135 0
159 205 170 229 0.000128 0
614 661 649 703 0.000123 0
1025 226 1076 300 0.000123 0
199 205 209 218 0.000119 0
1272 150 1279 181 0.000115 0
821 280 848 345 0.000109 0
400 184 410 202 0.000107 0
910 275 925 296 0.000106 0
992 280 1007 328 0.000104 0
701 215 754 258 0.791002 1
982 229 1041 269 0.648089 1
755 237 811 299 0.631300 1
1023 222 1059 263 0.103055 1
0 528 83 661 0.029428 1
798 248 820 281 0.005097 1
791 235 810 252 0.001855 1
755 257 771 310 0.001177 1
968 222 992 262 0.000844 1
745 222 783 253 0.000507 1
701 231 718 257 0.000410 1
45 236 69 256 0.000395 1
0 527 16 655 0.000385 1
861 203 1054 272 0.000319 1
215 232 242 265 0.000240 1
862 261 909 285 0.000233 1
18 231 77 281 0.000229 1
753 232 966 325 0.000224 1
697 202 723 237 0.000100 1
0 284 639 690 0.576968 2
321 285 911 701 0.277000 2
606 201 648 216 0.016548 2
1149 270 1279 329 0.015292 2
484 199 513 217 0.014049 2
1009 200 1030 215 0.011822 2
1271 199 1279 235 0.011550 2
588 184 621 201 0.010445 2
1202 216 1223 236 0.008379 2
1184 216 1279 266 0.007223 2
821 328 848 344 0.005746 2
873 199 954 243 0.004736 2
1027 194 1073 246 0.004554 2
1098 222 1119 248 0.004037 2
1056 214 1091 247 0.002640 2
1102 199 1121 209 0.002628 2
304 190 313 198 0.002559 2
1263 481 1279 514 0.002403 2
1248 210 1268 234 0.002369 2
847 206 883 243 0.001924 2
0 420 118 661 0.001838 2
1222 179 1279 233 0.001591 2
1104 488 1135 506 0.001537 2
800 597 875 636 0.001494 2
803 184 853 232 0.001483 2
1188 212 1204 236 0.001287 2
991 455 999 463 0.001251 2
589 200 617 214 0.001132 2
1224 165 1279 182 0.001129 2
550 199 570 216 0.000970 2
1115 216 1182 228 0.000942 2
1217 220 1232 233 0.000887 2
1019 456 1031 464 0.000844 2
889 200 905 226 0.000842 2
961 205 986 223 0.000761 2
1086 185 1097 199 0.000757 2
1246 240 1279 267 0.000745 2
471 188 480 204 0.000592 2
1135 327 1277 421 0.000546 2
1064 195 1123 234 0.000494 2
0 449 16 608 0.000473 2
1114 222 1156 247 0.000449 2
0 348 10 361 0.000445 2
1210 497 1231 512 0.000444 2
928 199 955 207 0.000376 2
1023 483 1064 498 0.000355 2
319 204 332 231 0.000349 2
356 217 368 229 0.000335 2
695 196 723 217 0.000298 2
294 182 308 199 0.000294 2
1072 195 1096 210 0.000292 2
1263 351 1279 375 0.000279 2
172 205 191 216 0.000275 2
1263 480 1279 701 0.000268 2
989 182 1062 215 0.000265 2
1056 488 1066 497 0.000256 2
387 199 397 206 0.000253 2
1215 274 1233 326 0.000248 2
292 199 456 291 0.000245 2
680 205 702 232 0.000244 2
1184 275 1214 290 0.000243 2
1258 290 1279 394 0.000232 2
0 538 45 654 0.000190 2
1090 269 1143 329 0.000183 2
0 297 27 361 0.000182 2
1202 408 1215 416 0.000170 2
918 189 986 226 0.000169 2
527 248 600 280 0.000160 2
866 226 890 245 0.000157 2
1205 273 1279 294 0.000150 2
1103 184 1122 204 0.000148 2
736 202 788 235 0.000145 2
43 174 639 385 0.000140 2
1150 471 1168 478 0.000135 2
0 526 8 542 0.000132 2
1021 442 1037 457 0.000128 2
1132 278 1181 329 0.000122 2
778 530 806 547 0.000118 2
1072 327 1088 343 0.000117 2
862 197 1076 301 0.000115 2
447 183 481 212 0.000108 2
326 199 378 237 0.000105 2
822 279 849 340 0.000101 2
1183 168 1279 267 0.038201 5
480 170 573 217 0.017636 5
1005 184 1069 215 0.000754 5
446 150 526 172 0.000160 5
321 285 910 701 0.583594 6
0 285 638 359 0.172689 6
1181 166 1279 270 0.051798 6
641 269 1276 336 0.020258 6
699 151 953 242 0.019147 6
481 170 576 217 0.006427 6
1080 268 1213 329 0.001705 6
1131 268 1279 416 0.001552 6
884 174 1278 292 0.001317 6
1 66 72 255 0.000276 6
983 233 1140 330 0.000190 6
0 82 365 350 0.000117 6
376 66 869 230 0.000117 6
864 177 953 241 0.392563 7
1184 174 1279 267 0.101724 7
705 152 861 228 0.036623 7
480 170 575 217 0.013588 7
803 183 854 242 0.009090 7
1115 183 1209 248 0.007147 7
1269 199 1279 235 0.004991 7
587 183 656 216 0.002939 7
604 166 633 192 0.000579 7
973 177 1074 230 0.000345 7
1080 134 1111 251 0.000271 7
549 173 569 200 0.000217 7
292 199 456 291 0.000202 7
959 161 993 210 0.000193 7
697 183 742 214 0.000125 7
914 179 947 201 0.000110 7
1098 163 1153 216 0.000101 7
1088 150 1103 176 0.595945 9
512 152 524 182 0.049368 9
1012 136 1024 169 0.019588 9
840 151 859 166 0.015689 9
1181 189 1200 215 0.014705 9
994 137 1002 171 0.013323 9
1123 64 1153 75 0.009668 9
312 149 341 194 0.009189 9
366 167 374 187 0.007832 9
1207 169 1215 190 0.006990 9
1052 114 1082 147 0.005352 9
1199 136 1212 152 0.005283 9
449 157 490 171 0.005231 9
373 167 381 184 0.005197 9
1096 133 1105 153 0.005069 9
239 177 246 190 0.003803 9
808 162 857 182 0.003391 9
119 64 128 71 0.002726 9
1212 167 1224 186 0.002597 9
1000 119 1007 134 0.002318 9
520 181 536 200 0.001956 9
119 64 176 75 0.001798 9
1172 151 1182 162 0.001323 9
1050 119 1065 135 0.001316 9
841 119 860 136 0.001308 9
858 137 938 153 0.001263 9
1023 159 1032 169 0.001246 9
803 150 813 159 0.001144 9
1199 152 1207 181 0.001117 9
224 183 231 197 0.001115 9
1065 105 1073 121 0.001102 9
1192 164 1201 184 0.001056 9
1080 173 1089 182 0.001014 9
1141 165 1154 204 0.000943 9
832 117 840 133 0.000842 9
1153 165 1167 184 0.000767 9
1087 129 1127 186 0.000733 9
863 165 870 181 0.000694 9
1046 155 1056 168 0.000693 9
974 136 997 169 0.000674 9
831 135 847 152 0.000656 9
693 177 702 200 0.000609 9
1105 152 1118 169 0.000586 9
159 64 169 72 0.000584 9
960 135 979 163 0.000553 9
1021 150 1040 165 0.000538 9
1040 132 1061 168 0.000530 9
586 117 597 134 0.000527 9
992 117 1002 134 0.000496 9
215 183 224 196 0.000482 9
864 139 882 168 0.000475 9
1041 110 1108 183 0.000457 9
1181 155 1227 235 0.000448 9
861 111 869 118 0.000399 9
1192 138 1200 151 0.000395 9
689 119 705 153 0.000376 9
812 151 845 162 0.000375 9
614 150 629 168 0.000370 9
1263 78 1279 172 0.000360 9
1248 347 1262 359 0.000360 9
863 117 870 136 0.000354 9
1132 166 1147 185 0.000352 9
260 143 269 159 0.000350 9
168 64 184 74 0.000345 9
870 119 878 135 0.000341 9
581 64 595 70 0.000334 9
805 169 859 224 0.000323 9
1110 165 1150 205 0.000311 9
638 160 645 170 0.000311 9
1151 103 1167 135 0.000310 9
1171 140 1183 154 0.000306 9
974 135 991 144 0.000281 9
1204 87 1214 106 0.000281 9
992 118 1026 174 0.000279 9
653 127 660 145 0.000279 9
905 126 912 137 0.000273 9
1121 164 1135 184 0.000272 9
597 134 605 143 0.000259 9
1222 163 1246 190 0.000250 9
1045 183 1062 199 0.000245 9
1006 155 1063 197 0.000234 9
594 64 625 91 0.000228 9
487 151 525 210 0.000215 9
1150 134 1170 158 0.000213 9
1072 149 1083 168 0.000205 9
575 276 599 350 0.000202 9
653 143 671 177 0.000202 9
336 161 351 194 0.000198 9
1189 383 1207 407 0.000197 9
1076 135 1092 148 0.000189 9
637 131 654 152 0.000184 9
705 81 722 91 0.000174 9
1137 134 1188 186 0.000172 9
697 151 706 175 0.000171 9
171 64 201 89 0.000162 9
1054 151 1065 168 0.000160 9
579 65 673 214 0.000157 9
545 140 552 151 0.000152 9
952 348 959 364 0.000139 9
601 150 645 194 0.000135 9
895 167 904 177 0.000122 9
801 152 816 193 0.000118 9
223 176 248 202 0.000117 9
216 163 225 177 0.000117 9
811 140 825 158 0.000111 9
1154 110 1206 160 0.000111 9
460 185 480 204 0.000107 9
221 167 232 176 0.000106 9
599 91 625 144 0.000104 9
623 71 640 149 0.000104 9
1205 144 1229 182 0.000103 9
664 183 671 207 0.000103 9
1233 198 1256 232 0.159817 11
325 110 366 164 0.030443 11
1182 191 1199 215 0.016615 11
312 149 341 194 0.010663 11
1053 113 1082 146 0.006883 11
449 157 490 171 0.001162 11
