1146 194 1171 244 0.759850 0
481 190 502 257 0.754538 0
747 192 776 269 0.726103 0
619 192 644 248 0.623964 0
970 190 999 259 0.563040 0
881 199 934 288 0.512529 0
239 203 252 238 0.509889 0
1048 190 1075 258 0.477492 0
845 200 864 240 0.148855 0
786 198 795 215 0.070224 0
471 199 479 217 0.054724 0
718 212 728 235 0.033737 0
693 206 703 233 0.017245 0
1272 199 1279 237 0.013818 0
248 198 254 217 0.011761 0
1113 194 1120 204 0.008737 0
517 191 526 209 0.008325 0
670 208 678 229 0.006944 0
1216 202 1229 233 0.006303 0
213 201 225 237 0.005694 0
1229 198 1257 234 0.005245 0
387 199 396 206 0.005168 0
936 203 944 216 0.005009 0
540 197 552 218 0.004669 0
479 191 491 217 0.004554 0
532 202 543 218 0.003784 0
311 186 323 199 0.003426 0
680 199 687 215 0.003092 0
907 247 929 349 0.002745 0
1036 196 1049 230 0.002604 0
273 199 282 232 0.002593 0
643 193 654 216 0.002297 0
1071 192 1097 258 0.002257 0
1250 199 1267 232 0.002224 0
885 200 901 236 0.002030 0
375 185 386 201 0.001806 0
328 184 343 199 0.001685 0
1200 214 1210 222 0.001645 0
804 208 825 238 0.001577 0
789 330 811 344 0.001561 0
685 196 693 215 0.001503 0
738 201 745 214 0.001455 0
1189 211 1213 232 0.001443 0
553 197 572 216 0.001408 0
458 193 481 260 0.001379 0
654 192 661 212 0.001334 0
1263 170 1273 181 0.001268 0
320 204 330 219 0.001239 0
577 187 581 201 0.001157 0
866 208 872 227 0.001120 0
676 196 723 218 0.001103 0
266 198 273 214 0.001100 0
1180 168 1201 217 0.001082 0
352 192 363 200 0.001022 0
346 188 353 199 0.001011 0
1203 194 1216 221 0.000978 0
438 212 443 218 0.000957 0
1218 165 1232 215 0.000956 0
1088 187 1097 209 0.000930 0
1054 186 1066 206 0.000886 0
459 202 470 216 0.000880 0
367 208 374 218 0.000830 0
775 196 795 238 0.000826 0
623 184 634 200 0.000812 0
199 209 206 218 0.000799 0
515 196 529 244 0.000761 0
642 689 672 703 0.000687 0
628 185 650 210 0.000632 0
917 201 945 249 0.000600 0
817 205 843 239 0.000593 0
750 191 761 213 0.000566 0
850 204 897 281 0.000553 0
400 184 409 203 0.000521 0
397 188 691 264 0.000506 0
863 253 911 343 0.000485 0
490 187 507 213 0.000472 0
265 203 276 232 0.000456 0
695 188 702 209 0.000439 0
1198 176 1279 294 0.000416 0
1074 188 1091 205 0.000416 0
949 245 959 254 0.000381 0
1088 229 1103 275 0.000362 0
184 198 191 206 0.000357 0
1181 220 1201 247 0.000335 0
105 248 128 264 0.000314 0
672 179 1270 271 0.000304 0
324 203 334 251 0.000293 0
969 199 986 221 0.000282 0
803 185 824 217 0.000243 0
367 157 391 212 0.000241 0
1043 279 1057 297 0.000227 0
665 189 671 203 0.000210 0
1157 309 1167 322 0.000168 0
757 309 825 464 0.000167 0
185 201 273 243 0.000159 0
968 695 1009 703 0.000151 0
1263 257 1277 271 0.000142 0
991 273 1003 302 0.000134 0
381 185 401 206 0.000130 0
988 203 1009 239 0.000129 0
342 159 952 417 0.000124 0
544 64 663 211 0.000122 0
1264 76 1279 273 0.000121 0
126 212 144 235 0.000120 0
1038 265 1063 334 0.000116 0
333 201 353 256 0.000116 0
318 64 366 169 0.000114 0
494 195 520 249 0.000113 0
138 97 350 343 0.000111 0
996 187 1008 216 0.000109 0
864 208 885 241 0.000103 0
750 462 767 472 0.000102 0
757 187 776 208 0.000102 0
603 218 655 256 0.856552 1
959 218 1001 264 0.752616 1
1142 216 1175 250 0.597211 1
914 242 959 308 0.558702 1
1044 230 1091 265 0.425945 1
47 234 73 256 0.009115 1
861 261 896 280 0.007807 1
700 211 728 235 0.004625 1
951 272 959 303 0.001869 1
868 238 924 344 0.001766 1
22 229 42 255 0.001628 1
970 204 984 219 0.001472 1
859 218 1084 315 0.001209 1
1136 231 1152 248 0.001038 1
560 201 575 216 0.001020 1
643 689 671 703 0.000654 1
1169 223 1186 247 0.000622 1
1078 216 1097 256 0.000481 1
476 210 656 265 0.000432 1
917 244 935 276 0.000408 1
837 623 1101 703 0.000357 1
907 268 927 303 0.000321 1
913 233 934 251 0.000282 1
192 226 227 260 0.000251 1
1117 225 1136 253 0.000218 1
764 183 862 337 0.000209 1
995 246 1009 262 0.000164 1
1125 212 1271 305 0.000135 1
588 201 776 268 0.000120 1
1036 215 1158 314 0.000103 1
834 318 1278 703 0.944451 2
605 200 652 218 0.042897 2
1004 198 1046 230 0.028642 2
502 198 516 211 0.022657 2
528 201 545 218 0.007438 2
693 204 728 234 0.006875 2
956 660 1103 703 0.005699 2
589 200 620 214 0.004434 2
1256 199 1279 235 0.004374 2
976 318 1278 401 0.003929 2
830 586 1104 703 0.003263 2
305 190 314 199 0.002129 2
1102 197 1121 209 0.001813 2
641 269 1100 468 0.001617 2
550 200 570 216 0.001616 2
471 188 480 203 0.001524 2
1083 185 1097 201 0.001314 2
823 328 847 344 0.001288 2
1216 178 1279 226 0.000997 2
864 181 1056 260 0.000993 2
1166 203 1279 295 0.000940 2
928 201 947 215 0.000855 2
1043 228 1116 267 0.000699 2
1073 192 1090 209 0.000661 2
329 321 951 464 0.000570 2
1154 272 1279 324 0.000554 2
173 205 191 216 0.000547 2
480 173 516 204 0.000537 2
563 196 588 216 0.000521 2
1225 167 1279 182 0.000473 2
353 192 367 200 0.000436 2
706 187 800 235 0.000430 2
463 186 659 242 0.000426 2
879 177 951 211 0.000378 2
293 177 308 199 0.000367 2
588 184 618 200 0.000312 2
831 585 883 693 0.000295 2
632 380 658 395 0.000295 2
1061 683 1103 703 0.000279 2
501 194 540 218 0.000263 2
889 199 911 229 0.000247 2
1118 195 1170 242 0.000206 2
453 203 465 224 0.000194 2
442 167 492 218 0.000172 2
1095 204 1125 220 0.000170 2
599 166 746 236 0.000168 2
1100 163 1237 232 0.000167 2
1247 291 1279 319 0.000158 2
1001 184 1063 204 0.000157 2
356 216 368 228 0.000136 2
722 202 748 234 0.000129 2
865 214 884 242 0.000129 2
960 205 985 247 0.000122 2
995 204 1006 220 0.000119 2
662 274 680 283 0.000119 2
955 274 1156 348 0.000112 2
504 328 511 336 0.000106 2
750 461 773 473 0.000104 2
335 445 902 693 0.000102 2
831 586 1105 703 0.002297 3
1217 172 1279 265 0.006725 5
480 173 517 204 0.004138 5
1210 167 1230 227 0.000416 5
1004 183 1067 227 0.000218 5
329 231 949 702 0.000214 5
1090 163 1222 212 0.000163 5
431 170 446 199 0.000162 5
444 179 484 204 0.000152 5
2 65 345 398 0.003628 6
583 150 957 252 0.002087 6
479 171 580 214 0.000994 6
1179 167 1279 289 0.000991 6
0 66 73 267 0.000676 6
655 80 951 244 0.000263 6
1102 163 1227 214 0.000235 6
312 64 431 206 0.000151 6
561 65 674 218 0.000145 6
0 140 33 217 0.000144 6
117 64 304 90 0.000132 6
866 177 953 236 0.164347 7
703 152 861 233 0.074555 7
1217 174 1279 266 0.003493 7
480 172 573 213 0.001900 7
702 184 731 227 0.001891 7
803 183 856 237 0.001237 7
650 137 1273 462 0.000831 7
6 66 617 408 0.000680 7
786 194 958 307 0.000679 7
416 164 955 273 0.000561 7
326 264 951 448 0.000460 7
1004 183 1062 223 0.000199 7
1089 151 1103 176 0.577564 9
512 151 524 179 0.445077 9
239 177 247 190 0.059071 9
449 157 490 171 0.049761 9
366 167 374 186 0.024219 9
1008 136 1024 172 0.019660 9
517 191 524 202 0.015359 9
373 167 381 183 0.014902 9
656 153 671 174 0.014623 9
223 183 231 191 0.011852 9
680 168 687 183 0.009382 9
312 149 341 193 0.009358 9
842 151 859 166 0.007942 9
119 64 160 72 0.005943 9
215 183 224 191 0.005495 9
995 139 1001 170 0.005153 9
587 173 593 184 0.004873 9
558 184 566 196 0.004535 9
119 64 128 71 0.004340 9
639 161 644 167 0.004257 9
1232 168 1245 181 0.004071 9
1225 165 1232 180 0.003966 9
1208 169 1214 199 0.003823 9
1200 136 1215 152 0.003454 9
545 141 551 151 0.003143 9
840 119 865 136 0.002839 9
848 182 858 203 0.002827 9
218 161 223 172 0.002541 9
624 151 633 167 0.002478 9
1201 88 1215 103 0.002367 9
555 173 566 189 0.002304 9
808 162 858 182 0.002303 9
698 129 704 152 0.002221 9
999 123 1008 135 0.002094 9
541 179 554 202 0.001931 9
864 165 870 181 0.001927 9
1054 112 1082 146 0.001806 9
581 64 595 71 0.001773 9
222 167 232 175 0.001773 9
1180 166 1200 217 0.001667 9
803 149 811 158 0.001562 9
860 137 938 153 0.001498 9
543 169 552 177 0.001373 9
638 166 652 181 0.001326 9
1213 167 1224 189 0.001323 9
688 170 693 183 0.001307 9
596 144 625 164 0.001282 9
681 177 689 196 0.001232 9
249 177 257 191 0.001212 9
1154 163 1168 184 0.001193 9
606 167 618 183 0.001192 9
975 168 992 189 0.001142 9
1200 151 1210 184 0.001123 9
650 166 659 176 0.001085 9
1023 160 1032 169 0.001026 9
256 149 265 165 0.001020 9
160 64 182 74 0.001017 9
119 64 201 88 0.000966 9
542 172 576 216 0.000952 9
1263 169 1278 181 0.000947 9
664 170 671 184 0.000944 9
879 155 893 169 0.000940 9
862 119 871 136 0.000918 9
400 83 410 96 0.000900 9
617 154 624 166 0.000889 9
459 184 480 203 0.000877 9
695 179 703 199 0.000873 9
112 151 127 164 0.000869 9
448 150 541 188 0.000848 9
339 164 350 189 0.000805 9
638 151 654 165 0.000802 9
813 151 825 160 0.000752 9
697 152 705 175 0.000743 9
481 173 516 201 0.000728 9
1087 138 1132 180 0.000692 9
573 164 581 176 0.000683 9
551 142 561 150 0.000674 9
240 162 248 176 0.000670 9
1100 135 1110 160 0.000664 9
216 174 224 186 0.000656 9
664 182 671 198 0.000616 9
360 149 374 170 0.000612 9
599 64 623 88 0.000612 9
904 127 912 138 0.000591 9
586 117 597 133 0.000567 9
1106 152 1118 170 0.000543 9
257 180 262 191 0.000541 9
312 64 370 200 0.000480 9
1129 64 1157 71 0.000449 9
294 177 307 198 0.000446 9
689 119 704 165 0.000444 9
624 168 639 180 0.000440 9
372 148 384 170 0.000435 9
831 135 853 152 0.000429 9
359 176 370 190 0.000424 9
523 183 547 200 0.000391 9
232 161 241 176 0.000372 9
1054 103 1064 129 0.000369 9
462 171 474 184 0.000364 9
517 162 538 181 0.000359 9
1022 123 1106 193 0.000354 9
566 144 578 161 0.000352 9
666 166 690 212 0.000349 9
609 156 620 173 0.000334 9
1080 170 1090 183 0.000320 9
209 167 218 176 0.000318 9
1116 166 1148 185 0.000318 9
802 169 856 220 0.000317 9
576 347 593 393 0.000313 9
801 156 813 185 0.000305 9
259 167 271 180 0.000300 9
575 136 580 143 0.000296 9
348 153 367 192 0.000295 9
1248 73 1263 95 0.000292 9
1178 119 1201 136 0.000283 9
431 170 445 195 0.000276 9
1049 119 1060 135 0.000264 9
704 80 728 89 0.000262 9
653 124 661 144 0.000261 9
1191 152 1220 224 0.000256 9
95 167 102 176 0.000255 9
844 166 886 206 0.000243 9
602 64 705 221 0.000242 9
1013 162 1056 189 0.000235 9
429 222 438 230 0.000231 9
370 166 395 196 0.000227 9
620 158 679 207 0.000225 9
671 153 677 168 0.000224 9
930 144 944 167 0.000221 9
208 180 218 197 0.000212 9
991 122 1001 136 0.000211 9
896 166 904 177 0.000210 9
1126 64 1229 88 0.000205 9
1021 150 1040 162 0.000200 9
869 119 878 136 0.000198 9
876 143 908 176 0.000196 9
559 64 579 85 0.000191 9
980 141 993 164 0.000189 9
1216 64 1232 90 0.000186 9
864 77 870 88 0.000184 9
1171 148 1183 165 0.000178 9
663 118 671 153 0.000178 9
584 166 606 187 0.000176 9
680 147 689 167 0.000174 9
1102 166 1121 197 0.000173 9
624 64 639 76 0.000171 9
248 161 256 173 0.000170 9
1224 160 1278 181 0.000168 9
256 87 263 99 0.000164 9
735 134 1252 261 0.000150 9
1048 156 1056 168 0.000149 9
680 126 690 152 0.000143 9
121 165 127 174 0.000142 9
1074 158 1228 209 0.000138 9
813 76 849 88 0.000135 9
686 68 700 119 0.000134 9
529 139 544 153 0.000132 9
999 170 1007 186 0.000132 9
1038 136 1060 156 0.000128 9
545 160 580 179 0.000125 9
546 136 580 157 0.000122 9
401 181 418 204 0.000122 9
687 93 693 105 0.000118 9
961 135 979 160 0.000116 9
1183 135 1202 153 0.000111 9
679 64 691 103 0.000107 9
944 129 951 136 0.000106 9
383 83 397 97 0.000104 9
1208 147 1225 172 0.000101 9
595 74 625 158 0.000101 9
523 183 536 197 0.024151 11
1181 190 1199 216 0.023912 11
324 110 366 164 0.020861 11
1055 112 1082 146 0.005904 11
517 191 526 201 0.005901 11
