929 198 985 304 0.826938 0
729 190 765 274 0.819123 0
590 190 614 249 0.680827 0
240 202 255 242 0.554007 0
1131 199 1154 249 0.519531 0
475 204 490 255 0.498579 0
1068 190 1093 257 0.454581 0
848 200 857 241 0.034264 0
959 187 977 229 0.028335 0
472 206 482 225 0.022027 0
633 202 645 216 0.011124 0
785 197 794 215 0.010360 0
1112 193 1120 203 0.009795 0
1216 191 1225 214 0.006498 0
213 202 224 235 0.005883 0
1271 198 1279 237 0.005511 0
617 155 625 184 0.005133 0
1031 196 1050 227 0.004741 0
611 156 620 184 0.004475 0
464 204 476 249 0.004388 0
1229 196 1257 232 0.003223 0
960 371 980 425 0.003060 0
312 186 323 199 0.002821 0
880 203 898 241 0.002729 0
851 191 870 272 0.002536 0
975 208 983 229 0.002157 0
863 437 877 455 0.002047 0
375 186 387 202 0.001940 0
457 202 465 217 0.001921 0
639 690 654 703 0.001718 0
1056 225 1066 243 0.001649 0
1219 220 1229 233 0.001614 0
386 198 396 206 0.001496 0
816 210 825 222 0.001438 0
789 330 810 345 0.001333 0
346 188 353 199 0.001308 0
320 204 330 220 0.001289 0
624 183 635 200 0.001266 0
681 199 690 216 0.001262 0
513 196 525 219 0.001228 0
183 197 191 207 0.001081 0
1206 195 1217 219 0.001066 0
1251 197 1277 233 0.001037 0
304 192 313 199 0.001016 0
670 208 679 230 0.001006 0
158 205 167 219 0.000996 0
1119 312 1129 329 0.000967 0
1080 191 1095 217 0.000862 0
329 184 343 199 0.000845 0
216 185 223 206 0.000821 0
1145 311 1168 350 0.000780 0
864 220 874 236 0.000769 0
1265 230 1274 241 0.000728 0
1072 484 1080 500 0.000618 0
693 209 702 233 0.000597 0
1088 234 1104 271 0.000575 0
751 451 763 472 0.000570 0
954 214 978 256 0.000558 0
269 199 278 213 0.000524 0
803 185 815 218 0.000495 0
640 191 656 214 0.000487 0
635 183 646 201 0.000486 0
784 329 816 392 0.000478 0
1088 212 1105 231 0.000464 0
1001 386 1022 400 0.000463 0
466 199 583 256 0.000445 0
1104 312 1112 328 0.000433 0
999 180 1182 263 0.000407 0
924 345 1014 476 0.000405 0
178 202 192 217 0.000395 0
930 201 956 242 0.000389 0
366 185 376 200 0.000389 0
199 209 208 222 0.000370 0
912 474 928 487 0.000328 0
1046 484 1054 490 0.000326 0
1186 374 1232 424 0.000313 0
804 188 855 241 0.000303 0
1056 488 1066 499 0.000300 0
765 198 1269 323 0.000287 0
585 199 596 216 0.000272 0
926 448 935 456 0.000269 0
801 416 808 424 0.000263 0
1073 332 1095 372 0.000260 0
910 336 925 360 0.000248 0
1176 212 1184 226 0.000241 0
453 162 944 281 0.000219 0
949 349 961 391 0.000218 0
620 202 658 225 0.000205 0
429 223 438 233 0.000203 0
653 199 661 216 0.000193 0
910 206 934 246 0.000190 0
750 200 767 230 0.000182 0
367 208 374 219 0.000181 0
1160 376 1167 383 0.000180 0
847 176 929 283 0.000180 0
739 190 752 211 0.000178 0
968 372 991 392 0.000177 0
464 248 478 271 0.000165 0
1013 385 1024 432 0.000163 0
1112 310 1145 342 0.000162 0
339 165 354 199 0.000154 0
821 463 832 474 0.000150 0
926 369 945 466 0.000143 0
311 185 329 233 0.000137 0
959 440 969 458 0.000135 0
1055 222 1073 299 0.000135 0
1103 311 1121 352 0.000134 0
793 155 818 236 0.000134 0
789 218 810 239 0.000134 0
798 439 817 472 0.000131 0
1130 185 1220 251 0.000130 0
354 190 367 200 0.000129 0
664 200 674 217 0.000128 0
1246 335 1263 404 0.000123 0
1264 481 1279 698 0.000122 0
1056 188 1064 199 0.000121 0
764 275 852 345 0.000118 0
1213 397 1229 424 0.000118 0
863 471 873 478 0.000116 0
1207 411 1215 424 0.000115 0
1183 344 1194 375 0.000113 0
575 278 597 394 0.000112 0
665 187 671 203 0.000107 0
945 269 961 304 0.000106 0
850 462 864 478 0.000106 0
1180 189 1201 229 0.000104 0
1198 502 1214 513 0.000103 0
1254 484 1266 513 0.000101 0
174 187 280 242 0.000100 0
593 173 624 202 0.000100 0
575 217 622 255 0.856022 1
918 247 1006 321 0.813250 1
1063 228 1120 264 0.420370 1
1134 217 1155 252 0.185818 1
20 219 73 258 0.014149 1
1124 220 1140 251 0.003836 1
77 226 117 255 0.002837 1
1153 231 1183 248 0.002261 1
28 215 41 246 0.000828 1
561 202 576 216 0.000673 1
917 265 946 298 0.000657 1
968 247 994 286 0.000397 1
1048 216 1242 292 0.000266 1
938 257 965 302 0.000257 1
466 186 624 275 0.000178 1
989 196 1051 230 0.268587 2
489 202 515 216 0.048934 2
526 202 551 218 0.024107 2
822 328 848 344 0.008988 2
1168 273 1214 329 0.008175 2
1068 212 1120 263 0.006228 2
640 689 671 703 0.005991 2
694 204 727 234 0.005803 2
789 232 809 239 0.005072 2
1132 275 1279 419 0.004438 2
610 202 646 216 0.004408 2
873 197 944 244 0.003638 2
1102 215 1125 229 0.002492 2
977 205 995 227 0.002232 2
1001 235 1029 251 0.001994 2
1216 197 1257 233 0.001984 2
1215 275 1231 329 0.001813 2
1155 234 1183 248 0.001742 2
550 200 573 216 0.001567 2
1186 275 1214 285 0.001534 2
847 215 881 242 0.001320 2
1005 213 1023 229 0.001296 2
1258 196 1279 235 0.001292 2
993 253 1013 262 0.001250 2
1104 488 1119 497 0.001237 2
1110 194 1120 203 0.001205 2
801 215 826 239 0.001203 2
1105 215 1153 251 0.001200 2
1189 227 1275 258 0.001184 2
1042 520 1067 528 0.001118 2
1121 488 1135 497 0.000981 2
1263 351 1279 376 0.000872 2
680 199 690 216 0.000864 2
1247 248 1279 267 0.000818 2
633 378 659 396 0.000745 2
662 274 688 283 0.000681 2
0 396 16 409 0.000554 2
978 243 994 258 0.000541 2
803 185 855 227 0.000533 2
452 203 466 222 0.000477 2
601 193 622 217 0.000450 2
1111 503 1119 511 0.000435 2
588 182 623 200 0.000420 2
1257 282 1279 405 0.000387 2
1191 213 1219 231 0.000352 2
1070 326 1088 340 0.000339 2
908 197 944 213 0.000312 2
676 207 698 234 0.000307 2
1056 216 1073 234 0.000292 2
1035 194 1057 207 0.000278 2
983 447 992 455 0.000267 2
1263 280 1279 295 0.000257 2
1024 309 1095 340 0.000249 2
1263 168 1279 181 0.000235 2
304 185 318 198 0.000232 2
983 222 1015 253 0.000232 2
1031 193 1091 242 0.000227 2
1263 687 1272 702 0.000223 2
913 455 927 463 0.000216 2
1021 253 1040 263 0.000192 2
634 199 664 218 0.000192 2
761 207 792 237 0.000191 2
1106 487 1136 509 0.000190 2
903 457 913 463 0.000179 2
111 408 128 426 0.000178 2
848 471 867 479 0.000167 2
865 228 891 246 0.000160 2
958 183 1008 229 0.000160 2
559 249 591 279 0.000158 2
464 194 637 255 0.000155 2
1031 210 1055 231 0.000150 2
1269 687 1279 704 0.000148 2
159 397 176 422 0.000147 2
356 216 368 228 0.000144 2
1209 273 1279 294 0.000141 2
593 169 663 216 0.000136 2
784 326 848 362 0.000130 2
1264 616 1279 703 0.000124 2
881 177 941 201 0.000123 2
917 199 1117 290 0.000120 2
0 400 31 423 0.000110 2
890 234 909 246 0.000102 2
1167 343 1194 359 0.000101 2
1217 177 1279 266 0.002274 5
803 161 859 221 0.001727 5
444 167 580 216 0.000347 5
1182 189 1203 219 0.000239 5
442 173 514 247 0.000135 5
552 175 580 215 0.000112 5
2 68 346 401 0.001186 6
1164 164 1279 266 0.000719 6
1029 272 1279 414 0.000483 6
1 65 74 256 0.000422 6
0 138 39 212 0.000408 6
426 149 942 243 0.000267 6
115 64 320 89 0.000146 6
452 158 583 214 0.000106 6
864 177 943 238 0.235514 7
712 153 858 238 0.069361 7
1197 171 1279 267 0.002567 7
803 181 856 219 0.001010 7
443 170 528 220 0.000684 7
700 184 730 218 0.000609 7
664 159 1218 267 0.000446 7
1003 180 1066 226 0.000165 7
543 172 578 217 0.000146 7
1088 150 1103 176 0.521288 9
512 151 524 183 0.146690 9
1007 135 1024 174 0.079689 9
373 168 381 184 0.029722 9
366 167 373 188 0.023025 9
1208 170 1215 190 0.018130 9
449 157 490 171 0.010925 9
997 136 1007 176 0.009743 9
844 151 859 166 0.006258 9
1130 64 1152 72 0.005777 9
239 178 246 190 0.004618 9
1233 168 1245 181 0.004252 9
840 119 861 136 0.004045 9
1224 164 1232 180 0.003579 9
224 183 231 198 0.003102 9
1096 134 1105 153 0.002888 9
119 64 160 73 0.002705 9
808 164 853 185 0.002623 9
814 149 822 159 0.002388 9
517 192 524 201 0.002383 9
557 184 566 197 0.002331 9
1080 173 1088 183 0.002177 9
1212 167 1225 202 0.002167 9
965 372 980 388 0.002079 9
999 124 1007 135 0.001915 9
961 135 976 159 0.001842 9
848 181 858 214 0.001748 9
520 183 536 198 0.001538 9
1149 103 1184 135 0.001487 9
215 183 223 199 0.001454 9
1055 116 1065 137 0.001407 9
1181 173 1200 217 0.001398 9
463 184 477 198 0.001342 9
829 135 864 160 0.001267 9
1200 136 1208 154 0.001256 9
981 142 993 165 0.001135 9
639 160 644 167 0.001129 9
998 133 1104 181 0.001065 9
1171 149 1183 163 0.001062 9
693 177 702 200 0.001044 9
864 165 870 181 0.001013 9
1189 165 1201 186 0.000919 9
803 149 811 156 0.000900 9
257 147 265 159 0.000863 9
1192 384 1206 401 0.000829 9
1053 110 1083 146 0.000788 9
1065 104 1072 115 0.000783 9
257 180 262 191 0.000779 9
1018 152 1030 171 0.000748 9
983 131 992 145 0.000726 9
164 64 177 75 0.000675 9
1151 124 1162 134 0.000670 9
1084 184 1097 204 0.000641 9
801 156 812 188 0.000588 9
522 174 546 183 0.000561 9
879 155 892 168 0.000561 9
1025 146 1040 161 0.000552 9
446 152 574 212 0.000541 9
863 118 870 136 0.000531 9
680 167 687 203 0.000511 9
1144 329 1154 344 0.000487 9
340 164 351 189 0.000474 9
1087 134 1129 183 0.000399 9
855 136 939 154 0.000395 9
582 64 595 71 0.000351 9
665 327 679 345 0.000345 9
586 117 597 133 0.000336 9
551 172 580 204 0.000336 9
312 148 346 194 0.000311 9
545 141 552 152 0.000307 9
689 118 702 177 0.000305 9
293 176 306 198 0.000303 9
1193 140 1216 194 0.000286 9
214 165 223 177 0.000283 9
171 64 201 89 0.000280 9
95 168 104 176 0.000277 9
1078 156 1094 182 0.000276 9
829 64 839 69 0.000253 9
1106 148 1119 169 0.000251 9
112 151 127 163 0.000250 9
928 152 937 168 0.000248 9
1073 150 1083 168 0.000243 9
657 153 670 174 0.000242 9
1032 134 1059 168 0.000228 9
359 148 381 189 0.000226 9
896 165 904 177 0.000212 9
263 279 272 296 0.000200 9
240 166 247 178 0.000198 9
399 84 409 96 0.000195 9
594 64 625 90 0.000192 9
1006 167 1065 202 0.000186 9
1048 155 1056 168 0.000182 9
544 168 552 177 0.000170 9
870 119 879 136 0.000170 9
266 208 277 232 0.000166 9
639 151 653 164 0.000165 9
1203 86 1215 104 0.000163 9
530 176 556 204 0.000162 9
265 179 272 195 0.000157 9
834 76 849 89 0.000157 9
248 178 257 191 0.000156 9
624 64 638 90 0.000151 9
851 143 896 176 0.000149 9
238 182 251 211 0.000144 9
682 166 703 214 0.000142 9
352 165 365 189 0.000138 9
698 151 705 175 0.000137 9
378 163 406 184 0.000129 9
120 164 127 175 0.000123 9
1121 64 1224 81 0.000122 9
1116 165 1154 185 0.000118 9
575 136 581 143 0.000114 9
936 131 1016 174 0.000114 9
482 173 502 194 0.000111 9
1148 130 1164 157 0.000109 9
255 165 266 178 0.000107 9
462 170 475 185 0.000104 9
853 165 883 209 0.000104 9
432 171 446 195 0.000102 9
550 141 565 150 0.000100 9
1181 191 1199 216 0.051990 11
523 183 536 196 0.012979 11
312 148 342 194 0.009176 11
517 191 526 200 0.004696 11
449 157 491 171 0.000867 11
416 64 431 96 0.000148 11
