1059 200 1121 324 0.842659 0
695 197 724 278 0.750682 0
1129 193 1158 252 0.740682 0
508 205 529 247 0.474450 0
894 187 923 261 0.429392 0
450 201 459 246 0.134177 0
1036 191 1051 230 0.105715 0
848 199 857 241 0.091251 0
1211 190 1226 210 0.033580 0
469 201 476 217 0.020813 0
899 201 910 226 0.018208 0
1114 193 1120 206 0.014050 0
959 370 981 407 0.012853 0
458 202 465 216 0.012119 0
1217 210 1228 233 0.010779 0
1272 200 1279 251 0.010405 0
1010 200 1025 225 0.008495 0
849 194 871 274 0.007927 0
527 198 540 219 0.007821 0
631 202 645 230 0.006800 0
787 198 793 213 0.004132 0
1230 167 1247 201 0.003083 0
1207 211 1227 272 0.003065 0
1222 198 1256 234 0.002928 0
477 204 485 217 0.002891 0
1071 200 1084 223 0.002651 0
864 212 873 236 0.002618 0
889 209 902 238 0.002306 0
1072 485 1080 500 0.002188 0
864 439 876 455 0.001987 0
999 385 1021 400 0.001815 0
878 203 891 239 0.001774 0
1078 191 1090 202 0.001771 0
245 208 262 243 0.001724 0
641 690 658 703 0.001546 0
911 203 926 237 0.001475 0
934 203 944 216 0.001452 0
894 241 917 295 0.001440 0
693 193 703 227 0.001393 0
1261 169 1279 230 0.001302 0
1087 193 1096 203 0.001301 0
467 200 479 246 0.001212 0
375 185 387 202 0.001105 0
1055 488 1066 499 0.001087 0
927 204 944 250 0.001074 0
670 208 678 230 0.000990 0
611 152 625 173 0.000930 0
833 478 840 486 0.000891 0
976 372 991 392 0.000890 0
1146 209 1170 237 0.000854 0
815 210 826 223 0.000812 0
1191 371 1212 415 0.000746 0
625 179 635 198 0.000742 0
915 473 927 486 0.000728 0
1135 446 1143 458 0.000706 0
214 198 223 224 0.000674 0
717 208 726 234 0.000648 0
1046 483 1053 491 0.000638 0
685 205 693 217 0.000590 0
789 330 810 344 0.000585 0
946 359 1020 459 0.000546 0
878 437 889 457 0.000532 0
542 193 552 211 0.000523 0
641 207 653 216 0.000517 0
1215 377 1232 435 0.000514 0
1040 455 1048 464 0.000513 0
1129 199 1142 218 0.000507 0
450 191 555 269 0.000503 0
647 190 655 208 0.000503 0
796 295 848 344 0.000479 0
992 455 999 464 0.000478 0
1248 201 1265 232 0.000476 0
1263 230 1279 270 0.000475 0
386 198 396 206 0.000457 0
159 206 168 221 0.000448 0
1199 405 1207 415 0.000447 0
847 269 853 282 0.000438 0
1001 236 1012 258 0.000419 0
1016 367 1023 374 0.000414 0
786 330 813 391 0.000410 0
1160 376 1167 385 0.000399 0
848 463 871 479 0.000367 0
654 198 662 217 0.000338 0
712 199 723 218 0.000337 0
873 436 904 483 0.000310 0
718 194 727 206 0.000290 0
1020 440 1039 464 0.000283 0
686 196 852 278 0.000273 0
1223 186 1279 344 0.000270 0
925 445 933 458 0.000269 0
1186 209 1205 231 0.000265 0
577 184 582 201 0.000265 0
924 344 969 411 0.000259 0
1199 503 1213 513 0.000247 0
976 179 1165 252 0.000245 0
1071 456 1093 472 0.000241 0
832 472 841 482 0.000237 0
480 198 513 218 0.000231 0
1167 376 1179 393 0.000228 0
1007 454 1022 474 0.000227 0
506 191 532 215 0.000224 0
1071 210 1103 238 0.000217 0
1009 432 1015 439 0.000217 0
1102 175 1128 207 0.000215 0
350 189 358 200 0.000215 0
1144 376 1152 393 0.000208 0
1090 448 1104 479 0.000203 0
1127 444 1135 470 0.000196 0
1184 497 1228 513 0.000194 0
1214 369 1223 389 0.000191 0
665 199 674 219 0.000188 0
1178 230 1195 246 0.000187 0
346 189 353 199 0.000185 0
1093 493 1104 506 0.000179 0
967 455 975 462 0.000174 0
984 351 991 360 0.000174 0
1260 150 1279 183 0.000172 0
943 381 960 404 0.000170 0
183 197 192 207 0.000168 0
1189 497 1200 504 0.000164 0
799 181 819 235 0.000162 0
786 199 800 235 0.000162 0
1182 187 1208 216 0.000158 0
1135 442 1150 473 0.000156 0
1184 163 1232 238 0.000154 0
752 464 760 472 0.000153 0
800 440 807 449 0.000150 0
1149 340 1174 400 0.000141 0
856 400 864 413 0.000141 0
935 453 942 464 0.000139 0
1264 298 1279 463 0.000138 0
800 416 808 423 0.000134 0
325 192 760 344 0.000132 0
1085 282 1104 323 0.000132 0
992 291 1024 345 0.000131 0
1263 64 1279 76 0.000129 0
1071 442 1083 459 0.000125 0
1024 480 1033 493 0.000124 0
896 424 905 443 0.000119 0
906 327 928 348 0.000118 0
1151 440 1162 469 0.000113 0
948 245 957 254 0.000112 0
1011 479 1024 491 0.000109 0
429 223 438 234 0.000106 0
1176 495 1185 503 0.000105 0
850 430 885 457 0.000103 0
330 184 342 199 0.000103 0
880 471 897 485 0.000102 0
1164 341 1204 398 0.000101 0
1097 399 1104 407 0.000101 0
1055 253 1134 343 0.844633 1
502 222 541 255 0.776879 1
1127 227 1178 261 0.586059 1
882 231 921 279 0.065470 1
23 218 70 257 0.013387 1
1099 220 1130 251 0.008804 1
930 273 960 303 0.006933 1
910 231 929 254 0.006831 1
868 234 891 272 0.002603 1
1044 278 1061 298 0.002497 1
111 237 156 263 0.001259 1
1151 308 1168 359 0.001249 1
922 272 998 342 0.001099 1
1148 209 1163 221 0.000738 1
1065 297 1090 337 0.000484 1
906 261 928 298 0.000418 1
985 215 1174 266 0.000311 1
1155 342 1197 359 0.000289 1
0 226 41 265 0.000283 1
1090 253 1116 292 0.000272 1
1054 278 1082 307 0.000265 1
1120 322 1159 345 0.000257 1
1022 276 1066 333 0.000252 1
857 227 970 318 0.000244 1
129 217 167 240 0.000241 1
1167 231 1205 263 0.000234 1
14 208 43 240 0.000202 1
1128 277 1141 329 0.000193 1
1137 302 1202 409 0.000135 1
56 233 91 265 0.000130 1
806 259 820 285 0.000103 1
991 198 1060 230 0.062797 2
822 329 847 344 0.019749 2
983 210 1016 229 0.008345 2
484 201 513 217 0.005527 2
603 201 649 216 0.005012 2
962 204 987 223 0.004844 2
1138 283 1279 413 0.004325 2
1263 200 1279 262 0.003925 2
1053 221 1066 235 0.003642 2
1050 195 1084 222 0.003447 2
1008 209 1025 227 0.003269 2
848 471 870 479 0.003262 2
914 199 981 224 0.003029 2
866 225 881 243 0.002844 2
848 213 875 243 0.002819 2
1104 487 1117 495 0.002683 2
934 199 953 206 0.002535 2
803 184 855 218 0.002407 2
536 200 556 217 0.002350 2
1120 489 1135 496 0.002016 2
1222 157 1248 238 0.001741 2
1105 210 1175 256 0.001383 2
1197 200 1278 266 0.001337 2
863 177 953 206 0.001335 2
528 201 541 218 0.001299 2
1263 349 1279 399 0.001141 2
1261 168 1279 182 0.001029 2
972 213 989 242 0.001018 2
304 191 313 198 0.000997 2
1190 383 1206 401 0.000936 2
1180 232 1202 250 0.000914 2
975 216 1034 252 0.000864 2
1177 380 1184 392 0.000816 2
1245 248 1279 267 0.000806 2
590 183 622 200 0.000804 2
902 457 913 464 0.000795 2
1221 161 1279 181 0.000735 2
470 188 480 201 0.000651 2
868 176 1072 239 0.000649 2
1248 216 1264 234 0.000611 2
589 200 615 213 0.000591 2
1167 380 1179 393 0.000570 2
970 480 988 487 0.000565 2
312 186 322 199 0.000564 2
662 274 688 283 0.000480 2
882 199 915 241 0.000464 2
1189 358 1221 416 0.000460 2
1205 248 1280 295 0.000379 2
1008 466 1024 473 0.000377 2
789 232 809 239 0.000347 2
1099 203 1125 226 0.000341 2
1202 408 1215 415 0.000334 2
631 374 658 395 0.000308 2
1244 345 1264 358 0.000301 2
1215 274 1231 354 0.000291 2
1245 170 1279 232 0.000287 2
1231 343 1276 376 0.000281 2
760 296 850 344 0.000279 2
1184 275 1214 285 0.000266 2
862 330 881 343 0.000266 2
910 455 926 464 0.000237 2
816 327 848 391 0.000224 2
905 204 939 254 0.000220 2
561 201 577 216 0.000219 2
1055 487 1075 499 0.000216 2
932 242 953 253 0.000209 2
876 439 926 478 0.000207 2
959 482 970 487 0.000205 2
294 182 306 199 0.000202 2
662 189 1234 320 0.000197 2
444 183 481 206 0.000195 2
1215 498 1232 512 0.000190 2
528 248 597 280 0.000189 2
915 472 937 484 0.000188 2
1146 207 1179 232 0.000174 2
1214 366 1225 391 0.000155 2
1114 492 1136 507 0.000145 2
965 288 1026 346 0.000144 2
960 182 1009 219 0.000144 2
990 190 1003 208 0.000127 2
1074 322 1134 362 0.000127 2
354 179 914 231 0.000127 2
1187 273 1215 353 0.000125 2
972 244 992 260 0.000124 2
825 283 849 307 0.000124 2
895 480 907 486 0.000110 2
880 479 897 487 0.000107 2
832 469 849 479 0.000104 2
1216 162 1279 267 0.007042 5
480 170 562 216 0.003168 5
1181 282 1279 411 0.010046 6
1195 162 1279 271 0.007380 6
514 151 956 242 0.002741 6
645 281 1276 450 0.001725 6
695 125 957 242 0.000336 6
479 169 583 214 0.000251 6
802 176 955 242 0.198032 7
705 151 860 236 0.025150 7
1215 165 1279 266 0.006650 7
803 183 855 220 0.001764 7
479 169 568 216 0.001340 7
645 156 1184 374 0.000455 7
867 177 933 203 0.000444 7
445 162 953 278 0.000300 7
987 168 1087 233 0.000286 7
917 201 977 253 0.000264 7
587 166 657 214 0.000128 7
1088 150 1102 176 0.493913 9
513 152 524 182 0.130193 9
1007 136 1025 174 0.092147 9
449 157 490 171 0.035586 9
365 167 373 188 0.018871 9
846 151 859 166 0.016611 9
833 121 862 166 0.015760 9
1207 170 1215 188 0.012384 9
372 167 382 185 0.011692 9
312 149 342 195 0.008979 9
119 64 161 74 0.008491 9
864 152 880 168 0.008257 9
993 140 1001 173 0.007739 9
814 149 822 159 0.007295 9
975 139 996 170 0.006332 9
1125 64 1152 74 0.006064 9
1200 135 1211 153 0.004869 9
239 177 247 189 0.004686 9
841 119 855 136 0.004328 9
1211 167 1225 199 0.004327 9
119 64 129 72 0.004231 9
895 157 905 171 0.003473 9
1097 134 1104 152 0.003283 9
1081 174 1088 183 0.002866 9
809 161 858 181 0.002693 9
848 181 858 209 0.002646 9
883 136 937 153 0.002489 9
804 148 811 157 0.002279 9
1172 150 1183 163 0.002198 9
1154 163 1168 184 0.002170 9
698 134 705 152 0.002029 9
1037 139 1058 169 0.002015 9
831 136 847 152 0.001972 9
1232 170 1246 181 0.001960 9
909 278 928 296 0.001906 9
587 172 593 185 0.001874 9
1181 183 1200 216 0.001641 9
875 152 893 168 0.001634 9
975 168 992 184 0.001566 9
522 183 536 197 0.001555 9
1051 109 1083 146 0.001541 9
1210 157 1249 265 0.001515 9
1192 164 1201 185 0.001506 9
865 441 876 455 0.001483 9
1023 151 1040 159 0.001470 9
998 139 1008 183 0.001374 9
863 137 894 150 0.001370 9
960 135 977 162 0.001364 9
799 118 813 136 0.001350 9
1106 174 1129 187 0.001341 9
264 215 275 233 0.001331 9
1056 153 1065 168 0.001276 9
557 184 566 196 0.001206 9
656 152 670 173 0.001090 9
224 183 231 198 0.001032 9
1064 104 1072 119 0.001022 9
1073 151 1082 167 0.001019 9
545 141 551 152 0.000995 9
1046 170 1058 184 0.000959 9
1145 165 1154 184 0.000949 9
586 117 597 135 0.000939 9
257 145 267 159 0.000932 9
1208 135 1230 177 0.000897 9
1215 123 1231 145 0.000889 9
340 165 351 186 0.000817 9
1049 116 1104 203 0.000770 9
968 175 975 186 0.000765 9
611 152 622 174 0.000764 9
248 177 256 191 0.000759 9
999 126 1007 136 0.000740 9
607 176 613 184 0.000731 9
1100 135 1109 165 0.000702 9
163 64 176 75 0.000701 9
638 141 657 163 0.000687 9
579 64 643 94 0.000687 9
1132 166 1146 185 0.000651 9
581 64 596 81 0.000629 9
1056 109 1065 126 0.000628 9
521 173 546 183 0.000620 9
215 183 223 197 0.000592 9
1149 103 1185 134 0.000580 9
1006 151 1064 187 0.000574 9
626 178 640 199 0.000571 9
380 166 389 184 0.000552 9
1087 173 1098 191 0.000550 9
1174 118 1204 136 0.000546 9
974 187 981 200 0.000534 9
944 130 950 138 0.000533 9
577 182 582 200 0.000527 9
638 167 653 184 0.000511 9
851 88 859 106 0.000500 9
1212 117 1224 133 0.000490 9
312 185 322 197 0.000482 9
689 119 705 154 0.000480 9
1085 128 1138 187 0.000465 9
1197 149 1209 185 0.000465 9
463 167 472 183 0.000457 9
697 151 704 177 0.000431 9
801 155 812 188 0.000428 9
639 161 645 168 0.000408 9
240 164 248 178 0.000399 9
868 64 878 72 0.000374 9
1195 167 1217 212 0.000366 9
1113 148 1121 164 0.000356 9
1079 134 1089 149 0.000353 9
447 151 555 202 0.000353 9
589 165 607 186 0.000347 9
991 115 998 132 0.000340 9
831 76 849 89 0.000336 9
485 174 495 183 0.000333 9
1167 142 1174 155 0.000323 9
829 64 839 69 0.000317 9
871 164 897 177 0.000306 9
1153 135 1169 161 0.000302 9
119 64 199 92 0.000299 9
257 180 263 191 0.000294 9
1248 79 1258 94 0.000290 9
904 125 912 138 0.000290 9
870 119 880 135 0.000286 9
566 147 580 161 0.000280 9
1161 83 1187 97 0.000279 9
992 283 997 295 0.000275 9
929 159 944 183 0.000260 9
549 173 574 200 0.000258 9
895 120 906 138 0.000256 9
1071 80 1086 97 0.000256 9
1050 120 1061 133 0.000243 9
95 152 104 169 0.000243 9
216 163 222 177 0.000239 9
983 119 991 135 0.000236 9
959 159 990 169 0.000225 9
1144 100 1211 219 0.000222 9
939 78 972 92 0.000219 9
263 198 271 207 0.000212 9
1016 127 1040 165 0.000209 9
1039 81 1056 105 0.000209 9
456 185 480 201 0.000207 9
1100 162 1156 238 0.000206 9
962 71 976 83 0.000202 9
812 128 837 136 0.000194 9
1071 158 1094 197 0.000193 9
1122 64 1215 88 0.000188 9
680 158 688 182 0.000187 9
807 64 875 90 0.000183 9
936 135 943 147 0.000180 9
1055 82 1072 105 0.000180 9
120 165 127 174 0.000172 9
1235 64 1264 98 0.000171 9
694 172 704 197 0.000169 9
1202 88 1216 131 0.000164 9
664 183 671 199 0.000156 9
1062 75 1072 88 0.000155 9
893 156 998 211 0.000152 9
760 116 839 158 0.000148 9
861 110 869 130 0.000143 9
374 184 393 203 0.000134 9
959 120 970 133 0.000133 9
652 127 661 143 0.000133 9
319 203 331 225 0.000132 9
1074 334 1091 361 0.000131 9
575 136 581 144 0.000126 9
1215 64 1232 94 0.000121 9
1081 120 1105 150 0.000121 9
868 66 887 88 0.000120 9
998 103 1023 120 0.000118 9
550 141 560 151 0.000118 9
1070 121 1087 172 0.000114 9
685 145 707 190 0.000111 9
803 155 924 213 0.000111 9
702 151 713 178 0.000110 9
352 165 366 189 0.000110 9
1006 87 1014 97 0.000107 9
321 95 330 119 0.000106 9
221 163 233 175 0.000106 9
1007 303 1021 345 0.000106 9
95 168 104 176 0.000105 9
629 165 672 210 0.000105 9
293 176 307 198 0.000105 9
341 153 384 194 0.000103 9
431 171 446 193 0.000102 9
1182 191 1198 216 0.031461 11
1225 198 1256 233 0.021431 11
248 209 262 225 0.011778 11
324 110 366 164 0.010418 11
523 183 536 197 0.006780 11
1052 111 1083 146 0.001987 11
1120 177 1232 240 0.000142 11
