656 200 695 287 0.821113 0
1206 204 1279 350 0.802682 0
1020 192 1046 250 0.736434 0
827 191 857 261 0.665106 0
621 428 935 703 0.300282 0
255 202 268 243 0.122003 0
1193 227 1204 264 0.055484 0
787 198 793 216 0.022134 0
1274 208 1279 255 0.014209 0
1186 224 1198 251 0.009940 0
454 211 464 249 0.008177 0
865 208 873 234 0.007581 0
242 197 252 239 0.005551 0
804 185 815 214 0.004136 0
1110 222 1127 251 0.003142 0
1113 193 1121 203 0.002492 0
1255 204 1279 279 0.001907 0
718 222 727 234 0.001885 0
1220 216 1232 231 0.001782 0
367 208 374 217 0.001577 0
681 198 690 214 0.001401 0
849 202 865 238 0.001265 0
213 197 224 228 0.001197 0
1201 228 1215 250 0.001183 0
888 201 904 234 0.001105 0
1088 190 1097 209 0.000828 0
1178 235 1185 246 0.000816 0
924 201 947 248 0.000741 0
1199 382 1211 416 0.000716 0
462 208 479 285 0.000703 0
663 197 674 215 0.000683 0
1240 196 1252 209 0.000634 0
311 185 323 198 0.000631 0
626 199 646 226 0.000606 0
1230 168 1247 181 0.000584 0
184 197 191 206 0.000568 0
429 224 438 232 0.000520 0
784 327 849 344 0.000515 0
873 206 892 240 0.000515 0
819 207 840 231 0.000514 0
958 370 980 423 0.000491 0
1120 312 1128 329 0.000488 0
346 188 353 199 0.000470 0
828 569 908 703 0.000462 0
386 198 396 206 0.000388 0
351 190 358 200 0.000387 0
811 266 847 345 0.000368 0
848 180 858 209 0.000368 0
927 243 936 253 0.000314 0
832 676 910 703 0.000312 0
103 248 128 264 0.000292 0
27 215 41 251 0.000251 0
994 385 1024 421 0.000248 0
375 186 387 201 0.000241 0
949 246 958 255 0.000239 0
1223 204 1260 232 0.000238 0
786 330 813 390 0.000235 0
1198 361 1232 421 0.000231 0
199 210 206 221 0.000225 0
1055 487 1068 499 0.000222 0
286 696 303 703 0.000212 0
330 185 343 199 0.000210 0
319 203 331 225 0.000203 0
689 211 705 276 0.000191 0
921 335 1021 428 0.000189 0
1204 187 1230 234 0.000181 0
1104 312 1113 327 0.000175 0
1055 227 1079 297 0.000170 0
1074 332 1090 367 0.000170 0
1044 279 1058 310 0.000160 0
269 211 278 233 0.000152 0
863 437 880 466 0.000134 0
816 116 1244 278 0.000133 0
685 185 705 216 0.000128 0
1087 213 1124 268 0.000126 0
1073 488 1080 501 0.000123 0
894 693 912 703 0.000117 0
443 169 567 276 0.000109 0
1090 245 1099 269 0.000105 0
1187 268 1279 369 0.841177 1
1011 221 1051 263 0.718098 1
809 224 854 274 0.506168 1
1246 312 1279 376 0.008395 1
1040 227 1054 249 0.006721 1
1048 221 1065 242 0.004125 1
1260 288 1279 317 0.003817 1
758 250 801 281 0.003301 1
1066 217 1089 243 0.002612 1
809 224 988 292 0.002522 1
1239 264 1279 301 0.001586 1
1000 222 1018 260 0.001155 1
861 243 882 271 0.001057 1
1266 263 1279 280 0.000833 1
865 243 917 289 0.000571 1
949 272 960 303 0.000561 1
47 235 74 255 0.000398 1
801 215 828 239 0.000379 1
1082 308 1170 347 0.000306 1
909 269 958 298 0.000258 1
1202 304 1233 352 0.000230 1
694 211 728 237 0.000190 1
999 199 1084 322 0.000103 1
608 197 645 216 0.061126 2
694 201 719 216 0.057826 2
502 208 516 216 0.056977 2
484 200 509 217 0.039206 2
982 199 1029 230 0.025736 2
527 201 552 218 0.023943 2
1255 199 1279 223 0.009961 2
552 200 578 216 0.006687 2
1273 203 1279 254 0.005094 2
982 210 997 228 0.004856 2
1139 232 1161 247 0.004516 2
743 201 768 216 0.004121 2
966 206 988 225 0.003029 2
866 183 953 231 0.002816 2
589 200 612 214 0.002752 2
912 200 982 252 0.002356 2
1199 363 1279 410 0.002339 2
973 217 985 240 0.002316 2
449 156 490 171 0.002265 2
1103 487 1136 505 0.002226 2
1102 198 1121 209 0.002211 2
1040 197 1077 224 0.002200 2
589 184 622 200 0.002023 2
1077 214 1130 233 0.001995 2
640 197 655 214 0.001864 2
1003 216 1022 230 0.001589 2
932 199 954 206 0.001540 2
802 214 826 238 0.001528 2
822 329 848 344 0.001510 2
716 199 739 216 0.001452 2
1225 166 1279 182 0.001150 2
866 219 882 242 0.001129 2
305 191 313 198 0.001097 2
1069 215 1090 233 0.000947 2
1074 198 1093 210 0.000905 2
311 186 323 199 0.000885 2
827 286 848 302 0.000851 2
1118 213 1192 247 0.000783 2
1088 188 1096 201 0.000766 2
1113 220 1135 249 0.000731 2
699 184 770 217 0.000730 2
1268 251 1279 271 0.000713 2
559 192 628 217 0.000701 2
1069 197 1077 212 0.000657 2
996 199 1087 251 0.000644 2
972 217 1019 258 0.000638 2
0 398 16 409 0.000594 2
481 182 554 218 0.000579 2
1091 196 1105 209 0.000563 2
890 200 905 229 0.000511 2
807 189 854 233 0.000505 2
1222 206 1276 254 0.000491 2
939 246 958 254 0.000490 2
0 402 31 421 0.000488 2
387 198 397 206 0.000432 2
191 393 220 410 0.000411 2
1247 336 1279 378 0.000351 2
499 170 826 230 0.000336 2
689 207 727 237 0.000297 2
789 232 809 239 0.000284 2
1000 383 1024 402 0.000268 2
956 371 1024 425 0.000229 2
454 199 465 212 0.000227 2
1018 327 1088 344 0.000210 2
819 257 851 308 0.000194 2
1176 215 1199 247 0.000189 2
575 241 589 247 0.000182 2
1149 471 1168 478 0.000176 2
1097 187 1139 220 0.000164 2
1263 364 1279 378 0.000163 2
1076 310 1175 345 0.000148 2
354 192 367 200 0.000139 2
175 397 192 406 0.000134 2
293 178 308 199 0.000129 2
1045 178 1222 333 0.000124 2
319 203 332 231 0.000122 2
450 217 588 253 0.000110 2
1014 308 1111 336 0.000107 2
159 396 176 422 0.000107 2
1041 518 1067 529 0.000105 2
159 415 173 423 0.000103 2
1207 165 1279 251 0.010727 5
480 174 517 217 0.004004 5
1182 192 1201 217 0.000413 5
431 171 446 194 0.000121 5
1263 77 1279 266 0.000118 5
641 268 1275 392 0.002586 6
1060 174 1277 274 0.000422 6
0 65 75 252 0.000358 6
5 64 551 404 0.000266 6
1032 470 1261 507 0.000175 6
466 157 605 211 0.000132 6
813 264 1046 309 0.000117 6
0 143 39 206 0.000112 6
865 177 953 236 0.322598 7
723 152 858 235 0.073494 7
697 185 729 216 0.012909 7
588 183 646 215 0.010317 7
1196 166 1279 260 0.005977 7
1120 183 1187 217 0.004074 7
803 183 856 224 0.002179 7
1115 216 1185 247 0.001489 7
478 171 580 212 0.001414 7
981 183 1051 229 0.001380 7
643 141 1170 377 0.001169 7
556 179 580 208 0.000574 7
808 160 857 189 0.000507 7
488 158 954 292 0.000478 7
1262 167 1279 225 0.000358 7
590 153 730 221 0.000295 7
1081 154 1143 258 0.000263 7
1223 159 1279 182 0.000174 7
984 107 1113 258 0.000103 7
1088 150 1102 177 0.536447 9
513 152 524 179 0.315740 9
1007 136 1024 173 0.054496 9
366 167 373 184 0.017326 9
1208 168 1215 188 0.015604 9
449 157 490 171 0.015310 9
239 178 247 191 0.008632 9
1154 160 1167 184 0.007681 9
373 172 381 184 0.006818 9
938 204 943 215 0.006169 9
517 192 524 201 0.006145 9
830 135 861 166 0.005552 9
995 139 1002 172 0.005209 9
613 155 624 169 0.004729 9
545 141 552 151 0.004725 9
1126 165 1146 185 0.004620 9
557 184 566 198 0.004616 9
224 183 231 195 0.004348 9
1213 167 1224 187 0.004241 9
312 149 341 194 0.004218 9
1200 192 1210 209 0.004142 9
1096 134 1105 163 0.003878 9
587 173 592 184 0.003451 9
1145 166 1154 185 0.003397 9
864 440 877 455 0.003274 9
1053 112 1082 146 0.002842 9
864 151 879 168 0.002629 9
841 119 866 136 0.002557 9
257 146 266 159 0.002173 9
974 167 992 201 0.002045 9
965 372 979 389 0.001998 9
1194 165 1201 186 0.001964 9
689 119 705 153 0.001871 9
857 136 938 153 0.001825 9
1263 79 1279 137 0.001808 9
166 64 176 76 0.001774 9
119 64 161 73 0.001732 9
1086 140 1103 257 0.001729 9
975 141 994 160 0.001722 9
215 183 224 193 0.001687 9
680 168 687 184 0.001571 9
1130 64 1152 72 0.001562 9
1055 118 1065 137 0.001499 9
257 180 263 191 0.001495 9
630 183 637 192 0.001494 9
851 90 859 105 0.001487 9
681 181 689 196 0.001335 9
472 198 479 206 0.001302 9
1199 148 1207 180 0.001271 9
340 165 351 186 0.001178 9
974 188 981 200 0.001161 9
896 167 903 177 0.001139 9
714 135 720 155 0.001111 9
1046 162 1057 178 0.001109 9
936 149 944 166 0.001094 9
960 64 1014 104 0.001092 9
1023 151 1040 159 0.001010 9
695 175 702 191 0.000981 9
542 168 553 183 0.000953 9
1173 151 1182 162 0.000927 9
1216 188 1224 207 0.000883 9
1199 383 1207 414 0.000823 9
960 70 976 90 0.000821 9
248 178 258 192 0.000802 9
1181 185 1201 216 0.000800 9
159 64 169 72 0.000792 9
696 152 704 176 0.000758 9
1108 153 1119 169 0.000753 9
447 152 549 183 0.000724 9
801 155 857 216 0.000701 9
905 127 912 137 0.000696 9
639 160 645 168 0.000688 9
1100 161 1150 209 0.000672 9
379 161 409 184 0.000621 9
928 87 944 104 0.000615 9
460 184 479 201 0.000591 9
961 136 976 159 0.000589 9
520 170 555 201 0.000585 9
1087 183 1098 201 0.000585 9
1115 163 1128 183 0.000584 9
566 145 580 161 0.000575 9
970 176 975 186 0.000570 9
1200 137 1208 153 0.000569 9
814 144 823 156 0.000559 9
875 152 896 168 0.000551 9
958 174 965 186 0.000545 9
578 64 638 93 0.000539 9
686 162 697 193 0.000530 9
927 147 938 167 0.000507 9
1202 88 1218 129 0.000484 9
575 136 580 143 0.000456 9
553 174 580 203 0.000453 9
652 128 660 143 0.000425 9
805 148 814 161 0.000425 9
1080 169 1089 182 0.000420 9
550 141 560 151 0.000417 9
1120 64 1134 75 0.000412 9
943 130 952 149 0.000412 9
664 183 671 197 0.000406 9
1072 83 1084 97 0.000396 9
606 175 614 182 0.000395 9
1056 152 1065 174 0.000395 9
368 170 388 199 0.000384 9
638 151 650 163 0.000382 9
1024 152 1060 182 0.000374 9
590 164 600 185 0.000370 9
464 199 475 216 0.000369 9
666 328 678 345 0.000364 9
1014 125 1040 163 0.000352 9
581 64 595 77 0.000350 9
702 134 717 153 0.000345 9
112 151 127 163 0.000345 9
679 150 689 168 0.000338 9
861 111 869 118 0.000334 9
897 149 911 177 0.000331 9
1152 125 1161 135 0.000331 9
240 164 248 178 0.000329 9
216 164 223 178 0.000327 9
1010 162 1051 224 0.000326 9
704 162 712 179 0.000313 9
660 147 670 172 0.000306 9
586 117 597 133 0.000305 9
1044 111 1106 221 0.000303 9
595 171 637 199 0.000300 9
867 166 898 178 0.000293 9
1073 151 1082 166 0.000284 9
1150 103 1169 135 0.000276 9
261 178 272 193 0.000268 9
597 134 605 143 0.000248 9
256 82 272 103 0.000235 9
768 175 776 186 0.000233 9
1143 128 1185 185 0.000228 9
943 80 961 94 0.000218 9
1221 166 1232 183 0.000215 9
1049 105 1064 121 0.000214 9
173 64 201 88 0.000213 9
928 161 945 183 0.000207 9
480 93 521 103 0.000206 9
293 177 307 198 0.000205 9
1198 142 1227 190 0.000203 9
960 120 981 136 0.000196 9
638 134 651 156 0.000194 9
830 64 839 69 0.000193 9
321 93 330 119 0.000192 9
998 125 1007 138 0.000191 9
432 171 446 193 0.000189 9
609 152 647 174 0.000186 9
680 124 690 151 0.000185 9
1214 88 1233 136 0.000184 9
1074 72 1086 89 0.000182 9
831 117 840 133 0.000177 9
869 119 879 134 0.000173 9
664 170 671 188 0.000169 9
605 162 623 183 0.000168 9
933 134 944 152 0.000167 9
67 168 78 179 0.000165 9
1180 164 1230 240 0.000159 9
506 97 520 103 0.000152 9
463 169 473 186 0.000150 9
951 173 961 190 0.000149 9
1231 91 1248 145 0.000149 9
833 84 843 105 0.000148 9
543 142 576 160 0.000146 9
700 143 719 177 0.000144 9
637 166 653 183 0.000144 9
95 151 104 175 0.000141 9
831 76 850 89 0.000140 9
121 165 127 175 0.000140 9
624 66 638 90 0.000140 9
1182 64 1201 79 0.000137 9
320 64 363 110 0.000136 9
1007 69 1017 88 0.000134 9
407 260 413 270 0.000130 9
976 113 986 135 0.000129 9
1032 108 1262 283 0.000126 9
1186 138 1200 151 0.000126 9
952 346 959 364 0.000121 9
1177 146 1204 187 0.000116 9
1167 142 1174 152 0.000116 9
1057 73 1073 88 0.000115 9
352 165 364 188 0.000115 9
258 166 270 180 0.000112 9
926 342 991 394 0.000111 9
63 144 79 174 0.000110 9
330 154 372 191 0.000110 9
1024 120 1036 129 0.000107 9
1263 64 1279 74 0.000107 9
665 166 691 193 0.000105 9
575 65 670 216 0.000104 9
1045 180 1060 198 0.000104 9
1198 64 1210 73 0.000101 9
1208 164 1259 203 0.000100 9
523 183 536 196 0.020854 11
324 110 366 164 0.016312 11
517 191 527 200 0.007805 11
312 149 341 194 0.003341 11
449 157 490 171 0.001571 11
416 64 431 96 0.000101 11
