9.48 -7.56 -1.27 1.84 0.47 1.74 -2.949 0.99880 3
36.02 -23.74 -1.06 3.97 1.64 1.57 0.896 0.99068 1
26.67 -3.37 -1.17 1.96 0.65 2.11 -0.864 0.68565 3
20.34 2.99 0.14 4.16 1.66 1.53 -2.303 0.39581 1
43.70 2.63 -1.91 3.51 1.51 1.44 2.635 0.27758 1
19.41 11.71 -1.24 4.31 1.68 1.65 -2.001 0.26274 1
37.75 -11.25 -1.35 3.86 1.63 1.75 -2.808 0.24490 1
30.57 -8.96 -1.13 0.93 0.61 1.80 -0.676 0.20618 2
33.15 -7.61 -1.10 1.01 0.52 1.90 2.760 0.19669 2
26.49 -3.27 -1.17 0.97 0.58 1.95 -0.988 0.18653 2
46.03 -9.69 -1.24 4.08 1.66 1.65 -0.339 0.16772 1
44.39 -35.73 -1.84 3.76 1.60 1.57 2.678 0.12929 1
34.51 -26.19 -1.06 3.79 1.64 1.59 -0.071 0.10298 1
51.96 -7.40 -0.44 4.21 1.73 1.83 -2.685 0.07390 1
49.62 -6.89 -1.34 3.13 1.40 1.44 -2.668 0.04940 1
57.65 -11.09 -0.03 4.33 1.69 1.63 2.173 0.04488 1
23.84 14.00 -1.42 4.41 1.72 1.54 2.647 0.04371 1
28.31 11.02 -1.46 3.84 1.61 1.50 -2.574 0.04262 1
26.64 -3.15 -1.28 3.76 1.55 1.64 -0.840 0.04162 1
22.45 14.79 -1.23 4.07 1.65 1.48 2.633 0.03169 1
26.11 -20.06 -0.59 4.12 1.66 1.54 -3.094 0.02564 1
31.40 -15.46 -1.41 3.91 1.64 1.52 0.332 0.02404 1
47.20 11.13 -0.03 0.78 0.64 1.77 -0.449 0.02112 2
36.69 -11.75 -1.41 3.70 1.55 1.49 2.833 0.02028 1
31.06 22.68 -1.53 3.95 1.63 1.51 2.673 0.01982 1
20.38 15.78 -2.01 3.74 1.57 1.42 2.518 0.01325 1
70.06 25.00 -1.26 4.11 1.65 1.55 2.144 0.01238 1
40.90 17.28 -1.30 4.02 1.65 1.52 2.673 0.01170 1
11.89 0.34 -1.17 3.64 1.64 1.43 -0.517 0.01144 1
12.85 4.70 -1.24 3.47 1.33 1.47 -3.083 0.01106 1
23.51 12.39 -1.28 4.16 1.66 1.59 2.630 0.01028 1
57.41 -2.54 -1.77 3.90 1.64 1.52 2.865 0.01004 1
27.44 -3.26 -1.54 3.25 1.57 1.67 -0.989 0.00898 1
44.74 15.10 -1.56 4.36 1.72 1.70 2.728 0.00893 1
20.74 12.33 -1.29 3.92 1.65 1.62 -0.474 0.00835 1
22.48 -15.28 -1.31 3.82 1.58 1.49 2.937 0.00811 1
42.72 26.56 2.74 4.64 1.81 1.83 -0.290 0.00778 1
49.88 -17.14 -1.29 3.88 1.60 1.49 -2.834 0.00625 1
52.61 -8.79 -0.60 4.45 1.76 1.91 -2.664 0.00608 1
45.78 -9.06 -0.94 3.79 1.68 1.66 -0.141 0.00556 1
58.61 7.09 -1.46 3.92 1.66 1.65 -3.261 0.00554 1
43.64 3.05 -1.98 3.18 1.43 1.40 -2.877 0.00532 1
39.44 -16.22 -0.91 0.80 0.53 1.74 -0.692 0.00475 2
45.36 -8.76 -1.11 3.68 1.58 1.54 -2.772 0.00450 1
31.28 -13.76 -1.26 4.07 1.78 1.49 -2.943 0.00439 1
21.88 13.50 -1.23 4.01 1.65 1.48 2.694 0.00420 1
68.51 17.68 -0.25 0.68 0.60 1.88 -2.068 0.00330 2
16.21 -15.30 -1.49 3.66 1.57 1.52 2.733 0.00319 1
33.81 -21.77 -1.58 4.28 1.64 1.47 0.875 0.00310 1
52.60 22.82 1.16 1.04 0.57 1.92 -1.601 0.00282 2
38.53 -14.42 -1.55 4.10 1.76 1.48 -0.627 0.00257 1
30.40 -5.81 -1.17 1.80 0.66 1.84 -0.908 0.00251 3
15.74 -4.56 -1.15 3.79 1.50 1.49 2.727 0.00231 1
14.77 -5.87 -1.51 4.07 1.76 1.46 -0.068 0.00227 1
52.17 -10.85 -0.60 3.65 1.57 1.44 -2.655 0.00201 1
18.20 9.55 -1.42 4.47 1.75 1.46 0.919 0.00200 1
49.16 -18.29 -1.36 3.68 1.58 1.52 1.978 0.00185 1
54.78 42.01 0.15 4.22 1.73 1.62 2.824 0.00184 1
57.35 -3.31 0.24 0.85 0.44 1.88 1.627 0.00175 2
42.05 -8.96 -1.28 1.73 0.49 1.67 0.533 0.00159 3
40.39 -17.40 -1.06 4.67 1.57 1.58 -3.011 0.00148 1
35.75 -11.51 -1.34 4.01 1.54 1.62 2.113 0.00145 1
30.78 -6.23 -1.42 0.84 0.66 1.73 -0.937 0.00129 2
16.72 -0.16 -1.43 3.97 1.74 1.38 -3.169 0.00128 1
39.78 -16.33 -1.05 1.70 0.45 1.69 -0.760 0.00119 3
61.37 -24.75 -1.00 0.69 0.57 1.71 -0.742 0.00117 2
62.39 10.17 -1.19 0.62 0.70 1.77 -0.181 0.00115 2
9.14 -9.33 -1.37 4.11 1.78 1.46 -2.385 0.00113 1
52.79 22.75 0.83 0.93 0.58 1.86 -1.622 0.00109 2
27.85 20.99 -1.20 3.73 1.59 1.49 2.979 0.00108 1
60.84 18.06 -1.66 4.36 1.63 1.64 2.559 0.00107 1
48.53 -26.87 -0.93 3.60 1.74 1.65 2.756 0.00105 1
12.51 5.41 -1.35 3.59 1.14 1.37 -2.034 0.00105 1
45.44 -36.44 -0.74 4.13 1.42 1.47 2.909 0.00105 1
39.81 -16.65 -1.03 3.89 1.61 1.52 -0.948 0.00103 1
60.77 21.66 -1.13 3.56 1.67 1.58 3.069 0.00101 1
61.25 -24.47 -1.09 0.68 0.50 1.69 -0.541 0.00100 2
10.91 -0.68 -1.94 3.94 1.54 1.40 2.922 0.00099 1
16.69 -1.55 -1.42 3.51 1.44 1.54 3.059 0.00097 1
42.20 -8.92 -0.96 1.58 0.57 1.69 -0.006 0.00095 3
67.77 -44.40 0.05 3.43 1.69 1.64 -0.844 0.00093 1
24.29 -2.87 -1.43 4.17 1.86 1.68 -1.026 0.00091 1
34.86 20.37 -1.23 3.86 1.44 1.43 -0.314 0.00090 1
37.60 28.31 -1.27 4.83 1.82 1.86 2.636 0.00087 1
28.38 -12.42 -0.32 3.48 1.59 1.50 0.610 0.00086 1
58.74 -38.00 0.51 3.91 1.68 1.59 1.831 0.00081 1
15.64 -3.25 -1.09 3.99 1.77 1.60 2.063 0.00078 1
30.25 -5.26 -1.36 1.46 0.52 1.59 -0.396 0.00073 3
48.36 -27.80 -0.69 4.02 1.58 1.54 2.732 0.00071 1
58.30 -36.57 0.45 4.09 1.66 1.56 1.766 0.00068 1
42.74 -8.96 -1.26 3.89 1.25 1.49 0.667 0.00066 1
16.68 -5.23 -1.14 4.08 1.64 1.58 -2.790 0.00065 1
20.35 16.54 -1.04 4.75 1.70 1.48 2.858 0.00062 1
49.44 -18.17 -1.36 3.98 1.64 1.50 -3.045 0.00061 1
58.65 10.17 -0.27 0.72 0.57 1.82 0.001 0.00061 2
37.60 -10.00 -1.26 3.59 1.43 1.53 -2.893 0.00057 1
12.63 4.84 -1.36 3.72 1.30 1.34 -2.600 0.00054 1
28.57 -13.00 -0.30 3.44 1.54 1.49 0.037 0.00051 1
75.20 22.65 -1.81 3.64 1.71 1.67 0.639 0.00047 1
59.38 22.48 -0.79 1.06 0.60 1.90 3.041 0.00046 2
42.23 -8.81 -1.25 4.22 1.65 1.56 0.746 0.00045 1
17.89 -13.38 -1.36 3.94 1.89 1.38 2.726 0.00045 1
20.97 13.71 -1.29 3.99 1.73 1.41 -0.745 0.00044 1
40.41 -15.63 -1.56 3.73 1.55 1.54 -0.212 0.00044 1
11.69 -1.46 -1.86 3.66 1.58 1.45 2.988 0.00044 1
31.11 8.51 -1.41 4.03 1.50 1.61 2.720 0.00040 1
17.93 -4.77 -1.31 3.49 1.69 1.47 3.304 0.00038 1
41.00 -16.55 -1.37 3.53 1.58 1.62 -0.697 0.00037 1
15.55 -3.74 -1.14 3.48 1.34 1.48 3.328 0.00037 1
17.01 -15.41 -1.50 2.81 1.47 1.39 2.775 0.00036 1
43.77 -10.29 -1.48 3.07 1.72 1.70 0.402 0.00035 1
15.92 -2.98 -1.25 3.52 1.70 1.40 3.079 0.00035 1
44.11 3.22 -1.40 3.93 1.57 1.49 2.635 0.00034 1
59.13 8.19 -1.08 3.73 1.94 1.71 -3.202 0.00034 1
21.40 16.75 -1.17 4.26 1.40 1.46 -2.331 0.00034 1
73.25 -46.63 -0.40 4.50 1.54 1.57 -3.122 0.00032 1
13.34 -4.16 -1.29 3.44 1.28 1.38 2.907 0.00031 1
35.90 19.65 -1.10 4.09 1.44 1.50 2.640 0.00029 1
43.10 3.67 -1.62 3.20 1.35 1.40 3.095 0.00029 1
20.60 11.79 -1.32 3.86 1.53 1.65 -0.626 0.00027 1
28.81 -23.67 -0.30 4.10 1.36 1.53 3.197 0.00027 1
35.00 -15.08 -1.56 4.10 1.38 1.55 -2.967 0.00027 1
33.11 21.20 -1.41 3.69 1.34 1.64 -0.366 0.00027 1
11.46 -5.91 -1.33 4.04 1.73 1.40 3.145 0.00025 1
37.71 15.44 -1.39 3.94 1.42 1.54 3.231 0.00024 1
35.12 28.40 -0.11 0.38 0.48 1.98 -1.257 0.00022 2
-0.48 0.34 0.57 4.23 1.64 1.54 3.260 0.00022 1
60.73 23.06 -1.23 3.89 1.70 1.58 3.076 0.00020 1
72.62 -23.89 -1.45 4.43 1.81 1.70 -1.585 0.00019 1
58.58 -37.00 0.48 4.24 1.83 1.62 2.328 0.00018 1
36.98 -9.56 -1.43 4.04 1.98 1.54 2.966 0.00018 1
26.24 7.79 -2.01 4.49 1.77 1.61 2.741 0.00018 1
50.87 -7.45 -0.26 3.65 1.69 1.70 1.641 0.00017 1
12.54 4.11 -1.32 3.48 1.40 1.38 -0.420 0.00016 1
69.93 -55.06 -0.06 4.60 1.62 1.55 3.144 0.00016 1
10.30 -3.95 -1.07 3.86 1.85 1.41 -2.687 0.00016 1
18.53 -13.06 -1.41 3.93 1.37 1.38 2.807 0.00016 1
23.33 12.97 -1.26 4.02 1.53 1.46 2.605 0.00015 1
10.72 -1.18 -1.95 3.92 1.24 1.34 2.690 0.00014 1
57.43 7.32 -1.76 4.31 1.71 1.59 -3.014 0.00014 1
13.62 8.39 -2.21 0.65 0.57 1.75 -0.602 0.00014 2
20.04 -14.92 -1.25 3.56 1.76 1.45 3.035 0.00013 1
22.58 -1.02 -1.46 4.30 1.74 1.52 -0.312 0.00013 1
9.95 -7.53 -1.31 1.72 0.52 1.94 -1.786 0.00012 3
73.06 -39.92 -0.95 4.46 1.69 1.56 -3.014 0.00012 1
9.60 -7.71 -1.22 1.59 0.51 1.77 -2.666 0.00012 3
69.66 -31.72 -0.75 4.39 1.71 1.56 3.289 0.00011 1
25.78 -4.51 0.39 0.69 0.61 2.00 -0.670 0.00011 2
71.76 -23.33 -1.26 3.66 1.87 1.64 2.946 0.00011 1
55.72 -3.49 -1.54 3.42 1.50 1.55 -2.700 0.00011 1
53.00 7.64 -0.52 3.85 1.56 1.70 -1.477 0.00011 1
14.66 1.23 -1.39 4.16 1.89 1.48 -0.370 0.00011 1
21.07 14.79 -1.28 3.46 1.49 1.48 -2.227 0.00011 1
10.22 0.50 -1.34 0.94 0.52 1.59 -0.626 0.00010 2
47.72 -32.66 0.02 4.19 2.09 1.58 -2.974 0.00010 1
14.59 -0.45 -1.41 4.24 1.96 1.50 0.323 0.00010 1
73.82 -23.44 -1.69 4.35 1.50 1.68 -0.845 0.00010 1
48.59 -12.89 -1.38 4.36 1.66 1.46 -2.731 0.00009 1
18.32 10.61 -1.47 3.85 1.73 1.38 -2.018 0.00008 1
11.27 0.25 -1.30 3.28 1.60 1.35 -0.733 0.00008 1
12.58 4.98 -1.27 3.09 1.43 1.47 -0.712 0.00008 1
11.20 -0.09 -1.60 3.77 1.42 1.46 -3.015 0.00007 1
45.12 -19.06 -1.46 4.34 2.08 1.67 -2.775 0.00007 1
16.23 -12.91 -1.48 4.03 1.56 1.40 2.499 0.00007 1
51.89 -8.73 0.44 4.06 1.51 1.66 -2.667 0.00006 1
30.57 -19.59 -0.55 4.54 1.70 1.56 3.384 0.00006 1
52.18 -10.25 -0.49 3.81 1.55 1.58 -2.537 0.00006 1
17.62 -5.21 -1.13 4.15 1.77 1.54 -1.582 0.00006 1
21.58 16.16 -1.26 3.99 1.45 1.48 -2.579 0.00006 1
69.94 -53.34 -0.47 4.19 1.56 1.58 3.241 0.00006 1
30.11 -5.39 -1.24 1.63 0.62 1.73 1.787 0.00005 3
73.88 21.28 -1.86 4.28 2.01 1.69 0.205 0.00005 1
43.29 15.55 -1.23 4.24 1.91 1.57 3.391 0.00005 1
27.76 -4.11 -1.20 3.99 1.92 2.00 -1.025 0.00005 1
20.36 -1.42 -1.57 3.98 1.77 1.43 3.366 0.00005 1
20.15 -14.04 -1.26 3.49 1.90 1.45 2.871 0.00005 1
15.23 -4.84 -1.28 3.91 1.36 1.51 3.075 0.00004 1
12.05 4.43 -1.27 3.48 1.39 1.49 -1.303 0.00004 1
71.26 -44.26 -0.65 4.29 1.59 1.52 3.189 0.00004 1
23.14 -14.80 -0.94 3.62 1.65 1.54 -2.865 0.00004 1
21.39 14.80 -1.24 3.58 1.47 1.46 3.069 0.00004 1
28.88 3.11 -1.50 3.87 1.64 1.51 -2.753 0.00004 1
14.56 1.84 -1.30 3.92 1.90 1.45 -0.490 0.00004 1
17.90 -4.23 -1.28 3.51 1.32 1.40 -2.265 0.00004 1
21.95 -18.06 -1.00 3.97 1.74 1.71 3.327 0.00003 1
62.45 -41.22 1.01 4.13 1.83 1.65 -2.788 0.00003 1
71.33 -48.86 -0.27 4.32 1.37 1.52 3.298 0.00003 1
40.33 -10.93 -2.24 4.11 1.52 1.60 -2.562 0.00003 1
34.00 17.77 -1.46 3.90 1.71 1.66 3.187 0.00003 1
18.37 -0.24 -1.48 3.97 2.11 1.48 2.987 0.00003 1
21.93 15.38 -1.37 4.16 1.62 1.49 -2.939 0.00003 1
73.30 -23.60 -1.64 4.25 1.70 1.75 -0.647 0.00003 1
20.37 15.99 -2.02 3.31 1.58 1.50 -2.503 0.00003 1
32.66 4.02 -1.63 4.39 1.37 1.57 2.886 0.00003 1
61.84 -50.23 -1.31 4.17 1.90 1.68 3.432 0.00003 1
29.63 23.28 -1.37 3.93 1.81 1.46 2.892 0.00003 1
17.51 -4.31 -1.63 3.68 1.33 1.68 -0.298 0.00002 1
12.13 4.80 -1.28 3.24 1.50 1.46 -0.560 0.00002 1
40.51 26.93 -1.22 3.59 1.56 1.62 3.239 0.00002 1
33.02 -24.57 -1.18 3.35 1.71 1.56 2.602 0.00002 1
11.11 -1.75 -1.91 3.86 1.54 1.38 2.586 0.00002 1
9.53 -4.10 -1.19 3.98 1.59 1.44 3.105 0.00002 1
36.73 -0.63 -1.62 4.11 1.66 1.70 -2.743 0.00002 1
9.43 -5.91 -1.21 3.84 1.81 1.41 -3.230 0.00002 1
17.93 9.91 -1.28 4.53 1.51 1.53 -0.630 0.00002 1
51.53 24.02 -1.04 3.98 1.71 1.65 3.101 0.00002 1
20.22 16.77 -1.54 3.77 1.64 1.51 -2.881 0.00002 1
28.41 -18.41 0.26 4.21 2.31 1.87 3.418 0.00002 1
8.30 -6.22 -1.24 4.44 1.80 1.33 3.016 0.00002 1
16.75 -4.64 -1.28 3.66 1.59 1.50 3.118 0.00002 1
39.33 17.61 -1.46 3.63 1.29 1.54 3.207 0.00002 1
35.32 19.50 -1.34 4.33 1.22 1.58 2.777 0.00002 1
12.62 4.92 -1.14 3.46 1.32 1.53 -2.063 0.00002 1
11.15 4.60 -1.19 0.71 0.51 1.74 -2.004 0.00002 2
56.57 22.34 3.58 0.87 0.63 2.02 -1.647 0.00002 2
12.91 5.16 -1.31 3.25 1.63 1.54 -1.322 0.00002 1
30.73 -20.33 -0.46 3.97 1.68 1.54 3.303 0.00002 1
9.44 -8.44 -1.35 4.36 1.79 1.52 -2.227 0.00001 1
32.90 -9.03 -1.41 4.47 1.80 1.55 -3.053 0.00001 1
51.23 -8.14 -0.28 3.96 1.78 1.71 -2.744 0.00001 1
30.50 -8.59 -1.25 0.85 0.81 1.91 -0.443 0.00001 2
32.98 8.76 -1.40 4.69 1.98 1.84 2.939 0.00001 1
24.50 -15.03 -0.98 3.46 1.59 1.46 2.984 0.00001 1
9.40 -5.49 -1.32 3.64 1.66 1.45 -2.647 0.00001 1
59.36 22.77 -0.98 4.42 2.01 1.62 2.933 0.00001 1
34.36 19.95 -1.45 3.86 1.60 1.58 -0.091 0.00001 1
71.90 -48.65 0.58 4.03 1.59 1.63 2.923 0.00001 1
60.68 22.26 -1.02 4.50 1.46 1.82 3.167 0.00001 1
10.73 9.14 -2.24 0.91 0.68 1.96 -0.143 0.00001 2
27.49 21.63 -1.42 4.57 1.91 1.65 3.079 0.00001 1
29.69 -18.66 -0.71 4.44 1.91 1.69 2.932 0.00001 1
32.96 -24.05 -1.04 3.21 1.56 1.57 3.112 0.00001 1
44.22 14.06 -1.66 4.71 1.42 1.66 2.935 0.00001 1
