6.83 5.26 -1.44 3.85 1.61 1.51 -1.725 0.99123 1
36.00 -23.89 -1.10 4.11 1.70 1.70 0.896 0.76348 1
43.96 -10.82 -0.84 3.87 1.59 1.50 2.912 0.41740 1
20.26 2.94 0.13 4.17 1.69 1.55 -2.382 0.38976 1
28.95 1.31 -1.06 0.98 0.67 1.86 0.131 0.28832 2
47.19 11.03 -0.11 0.91 0.55 1.89 -2.041 0.11655 2
59.77 -37.69 0.73 4.00 1.65 1.69 3.033 0.07929 1
46.31 -19.04 -1.58 4.10 1.68 1.52 -2.606 0.06534 1
30.68 -25.54 -1.29 0.80 0.72 1.82 -0.510 0.06078 2
30.60 -7.17 -1.19 3.24 1.64 1.83 -0.875 0.05227 1
20.95 15.68 -1.15 4.18 1.65 1.56 -0.552 0.05198 1
41.38 7.01 0.10 3.95 1.69 1.60 2.023 0.05081 1
49.81 -7.21 -1.39 3.86 1.60 1.48 -2.802 0.04616 1
57.37 -2.29 -1.69 3.88 1.63 1.57 -3.093 0.04550 1
42.37 13.85 -1.99 3.88 1.62 1.52 2.719 0.03864 1
11.75 0.43 -1.12 3.61 1.58 1.51 -0.482 0.02866 1
31.89 22.26 -1.20 4.01 1.66 1.52 2.669 0.02859 1
38.23 -12.59 -1.16 3.84 1.62 1.53 0.282 0.02186 1
27.57 22.04 -1.80 4.06 1.66 1.54 2.527 0.02095 1
51.29 -11.67 -0.95 4.04 1.67 1.54 -2.511 0.02062 1
35.17 27.56 -1.27 4.23 1.72 1.58 2.679 0.01665 1
31.23 10.10 -1.33 4.21 1.70 1.51 2.585 0.01604 1
44.77 -21.98 -0.54 3.85 1.64 1.53 -0.223 0.01204 1
44.27 3.20 -1.40 1.72 0.49 1.70 2.741 0.01050 3
34.52 20.78 -1.37 4.03 1.66 1.53 2.665 0.01023 1
19.73 12.21 -1.32 3.94 1.61 1.48 -1.958 0.00999 1
44.23 2.43 -1.97 3.59 1.55 1.48 2.599 0.00934 1
44.89 -10.54 -1.28 3.86 1.67 1.73 -1.542 0.00932 1
52.75 -8.70 -0.47 3.81 1.64 1.62 -2.676 0.00762 1
18.52 9.94 -1.21 4.21 1.84 1.59 0.986 0.00761 1
49.25 -17.23 -1.83 3.71 1.59 1.48 -2.862 0.00709 1
12.41 4.81 -1.20 3.56 1.50 1.54 -3.055 0.00703 1
57.32 42.03 -0.06 3.87 1.65 1.59 0.439 0.00699 1
46.35 -18.33 -1.58 3.84 1.62 1.49 -2.356 0.00683 1
30.74 -17.95 -0.97 3.88 1.64 1.56 0.072 0.00590 1
32.33 -15.34 -2.49 4.41 1.66 1.62 -2.554 0.00511 1
36.76 -12.93 -0.99 0.77 0.61 1.71 0.179 0.00476 2
12.31 -5.86 -1.22 4.37 1.74 1.53 0.326 0.00476 1
50.39 10.24 -1.15 1.67 0.65 1.74 -0.436 0.00463 3
49.33 -17.73 -1.72 4.42 1.71 1.55 -2.579 0.00436 1
57.31 -2.05 -1.77 4.02 1.69 1.61 -2.372 0.00435 1
24.54 8.01 -1.61 4.53 1.61 1.59 2.980 0.00419 1
51.94 9.18 -0.55 0.66 0.70 1.87 -1.420 0.00418 2
15.60 -2.82 -1.24 3.42 1.46 1.62 2.344 0.00418 1
57.57 41.52 0.18 4.00 1.65 1.67 -3.062 0.00386 1
61.01 16.86 -1.53 0.70 0.58 1.79 -0.244 0.00384 2
45.79 14.80 -1.66 4.03 1.68 1.56 -0.381 0.00348 1
11.90 -2.40 -1.82 3.96 1.62 1.42 1.409 0.00346 1
57.85 -11.45 -0.43 3.71 1.60 1.58 2.129 0.00326 1
32.33 -5.24 -1.55 4.01 1.58 1.52 -1.780 0.00294 1
74.22 20.47 -1.84 3.96 1.65 1.58 -1.528 0.00294 1
62.34 -26.08 -1.11 1.50 0.33 1.64 0.267 0.00228 3
39.18 -9.56 -0.90 3.57 1.58 1.51 -2.743 0.00201 1
15.27 -3.03 -1.19 3.53 1.58 1.62 -1.818 0.00192 1
11.81 -2.27 -1.80 3.78 1.74 1.50 0.563 0.00186 1
29.66 -9.31 -1.37 3.85 1.65 1.46 -0.456 0.00184 1
37.71 -11.31 -1.20 4.00 1.71 1.61 -2.868 0.00169 1
59.10 17.04 -1.72 0.62 0.38 1.78 -0.509 0.00156 2
13.08 -5.36 -1.21 4.23 1.64 1.50 -2.966 0.00147 1
51.60 -9.31 -0.28 4.18 1.71 1.67 -2.648 0.00141 1
32.80 9.40 -1.40 4.31 1.77 1.61 2.811 0.00139 1
35.21 -4.07 -1.45 3.68 1.64 1.54 -1.408 0.00127 1
44.22 3.22 -1.48 4.13 1.47 1.47 2.734 0.00102 1
11.49 -2.47 -1.75 3.99 1.63 1.50 2.214 0.00100 1
14.02 -2.94 -1.82 3.76 1.61 1.52 -2.423 0.00099 1
12.58 4.47 -1.39 3.34 1.43 1.49 -0.492 0.00092 1
51.08 -7.47 0.22 3.61 1.49 1.65 -2.040 0.00091 1
10.22 -2.10 -2.18 4.28 1.69 1.41 2.739 0.00085 1
31.28 -15.24 -1.54 3.74 1.51 1.66 -2.740 0.00079 1
10.57 1.11 -1.08 3.84 1.58 1.53 -0.447 0.00076 1
62.51 -26.12 -1.21 1.60 0.34 1.70 0.019 0.00072 3
9.13 -5.51 -2.13 3.77 1.28 1.38 -3.066 0.00065 1
63.35 -41.07 -0.08 3.78 1.52 1.59 3.295 0.00065 1
36.45 26.90 -1.17 4.41 2.04 1.95 -0.443 0.00062 1
23.35 -18.22 -1.64 3.95 1.65 1.54 2.958 0.00060 1
68.68 -45.04 0.85 3.75 1.77 1.57 -2.662 0.00057 1
45.39 -10.22 -1.41 3.77 1.62 1.52 -1.681 0.00052 1
12.05 4.11 -1.24 3.15 1.28 1.48 2.299 0.00052 1
73.52 -21.92 -1.74 3.48 1.65 1.67 0.820 0.00050 1
40.71 -9.49 -1.28 3.78 1.76 1.54 -0.194 0.00050 1
10.89 -2.78 -1.86 3.62 1.47 1.47 1.193 0.00050 1
26.03 13.04 -1.26 4.11 1.98 1.53 2.828 0.00042 1
10.29 -2.63 -1.97 3.91 1.58 1.36 3.082 0.00040 1
11.46 -1.56 -1.72 3.76 1.66 1.52 0.309 0.00040 1
12.07 3.72 -1.23 3.81 1.34 1.59 1.760 0.00038 1
18.68 9.12 -1.45 3.85 1.68 1.59 0.177 0.00034 1
43.73 -35.86 -1.91 4.02 1.60 1.66 3.052 0.00034 1
32.05 2.87 -1.47 3.96 1.68 1.44 -2.915 0.00034 1
13.58 3.54 -1.18 0.71 0.42 1.82 2.523 0.00031 2
14.59 -3.30 -1.26 3.50 1.38 1.47 -1.889 0.00030 1
30.06 -10.06 -1.42 4.13 1.65 1.44 -0.156 0.00030 1
48.02 -13.13 -1.41 4.32 1.36 1.55 -2.887 0.00029 1
20.33 12.06 -1.21 3.83 1.70 1.54 -0.869 0.00029 1
36.21 -13.82 -0.86 3.74 1.67 1.69 -0.440 0.00028 1
40.16 -23.46 -0.99 4.21 1.36 1.54 3.134 0.00028 1
59.59 -49.99 0.52 3.47 1.85 1.69 2.632 0.00027 1
37.63 -12.47 -1.61 3.58 1.24 1.59 0.752 0.00026 1
18.47 8.99 -1.42 3.45 1.67 1.56 -0.592 0.00026 1
37.32 -9.73 -1.15 3.82 1.62 1.51 -2.841 0.00025 1
10.19 -1.94 -2.05 3.94 1.66 1.40 2.131 0.00025 1
17.56 -4.83 -1.14 4.49 1.70 1.52 -2.704 0.00025 1
12.35 4.97 -1.36 3.75 1.72 1.49 -2.326 0.00023 1
50.29 -28.58 -0.58 4.31 1.56 1.54 3.327 0.00022 1
-0.48 0.34 0.57 4.23 1.64 1.54 3.260 0.00022 1
37.10 27.67 -0.66 1.07 0.65 1.87 -0.562 0.00021 2
11.31 4.39 -1.30 3.10 1.44 1.54 -2.574 0.00021 1
45.85 -29.03 -0.15 4.13 1.57 1.52 3.339 0.00020 1
43.94 3.20 -1.51 3.82 1.44 1.57 -2.930 0.00020 1
52.26 -31.10 -1.02 4.38 1.59 1.55 3.328 0.00019 1
53.55 -27.57 -0.76 4.13 1.59 1.56 3.304 0.00019 1
10.63 -2.21 -1.80 3.64 1.42 1.35 1.546 0.00019 1
26.94 24.60 -1.25 4.37 1.57 1.50 2.917 0.00019 1
62.10 -26.09 -1.07 0.72 0.37 1.68 1.442 0.00019 2
51.97 -7.47 -0.64 3.81 1.56 1.57 -2.684 0.00019 1
35.21 19.02 -1.22 3.93 1.62 1.52 2.668 0.00018 1
36.21 3.64 -1.55 4.46 1.43 1.60 2.915 0.00017 1
10.48 0.57 -1.23 3.88 1.45 1.40 -0.181 0.00016 1
47.80 -18.41 -1.57 3.86 1.68 1.57 -2.584 0.00016 1
13.54 3.25 -1.16 3.60 1.41 1.45 -2.856 0.00015 1
12.08 4.25 -1.11 3.58 1.41 1.53 1.293 0.00014 1
15.71 -4.59 -1.21 3.75 1.50 1.44 3.046 0.00014 1
28.07 -12.34 -1.47 3.78 1.47 1.40 2.852 0.00013 1
2.78 0.70 21.53 3.86 1.60 1.57 3.313 0.00013 1
19.65 -15.04 -1.20 3.28 1.72 1.37 2.353 0.00013 1
14.43 -3.98 -1.73 3.46 1.45 1.47 -2.726 0.00013 1
59.72 -49.24 0.30 4.77 1.75 1.69 2.768 0.00012 1
69.11 48.16 -0.21 4.10 1.79 1.59 2.803 0.00012 1
37.58 -10.42 -1.93 3.36 1.50 1.65 -2.521 0.00012 1
11.02 -2.79 -1.76 3.75 1.54 1.50 1.867 0.00011 1
35.20 -9.88 -2.43 3.36 1.60 1.53 -2.466 0.00011 1
12.62 4.85 -1.28 3.59 1.66 1.46 -1.435 0.00011 1
71.99 -49.59 0.08 4.43 1.71 1.55 3.262 0.00010 1
26.97 -18.85 0.17 3.92 1.99 1.66 0.128 0.00010 1
27.51 -7.95 -1.33 3.68 1.76 1.45 -0.430 0.00010 1
44.93 3.22 -1.46 3.90 1.54 1.55 2.571 0.00010 1
17.83 -0.38 -1.44 3.43 1.74 1.39 -3.377 0.00010 1
71.94 -55.91 -1.09 3.45 1.87 1.67 2.616 0.00008 1
10.17 -3.00 -1.84 3.81 1.41 1.48 1.923 0.00008 1
29.12 -7.56 -1.44 3.31 1.83 1.51 -0.870 0.00008 1
15.73 -2.13 -1.30 3.96 1.62 1.57 -3.048 0.00008 1
35.64 19.91 -1.06 4.29 1.72 1.56 2.767 0.00008 1
30.25 -5.73 -2.41 3.64 1.53 1.57 -0.849 0.00008 1
15.46 8.68 -1.42 3.66 1.59 1.41 1.043 0.00007 1
14.97 -2.22 -1.33 3.07 1.66 1.47 -2.387 0.00007 1
19.48 -15.88 -1.28 3.55 1.64 1.46 2.596 0.00007 1
36.01 -1.19 -1.58 3.44 1.59 1.40 2.966 0.00006 1
11.20 4.23 -1.17 3.46 1.59 1.54 -0.268 0.00006 1
71.36 -32.55 -0.56 3.88 1.85 1.61 3.187 0.00006 1
11.54 4.13 -1.28 3.34 1.43 1.53 -1.978 0.00006 1
62.01 -40.69 1.41 4.27 2.12 1.73 3.092 0.00006 1
10.68 1.07 -1.39 3.59 1.70 1.35 0.374 0.00006 1
18.39 9.54 -1.58 3.75 1.38 1.50 0.194 0.00006 1
41.75 -17.74 -0.72 3.85 1.64 1.63 -2.743 0.00006 1
10.89 -0.83 -1.80 3.28 1.54 1.51 -0.142 0.00006 1
59.16 17.18 -1.63 1.64 0.55 1.73 -0.263 0.00005 3
37.97 8.16 0.07 3.91 1.82 1.68 0.896 0.00005 1
29.88 -6.96 -1.68 3.20 1.72 1.45 -0.939 0.00005 1
36.28 2.82 -1.59 4.43 1.57 1.53 3.167 0.00005 1
18.99 10.62 -1.42 4.02 1.67 1.54 -0.285 0.00004 1
63.31 -51.46 -0.23 4.06 1.83 1.67 -2.799 0.00004 1
12.64 3.85 -1.30 3.80 1.49 1.45 -0.224 0.00004 1
9.28 1.01 -1.38 3.74 1.72 1.38 -0.002 0.00004 1
14.71 -1.63 -1.47 2.80 1.55 1.34 -1.790 0.00004 1
12.61 -5.78 -1.30 4.22 1.84 1.42 1.774 0.00004 1
62.19 -51.35 -1.35 3.88 1.57 1.52 3.259 0.00004 1
9.55 0.14 -1.19 4.35 1.57 1.46 -0.232 0.00004 1
68.07 -44.17 -0.07 3.57 1.71 1.73 -2.496 0.00004 1
61.99 -42.73 5.84 4.03 1.86 1.66 -2.766 0.00003 1
12.85 4.08 -1.06 3.74 1.71 1.49 -2.694 0.00003 1
17.05 -4.56 -1.48 3.65 1.68 1.48 -2.907 0.00003 1
11.53 3.93 -1.24 3.38 1.48 1.59 -1.323 0.00002 1
11.14 -0.03 -1.34 3.36 2.02 1.47 0.098 0.00002 1
50.57 -7.57 0.21 3.52 1.63 1.76 -1.226 0.00002 1
15.14 -3.21 -1.37 3.43 1.87 1.57 2.946 0.00002 1
15.50 -2.56 -1.05 3.60 1.89 1.57 -2.501 0.00002 1
50.47 -10.85 -0.72 4.20 1.75 1.59 -2.365 0.00002 1
15.45 -4.11 -1.33 3.09 1.59 1.39 -2.830 0.00002 1
38.96 -11.55 -1.84 3.96 1.71 1.55 -2.648 0.00002 1
10.08 -3.18 -1.79 3.80 1.56 1.43 2.922 0.00002 1
38.56 -9.39 -1.07 4.29 1.80 1.69 -2.631 0.00002 1
14.21 -5.24 -1.34 3.52 1.70 1.35 3.007 0.00002 1
10.29 -2.83 -1.84 3.68 1.79 1.55 1.146 0.00002 1
14.14 3.46 -1.27 3.62 1.73 1.54 1.587 0.00001 1
11.06 -2.14 -1.63 3.51 1.62 1.62 0.274 0.00001 1
14.81 3.47 -1.10 4.14 1.71 1.66 3.127 0.00001 1
11.06 -5.81 -1.23 4.03 1.78 1.43 3.209 0.00001 1
13.39 3.78 -1.08 3.92 1.85 1.57 -2.785 0.00001 1
13.46 -4.85 -1.17 3.43 1.57 1.46 -2.905 0.00001 1
37.85 26.55 -1.21 4.06 2.01 1.64 -0.254 0.00001 1
9.82 -5.88 -1.19 4.04 1.69 1.48 -2.953 0.00001 1
14.36 -4.42 -1.61 3.50 1.38 1.43 2.756 0.00001 1
9.59 -4.18 -1.19 3.97 1.73 1.51 2.877 0.00001 1
69.56 -21.40 -1.89 4.28 1.27 1.54 2.294 0.00001 1
15.00 -3.92 -1.18 3.38 1.89 1.46 -2.204 0.00001 1
