4.49 -1.36 -1.41 4.02 1.58 1.43 -2.018 0.99643 1
21.16 -3.77 -1.30 1.92 0.51 1.77 -2.384 0.97841 3
29.62 -3.27 -1.09 1.06 0.49 1.90 2.606 0.92942 2
36.02 -23.80 -1.00 4.09 1.70 1.60 0.882 0.89918 1
36.88 -1.02 -1.05 1.84 0.59 1.97 0.926 0.87603 3
14.90 4.27 -1.30 0.74 0.65 1.85 0.066 0.30842 2
44.04 -10.67 -1.29 3.40 1.66 1.74 -0.013 0.24888 1
51.72 -7.55 -0.42 3.86 1.64 1.68 -2.669 0.21888 1
42.56 14.20 -1.86 3.98 1.66 1.64 2.933 0.17014 1
18.22 9.80 -1.39 4.19 1.66 1.57 1.029 0.15742 1
57.71 -11.37 -0.25 4.06 1.64 1.56 2.208 0.14626 1
19.37 0.71 -3.12 3.87 1.60 1.52 -0.225 0.10836 1
51.31 10.55 0.06 3.98 1.62 1.53 2.503 0.05940 1
34.26 29.83 -1.13 4.61 1.78 2.11 2.573 0.05513 1
30.93 -23.19 -1.27 3.72 1.61 1.59 0.136 0.04937 1
30.67 22.85 -1.55 3.70 1.58 1.51 2.571 0.04928 1
36.85 19.61 -1.03 4.02 1.67 1.56 2.707 0.03226 1
50.05 24.79 -1.42 4.02 1.68 1.47 -3.130 0.03104 1
43.76 13.52 -2.00 3.94 1.67 1.54 2.963 0.03031 1
43.90 2.58 -2.26 3.76 1.56 1.47 2.680 0.02843 1
25.55 13.33 -1.32 4.20 1.70 1.53 2.541 0.02784 1
59.53 -37.73 0.54 3.88 1.63 1.57 2.607 0.02566 1
33.72 -9.58 -0.91 1.70 0.54 1.79 2.264 0.02460 3
47.24 11.03 -0.19 0.82 0.67 1.84 -1.273 0.02194 2
23.68 -19.61 -1.23 3.77 1.57 1.53 2.544 0.01793 1
39.58 18.38 -1.43 4.07 1.67 1.54 -0.201 0.01754 1
49.54 25.24 -1.46 4.13 1.69 1.54 -2.981 0.01661 1
12.79 4.68 -1.20 3.83 1.37 1.53 -3.007 0.01580 1
45.91 -9.02 -1.17 3.76 1.63 1.60 0.230 0.01157 1
38.04 -0.21 -0.90 3.79 1.65 1.69 1.129 0.01146 1
23.43 14.97 -1.47 4.00 1.65 1.53 1.929 0.01133 1
19.17 1.00 -3.01 3.85 1.56 1.44 -2.426 0.01019 1
32.55 -10.30 -1.16 1.95 0.58 1.90 -0.869 0.00977 3
18.04 -15.77 -1.65 3.94 1.50 1.40 2.731 0.00962 1
29.42 23.61 -0.80 4.01 1.60 1.56 2.644 0.00959 1
46.20 -27.93 -0.41 3.97 1.63 1.49 -3.056 0.00957 1
19.52 11.64 -1.10 4.00 1.63 1.54 -1.929 0.00942 1
56.58 15.82 -1.66 0.92 0.49 1.78 2.031 0.00930 2
51.50 -11.50 -0.78 3.77 1.58 1.51 -2.392 0.00846 1
44.01 -36.84 -1.27 4.00 1.64 1.52 -2.681 0.00733 1
64.19 18.39 0.79 3.90 1.52 1.72 3.023 0.00728 1
16.74 -1.87 -1.45 4.25 1.72 1.51 0.639 0.00680 1
37.52 7.20 -0.31 0.86 0.50 1.74 2.578 0.00660 2
62.42 10.20 -1.11 0.71 0.79 1.97 1.610 0.00603 2
44.56 -35.19 -1.58 3.84 1.62 1.65 -3.113 0.00598 1
13.02 5.78 -1.33 4.32 1.35 1.51 -2.345 0.00589 1
47.72 -18.27 -1.74 3.80 1.61 1.55 -2.471 0.00566 1
19.88 3.25 0.47 3.81 1.56 1.90 0.015 0.00547 1
37.25 3.10 -0.86 0.69 0.74 1.84 -0.590 0.00525 2
23.93 14.17 -1.46 4.08 1.67 1.55 2.634 0.00515 1
59.59 -48.01 -1.19 3.78 1.60 1.58 -3.017 0.00495 1
37.52 3.26 -1.11 1.75 0.57 1.86 0.338 0.00472 3
48.64 26.72 3.69 3.86 1.65 1.53 -2.709 0.00434 1
44.22 -34.80 -1.61 3.86 1.61 1.65 -2.592 0.00376 1
27.50 20.68 -1.57 3.62 1.58 1.51 2.794 0.00360 1
32.66 -10.65 -1.27 0.88 0.55 1.80 -0.851 0.00322 2
64.15 17.91 0.71 3.90 1.57 1.71 2.475 0.00258 1
33.74 -9.66 -0.88 0.77 0.56 1.78 2.485 0.00244 2
37.56 3.42 -1.12 0.77 0.65 1.84 0.018 0.00235 2
59.37 -49.16 -1.13 4.14 1.70 1.69 2.409 0.00229 1
13.52 -5.36 -1.14 3.81 1.55 1.51 3.119 0.00183 1
47.09 26.61 3.45 3.90 1.65 1.58 -0.296 0.00183 1
37.15 -9.16 -1.26 4.06 1.95 1.56 -2.441 0.00167 1
0.84 -0.88 -0.15 4.26 1.63 1.48 -1.285 0.00160 1
18.24 -2.16 -1.50 4.16 1.82 1.54 2.829 0.00156 1
39.58 15.69 -1.48 3.97 1.66 1.53 2.856 0.00143 1
12.92 5.13 -1.32 3.61 1.39 1.49 -2.579 0.00135 1
41.44 5.48 -0.11 0.77 0.62 1.83 3.398 0.00133 2
46.55 25.33 -1.32 4.53 1.82 1.72 3.056 0.00131 1
36.98 -1.21 -1.26 1.84 0.58 1.93 0.778 0.00125 3
33.68 0.35 -1.39 4.00 1.61 1.47 -0.441 0.00123 1
33.33 8.70 -1.50 4.06 1.74 1.56 2.583 0.00114 1
44.53 3.23 -1.19 3.84 1.77 1.57 1.135 0.00112 1
27.39 11.86 -1.30 3.93 1.52 1.49 2.605 0.00102 1
59.63 -49.67 0.49 3.17 1.82 1.73 1.300 0.00101 1
8.29 -4.88 -2.36 3.59 1.46 1.33 -2.712 0.00097 1
47.25 -17.98 -1.76 3.78 1.48 1.50 -2.637 0.00091 1
29.93 -17.09 -0.42 3.80 1.64 1.54 -1.857 0.00090 1
70.97 -31.68 -0.92 4.05 1.82 1.64 1.765 0.00086 1
24.36 14.46 -1.51 3.83 1.49 1.54 -2.520 0.00082 1
36.99 2.99 -1.57 3.64 1.33 1.42 -0.184 0.00081 1
37.31 3.19 -0.85 1.70 0.69 1.90 -0.390 0.00079 3
30.20 -19.67 -0.27 3.97 1.33 1.55 -0.440 0.00078 1
27.18 -12.62 -0.77 3.10 0.97 1.46 0.353 0.00072 1
9.36 -5.05 -2.09 3.57 1.20 1.40 -2.491 0.00071 1
56.70 7.37 -1.90 3.65 1.55 1.54 3.013 0.00069 1
69.56 50.30 -0.89 3.82 1.63 1.53 0.525 0.00068 1
21.40 15.52 -1.01 4.41 1.91 1.46 2.637 0.00067 1
18.80 1.35 -2.85 4.15 1.66 1.49 0.227 0.00066 1
44.29 3.09 -1.24 3.80 1.75 1.52 2.545 0.00066 1
27.71 -12.77 -0.67 3.41 1.10 1.45 0.667 0.00065 1
49.92 10.67 -0.66 4.20 1.50 1.58 2.791 0.00065 1
10.94 -0.78 -1.56 3.60 1.64 1.57 2.924 0.00064 1
18.16 -1.07 -1.45 4.08 1.52 1.51 1.953 0.00063 1
21.98 -14.57 -1.53 3.26 1.45 1.43 2.123 0.00063 1
8.81 -5.19 -2.14 3.70 1.32 1.41 -2.875 0.00062 1
44.36 3.10 -1.13 0.68 0.81 1.81 0.007 0.00062 2
56.60 15.61 -1.71 0.70 0.56 1.81 1.080 0.00060 2
30.41 -16.39 -0.38 4.18 1.54 1.54 0.663 0.00058 1
34.60 18.23 -1.56 4.07 1.68 1.52 2.695 0.00058 1
60.60 21.59 -1.24 3.69 1.59 1.56 2.999 0.00057 1
31.99 -0.73 -1.37 4.02 1.58 1.44 -0.589 0.00053 1
12.86 -2.83 -1.04 3.86 1.59 1.49 2.927 0.00053 1
15.67 -4.25 -1.11 3.33 1.79 1.48 2.932 0.00051 1
18.90 11.56 -1.37 4.20 1.60 1.39 -1.898 0.00049 1
68.87 -45.03 0.25 4.47 2.25 1.63 -2.930 0.00047 1
20.92 1.56 -1.60 3.91 1.70 1.47 0.375 0.00046 1
31.24 8.56 -1.53 3.62 1.56 1.53 2.488 0.00045 1
32.49 -10.24 -1.14 0.94 0.53 1.90 -0.997 0.00043 2
29.51 -0.39 -1.42 4.20 1.73 1.46 2.687 0.00042 1
37.36 3.38 -1.15 1.88 0.54 1.89 0.546 0.00041 3
61.29 -41.98 -0.02 4.35 1.72 1.72 -2.183 0.00040 1
20.57 3.58 -0.06 4.69 1.75 1.71 -0.629 0.00040 1
30.40 -16.81 -0.46 4.37 1.61 1.55 0.011 0.00038 1
45.81 -9.55 -1.23 3.57 1.69 1.64 -0.320 0.00038 1
19.30 2.17 0.58 4.28 1.97 2.06 -0.009 0.00037 1
37.55 3.10 -1.64 3.69 1.72 1.60 -0.730 0.00035 1
71.62 -31.85 -0.81 3.68 1.69 1.70 2.792 0.00033 1
15.73 -3.51 -1.20 3.47 1.62 1.48 -2.733 0.00030 1
31.48 8.84 -1.51 4.06 1.38 1.61 2.936 0.00030 1
36.68 -1.86 -1.39 4.01 1.69 1.72 0.801 0.00029 1
12.31 4.26 -1.37 3.43 1.38 1.44 -0.459 0.00027 1
15.37 -2.82 -1.22 3.48 1.40 1.49 2.582 0.00027 1
28.77 -12.05 -1.49 4.18 1.70 1.43 2.940 0.00027 1
17.63 -0.80 -1.42 4.05 1.54 1.49 0.486 0.00026 1
13.20 4.69 -1.26 3.97 1.50 1.44 -2.455 0.00025 1
37.57 16.27 -1.59 4.14 1.67 1.53 2.840 0.00023 1
23.07 1.69 -1.50 4.64 1.94 1.49 -0.343 0.00023 1
60.16 17.19 1.34 4.35 1.55 1.56 -2.989 0.00021 1
36.06 27.83 -5.38 3.89 1.53 1.54 3.335 0.00020 1
16.19 -1.66 -1.45 3.65 1.52 1.41 0.569 0.00020 1
43.17 -8.59 -5.35 3.88 1.53 1.54 3.332 0.00020 1
27.70 21.22 -1.76 3.85 1.37 1.59 2.960 0.00019 1
15.50 -2.96 -1.25 3.88 1.58 1.53 1.748 0.00019 1
27.88 -12.66 -0.78 3.56 0.94 1.41 0.145 0.00018 1
29.79 22.84 -0.89 4.50 1.34 1.55 2.722 0.00017 1
73.59 -46.67 -0.36 4.49 1.64 1.56 -3.045 0.00017 1
63.35 -42.81 -0.60 4.05 1.49 1.68 -0.496 0.00016 1
13.27 -4.29 -1.38 3.58 1.34 1.38 3.159 0.00016 1
15.36 -2.56 -1.27 3.68 1.27 1.47 -2.212 0.00016 1
18.94 10.61 -1.36 4.85 1.70 1.48 1.312 0.00015 1
36.96 3.09 -1.55 1.61 0.54 1.70 -0.504 0.00015 3
11.79 7.79 -1.08 0.98 0.59 1.98 2.694 0.00014 2
56.05 40.94 -0.11 1.58 0.55 1.76 1.139 0.00014 3
37.31 3.23 -1.40 1.75 0.56 1.80 -1.747 0.00014 3
73.80 -40.82 -0.59 3.87 1.62 1.57 1.052 0.00013 1
16.05 -1.74 -1.49 3.51 1.65 1.43 2.285 0.00013 1
62.76 -27.57 -0.54 4.33 1.69 1.55 3.304 0.00013 1
23.39 -14.96 -1.40 3.34 1.51 1.54 3.032 0.00013 1
56.14 40.92 0.00 1.73 0.63 1.78 0.298 0.00012 3
74.08 25.18 -0.95 0.73 0.70 1.83 1.222 0.00012 2
10.45 0.59 -1.62 3.34 1.48 1.34 0.063 0.00012 1
20.28 3.32 0.09 3.94 1.51 1.66 -1.876 0.00012 1
44.11 -9.16 -1.32 3.65 1.92 1.55 -0.286 0.00012 1
32.32 -9.96 -1.25 0.91 0.46 1.78 -1.206 0.00012 2
71.99 -21.81 -1.07 3.94 1.76 1.67 -2.510 0.00012 1
18.47 -2.23 -1.54 4.42 1.63 1.50 1.782 0.00012 1
15.68 -4.87 -1.28 3.83 1.56 1.44 2.811 0.00011 1
61.59 -41.77 0.05 3.98 1.80 1.76 -3.061 0.00011 1
32.53 -10.55 -1.24 1.88 0.54 1.75 -1.052 0.00011 3
36.02 -19.06 -1.29 4.38 1.57 1.53 -2.991 0.00011 1
54.01 -4.00 -1.20 2.03 0.54 2.06 -0.092 0.00010 3
30.20 -16.84 -0.38 3.96 1.59 1.56 -0.708 0.00009 1
50.67 -8.21 -0.71 3.98 1.60 1.63 -2.539 0.00009 1
69.11 -55.29 0.84 4.37 1.72 1.57 3.245 0.00008 1
38.01 3.73 -0.54 4.28 2.11 1.80 -1.043 0.00008 1
27.90 -12.22 -0.46 3.97 1.40 1.46 0.493 0.00008 1
35.74 19.95 -1.05 3.87 2.14 1.62 2.958 0.00008 1
74.28 -39.72 -1.23 3.99 1.68 1.62 0.679 0.00007 1
51.44 -10.87 -0.86 3.77 1.32 1.67 -2.244 0.00007 1
72.92 -43.65 -1.01 3.77 2.17 1.67 -2.715 0.00007 1
34.45 -9.39 -1.28 4.29 1.94 1.59 1.980 0.00007 1
16.75 -3.32 -1.24 3.67 1.50 1.35 -2.702 0.00006 1
19.40 12.49 -1.20 3.99 1.53 1.55 -1.598 0.00006 1
12.52 4.65 -1.36 3.10 1.42 1.42 -0.786 0.00006 1
37.29 19.29 -1.06 4.05 1.96 1.63 -2.529 0.00006 1
60.62 -50.78 -1.30 3.90 1.82 1.61 -0.069 0.00006 1
9.39 -0.16 -1.68 3.90 1.40 1.46 2.943 0.00006 1
24.66 10.05 -1.58 3.98 1.80 1.65 -2.705 0.00006 1
59.16 22.42 -1.61 1.56 0.61 1.93 3.189 0.00006 3
74.14 25.33 -0.93 1.61 0.76 1.84 1.537 0.00006 3
12.01 4.07 -1.42 3.42 1.40 1.54 -1.075 0.00006 1
56.07 40.95 -0.05 1.64 0.56 1.72 -0.373 0.00006 3
30.56 -20.93 0.11 4.18 1.89 1.59 -0.167 0.00006 1
8.85 -6.03 -1.22 4.23 1.39 1.52 0.157 0.00006 1
65.25 23.04 -0.36 3.55 1.81 1.74 -2.810 0.00005 1
26.52 -14.09 -0.71 4.42 1.66 1.49 2.162 0.00005 1
28.09 -12.87 -1.11 4.29 1.67 1.66 2.718 0.00005 1
48.33 -18.81 -1.25 4.29 1.86 1.51 -2.641 0.00005 1
43.49 3.38 -1.38 3.69 1.74 1.54 -2.985 0.00005 1
22.98 1.07 -1.54 4.49 1.52 1.47 0.039 0.00005 1
13.45 -6.84 -1.44 4.17 1.73 1.41 -2.722 0.00005 1
19.92 4.10 0.09 3.82 2.20 1.56 -2.113 0.00005 1
27.05 -13.48 -1.29 4.11 1.81 1.49 1.540 0.00005 1
74.75 25.45 -0.99 3.84 1.52 1.65 1.005 0.00005 1
17.41 -4.62 -1.54 3.28 1.27 1.44 -2.188 0.00005 1
67.01 -53.26 0.83 4.11 1.82 1.60 3.396 0.00004 1
9.92 -3.51 -1.09 3.42 1.96 1.56 -0.517 0.00004 1
21.81 -1.47 -1.57 4.49 1.93 1.48 -0.830 0.00004 1
51.08 -10.63 -1.08 3.48 1.23 1.72 -2.402 0.00004 1
29.57 -1.31 -1.45 4.68 2.14 1.56 2.491 0.00004 1
18.05 -0.41 -1.47 3.87 1.86 1.42 2.830 0.00004 1
18.16 -4.70 -1.33 3.79 1.54 1.50 -1.877 0.00004 1
14.92 4.54 -0.86 0.66 0.72 1.92 -0.023 0.00004 2
62.21 22.35 -0.50 3.83 1.65 1.65 3.160 0.00004 1
48.44 23.98 -0.51 0.64 0.59 1.97 -1.584 0.00004 2
57.24 8.01 1.49 4.46 1.70 1.46 -2.874 0.00004 1
11.28 -3.60 -1.11 3.87 1.59 1.57 1.117 0.00003 1
19.07 -15.40 -1.39 3.44 1.56 1.45 2.886 0.00003 1
72.04 -49.69 -0.63 4.08 1.46 1.62 3.113 0.00003 1
11.88 3.89 -1.33 3.81 1.48 1.50 -1.678 0.00003 1
72.72 -34.24 -0.36 4.06 1.87 1.67 -2.693 0.00003 1
32.10 8.98 -1.22 4.53 2.27 1.96 2.963 0.00003 1
60.44 -50.67 0.23 4.77 1.64 1.60 -1.195 0.00002 1
10.00 -0.69 -1.16 4.02 1.52 1.48 -2.870 0.00002 1
17.38 -3.46 -1.78 3.61 1.49 1.62 -2.537 0.00002 1
68.65 -44.52 -0.85 3.83 1.87 1.72 -2.552 0.00002 1
34.47 -0.44 -1.46 3.62 2.00 1.43 -0.030 0.00002 1
33.07 -10.64 -1.43 3.63 1.46 1.51 -0.773 0.00002 1
12.56 3.39 -1.16 3.89 1.86 1.52 -2.922 0.00002 1
70.36 -55.70 -1.15 3.92 1.48 1.66 3.153 0.00002 1
32.41 -13.06 -4.73 3.97 1.79 1.69 -2.761 0.00002 1
10.92 1.02 -1.55 3.46 2.14 1.40 0.220 0.00002 1
9.38 -5.51 -1.32 3.58 1.54 1.47 0.398 0.00002 1
14.71 -2.51 -1.29 3.31 1.82 1.42 -2.177 0.00002 1
57.70 6.61 -1.64 3.74 1.59 1.72 3.333 0.00002 1
55.77 -3.28 -1.37 3.84 1.44 1.63 -2.596 0.00002 1
26.69 20.14 -1.65 4.15 1.94 1.69 3.382 0.00002 1
13.07 4.13 -1.17 4.13 1.64 1.55 -2.858 0.00001 1
56.97 -10.58 -0.36 4.20 1.55 1.72 2.035 0.00001 1
58.99 7.52 -1.08 4.31 2.09 1.72 3.281 0.00001 1
9.74 -4.48 -1.86 3.48 1.44 1.55 -2.170 0.00001 1
49.85 24.03 -0.97 4.46 1.73 1.65 3.026 0.00001 1
15.18 -3.40 -1.16 3.46 1.56 1.56 2.256 0.00001 1
74.12 -39.28 -0.44 3.95 1.61 1.63 -1.377 0.00001 1
11.49 -1.29 -1.51 3.70 1.50 1.61 -0.074 0.00001 1
73.24 -21.80 -1.19 3.75 1.52 1.61 -1.847 0.00001 1
54.50 -3.17 -1.53 3.83 1.60 1.53 -2.996 0.00001 1
57.15 6.23 -1.82 3.71 1.38 1.58 3.122 0.00001 1
13.80 -4.76 -1.23 3.39 1.31 1.37 3.140 0.00001 1
12.86 4.81 -1.19 3.65 1.75 1.54 -1.783 0.00001 1
27.06 -13.51 -1.25 3.73 1.64 1.50 2.436 0.00001 1
