10.77 -7.25 -1.30 1.85 0.53 1.76 -2.948 0.99972 3
26.07 -0.25 -1.26 0.94 0.45 1.84 -0.863 0.93081 2
35.94 -23.87 -0.95 3.88 1.64 1.63 0.915 0.90949 1
10.77 -7.28 -1.28 0.85 0.53 1.79 0.204 0.86605 2
26.98 -3.07 -1.17 1.96 0.58 1.93 -0.761 0.82084 3
26.11 -0.24 -1.28 1.88 0.56 1.87 -0.798 0.78264 3
25.81 13.00 -1.43 4.03 1.64 1.52 2.614 0.40687 1
55.52 7.94 -0.32 3.89 1.61 1.57 2.541 0.30073 1
31.09 -15.61 -1.40 4.22 1.76 1.75 0.386 0.26162 1
57.65 -11.19 -0.20 4.13 1.66 1.58 2.134 0.25707 1
19.50 11.92 -1.32 3.93 1.65 1.54 -2.019 0.17236 1
52.01 -11.15 -1.45 3.65 1.60 1.74 0.673 0.16484 1
26.07 -0.27 -1.21 1.07 0.50 1.90 -1.797 0.14005 2
43.98 -10.70 -1.22 3.61 1.68 1.74 0.002 0.09731 1
32.67 -8.68 -1.07 1.79 0.57 1.80 2.069 0.09543 3
44.11 -36.29 -1.80 3.68 1.57 1.59 2.635 0.07238 1
49.62 -17.53 -1.92 3.71 1.58 1.52 0.569 0.06102 1
11.26 -2.36 -1.73 3.64 1.60 1.50 -0.520 0.05506 1
59.83 23.36 -1.25 4.38 1.72 1.75 2.996 0.05144 1
36.30 -11.85 -1.26 4.22 1.67 1.54 -2.781 0.04919 1
74.15 -23.40 -0.77 4.02 1.68 1.64 -0.807 0.04601 1
55.87 8.44 -0.34 3.95 1.66 1.56 2.951 0.04001 1
32.68 -8.70 -1.13 3.70 1.46 1.61 2.286 0.03896 1
41.66 -23.39 -1.04 1.72 0.41 1.67 0.846 0.03417 3
26.03 -0.23 -1.22 1.12 0.53 2.01 -2.791 0.03250 2
45.96 14.57 -1.36 3.93 1.61 1.56 2.724 0.01688 1
57.34 -47.03 -0.71 3.83 1.60 1.55 -2.946 0.01673 1
21.14 3.11 -0.03 4.12 1.70 1.54 -2.021 0.01652 1
11.44 -2.25 -1.80 3.83 1.64 1.48 0.179 0.01591 1
23.24 -21.55 -0.62 4.32 1.70 1.51 2.945 0.01462 1
56.48 7.57 -1.42 4.12 1.67 1.55 2.823 0.01280 1
31.27 10.08 -1.65 3.94 1.60 1.48 2.627 0.01192 1
10.14 -1.99 -2.07 4.24 1.63 1.44 2.780 0.01183 1
52.35 -8.98 -0.55 4.41 1.74 2.04 -2.654 0.01085 1
13.12 5.08 -1.35 3.58 1.35 1.51 -2.779 0.00754 1
19.93 3.18 0.49 3.67 1.63 1.72 0.100 0.00743 1
73.08 -23.35 -2.49 3.71 1.62 1.56 -0.789 0.00596 1
11.40 -1.18 -1.82 4.05 1.70 1.61 -0.474 0.00582 1
62.45 10.16 -1.18 0.71 0.60 1.77 -0.688 0.00516 2
49.72 -6.86 -1.52 3.89 1.63 1.45 -2.643 0.00426 1
57.84 7.08 -1.59 3.85 1.63 1.51 2.818 0.00394 1
21.11 16.74 -1.19 4.24 1.55 1.48 -1.988 0.00370 1
34.21 -8.07 -1.34 4.34 1.69 1.62 2.573 0.00370 1
10.88 -7.17 -1.33 1.42 0.58 1.75 -1.636 0.00349 3
12.57 4.56 -1.29 3.43 1.33 1.43 -3.156 0.00341 1
51.99 -7.38 -0.47 4.50 1.74 1.96 0.519 0.00334 1
14.03 -0.06 -1.41 4.09 1.73 1.41 2.907 0.00307 1
51.74 13.40 -0.99 0.68 0.53 1.67 -0.063 0.00292 2
18.18 9.93 -1.46 4.24 1.49 1.43 -2.074 0.00289 1
11.65 7.85 -1.01 0.99 0.51 1.99 -3.118 0.00244 2
30.14 -17.00 -0.80 3.93 1.64 1.55 1.357 0.00242 1
41.72 25.09 -0.12 0.91 0.49 1.74 -2.192 0.00222 2
10.97 -2.31 -1.80 3.76 1.64 1.52 -1.801 0.00214 1
15.32 -5.85 -1.43 4.10 1.61 1.46 -0.456 0.00199 1
15.29 -2.54 -1.30 3.11 1.27 1.40 -2.053 0.00183 1
49.88 -17.52 -1.76 3.92 1.65 1.55 3.094 0.00179 1
29.42 -17.23 -0.95 3.99 1.65 1.52 1.954 0.00160 1
45.91 6.32 -0.54 3.64 1.75 1.46 2.897 0.00159 1
32.99 -7.63 -1.25 3.84 1.58 1.68 2.281 0.00158 1
9.12 -4.67 -2.12 3.49 1.24 1.33 -2.688 0.00151 1
15.34 -2.84 -1.24 3.57 1.62 1.54 2.316 0.00142 1
42.06 -23.09 -0.66 1.67 0.48 1.75 0.836 0.00140 3
11.15 -1.68 -1.73 3.62 1.73 1.62 0.116 0.00130 1
68.55 17.77 -0.28 0.67 0.69 1.81 -0.169 0.00125 2
14.96 4.26 -1.25 0.68 0.69 1.82 -0.213 0.00122 2
30.21 -19.75 -0.28 4.23 1.64 1.56 1.925 0.00121 1
10.54 -1.45 -1.97 4.29 1.71 1.46 2.621 0.00109 1
23.72 12.35 -1.35 4.17 1.67 1.51 2.578 0.00106 1
19.71 -15.66 -1.38 3.42 1.15 1.44 2.398 0.00101 1
47.13 11.11 -0.01 0.74 0.55 1.81 1.447 0.00099 2
49.34 -16.07 -1.67 3.57 1.55 1.52 0.360 0.00098 1
8.32 -4.83 0.17 1.08 0.51 1.91 -1.489 0.00094 2
73.74 -48.31 0.53 4.13 1.51 1.63 -2.779 0.00081 1
16.05 -2.17 -1.20 4.05 1.51 1.53 3.211 0.00071 1
47.79 -27.83 -0.93 3.80 1.64 1.57 -2.805 0.00070 1
38.92 17.10 -0.70 3.97 1.36 1.54 -2.922 0.00066 1
15.74 -2.72 -1.20 3.54 1.40 1.43 -2.147 0.00064 1
72.23 -22.52 -2.59 3.73 1.65 1.59 -0.871 0.00061 1
50.77 10.39 -0.06 4.18 1.56 1.52 2.961 0.00057 1
10.51 -1.36 -2.01 4.15 1.66 1.35 1.539 0.00052 1
43.90 2.92 -2.02 4.07 1.64 1.54 2.856 0.00052 1
26.98 -3.07 -1.18 1.87 0.60 1.96 2.844 0.00050 3
23.80 -19.11 -0.63 4.30 1.73 1.46 2.999 0.00050 1
9.68 -8.13 -1.27 3.86 1.75 1.57 -3.031 0.00049 1
42.74 -22.50 -0.81 4.30 1.59 1.66 0.785 0.00048 1
10.56 -3.15 -1.67 3.79 1.69 1.59 -1.136 0.00048 1
10.34 -2.09 -1.99 3.86 1.73 1.41 2.077 0.00047 1
69.21 -45.51 0.26 3.82 1.84 1.54 3.165 0.00047 1
44.01 13.15 -1.84 4.21 1.67 1.45 3.285 0.00046 1
45.51 6.83 -0.69 1.75 0.71 1.73 2.952 0.00046 3
10.47 -0.03 -1.95 3.73 1.51 1.44 -2.471 0.00044 1
21.73 16.23 -1.23 3.92 1.63 1.51 -2.189 0.00041 1
36.84 -12.14 -1.56 4.59 1.89 1.50 -2.679 0.00041 1
49.66 -16.43 -1.65 3.50 1.29 1.53 0.585 0.00041 1
68.51 17.62 -0.13 1.36 0.60 1.87 -0.695 0.00039 3
49.25 -17.14 -2.08 3.73 1.56 1.52 0.416 0.00037 1
26.96 10.92 -1.93 3.80 1.73 1.63 3.042 0.00034 1
15.88 -2.58 -1.26 3.84 1.46 1.50 2.802 0.00033 1
20.67 -9.48 -1.41 4.34 1.73 1.45 3.191 0.00032 1
56.90 8.09 1.62 4.32 1.47 1.54 3.179 0.00030 1
17.45 -4.85 -1.16 4.01 1.79 1.56 -2.619 0.00028 1
42.74 -17.68 -1.46 1.66 0.48 1.79 0.290 0.00028 3
30.31 23.09 -1.58 3.75 1.79 1.64 -2.981 0.00028 1
44.32 3.09 -1.27 1.85 0.59 1.73 1.984 0.00027 3
31.98 -20.12 -0.37 4.19 1.69 1.54 2.314 0.00026 1
67.14 22.57 -1.43 4.09 1.87 1.65 -2.931 0.00026 1
33.36 -9.62 -1.19 3.86 1.59 1.62 2.557 0.00025 1
56.97 38.24 -1.10 4.42 1.62 1.56 -2.981 0.00024 1
58.00 -37.11 0.87 1.82 0.72 1.86 -0.397 0.00024 3
59.15 -37.71 0.50 3.94 1.58 1.60 -0.685 0.00023 1
61.75 -40.81 0.86 3.84 1.78 1.71 -1.885 0.00023 1
24.10 12.57 -1.36 3.37 1.46 1.39 2.609 0.00023 1
28.05 21.32 -1.35 4.04 1.43 1.45 2.776 0.00022 1
-0.48 0.34 0.57 4.23 1.64 1.54 3.260 0.00022 1
26.94 -3.06 -1.17 1.90 0.56 1.95 -1.453 0.00021 3
11.02 -2.55 -1.83 3.91 1.64 1.50 -2.417 0.00021 1
49.37 -8.12 -1.86 3.66 1.71 1.63 0.084 0.00021 1
56.96 -2.42 -1.51 4.09 1.25 1.51 -0.346 0.00020 1
73.55 -46.65 -0.86 4.51 1.63 1.56 -3.060 0.00020 1
36.82 7.42 2.68 3.88 1.48 1.55 3.233 0.00020 1
50.84 23.48 3.47 0.89 0.60 1.84 1.930 0.00019 2
10.63 -7.57 -1.21 2.03 0.53 1.85 -2.742 0.00019 3
14.01 -0.59 -1.42 4.22 1.49 1.44 2.876 0.00019 1
10.77 -0.76 -1.94 4.04 1.51 1.46 -0.871 0.00018 1
44.23 3.12 -1.29 1.91 0.63 1.77 2.441 0.00018 3
15.82 -1.73 -1.31 3.67 1.55 1.43 -2.751 0.00017 1
8.85 -5.29 -2.15 3.40 1.40 1.37 -2.741 0.00016 1
33.17 -23.98 -1.32 3.78 1.66 1.59 2.777 0.00016 1
47.21 11.09 0.00 0.91 0.49 1.77 2.882 0.00015 2
11.84 4.20 -1.46 0.79 0.54 1.94 -1.537 0.00014 2
47.00 -17.24 -1.39 3.50 1.60 1.53 0.680 0.00014 1
48.34 -18.04 -1.70 3.78 1.69 1.48 0.419 0.00014 1
74.48 20.84 -1.16 4.19 1.54 1.56 3.207 0.00013 1
41.38 5.35 -0.10 0.78 0.58 1.84 -1.944 0.00013 2
11.36 0.23 -1.66 3.57 1.68 1.49 -0.192 0.00013 1
26.74 2.32 -1.48 4.10 1.74 1.50 0.552 0.00013 1
67.42 49.71 -0.92 4.42 1.71 1.55 3.273 0.00011 1
57.75 -49.28 -1.35 4.10 1.72 1.74 3.296 0.00011 1
63.29 -41.55 0.43 3.99 1.95 1.66 3.283 0.00010 1
68.54 17.45 -1.00 0.65 0.66 1.82 -0.469 0.00010 2
10.31 -2.57 -1.80 3.86 1.62 1.49 3.078 0.00010 1
15.55 -4.26 -1.22 3.22 1.65 1.37 -3.406 0.00009 1
30.45 -17.64 -0.97 3.95 1.43 1.58 0.378 0.00009 1
30.80 -4.42 -2.40 3.94 1.53 1.46 2.508 0.00009 1
13.23 4.37 -1.31 3.97 1.58 1.48 -2.732 0.00009 1
15.82 -1.16 -1.19 3.90 1.64 1.54 -2.413 0.00008 1
16.55 -3.10 -1.15 3.79 1.60 1.47 -2.954 0.00008 1
37.82 15.35 -1.47 3.82 1.56 1.64 -2.895 0.00008 1
46.02 -8.54 -1.51 3.49 1.52 1.54 -2.886 0.00008 1
12.55 4.93 -1.34 3.37 1.49 1.44 -2.216 0.00008 1
73.82 -40.82 -0.65 4.11 1.75 1.56 -2.245 0.00008 1
47.92 -17.39 -1.67 3.50 1.35 1.52 0.697 0.00007 1
13.27 -4.30 -1.04 3.73 1.48 1.40 2.932 0.00007 1
27.69 2.95 -1.48 3.38 1.47 1.39 0.255 0.00007 1
67.19 22.80 -1.34 4.02 1.53 1.61 -2.282 0.00007 1
11.23 4.67 -1.21 0.69 0.48 1.72 -1.677 0.00006 2
10.75 -0.53 -1.77 3.77 1.48 1.45 3.052 0.00006 1
50.12 24.16 -1.12 4.69 1.75 1.55 2.777 0.00006 1
9.91 -6.01 -1.20 4.26 1.96 1.46 -2.838 0.00005 1
10.34 -0.01 -1.88 3.75 1.53 1.54 3.181 0.00005 1
11.59 4.39 -1.27 3.44 1.58 1.47 -2.932 0.00005 1
32.39 -20.10 -0.32 3.97 1.72 1.64 -2.532 0.00005 1
58.02 10.44 0.81 4.20 1.61 1.60 3.305 0.00005 1
43.99 12.31 -1.76 4.36 1.64 1.61 3.220 0.00005 1
12.07 4.44 -1.13 3.61 1.61 1.55 -1.632 0.00005 1
16.86 -4.43 -1.16 3.11 1.35 1.55 3.159 0.00004 1
19.10 15.65 -2.02 3.55 1.55 1.47 -2.005 0.00004 1
21.26 15.69 -1.06 4.34 2.05 1.56 2.627 0.00004 1
12.57 3.06 -1.25 3.82 1.80 1.47 -2.722 0.00004 1
25.99 -9.96 -1.53 4.18 1.80 1.48 3.096 0.00004 1
50.99 -16.99 -1.74 3.95 1.65 1.55 0.056 0.00004 1
10.00 0.56 -1.25 3.68 1.40 1.40 0.078 0.00004 1
33.73 -10.16 -1.61 3.91 1.43 1.38 3.064 0.00004 1
9.58 -7.18 -1.35 4.06 1.57 1.59 -2.683 0.00004 1
12.12 7.15 -1.32 4.39 1.63 1.63 2.878 0.00004 1
14.90 -4.96 -1.18 3.80 1.79 1.43 3.248 0.00003 1
17.11 -4.43 -1.21 3.67 1.47 1.57 -2.499 0.00003 1
15.32 3.12 -1.24 4.25 1.63 1.54 3.180 0.00003 1
26.95 -2.98 -1.35 1.76 0.55 1.83 -2.411 0.00003 3
9.79 -4.74 -1.87 3.52 1.43 1.32 -2.682 0.00003 1
34.56 -9.54 -1.39 4.36 1.64 1.45 -2.681 0.00003 1
21.45 14.81 -1.30 4.19 1.76 1.56 -2.273 0.00002 1
11.17 0.45 -1.48 3.55 1.89 1.46 -1.923 0.00002 1
36.63 -18.59 -0.63 3.90 1.86 1.70 -2.655 0.00002 1
19.19 16.40 -1.94 3.35 1.66 1.49 -2.098 0.00002 1
37.87 7.16 0.16 4.18 2.04 1.65 3.181 0.00002 1
24.72 13.19 -1.53 3.99 1.92 1.44 2.713 0.00002 1
15.76 -3.65 -1.17 3.35 1.66 1.44 -2.685 0.00002 1
9.81 -7.53 -1.37 3.68 1.19 1.49 -2.633 0.00002 1
39.84 -20.28 -0.97 3.99 1.81 1.69 -2.460 0.00002 1
29.43 20.61 -1.32 4.37 1.80 1.64 3.209 0.00002 1
60.34 -49.64 -0.46 4.25 2.05 1.69 -2.860 0.00002 1
22.35 -14.98 -1.22 3.82 1.55 1.50 2.960 0.00002 1
30.61 22.19 -0.95 4.22 1.74 1.67 3.464 0.00002 1
19.37 -11.70 -1.56 3.80 1.70 1.43 2.928 0.00002 1
13.42 3.81 -1.18 3.48 1.80 1.68 -0.750 0.00002 1
11.47 4.16 -1.20 0.66 0.58 1.89 -1.153 0.00002 2
24.28 10.21 -1.70 4.02 1.76 1.71 -2.738 0.00002 1
25.70 7.14 -1.66 4.00 1.81 1.72 -2.718 0.00002 1
34.75 -10.17 -1.41 4.45 1.31 1.54 -2.529 0.00001 1
12.61 -7.45 -1.41 3.89 1.23 1.41 -2.738 0.00001 1
26.21 -0.06 -1.30 1.03 0.49 2.01 -0.540 0.00001 2
10.55 0.34 -1.87 3.81 1.67 1.46 -1.416 0.00001 1
29.33 -23.76 -0.55 3.97 1.65 1.66 3.435 0.00001 1
57.55 -48.81 -1.36 3.72 1.54 1.63 -2.822 0.00001 1
15.56 -2.72 -1.27 3.79 1.88 1.54 -2.864 0.00001 1
56.16 -10.43 -0.93 0.68 0.45 2.03 -1.636 0.00001 2
56.27 41.75 0.15 4.25 2.15 1.62 -2.804 0.00001 1
29.82 9.91 -1.64 3.90 1.67 1.57 3.097 0.00001 1
44.72 14.89 -1.11 4.77 1.90 1.60 2.882 0.00001 1
