57.77 -11.39 -0.02 4.14 1.68 1.55 -0.924 0.73553 1
35.92 -23.99 -1.04 4.08 1.68 1.59 0.945 0.61046 1
41.43 5.44 -0.05 0.81 0.50 1.76 -0.845 0.12824 2
31.51 -25.46 -1.37 0.69 0.69 1.78 0.024 0.08182 2
28.27 -5.44 -1.14 1.89 0.58 1.93 -0.945 0.07649 3
36.97 -10.10 -1.18 3.58 1.56 1.56 -2.751 0.06021 1
26.32 12.70 -1.57 4.17 1.71 1.56 2.623 0.05878 1
21.66 15.41 -1.48 4.04 1.63 1.45 2.591 0.03346 1
52.06 -9.22 -0.64 4.18 1.68 1.85 -2.605 0.03272 1
63.15 -50.44 -1.35 4.01 1.66 1.53 2.880 0.02900 1
33.44 18.79 -1.45 3.99 1.66 1.53 2.628 0.02804 1
25.35 1.44 -1.06 1.75 0.42 1.66 -0.045 0.02657 3
43.78 -10.39 -0.96 3.62 1.56 1.54 0.056 0.02284 1
28.93 -5.33 -1.37 3.17 1.62 1.72 -0.869 0.02182 1
23.93 -17.52 -1.02 3.94 1.64 1.52 -2.932 0.02157 1
44.82 -8.03 -0.90 3.87 1.67 1.64 -1.645 0.02096 1
43.81 15.63 -1.60 4.23 1.69 1.59 2.667 0.01919 1
56.57 -2.14 -1.89 3.99 1.65 1.53 1.216 0.01811 1
46.88 -18.73 -1.95 3.79 1.62 1.56 3.015 0.01718 1
28.04 -3.30 -1.27 1.68 0.64 1.72 2.429 0.01616 3
31.56 22.49 -1.30 4.02 1.66 1.56 2.703 0.01586 1
24.96 13.48 -1.50 4.25 1.70 1.53 2.545 0.01446 1
20.10 3.29 0.29 3.96 1.67 1.79 0.131 0.01406 1
42.98 13.99 -1.80 4.11 1.69 1.54 2.900 0.01347 1
51.76 -17.38 -1.88 3.91 1.62 1.53 2.798 0.01239 1
43.39 -11.66 -0.97 4.00 1.66 1.56 -1.203 0.01220 1
43.40 3.07 0.13 0.89 0.50 1.81 1.456 0.01101 2
30.69 -18.33 -0.97 3.81 1.66 1.61 0.503 0.00875 1
36.79 -8.75 -1.60 3.84 1.60 1.49 -2.873 0.00846 1
18.16 9.82 -1.36 4.17 1.59 1.46 -2.165 0.00841 1
27.96 -8.23 -1.37 3.98 1.68 1.57 -2.437 0.00825 1
73.74 -22.07 -1.23 3.72 1.65 1.86 0.725 0.00818 1
45.67 -24.45 -1.26 3.85 1.68 1.56 -1.323 0.00810 1
37.67 -11.27 -1.31 3.51 1.60 1.61 0.394 0.00808 1
51.91 -7.52 -0.35 3.76 1.60 1.74 -2.649 0.00707 1
51.90 -11.58 -0.57 4.07 1.68 1.55 -2.604 0.00683 1
30.64 -19.39 -1.37 3.98 1.67 1.53 -0.099 0.00674 1
27.28 -6.22 -1.34 4.24 1.59 1.55 -0.710 0.00657 1
41.45 14.47 -1.82 4.15 1.70 1.58 -2.933 0.00611 1
15.97 -2.80 -1.22 3.82 1.59 1.50 -2.782 0.00603 1
39.26 -13.46 -0.41 3.83 1.66 1.59 -3.064 0.00591 1
20.71 2.73 -0.07 4.58 1.80 1.74 -2.149 0.00579 1
62.94 -51.15 -1.25 3.95 1.63 1.58 2.668 0.00564 1
33.32 -12.12 -0.90 0.80 0.73 1.78 0.739 0.00502 2
31.96 -5.92 -0.74 0.75 0.65 1.70 1.851 0.00500 2
25.32 1.38 -1.04 0.82 0.44 1.69 0.014 0.00493 2
14.91 4.28 -1.14 0.72 0.67 1.71 0.804 0.00468 2
22.01 -15.09 -1.58 3.47 1.48 1.41 3.135 0.00451 1
26.30 22.78 -1.83 3.96 1.65 1.50 3.046 0.00433 1
23.46 12.40 -1.38 4.21 1.64 1.50 2.689 0.00393 1
51.05 -11.90 -0.87 3.79 1.59 1.47 -2.398 0.00390 1
43.78 -36.15 -1.62 4.20 1.68 1.81 2.855 0.00387 1
42.42 -9.58 -0.98 3.84 1.59 1.48 -1.324 0.00368 1
25.39 1.25 -1.04 0.80 0.50 1.66 -0.115 0.00357 2
62.36 10.22 -1.26 0.59 0.74 1.68 -0.159 0.00292 2
43.77 2.56 -2.11 3.65 1.56 1.45 2.989 0.00291 1
47.36 -18.11 -1.86 3.80 1.60 1.54 -2.925 0.00262 1
58.67 6.93 -1.40 3.90 1.61 1.64 3.111 0.00257 1
16.58 -1.79 -1.41 4.00 1.73 1.45 0.480 0.00234 1
31.26 -24.66 -0.10 3.47 1.47 1.47 3.113 0.00230 1
20.68 16.08 -0.94 4.12 1.60 1.49 -0.455 0.00229 1
55.95 -3.38 -1.91 4.06 1.65 1.51 1.212 0.00206 1
34.31 29.65 -1.33 4.23 1.72 1.57 2.674 0.00201 1
38.23 -12.06 -1.61 3.69 1.61 1.61 0.175 0.00191 1
19.59 -15.08 -1.16 3.37 1.46 1.44 2.415 0.00185 1
12.86 4.91 -1.24 3.74 1.65 1.58 -2.978 0.00185 1
29.92 -4.59 -1.40 4.01 1.63 1.53 -1.211 0.00185 1
23.72 14.18 -1.48 4.16 1.68 1.52 2.650 0.00162 1
15.89 -2.58 -1.28 3.57 1.50 1.49 2.776 0.00159 1
22.91 -14.63 -1.70 3.89 1.54 1.52 2.160 0.00156 1
44.79 -8.48 -1.14 4.63 1.78 1.64 -1.108 0.00151 1
25.11 1.41 -1.04 0.75 0.41 1.69 0.058 0.00151 2
73.59 -23.32 -1.46 3.47 1.70 1.82 -0.876 0.00145 1
13.12 5.32 -1.28 3.94 1.48 1.61 -2.485 0.00139 1
21.83 -14.77 -1.62 3.28 1.43 1.40 2.132 0.00135 1
29.92 -14.47 -1.26 3.79 1.63 1.55 0.516 0.00135 1
37.33 -9.39 -1.27 4.08 1.62 1.76 -2.635 0.00121 1
62.97 -24.70 -0.97 4.14 1.65 1.63 -2.310 0.00117 1
39.55 17.95 -1.03 4.19 1.78 1.53 2.776 0.00107 1
58.73 -37.69 0.53 3.76 1.65 1.52 -1.212 0.00102 1
55.72 41.30 0.08 4.46 2.01 1.74 3.027 0.00097 1
32.43 -5.32 -0.68 4.16 1.72 1.63 1.886 0.00089 1
27.62 12.02 -1.38 4.22 1.65 1.54 2.692 0.00089 1
73.20 -41.85 -0.79 4.15 1.70 1.58 -2.711 0.00085 1
35.14 17.82 -1.55 4.05 1.82 1.52 2.692 0.00080 1
16.30 -5.29 -1.18 3.97 1.64 1.58 -3.076 0.00078 1
44.89 -23.22 -1.19 0.68 0.67 1.69 -1.231 0.00076 2
21.24 -15.50 -1.73 3.36 1.65 1.53 -2.744 0.00075 1
12.84 4.23 -1.43 3.97 1.48 1.43 2.965 0.00070 1
9.15 -5.01 -2.06 3.37 1.31 1.36 -2.646 0.00056 1
45.00 15.03 -1.69 4.04 1.65 1.53 2.590 0.00056 1
43.93 2.90 -2.04 3.83 1.80 1.62 -2.662 0.00054 1
47.24 11.07 -0.14 0.74 0.70 1.83 0.458 0.00054 2
35.68 28.99 -1.25 4.14 1.73 1.54 2.753 0.00050 1
14.84 4.56 -0.94 0.67 0.55 1.70 -0.027 0.00050 2
16.21 -2.10 -1.33 3.99 1.25 1.43 3.218 0.00044 1
43.85 -10.91 -1.04 3.87 1.64 1.56 -0.358 0.00043 1
21.44 15.76 -1.25 4.54 1.65 1.50 3.156 0.00041 1
74.41 -40.92 0.35 3.85 1.80 1.61 -2.341 0.00041 1
41.96 -34.16 -1.61 4.07 1.63 1.53 2.680 0.00038 1
36.53 3.58 -2.02 4.09 1.46 1.50 2.850 0.00038 1
15.58 -4.71 -1.30 3.75 1.58 1.52 3.138 0.00037 1
67.00 22.97 3.83 0.54 0.56 2.04 1.472 0.00036 2
52.74 22.92 -0.52 0.87 0.52 1.90 2.881 0.00036 2
44.66 -9.45 -1.06 3.27 1.77 1.64 -1.656 0.00035 1
62.29 -41.46 0.89 1.66 0.57 1.77 0.078 0.00035 3
17.53 -1.12 -1.53 4.10 1.54 1.44 0.671 0.00034 1
33.88 -10.42 -1.69 4.31 1.50 1.48 0.592 0.00033 1
62.12 -41.40 0.84 0.78 0.55 1.84 0.648 0.00033 2
10.02 -2.23 -2.04 3.95 1.54 1.39 2.892 0.00032 1
18.92 10.42 -1.44 4.84 2.03 1.46 1.316 0.00031 1
57.67 7.24 -1.30 4.20 1.66 1.59 -3.061 0.00029 1
31.54 -23.93 -1.74 3.69 1.64 1.59 0.308 0.00026 1
73.34 -49.12 0.65 3.73 1.78 1.64 2.483 0.00026 1
29.16 -24.62 -0.23 3.57 1.54 1.46 3.031 0.00025 1
17.03 0.33 -1.37 4.13 1.87 1.53 -0.225 0.00025 1
15.33 -2.76 -1.15 3.98 1.65 1.54 2.603 0.00025 1
28.54 -18.50 -0.51 4.06 1.43 1.74 0.568 0.00024 1
33.03 -6.54 -2.07 3.97 1.62 1.51 1.437 0.00024 1
61.04 16.82 -1.65 1.63 0.59 1.76 1.291 0.00023 3
22.57 -15.43 -1.43 3.93 1.59 1.41 2.704 0.00023 1
33.05 -8.19 -1.74 3.99 1.80 1.44 -1.285 0.00022 1
-0.48 0.34 0.57 4.23 1.64 1.54 3.260 0.00022 1
48.54 -12.84 -1.44 4.02 1.42 1.54 3.214 0.00021 1
40.57 -16.17 -1.47 3.88 1.53 1.54 3.330 0.00019 1
33.66 -10.05 -1.59 4.18 1.59 1.58 -0.423 0.00018 1
55.40 -3.31 -1.71 3.59 1.72 1.55 1.388 0.00018 1
37.52 -12.34 -1.32 3.39 1.95 1.58 -1.518 0.00017 1
19.20 -15.61 -1.16 3.25 1.30 1.38 2.646 0.00016 1
64.42 -3.26 4.61 4.29 1.67 1.55 3.312 0.00015 1
25.34 0.75 -1.49 4.17 1.33 1.43 0.821 0.00014 1
27.63 -8.32 -1.39 4.09 1.58 1.47 3.204 0.00014 1
19.12 6.68 15.45 3.84 1.58 1.57 3.314 0.00014 1
11.90 -4.53 -1.20 3.60 1.82 1.55 -0.142 0.00013 1
43.23 -9.85 -1.23 3.13 1.96 1.72 0.198 0.00013 1
15.92 -3.76 -1.00 4.02 1.51 1.51 -2.725 0.00012 1
30.57 -4.61 -1.43 4.01 1.79 1.47 -1.234 0.00012 1
26.65 23.32 -1.70 4.09 1.81 1.59 2.975 0.00012 1
14.73 4.39 -0.83 0.59 0.57 1.65 0.049 0.00011 2
48.29 11.67 -0.11 2.92 2.03 1.72 0.415 0.00011 1
11.29 -6.27 -1.41 3.92 1.55 1.36 2.933 0.00010 1
31.23 9.15 -1.58 3.86 1.58 1.49 3.301 0.00010 1
15.70 -1.73 -1.17 3.86 1.37 1.59 -2.774 0.00009 1
41.76 25.22 -0.92 1.16 0.59 1.83 -1.985 0.00009 2
17.44 -0.36 -1.50 3.98 1.76 1.52 0.300 0.00009 1
24.61 6.78 -1.67 4.36 1.41 1.54 -2.815 0.00009 1
41.05 -23.77 -0.90 3.82 1.63 1.61 3.386 0.00009 1
10.66 -2.32 -1.80 3.54 1.33 1.38 -2.782 0.00009 1
25.42 1.50 -0.81 0.79 0.46 1.71 0.044 0.00009 2
27.49 21.51 -1.54 3.79 1.56 1.46 2.877 0.00009 1
56.58 41.33 0.04 4.23 1.43 1.57 0.151 0.00008 1
31.14 -16.11 -0.54 4.27 1.57 1.69 0.407 0.00008 1
59.02 8.07 -0.89 3.86 1.97 1.65 -3.013 0.00008 1
67.09 -44.51 8.39 4.22 1.74 1.56 3.288 0.00008 1
57.72 -3.33 -0.66 4.12 2.16 1.77 -2.790 0.00008 1
19.54 16.34 -1.19 3.83 1.87 1.40 -0.347 0.00007 1
68.86 50.15 -0.56 3.75 1.94 1.61 -1.739 0.00007 1
19.49 12.29 -1.57 4.14 1.91 1.48 -1.793 0.00007 1
10.86 -3.43 -0.89 4.20 1.66 1.48 -3.011 0.00007 1
59.16 -37.48 0.63 3.66 1.68 1.51 -0.694 0.00007 1
33.96 -12.25 -1.04 3.81 1.51 1.62 0.791 0.00007 1
38.14 15.91 -1.65 4.53 1.97 1.61 -2.840 0.00007 1
8.64 -4.87 -2.15 4.19 1.74 1.40 -3.008 0.00007 1
27.55 -2.99 -1.57 3.40 1.42 1.48 -0.718 0.00007 1
29.35 10.87 -1.66 3.97 1.52 1.53 2.611 0.00006 1
51.82 9.50 -0.43 3.56 2.15 1.69 1.242 0.00006 1
59.89 22.29 0.39 4.27 1.85 1.68 3.101 0.00006 1
30.13 9.27 -1.72 3.99 1.53 1.50 3.105 0.00006 1
27.22 -7.34 -1.32 4.08 1.57 1.47 -0.354 0.00005 1
51.19 -8.20 0.20 3.40 1.72 1.57 -2.647 0.00005 1
20.01 -14.98 -1.05 3.60 1.40 1.38 2.959 0.00005 1
50.56 10.49 -0.57 3.97 2.04 1.70 2.871 0.00005 1
44.45 -7.94 -1.19 3.67 1.79 1.80 0.293 0.00005 1
73.63 -40.90 -0.79 4.33 1.86 1.74 1.752 0.00005 1
12.86 -2.43 -1.06 3.66 1.59 1.48 2.936 0.00005 1
38.93 14.76 -1.71 4.10 1.44 1.47 3.303 0.00005 1
12.84 4.93 -1.34 3.62 1.41 1.55 -1.950 0.00004 1
28.67 -3.59 -1.42 3.12 1.40 1.50 -0.850 0.00004 1
20.53 15.94 -1.35 3.61 1.61 1.53 -1.654 0.00004 1
17.47 9.58 -1.45 3.42 1.37 1.44 0.825 0.00004 1
36.58 -18.28 -0.72 3.94 1.69 1.68 -2.864 0.00004 1
22.16 11.41 -1.61 4.29 1.53 1.56 3.079 0.00004 1
29.31 10.20 -1.44 3.88 1.41 1.52 3.130 0.00004 1
32.10 -20.81 -0.17 4.23 2.03 1.70 3.216 0.00004 1
20.66 16.86 -1.13 3.85 1.56 1.54 -1.949 0.00003 1
43.32 -35.16 -2.08 3.96 1.53 1.65 2.735 0.00003 1
17.46 0.75 -1.53 3.62 1.74 1.52 -0.304 0.00003 1
16.48 -4.64 -1.10 3.51 1.30 1.40 -2.564 0.00003 1
28.32 23.00 -1.06 4.12 1.69 1.55 -3.137 0.00003 1
62.97 22.83 4.92 4.34 1.90 1.68 2.738 0.00003 1
28.91 -6.02 -1.18 3.94 2.09 1.79 -0.688 0.00003 1
28.05 -4.05 -1.37 3.67 1.36 1.64 -0.597 0.00003 1
29.37 -4.40 -1.18 3.49 1.72 1.54 2.761 0.00003 1
56.32 -2.86 1.15 4.22 1.50 1.52 -2.900 0.00003 1
69.65 -22.52 -1.84 4.12 2.09 1.78 1.024 0.00002 1
67.87 -44.38 0.11 3.58 1.55 1.69 -2.575 0.00002 1
46.14 -36.03 -1.55 4.43 1.78 1.54 3.134 0.00002 1
20.84 15.86 -1.32 4.06 1.94 1.59 -2.263 0.00002 1
28.75 -4.65 -1.31 3.81 1.65 1.60 -0.879 0.00002 1
11.96 -5.93 -1.40 3.92 1.64 1.43 3.087 0.00002 1
27.34 -5.59 -1.45 3.85 1.74 1.54 -0.642 0.00002 1
35.92 27.37 -1.22 4.58 1.72 1.63 2.824 0.00002 1
37.05 -10.75 -1.35 3.35 2.08 1.62 -1.176 0.00002 1
48.43 -38.28 -0.60 4.06 1.80 1.64 3.260 0.00002 1
16.15 -4.18 -1.15 3.40 1.57 1.50 3.186 0.00002 1
9.97 -3.82 -1.32 3.51 1.55 1.39 -0.748 0.00002 1
72.18 -43.68 -0.65 3.93 1.81 1.63 3.393 0.00002 1
28.53 -2.66 -1.40 3.92 1.49 1.44 -0.782 0.00002 1
43.53 14.81 -1.58 3.95 1.71 1.58 -0.262 0.00002 1
49.60 -16.89 -1.70 3.81 2.04 1.70 2.660 0.00002 1
58.81 10.27 0.44 4.05 1.84 1.66 -2.715 0.00002 1
57.75 15.83 -2.00 4.30 1.81 1.59 -2.844 0.00002 1
12.40 4.95 -1.11 3.60 2.03 1.61 -1.208 0.00001 1
11.96 4.20 -1.19 2.98 1.55 1.47 -0.768 0.00001 1
48.76 -17.09 -1.52 4.32 1.95 1.68 2.808 0.00001 1
73.95 -22.89 -1.36 4.03 1.92 1.88 0.032 0.00001 1
10.41 -5.01 -1.20 4.14 1.82 1.51 1.189 0.00001 1
47.68 28.05 3.70 4.08 1.74 1.65 -2.842 0.00001 1
21.99 14.55 -1.10 3.82 1.59 1.62 2.881 0.00001 1
50.51 -7.43 0.15 3.30 1.63 1.65 -1.139 0.00001 1
35.37 27.93 -1.32 3.46 1.84 1.45 2.946 0.00001 1
70.85 -55.64 -1.16 4.04 1.75 1.64 3.183 0.00001 1
63.20 21.64 -0.96 3.95 1.90 1.63 -2.840 0.00001 1
36.19 2.89 -1.72 4.67 1.54 1.68 3.053 0.00001 1
10.67 -4.02 -1.12 3.57 1.50 1.40 -3.071 0.00001 1
69.45 48.81 -0.41 4.13 1.92 1.68 2.932 0.00001 1
37.52 -10.79 -1.52 3.16 1.42 1.52 -2.583 0.00001 1
21.69 -15.45 -1.35 3.57 1.75 1.46 2.002 0.00001 1
32.25 3.16 -1.91 3.75 1.49 1.50 0.059 0.00001 1
