37.09 -0.72 -1.10 1.88 0.57 1.86 0.927 0.99905 3
4.25 -1.85 -1.38 4.03 1.60 1.48 -1.999 0.98634 1
36.12 -23.67 -1.14 4.15 1.67 1.60 0.922 0.91814 1
32.67 -10.41 -1.18 2.03 0.57 1.91 -0.877 0.80262 3
39.34 -16.31 -1.23 2.08 0.48 1.87 2.174 0.67030 3
20.99 -3.92 -1.23 1.93 0.55 1.76 -2.419 0.56709 3
39.35 -16.28 -1.22 1.04 0.46 1.92 2.184 0.55068 2
25.84 -4.51 0.37 0.81 0.64 1.89 -0.560 0.36571 2
51.77 -7.56 -0.36 4.01 1.67 1.74 -2.651 0.27669 1
20.20 3.00 0.14 4.05 1.63 1.52 -2.412 0.18008 1
51.52 -11.55 -1.14 3.60 1.59 1.65 -2.450 0.15972 1
32.72 -10.44 -1.20 1.01 0.58 2.03 -0.779 0.15847 2
27.22 22.42 -2.10 3.80 1.59 1.50 3.106 0.13155 1
37.38 -11.44 -1.28 4.05 1.66 1.79 -2.803 0.12140 1
27.49 21.91 -2.23 4.22 1.70 1.62 2.657 0.09602 1
56.54 15.59 -1.44 0.92 0.46 1.78 -2.225 0.09180 2
33.58 -9.35 -1.00 1.51 0.57 1.75 -0.240 0.08439 3
33.58 -9.43 -1.05 1.45 0.60 1.78 2.239 0.07795 3
43.72 -28.50 -0.37 4.17 1.66 1.50 -2.618 0.07524 1
49.73 -7.12 -1.45 3.30 1.47 1.53 -2.622 0.05798 1
57.89 -11.58 -0.16 3.57 1.56 1.50 -0.944 0.05731 1
20.73 12.18 -1.68 3.63 1.57 1.47 -0.664 0.04400 1
27.29 -19.19 -0.38 4.07 1.67 1.55 -3.152 0.03213 1
37.73 3.36 -1.02 0.72 0.67 1.92 0.197 0.02960 2
21.69 15.33 -1.21 4.31 1.68 1.51 -0.546 0.02944 1
33.61 -9.38 -0.99 0.81 0.62 1.78 -0.422 0.02649 2
43.45 2.88 -0.12 1.70 0.49 1.70 -1.358 0.02315 3
29.46 24.56 -1.00 3.97 1.64 1.56 -2.895 0.01821 1
22.12 -18.59 -1.87 3.97 1.61 1.50 2.935 0.01601 1
43.89 -10.63 -1.30 3.78 1.65 1.79 0.195 0.01516 1
37.01 -10.06 -1.33 4.00 1.64 1.68 -2.783 0.01388 1
4.92 -1.94 -1.53 3.81 1.60 1.53 -1.888 0.01254 1
12.71 4.97 -1.38 3.35 1.20 1.45 -2.745 0.01220 1
41.66 24.98 0.92 0.87 0.47 1.81 -1.794 0.01194 2
43.97 -36.21 -1.89 3.76 1.60 1.58 2.928 0.01039 1
18.18 9.69 -1.26 4.11 1.66 1.68 -2.143 0.01024 1
43.41 3.03 -0.08 0.83 0.42 1.73 -1.746 0.00861 2
52.13 -12.38 -1.02 3.66 1.70 1.68 -0.839 0.00850 1
13.02 5.57 -1.45 3.88 1.43 1.42 -2.311 0.00599 1
42.60 -35.94 -1.79 3.27 1.56 1.54 2.975 0.00579 1
31.28 -15.44 -1.29 3.65 1.60 1.59 -2.809 0.00557 1
35.25 27.54 -1.20 4.27 1.72 1.60 2.666 0.00548 1
15.37 -3.41 -0.97 3.77 1.58 1.53 2.062 0.00547 1
56.68 15.69 -1.45 0.97 0.50 1.94 -1.601 0.00418 2
30.64 10.94 -1.45 3.85 1.62 1.55 -3.188 0.00417 1
12.24 5.33 -1.36 3.14 1.38 1.44 -2.208 0.00405 1
36.04 -9.22 -1.22 4.62 1.97 1.42 2.864 0.00399 1
12.98 5.12 -1.29 3.34 1.63 1.61 2.993 0.00347 1
63.48 18.76 0.70 4.27 1.54 1.72 1.937 0.00294 1
0.00 0.00 -0.56 0.00 0.00 0.00 0.047 0.00294 1
0.00 0.00 -0.56 0.00 0.00 0.00 0.047 0.00294 1
0.00 0.00 -0.56 0.00 0.00 0.00 0.047 0.00294 1
0.00 0.00 -0.56 0.00 0.00 0.00 0.047 0.00294 1
0.00 0.00 -0.56 0.00 0.00 0.00 0.047 0.00294 1
0.00 0.00 -0.56 0.00 0.00 0.00 0.047 0.00294 1
0.00 0.00 -0.56 0.00 0.00 0.00 0.047 0.00294 1
0.00 0.00 -0.56 0.00 0.00 0.00 0.047 0.00294 1
0.00 0.00 -0.56 0.00 0.00 0.00 0.047 0.00294 1
0.00 0.00 -0.56 0.00 0.00 0.00 0.047 0.00294 1
0.00 0.00 -0.56 0.00 0.00 0.00 0.047 0.00294 1
0.00 0.00 -0.56 0.00 0.00 0.00 0.047 0.00294 1
0.00 0.00 -0.56 0.00 0.00 0.00 0.047 0.00294 1
0.00 0.00 -0.56 0.00 0.00 0.00 0.047 0.00294 1
0.00 0.00 -0.56 0.00 0.00 0.00 0.047 0.00294 1
0.00 0.00 -0.56 0.00 0.00 0.00 0.047 0.00294 1
0.00 0.00 -0.56 0.00 0.00 0.00 0.047 0.00294 1
0.00 0.00 -0.56 0.00 0.00 0.00 0.047 0.00294 1
0.00 0.00 -0.56 0.00 0.00 0.00 0.047 0.00294 1
0.00 0.00 -0.56 0.00 0.00 0.00 0.047 0.00294 1
0.00 0.00 -0.56 0.00 0.00 0.00 0.047 0.00294 1
0.00 0.00 -0.56 0.00 0.00 0.00 0.047 0.00294 1
0.00 0.00 -0.56 0.00 0.00 0.00 0.047 0.00294 1
0.00 0.00 -0.56 0.00 0.00 0.00 0.047 0.00294 1
0.00 0.00 -0.56 0.00 0.00 0.00 0.047 0.00294 1
0.00 0.00 -0.56 0.00 0.00 0.00 0.047 0.00294 1
0.00 0.00 -0.56 0.00 0.00 0.00 0.047 0.00294 1
0.00 0.00 -0.56 0.00 0.00 0.00 0.047 0.00294 1
0.00 0.00 -0.56 0.00 0.00 0.00 0.047 0.00294 1
0.00 0.00 -0.56 0.00 0.00 0.00 0.047 0.00294 1
0.00 0.00 -0.56 0.00 0.00 0.00 0.047 0.00294 1
0.00 0.00 -0.56 0.00 0.00 0.00 0.047 0.00294 1
0.00 0.00 -0.56 0.00 0.00 0.00 0.047 0.00294 1
0.00 0.00 -0.56 0.00 0.00 0.00 0.047 0.00294 1
0.00 0.00 -0.56 0.00 0.00 0.00 0.047 0.00294 1
0.00 0.00 -0.56 0.00 0.00 0.00 0.047 0.00294 1
0.00 0.00 -0.56 0.00 0.00 0.00 0.047 0.00294 1
0.00 0.00 -0.56 0.00 0.00 0.00 0.047 0.00294 1
0.00 0.00 -0.56 0.00 0.00 0.00 0.047 0.00294 1
0.00 0.00 -0.56 0.00 0.00 0.00 0.047 0.00294 1
0.00 0.00 -0.56 0.00 0.00 0.00 0.047 0.00294 1
0.00 0.00 -0.56 0.00 0.00 0.00 0.047 0.00294 1
0.00 0.00 -0.56 0.00 0.00 0.00 0.047 0.00294 1
0.00 0.00 -0.56 0.00 0.00 0.00 0.047 0.00294 1
0.00 0.00 -0.56 0.00 0.00 0.00 0.047 0.00294 1
0.00 0.00 -0.56 0.00 0.00 0.00 0.047 0.00294 1
0.00 0.00 -0.56 0.00 0.00 0.00 0.047 0.00294 1
0.00 0.00 -0.56 0.00 0.00 0.00 0.047 0.00294 1
0.00 0.00 -0.56 0.00 0.00 0.00 0.047 0.00294 1
0.00 0.00 -0.56 0.00 0.00 0.00 0.047 0.00294 1
0.00 0.00 -0.56 0.00 0.00 0.00 0.047 0.00294 1
0.00 0.00 -0.56 0.00 0.00 0.00 0.047 0.00294 1
0.00 0.00 -0.56 0.00 0.00 0.00 0.047 0.00294 1
0.00 0.00 -0.56 0.00 0.00 0.00 0.047 0.00294 1
0.00 0.00 -0.56 0.00 0.00 0.00 0.047 0.00294 1
0.00 0.00 -0.56 0.00 0.00 0.00 0.047 0.00294 1
0.00 0.00 -0.56 0.00 0.00 0.00 0.047 0.00294 1
0.00 0.00 -0.56 0.00 0.00 0.00 0.047 0.00294 1
0.00 0.00 -0.56 0.00 0.00 0.00 0.047 0.00294 1
0.00 0.00 -0.56 0.00 0.00 0.00 0.047 0.00294 1
0.00 0.00 -0.56 0.00 0.00 0.00 0.047 0.00294 1
0.00 0.00 -0.56 0.00 0.00 0.00 0.047 0.00294 1
0.00 0.00 -0.56 0.00 0.00 0.00 0.047 0.00294 1
0.00 0.00 -0.56 0.00 0.00 0.00 0.047 0.00294 1
0.00 0.00 -0.56 0.00 0.00 0.00 0.047 0.00294 1
0.00 0.00 -0.56 0.00 0.00 0.00 0.047 0.00294 1
0.00 0.00 -0.56 0.00 0.00 0.00 0.047 0.00294 1
0.00 0.00 -0.56 0.00 0.00 0.00 0.047 0.00294 1
0.00 0.00 -0.56 0.00 0.00 0.00 0.047 0.00294 1
0.00 0.00 -0.56 0.00 0.00 0.00 0.047 0.00294 1
0.00 0.00 -0.56 0.00 0.00 0.00 0.047 0.00294 1
0.00 0.00 -0.56 0.00 0.00 0.00 0.047 0.00294 1
0.00 0.00 -0.56 0.00 0.00 0.00 0.047 0.00294 1
0.00 0.00 -0.56 0.00 0.00 0.00 0.047 0.00294 1
0.00 0.00 -0.56 0.00 0.00 0.00 0.047 0.00294 1
0.00 0.00 -0.56 0.00 0.00 0.00 0.047 0.00294 1
0.00 0.00 -0.56 0.00 0.00 0.00 0.047 0.00294 1
0.00 0.00 -0.56 0.00 0.00 0.00 0.047 0.00294 1
0.00 0.00 -0.56 0.00 0.00 0.00 0.047 0.00294 1
0.00 0.00 -0.56 0.00 0.00 0.00 0.047 0.00294 1
0.00 0.00 -0.56 0.00 0.00 0.00 0.047 0.00294 1
0.00 0.00 -0.56 0.00 0.00 0.00 0.047 0.00294 1
0.00 0.00 -0.56 0.00 0.00 0.00 0.047 0.00294 1
0.00 0.00 -0.56 0.00 0.00 0.00 0.047 0.00294 1
0.00 0.00 -0.56 0.00 0.00 0.00 0.047 0.00294 1
0.00 0.00 -0.56 0.00 0.00 0.00 0.047 0.00294 1
0.00 0.00 -0.56 0.00 0.00 0.00 0.047 0.00294 1
0.00 0.00 -0.56 0.00 0.00 0.00 0.047 0.00294 1
0.00 0.00 -0.56 0.00 0.00 0.00 0.047 0.00294 1
0.00 0.00 -0.56 0.00 0.00 0.00 0.047 0.00294 1
0.00 0.00 -0.56 0.00 0.00 0.00 0.047 0.00294 1
0.00 0.00 -0.56 0.00 0.00 0.00 0.047 0.00294 1
0.00 0.00 -0.56 0.00 0.00 0.00 0.047 0.00294 1
0.00 0.00 -0.56 0.00 0.00 0.00 0.047 0.00294 1
0.00 0.00 -0.56 0.00 0.00 0.00 0.047 0.00294 1
0.00 0.00 -0.56 0.00 0.00 0.00 0.047 0.00294 1
0.00 0.00 -0.56 0.00 0.00 0.00 0.047 0.00294 1
0.00 0.00 -0.56 0.00 0.00 0.00 0.047 0.00294 1
0.00 0.00 -0.56 0.00 0.00 0.00 0.047 0.00294 1
0.00 0.00 -0.56 0.00 0.00 0.00 0.047 0.00294 1
0.00 0.00 -0.56 0.00 0.00 0.00 0.047 0.00294 1
0.00 0.00 -0.56 0.00 0.00 0.00 0.047 0.00294 1
0.00 0.00 -0.56 0.00 0.00 0.00 0.047 0.00294 1
0.00 0.00 -0.56 0.00 0.00 0.00 0.047 0.00294 1
0.00 0.00 -0.56 0.00 0.00 0.00 0.047 0.00294 1
0.00 0.00 -0.56 0.00 0.00 0.00 0.047 0.00294 1
0.00 0.00 -0.56 0.00 0.00 0.00 0.047 0.00294 1
0.00 0.00 -0.56 0.00 0.00 0.00 0.047 0.00294 1
0.00 0.00 -0.56 0.00 0.00 0.00 0.047 0.00294 1
0.00 0.00 -0.56 0.00 0.00 0.00 0.047 0.00294 1
0.00 0.00 -0.56 0.00 0.00 0.00 0.047 0.00294 1
0.00 0.00 -0.56 0.00 0.00 0.00 0.047 0.00294 1
0.00 0.00 -0.56 0.00 0.00 0.00 0.047 0.00294 1
0.00 0.00 -0.56 0.00 0.00 0.00 0.047 0.00294 1
0.00 0.00 -0.56 0.00 0.00 0.00 0.047 0.00294 1
0.00 0.00 -0.56 0.00 0.00 0.00 0.047 0.00294 1
0.00 0.00 -0.56 0.00 0.00 0.00 0.047 0.00294 1
0.00 0.00 -0.56 0.00 0.00 0.00 0.047 0.00294 1
0.00 0.00 -0.56 0.00 0.00 0.00 0.047 0.00294 1
0.00 0.00 -0.56 0.00 0.00 0.00 0.047 0.00294 1
0.00 0.00 -0.56 0.00 0.00 0.00 0.047 0.00294 1
0.00 0.00 -0.56 0.00 0.00 0.00 0.047 0.00294 1
0.00 0.00 -0.56 0.00 0.00 0.00 0.047 0.00294 1
0.00 0.00 -0.56 0.00 0.00 0.00 0.047 0.00294 1
0.00 0.00 -0.56 0.00 0.00 0.00 0.047 0.00294 1
0.00 0.00 -0.56 0.00 0.00 0.00 0.047 0.00294 1
0.00 0.00 -0.56 0.00 0.00 0.00 0.047 0.00294 1
0.00 0.00 -0.56 0.00 0.00 0.00 0.047 0.00294 1
0.00 0.00 -0.56 0.00 0.00 0.00 0.047 0.00294 1
0.00 0.00 -0.56 0.00 0.00 0.00 0.047 0.00294 1
0.00 0.00 -0.56 0.00 0.00 0.00 0.047 0.00294 1
0.00 0.00 -0.56 0.00 0.00 0.00 0.047 0.00294 1
0.00 0.00 -0.56 0.00 0.00 0.00 0.047 0.00294 1
0.00 0.00 -0.56 0.00 0.00 0.00 0.047 0.00294 1
0.00 0.00 -0.56 0.00 0.00 0.00 0.047 0.00294 1
0.00 0.00 -0.56 0.00 0.00 0.00 0.047 0.00294 1
0.00 0.00 -0.56 0.00 0.00 0.00 0.047 0.00294 1
0.00 0.00 -0.56 0.00 0.00 0.00 0.047 0.00294 1
0.00 0.00 -0.56 0.00 0.00 0.00 0.047 0.00294 1
0.00 0.00 -0.56 0.00 0.00 0.00 0.047 0.00294 1
0.00 0.00 -0.56 0.00 0.00 0.00 0.047 0.00294 1
0.00 0.00 -0.56 0.00 0.00 0.00 0.047 0.00294 1
0.00 0.00 -0.56 0.00 0.00 0.00 0.047 0.00294 1
0.00 0.00 -0.56 0.00 0.00 0.00 0.047 0.00294 1
0.00 0.00 -0.56 0.00 0.00 0.00 0.047 0.00294 1
0.00 0.00 -0.56 0.00 0.00 0.00 0.047 0.00294 1
0.00 0.00 -0.56 0.00 0.00 0.00 0.047 0.00294 1
0.00 0.00 -0.56 0.00 0.00 0.00 0.047 0.00294 1
0.00 0.00 -0.56 0.00 0.00 0.00 0.047 0.00294 1
0.00 0.00 -0.56 0.00 0.00 0.00 0.047 0.00294 1
0.00 0.00 -0.56 0.00 0.00 0.00 0.047 0.00294 1
0.00 0.00 -0.56 0.00 0.00 0.00 0.047 0.00294 1
0.00 0.00 -0.56 0.00 0.00 0.00 0.047 0.00294 1
0.00 0.00 -0.56 0.00 0.00 0.00 0.047 0.00294 1
0.00 0.00 -0.56 0.00 0.00 0.00 0.047 0.00294 1
0.00 0.00 -0.56 0.00 0.00 0.00 0.047 0.00294 1
0.00 0.00 -0.56 0.00 0.00 0.00 0.047 0.00294 1
0.00 0.00 -0.56 0.00 0.00 0.00 0.047 0.00294 1
0.00 0.00 -0.56 0.00 0.00 0.00 0.047 0.00294 1
0.00 0.00 -0.56 0.00 0.00 0.00 0.047 0.00294 1
0.00 0.00 -0.56 0.00 0.00 0.00 0.047 0.00294 1
0.00 0.00 -0.56 0.00 0.00 0.00 0.047 0.00294 1
0.00 0.00 -0.56 0.00 0.00 0.00 0.047 0.00294 1
0.00 0.00 -0.56 0.00 0.00 0.00 0.047 0.00294 1
0.00 0.00 -0.56 0.00 0.00 0.00 0.047 0.00294 1
0.00 0.00 -0.56 0.00 0.00 0.00 0.047 0.00294 1
0.00 0.00 -0.56 0.00 0.00 0.00 0.047 0.00294 1
0.00 0.00 -0.56 0.00 0.00 0.00 0.047 0.00294 1
0.00 0.00 -0.56 0.00 0.00 0.00 0.047 0.00294 1
0.00 0.00 -0.56 0.00 0.00 0.00 0.047 0.00294 1
0.00 0.00 -0.56 0.00 0.00 0.00 0.047 0.00294 1
0.00 0.00 -0.56 0.00 0.00 0.00 0.047 0.00294 1
0.00 0.00 -0.56 0.00 0.00 0.00 0.047 0.00294 1
0.00 0.00 -0.56 0.00 0.00 0.00 0.047 0.00294 1
0.00 0.00 -0.56 0.00 0.00 0.00 0.047 0.00294 1
0.00 0.00 -0.56 0.00 0.00 0.00 0.047 0.00294 1
0.00 0.00 -0.56 0.00 0.00 0.00 0.047 0.00294 1
0.00 0.00 -0.56 0.00 0.00 0.00 0.047 0.00294 1
0.00 0.00 -0.56 0.00 0.00 0.00 0.047 0.00294 1
0.00 0.00 -0.56 0.00 0.00 0.00 0.047 0.00294 1
0.00 0.00 -0.56 0.00 0.00 0.00 0.047 0.00294 1
0.00 0.00 -0.56 0.00 0.00 0.00 0.047 0.00294 1
0.00 0.00 -0.56 0.00 0.00 0.00 0.047 0.00294 1
0.00 0.00 -0.56 0.00 0.00 0.00 0.047 0.00294 1
0.00 0.00 -0.56 0.00 0.00 0.00 0.047 0.00294 1
0.00 0.00 -0.56 0.00 0.00 0.00 0.047 0.00294 1
0.00 0.00 -0.56 0.00 0.00 0.00 0.047 0.00294 1
0.00 0.00 -0.56 0.00 0.00 0.00 0.047 0.00294 1
0.00 0.00 -0.56 0.00 0.00 0.00 0.047 0.00294 1
0.00 0.00 -0.56 0.00 0.00 0.00 0.047 0.00294 1
0.00 0.00 -0.56 0.00 0.00 0.00 0.047 0.00294 1
0.00 0.00 -0.56 0.00 0.00 0.00 0.047 0.00294 1
0.00 0.00 -0.56 0.00 0.00 0.00 0.047 0.00294 1
0.00 0.00 -0.56 0.00 0.00 0.00 0.047 0.00294 1
0.00 0.00 -0.56 0.00 0.00 0.00 0.047 0.00294 1
0.00 0.00 -0.56 0.00 0.00 0.00 0.047 0.00294 1
0.00 0.00 -0.56 0.00 0.00 0.00 0.047 0.00294 1
0.00 0.00 -0.56 0.00 0.00 0.00 0.047 0.00294 1
0.00 0.00 -0.56 0.00 0.00 0.00 0.047 0.00294 1
0.00 0.00 -0.56 0.00 0.00 0.00 0.047 0.00294 1
0.00 0.00 -0.56 0.00 0.00 0.00 0.047 0.00294 1
0.00 0.00 -0.56 0.00 0.00 0.00 0.047 0.00294 1
0.00 0.00 -0.56 0.00 0.00 0.00 0.047 0.00294 1
0.00 0.00 -0.56 0.00 0.00 0.00 0.047 0.00294 1
0.00 0.00 -0.56 0.00 0.00 0.00 0.047 0.00294 1
0.00 0.00 -0.56 0.00 0.00 0.00 0.047 0.00294 1
0.00 0.00 -0.56 0.00 0.00 0.00 0.047 0.00294 1
0.00 0.00 -0.56 0.00 0.00 0.00 0.047 0.00294 1
0.00 0.00 -0.56 0.00 0.00 0.00 0.047 0.00294 1
0.00 0.00 -0.56 0.00 0.00 0.00 0.047 0.00294 1
0.00 0.00 -0.56 0.00 0.00 0.00 0.047 0.00294 1
0.00 0.00 -0.56 0.00 0.00 0.00 0.047 0.00294 1
0.00 0.00 -0.56 0.00 0.00 0.00 0.047 0.00294 1
0.00 0.00 -0.56 0.00 0.00 0.00 0.047 0.00294 1
0.00 0.00 -0.56 0.00 0.00 0.00 0.047 0.00294 1
0.00 0.00 -0.56 0.00 0.00 0.00 0.047 0.00294 1
32.36 2.39 -1.52 4.13 1.80 1.56 0.311 0.00279 1
19.84 10.02 -1.38 3.89 1.78 1.42 -2.809 0.00275 1
44.29 -8.94 -1.33 1.15 0.89 1.76 -0.227 0.00265 2
16.63 -0.27 -4.21 3.89 1.43 1.51 2.715 0.00256 1
72.18 -56.68 -1.36 3.80 1.59 1.51 3.052 0.00240 1
32.52 -10.27 -1.15 0.93 0.56 1.86 -0.401 0.00234 2
38.07 3.47 -1.11 0.84 0.58 1.96 0.113 0.00228 2
21.12 -4.06 -1.47 1.94 0.54 1.90 -2.470 0.00210 3
62.42 10.23 -1.01 0.82 0.46 1.74 0.356 0.00187 2
44.05 -35.63 -1.95 3.24 1.30 1.58 2.947 0.00178 1
13.79 -5.46 -1.20 4.16 1.63 1.45 1.021 0.00163 1
46.63 -8.44 -1.54 3.85 1.66 1.55 0.550 0.00157 1
9.61 -4.89 -2.03 3.81 1.21 1.36 -2.700 0.00157 1
29.80 -2.14 -1.77 4.26 1.40 1.38 2.409 0.00156 1
41.34 -9.58 -1.44 4.12 1.49 1.45 0.570 0.00156 1
31.16 -8.54 -1.37 4.15 1.64 1.37 0.176 0.00151 1
33.40 -24.06 -1.48 3.63 1.59 1.51 2.857 0.00140 1
56.11 42.27 0.01 3.73 1.72 1.64 1.200 0.00131 1
32.79 -10.57 -1.22 4.27 1.71 1.76 -0.745 0.00125 1
15.78 -2.71 -1.15 3.80 1.53 1.54 -2.502 0.00120 1
62.43 18.30 -0.07 0.87 0.44 1.82 0.226 0.00103 2
11.54 -0.80 -1.79 3.63 1.49 1.43 -2.494 0.00103 1
68.44 17.57 -0.21 0.88 0.53 1.95 -2.763 0.00096 2
21.02 -5.01 -1.55 3.85 1.52 1.69 -2.402 0.00092 1
29.56 23.95 -1.22 3.62 1.62 1.52 3.040 0.00090 1
31.39 -8.21 -1.40 3.75 1.60 1.48 1.673 0.00083 1
22.86 14.56 -1.82 4.20 1.66 1.49 -0.429 0.00083 1
31.77 -8.16 -1.35 3.71 1.71 1.38 2.746 0.00082 1
15.15 -5.14 -1.12 4.37 1.55 1.55 2.434 0.00081 1
18.91 2.87 0.47 2.61 1.29 1.82 -0.726 0.00077 1
18.15 2.69 0.59 0.63 0.49 1.87 -0.172 0.00073 2
52.71 22.77 4.50 0.65 0.72 1.85 0.318 0.00065 2
48.19 -12.79 -1.37 4.17 1.44 1.54 -3.054 0.00063 1
15.50 -0.29 -1.38 3.65 1.71 1.48 0.363 0.00062 1
39.31 27.82 -1.23 4.54 1.68 1.67 -0.307 0.00052 1
16.48 0.47 -3.45 4.17 1.57 1.56 3.120 0.00051 1
24.87 13.40 -1.34 3.95 1.61 1.50 -0.451 0.00051 1
41.40 5.54 -0.07 0.89 0.48 1.86 1.729 0.00050 2
17.81 -15.00 -1.64 4.00 1.35 1.39 -3.028 0.00050 1
31.34 -9.17 -1.39 4.27 1.57 1.41 0.362 0.00048 1
38.33 15.27 -1.61 4.39 1.46 1.49 -3.081 0.00039 1
20.68 15.95 -1.09 4.15 1.45 1.40 -0.623 0.00038 1
33.97 -9.30 -1.41 4.24 1.24 1.51 -0.967 0.00036 1
34.76 17.62 -1.35 3.94 1.36 1.47 3.065 0.00036 1
12.94 4.45 -1.39 3.45 1.30 1.37 -2.874 0.00034 1
64.90 22.67 2.46 0.64 0.78 2.26 0.133 0.00030 2
28.79 21.27 -2.30 4.08 1.71 1.54 2.793 0.00028 1
15.18 -2.47 -1.23 3.46 1.53 1.48 -2.267 0.00028 1
18.89 10.91 -1.34 3.93 1.44 1.43 -2.129 0.00028 1
11.56 -1.04 -1.89 3.68 1.47 1.42 -0.878 0.00025 1
15.82 -4.14 -1.16 3.41 1.53 1.44 -3.172 0.00024 1
11.58 0.27 -1.08 3.64 1.36 1.50 -0.705 0.00024 1
21.15 -15.61 -1.73 4.15 1.84 1.67 3.279 0.00022 1
39.82 -14.72 -1.54 3.29 1.48 1.49 1.412 0.00022 1
50.33 -7.36 0.21 3.46 1.75 1.60 -1.367 0.00022 1
-0.48 0.34 0.57 4.23 1.64 1.54 3.260 0.00022 1
14.06 -2.80 -1.22 3.74 1.52 1.44 -2.410 0.00021 1
13.21 -0.99 -1.53 3.71 1.37 1.51 0.170 0.00021 1
32.27 1.32 -1.42 3.78 1.45 1.39 0.296 0.00019 1
56.79 -2.42 -1.23 3.69 1.70 1.73 -2.438 0.00019 1
37.83 3.40 -1.18 1.67 0.46 1.90 0.342 0.00018 3
12.53 4.80 -1.17 3.17 1.47 1.51 -0.693 0.00017 1
54.32 -28.43 -1.50 4.24 1.63 1.54 3.322 0.00017 1
12.09 4.51 -1.36 3.06 1.22 1.41 -1.436 0.00016 1
29.26 -1.15 -1.46 4.40 1.90 1.41 2.284 0.00016 1
30.57 -14.94 -0.57 3.82 1.30 1.51 0.954 0.00016 1
47.80 -17.43 -1.20 4.16 1.50 1.47 -2.684 0.00015 1
40.20 17.30 -1.64 3.67 1.31 1.50 2.726 0.00015 1
44.43 -35.36 -1.61 3.95 1.88 1.83 2.667 0.00014 1
60.03 16.95 1.17 4.06 1.35 1.54 -2.720 0.00014 1
20.92 -4.33 -1.50 1.78 0.42 1.94 -2.339 0.00014 3
25.11 7.50 -1.69 4.46 1.63 1.47 -2.856 0.00014 1
62.52 18.40 0.25 0.86 0.47 1.89 1.972 0.00014 2
35.21 -10.71 -1.26 3.86 1.68 1.46 -2.733 0.00014 1
15.35 -2.72 -1.24 3.47 1.81 1.55 2.591 0.00012 1
29.76 -8.67 -1.44 4.14 1.71 1.46 2.702 0.00012 1
47.88 -7.89 -1.43 3.42 1.68 1.47 -2.739 0.00012 1
14.99 -5.02 -1.07 4.31 2.00 1.52 -2.876 0.00012 1
14.87 -5.41 -1.13 4.21 1.59 1.54 1.790 0.00012 1
66.95 -44.58 5.65 4.42 1.71 1.55 3.278 0.00011 1
31.11 8.17 -1.74 3.57 1.64 1.43 3.212 0.00011 1
19.02 3.17 0.64 3.47 1.26 1.68 -0.470 0.00010 1
37.60 3.14 -1.23 1.81 0.52 1.95 0.389 0.00010 3
74.37 25.32 -0.99 1.56 0.38 1.67 0.176 0.00010 3
36.40 19.28 -1.34 4.02 1.40 1.47 2.987 0.00010 1
74.39 25.13 -1.03 1.62 0.62 1.79 0.218 0.00009 3
11.31 -0.75 -1.95 3.91 1.78 1.41 -1.474 0.00009 1
35.90 16.30 -1.45 3.76 1.55 1.38 3.179 0.00008 1
29.29 -17.77 -0.73 3.55 1.54 1.61 -2.677 0.00007 1
56.81 41.99 0.16 4.18 1.35 1.65 0.814 0.00007 1
51.04 -9.24 -0.27 4.11 1.86 1.71 -2.812 0.00007 1
14.74 -2.86 -1.18 3.57 1.58 1.45 -1.643 0.00007 1
12.43 4.86 -1.25 3.05 1.36 1.52 -2.003 0.00007 1
21.31 -15.41 -1.23 3.56 1.45 1.40 2.725 0.00006 1
73.23 -39.77 -0.92 3.83 1.54 1.60 -2.270 0.00006 1
12.48 8.11 -1.20 1.22 0.64 1.78 -2.060 0.00006 2
35.21 -23.39 -0.89 4.41 1.75 1.66 1.002 0.00006 1
15.11 -2.00 -1.19 3.80 1.62 1.52 -2.672 0.00006 1
43.95 2.33 -1.60 3.94 1.43 1.42 2.995 0.00006 1
21.24 -4.19 -1.34 1.69 0.55 1.95 -2.170 0.00006 3
11.56 -1.07 -1.80 3.38 1.77 1.46 3.012 0.00005 1
31.25 -3.96 -2.31 3.73 1.81 1.57 2.746 0.00005 1
18.22 10.48 -1.34 4.12 1.76 1.56 -2.071 0.00005 1
11.60 -0.45 -1.36 3.28 1.56 1.42 -0.265 0.00005 1
44.78 -10.56 -1.42 4.14 1.87 1.73 0.586 0.00004 1
45.51 -8.17 -1.15 3.23 1.71 1.56 0.741 0.00004 1
56.09 40.81 0.05 1.66 0.46 1.78 -0.127 0.00004 3
73.08 -49.88 0.35 4.00 1.99 1.63 3.000 0.00004 1
15.38 -4.59 -1.13 3.98 1.68 1.56 2.821 0.00003 1
15.91 -3.62 -1.29 3.49 1.35 1.33 3.135 0.00003 1
14.41 -5.08 -1.06 4.16 1.76 1.56 1.410 0.00003 1
50.48 -11.32 -1.11 4.17 1.93 1.68 -2.180 0.00003 1
50.40 10.20 -0.29 3.79 1.65 1.66 3.039 0.00003 1
45.45 -7.53 -1.63 3.28 1.49 1.51 0.676 0.00003 1
30.29 2.46 -1.45 4.09 1.76 1.46 -2.520 0.00003 1
18.07 0.17 -1.46 4.33 1.71 1.43 3.289 0.00003 1
11.24 0.04 -1.37 3.20 1.42 1.31 -0.307 0.00002 1
11.81 5.24 -0.74 2.95 1.42 1.48 3.014 0.00002 1
73.59 -40.58 -0.92 4.73 1.42 1.69 -2.326 0.00002 1
44.35 -10.07 -1.04 3.34 1.56 1.55 0.496 0.00002 1
10.34 -5.69 -1.56 2.94 1.51 1.40 -2.434 0.00002 1
11.40 4.68 -1.23 1.49 0.54 1.67 -1.797 0.00002 3
16.92 -4.31 -1.32 3.41 1.45 1.49 -2.971 0.00002 1
26.40 -14.27 -0.66 3.82 2.06 1.47 3.073 0.00002 1
20.77 -14.91 -1.47 3.33 1.58 1.46 3.276 0.00002 1
33.07 -10.30 -1.49 3.38 1.46 1.46 -0.975 0.00002 1
38.96 -14.94 -1.39 4.18 1.71 1.74 0.968 0.00002 1
18.10 2.59 0.11 0.32 0.49 1.82 -1.800 0.00001 2
51.63 -4.29 0.01 4.94 1.70 1.82 -2.967 0.00001 1
19.39 3.17 1.04 3.29 1.64 1.60 0.180 0.00001 1
33.90 -10.83 -1.12 3.95 1.79 1.87 -0.980 0.00001 1
58.54 -47.87 -1.38 4.06 1.93 1.70 -2.705 0.00001 1
33.22 -11.30 -1.24 2.90 1.64 1.47 -0.840 0.00001 1
44.22 -9.23 -1.41 3.89 2.17 2.15 0.741 0.00001 1
45.28 -9.51 -1.14 3.77 1.90 1.67 0.496 0.00001 1
