32.86 -7.08 -1.08 0.92 0.58 1.88 2.118 0.91490 2
35.69 -24.18 -1.00 4.03 1.66 1.60 -2.160 0.41211 1
29.58 23.41 -1.21 4.02 1.64 1.50 2.656 0.41125 1
40.39 -16.58 -0.52 3.81 1.63 1.55 -0.880 0.29788 1
20.29 2.93 0.04 4.18 1.69 1.62 -2.311 0.26537 1
29.85 -5.07 -1.16 0.71 0.68 1.80 -0.652 0.23857 2
27.95 22.21 -1.65 4.01 1.67 1.56 2.847 0.21302 1
41.41 5.48 -0.13 0.90 0.59 1.86 -0.147 0.19654 2
51.80 -11.33 -1.03 3.69 1.61 1.59 0.624 0.13236 1
44.30 -8.98 -1.32 0.93 0.69 1.73 -0.060 0.12722 2
28.17 -4.50 -1.22 3.31 1.58 1.81 -1.003 0.09039 1
41.40 5.49 -0.16 0.95 0.52 1.85 1.600 0.08173 2
14.91 4.19 -1.24 0.72 0.71 1.88 0.582 0.07271 2
33.18 18.99 -1.66 4.07 1.68 1.53 2.678 0.07049 1
50.70 -11.97 -1.48 3.95 1.63 1.67 -2.395 0.06694 1
27.16 -4.04 -1.28 1.83 0.59 1.89 -0.835 0.06374 3
21.75 15.47 -1.41 4.46 1.80 1.56 2.686 0.05972 1
31.36 -9.92 -1.23 0.93 0.53 1.89 -1.247 0.05425 2
34.16 -26.15 -1.06 3.87 1.63 1.55 -0.176 0.05115 1
37.74 -11.30 -1.32 3.38 1.62 1.56 -2.834 0.04991 1
9.81 -2.80 -2.04 4.18 1.65 1.40 2.893 0.02879 1
24.63 13.68 -1.37 4.06 1.65 1.49 2.528 0.02438 1
10.90 -2.05 -1.74 4.14 1.64 1.50 -2.703 0.02192 1
34.30 18.32 -1.56 3.97 1.65 1.55 2.651 0.01904 1
41.62 14.20 -2.08 3.93 1.64 1.51 2.721 0.01848 1
18.25 9.83 -1.28 4.00 1.64 1.63 -2.107 0.01596 1
43.88 -10.71 -1.36 3.63 1.64 1.70 0.024 0.01573 1
10.67 -2.40 -1.83 3.83 1.63 1.51 2.933 0.01449 1
62.55 18.26 0.50 0.83 0.54 1.83 -1.006 0.01435 2
11.19 -2.01 -1.72 4.00 1.61 1.46 -0.734 0.01417 1
52.89 -8.63 -0.64 4.19 1.70 1.65 0.467 0.01373 1
15.63 -2.59 -1.21 3.60 1.52 1.56 2.791 0.01128 1
27.40 22.74 -1.72 3.79 1.62 1.52 -2.612 0.00849 1
60.05 23.52 -1.01 3.90 1.62 1.52 2.750 0.00677 1
29.43 10.91 -1.66 3.92 1.63 1.52 2.628 0.00664 1
28.95 -13.74 -1.14 3.77 1.55 1.55 0.370 0.00658 1
43.80 15.71 -1.38 4.38 1.67 1.58 2.612 0.00596 1
53.62 8.79 -0.11 3.86 1.61 1.52 -2.978 0.00568 1
58.46 -36.00 0.82 4.10 1.65 1.53 1.654 0.00549 1
58.87 6.89 -1.79 3.80 1.60 1.54 2.971 0.00527 1
11.81 -1.34 -1.80 3.73 1.61 1.45 -0.313 0.00524 1
62.40 10.21 -1.10 0.64 0.71 1.80 0.292 0.00497 2
45.95 -9.28 -1.10 4.18 1.72 1.67 -0.031 0.00478 1
26.86 12.39 -1.31 4.09 1.65 1.52 2.702 0.00456 1
10.82 -1.37 -1.89 4.14 1.64 1.43 3.012 0.00400 1
56.05 -3.26 -1.96 4.13 1.67 1.50 1.184 0.00352 1
10.85 -2.33 -1.63 3.97 1.70 1.47 -2.059 0.00347 1
32.38 -24.10 -1.46 3.96 1.65 1.54 1.293 0.00347 1
71.53 -23.56 -1.09 4.22 1.70 1.68 -2.592 0.00310 1
73.08 -50.01 -0.09 4.03 1.64 1.60 -2.098 0.00294 1
45.18 -34.99 -1.01 3.89 1.54 1.58 -2.938 0.00279 1
36.83 -10.02 -1.49 3.31 1.48 1.50 -3.036 0.00264 1
46.10 25.46 -1.09 4.65 1.87 1.57 -3.127 0.00257 1
46.48 -25.78 -1.33 0.63 0.69 1.78 -0.209 0.00231 2
40.15 27.93 -0.78 4.60 1.74 1.73 -0.035 0.00219 1
10.37 -1.80 -1.94 4.32 1.63 1.45 2.969 0.00215 1
22.92 -18.08 -1.61 4.17 1.66 1.53 2.046 0.00213 1
47.18 11.05 -0.15 0.92 0.47 1.78 2.649 0.00207 2
28.00 11.54 -1.94 4.48 1.68 1.52 2.908 0.00184 1
22.90 -17.96 -1.72 4.11 1.67 1.54 1.420 0.00181 1
36.11 -24.31 -0.68 3.94 1.64 1.58 -2.665 0.00181 1
12.84 0.03 -1.50 4.39 1.80 1.46 -0.313 0.00178 1
35.39 27.39 -1.30 4.79 1.71 1.52 -0.513 0.00172 1
73.58 -23.51 -0.98 3.93 1.68 1.65 -0.925 0.00162 1
51.75 -9.18 -0.54 3.65 1.61 1.56 0.369 0.00153 1
68.76 18.27 -0.45 4.14 1.87 1.69 1.905 0.00144 1
36.38 -8.51 -1.38 4.13 1.58 1.48 0.589 0.00142 1
50.63 -8.32 -0.54 3.79 1.71 1.71 -1.146 0.00141 1
44.02 2.45 -1.73 3.90 1.60 1.53 2.730 0.00137 1
12.97 4.95 -1.27 3.61 1.24 1.47 -2.889 0.00133 1
40.80 26.37 -1.28 1.08 0.59 1.90 1.952 0.00132 2
16.35 -0.36 -1.45 4.06 1.39 1.40 1.516 0.00130 1
8.48 -4.81 -2.30 4.23 1.67 1.37 -3.005 0.00118 1
31.43 -11.26 -0.81 0.74 0.51 1.75 -0.084 0.00111 2
71.68 -31.26 -0.59 3.94 1.52 1.60 -2.847 0.00102 1
21.08 16.13 -1.04 4.29 1.58 1.58 2.897 0.00099 1
16.99 -1.70 -1.39 3.83 1.67 1.56 0.072 0.00094 1
13.02 4.51 -1.26 3.43 1.46 1.54 3.049 0.00086 1
35.93 -24.58 -0.63 3.56 1.66 1.70 2.918 0.00083 1
26.90 -3.79 -1.39 0.57 0.49 1.70 -0.549 0.00081 2
58.04 -11.42 0.01 4.40 1.60 1.77 -0.985 0.00081 1
31.61 9.83 -1.26 4.17 1.74 1.52 2.759 0.00076 1
26.68 -14.76 -1.66 3.81 1.65 1.52 0.397 0.00070 1
27.21 20.58 -1.33 4.02 1.55 1.44 -3.101 0.00070 1
44.29 3.03 -1.40 1.94 0.49 1.74 -0.554 0.00069 3
44.02 -35.33 -1.69 3.99 1.59 1.64 3.247 0.00064 1
71.42 -31.76 -0.55 3.82 1.54 1.59 2.818 0.00063 1
47.26 -7.97 -1.20 4.12 1.67 1.56 -0.135 0.00062 1
73.19 -50.16 0.07 4.30 1.60 1.67 2.174 0.00061 1
15.67 -4.31 -1.09 3.75 1.47 1.52 2.586 0.00059 1
28.22 -6.63 -1.30 3.86 1.47 1.48 -0.914 0.00058 1
11.59 0.52 -1.16 4.04 1.61 1.47 -0.539 0.00056 1
46.65 -25.91 -1.49 1.46 0.67 1.78 -0.061 0.00055 3
74.94 22.06 -1.27 3.60 1.59 1.56 -2.388 0.00054 1
27.82 21.66 -1.45 4.25 1.37 1.52 3.003 0.00049 1
11.73 7.82 -1.10 0.96 0.40 1.95 2.188 0.00048 2
10.50 -2.88 -1.69 3.76 1.51 1.47 -2.766 0.00047 1
16.06 -0.33 -1.43 4.16 1.66 1.47 0.068 0.00046 1
16.11 -1.78 -1.43 3.82 1.41 1.44 0.440 0.00043 1
48.38 -18.08 -1.67 3.95 1.69 1.52 -2.521 0.00042 1
62.38 -41.24 0.07 1.53 0.36 1.74 0.476 0.00042 3
45.15 -10.56 -1.32 4.07 1.74 1.73 0.134 0.00040 1
41.78 25.06 0.89 0.42 0.48 1.90 -2.848 0.00039 2
28.69 -12.52 -1.61 3.46 1.36 1.44 -0.012 0.00039 1
9.34 -4.93 -2.03 3.63 1.46 1.40 -2.969 0.00039 1
12.31 5.26 -1.40 3.47 1.22 1.36 -2.196 0.00038 1
31.60 -11.23 -1.24 1.43 0.54 1.71 -0.664 0.00035 3
38.45 -9.36 -1.34 0.78 0.56 1.94 -0.521 0.00035 2
15.87 -4.81 -1.14 3.95 1.37 1.43 2.749 0.00032 1
38.20 -20.86 -0.95 4.00 1.36 1.52 -2.963 0.00032 1
12.98 3.94 -1.38 3.89 1.44 1.48 2.728 0.00031 1
37.99 -13.20 -1.65 3.97 1.43 1.47 -2.455 0.00031 1
15.76 -2.68 -1.28 4.06 1.73 1.62 -2.728 0.00031 1
71.67 -22.04 -0.79 3.42 1.66 2.09 0.705 0.00030 1
62.35 18.32 0.51 0.85 0.53 1.91 -0.124 0.00029 2
20.39 16.65 -1.77 3.54 2.05 1.66 2.913 0.00026 1
67.39 -44.67 4.52 3.64 1.49 1.59 2.527 0.00024 1
15.65 -3.00 -1.37 3.02 1.52 1.52 -1.103 0.00023 1
8.56 -4.12 -2.31 4.17 1.83 1.35 3.122 0.00023 1
-0.48 0.34 0.57 4.23 1.64 1.54 3.260 0.00022 1
16.55 -0.16 -1.46 4.18 1.59 1.36 2.576 0.00021 1
33.31 -24.16 -1.47 3.71 1.67 1.53 0.510 0.00021 1
15.48 3.00 -1.35 4.20 1.58 1.52 3.174 0.00020 1
47.33 -31.07 0.10 4.19 1.59 1.53 3.333 0.00019 1
45.17 14.81 -1.27 3.77 1.80 1.49 2.648 0.00019 1
51.67 -11.91 -0.87 3.81 1.54 1.55 -1.308 0.00018 1
19.00 10.95 -1.32 4.58 1.62 1.52 -2.071 0.00017 1
29.13 9.81 -1.51 4.18 1.30 1.58 2.747 0.00016 1
33.24 -24.30 -1.52 3.75 1.54 1.60 -0.423 0.00016 1
36.41 -9.44 -1.30 4.22 1.65 1.49 1.065 0.00015 1
13.77 -5.10 -1.09 3.87 1.79 1.50 -0.159 0.00015 1
64.35 -3.43 0.55 4.29 1.66 1.55 3.312 0.00015 1
60.88 -24.53 0.02 4.31 1.67 1.55 3.308 0.00014 1
30.19 -15.67 -1.26 3.48 1.90 1.71 0.244 0.00014 1
14.69 -0.15 -1.41 4.40 1.91 1.43 -0.171 0.00013 1
36.62 0.06 -1.45 4.01 1.49 1.61 -2.911 0.00012 1
60.27 22.89 -0.89 4.10 1.65 1.62 2.738 0.00012 1
23.42 -18.97 -1.47 3.82 1.51 1.65 2.546 0.00012 1
73.80 -29.04 -0.09 4.41 1.71 1.55 3.282 0.00011 1
30.63 22.21 -1.11 4.00 1.93 1.53 -2.768 0.00011 1
54.62 -4.10 -1.56 3.68 1.73 1.60 1.081 0.00011 1
66.83 -44.47 7.85 4.38 1.69 1.57 -3.008 0.00010 1
49.89 -15.93 -1.54 4.35 2.00 1.48 -2.270 0.00010 1
73.48 -22.62 -0.92 3.82 1.65 1.67 0.265 0.00010 1
37.80 -13.81 -1.73 4.28 1.99 1.55 -2.705 0.00010 1
28.51 -2.61 -1.37 4.06 1.58 1.48 -0.646 0.00009 1
17.32 0.19 -1.50 3.93 1.61 1.47 -2.942 0.00009 1
45.32 -8.84 -1.33 4.07 1.80 1.69 -0.061 0.00008 1
10.85 -1.39 -1.92 3.99 1.66 1.50 -1.814 0.00008 1
25.79 7.64 -1.81 4.21 1.79 1.51 2.938 0.00008 1
30.09 -5.62 -0.78 3.32 1.68 1.65 -0.810 0.00008 1
34.30 -9.91 -1.17 1.01 0.52 1.83 1.980 0.00007 2
47.71 -7.51 -1.28 4.11 1.61 1.50 2.661 0.00007 1
72.74 -22.16 -0.77 4.83 2.23 1.89 0.826 0.00007 1
61.20 16.94 -1.50 1.82 0.59 1.87 0.635 0.00007 3
34.23 -10.10 -1.14 0.98 0.47 1.92 2.110 0.00007 2
29.31 -15.10 -1.49 3.56 1.74 1.45 0.942 0.00007 1
47.51 -7.58 -1.28 3.96 1.69 1.53 1.730 0.00007 1
69.44 49.19 -0.47 4.10 1.61 1.59 2.585 0.00007 1
15.75 -4.03 -1.24 3.38 1.40 1.42 -3.044 0.00006 1
14.17 0.51 -1.43 4.22 1.66 1.47 0.522 0.00006 1
55.84 40.98 0.11 1.36 0.46 1.72 -0.117 0.00006 3
62.39 -41.45 0.11 1.64 0.45 1.84 0.509 0.00006 3
10.55 -0.86 -1.80 4.19 1.78 1.52 -1.903 0.00005 1
70.59 23.75 -1.34 0.69 0.78 2.07 0.239 0.00005 2
9.42 -3.82 -2.12 4.38 1.59 1.39 3.022 0.00005 1
22.25 -16.16 -0.92 3.72 1.95 1.64 1.417 0.00005 1
42.07 25.43 0.97 0.70 0.64 1.97 0.111 0.00005 2
51.85 -11.46 -1.04 3.61 1.79 1.66 -0.181 0.00004 1
35.33 -23.50 -1.02 3.38 1.43 1.52 -2.228 0.00004 1
44.77 2.69 -1.32 3.88 1.80 1.61 -0.087 0.00004 1
48.86 -17.21 -1.65 3.91 1.70 1.49 -2.301 0.00004 1
26.88 -13.37 -1.13 3.66 1.40 1.45 -2.823 0.00004 1
11.11 -0.73 -1.58 3.74 1.71 1.47 2.509 0.00004 1
61.64 17.21 -1.44 1.92 0.55 1.86 0.127 0.00004 3
36.32 -18.29 -1.15 3.98 1.53 1.63 -2.828 0.00004 1
74.45 -40.43 -0.91 4.20 1.69 1.62 0.098 0.00004 1
17.71 -5.06 -1.16 3.76 1.52 1.53 -1.219 0.00004 1
61.73 17.38 -1.58 1.73 0.38 1.76 0.313 0.00004 3
43.54 3.58 -1.49 3.61 1.58 1.53 3.173 0.00004 1
45.22 13.92 -1.16 3.92 1.53 1.59 3.344 0.00004 1
30.85 -20.63 -0.23 3.91 1.61 1.65 -2.784 0.00003 1
28.61 -9.65 -1.35 4.00 1.73 1.54 -0.452 0.00003 1
30.48 9.32 -0.92 4.08 1.71 1.57 2.842 0.00003 1
34.55 19.78 -0.93 3.94 1.71 1.68 -2.652 0.00003 1
12.15 4.35 -1.23 3.73 1.57 1.46 1.128 0.00003 1
26.38 2.79 -2.26 3.25 1.48 1.48 -2.809 0.00003 1
16.06 -0.35 -1.45 3.84 1.63 1.45 0.889 0.00002 1
61.03 -40.87 3.36 4.18 1.73 1.63 -2.821 0.00002 1
55.96 40.70 0.48 1.42 0.64 1.89 0.119 0.00002 3
12.57 4.37 -1.27 3.29 1.44 1.48 1.988 0.00002 1
10.23 -4.06 -1.20 3.79 1.91 1.39 -2.768 0.00002 1
71.84 23.29 -1.21 4.12 1.92 1.86 -0.494 0.00002 1
57.74 7.65 1.68 4.10 1.81 1.63 -2.507 0.00002 1
27.46 -6.08 -1.32 3.90 1.94 1.42 -0.591 0.00002 1
25.07 12.94 -1.41 3.41 1.30 1.44 2.386 0.00002 1
28.92 10.76 -1.50 4.10 1.35 1.69 3.022 0.00002 1
28.70 -24.03 0.13 4.22 1.41 1.60 -2.809 0.00002 1
14.50 3.68 -1.22 3.28 1.59 1.52 2.300 0.00001 1
31.65 -11.40 -1.54 3.16 1.70 1.61 -0.184 0.00001 1
18.10 10.64 -1.36 3.42 1.43 1.51 -1.721 0.00001 1
13.33 3.95 -1.22 3.49 1.71 1.54 -2.786 0.00001 1
30.24 22.71 -1.14 4.32 2.00 1.64 -2.862 0.00001 1
68.52 -23.32 -1.23 3.96 1.75 1.60 -2.728 0.00001 1
11.54 -0.32 -1.38 3.46 1.60 1.39 2.356 0.00001 1
68.89 -53.95 -0.71 4.24 1.77 1.52 -2.711 0.00001 1
38.13 -10.71 -1.40 3.72 1.61 1.53 -2.674 0.00001 1
16.61 -3.69 -1.21 3.83 1.50 1.57 3.246 0.00001 1
55.50 -2.97 -1.61 3.76 1.61 1.50 1.333 0.00001 1
71.61 -23.61 -1.22 4.26 1.73 1.73 -1.916 0.00001 1
43.36 2.11 -1.66 3.99 1.41 1.49 2.747 0.00001 1
29.69 10.03 -1.47 3.90 1.24 1.71 2.602 0.00001 1
