6.02 2.10 -1.40 4.10 1.67 1.56 -1.834 0.99993 1
51.77 -11.28 -1.22 3.40 1.61 1.54 0.650 0.81052 1
36.00 -23.83 -1.07 4.10 1.68 1.66 0.919 0.77982 1
52.80 -8.61 -0.45 3.76 1.63 1.68 0.527 0.58563 1
30.63 -4.13 -1.17 0.97 0.57 1.84 2.498 0.54392 2
35.17 -11.42 -1.09 1.02 0.48 1.92 2.420 0.49669 2
52.25 -7.33 -0.32 3.52 1.56 1.84 0.481 0.38478 1
43.95 -10.71 -1.24 3.62 1.59 1.53 0.032 0.33742 1
35.19 -11.42 -1.09 1.72 0.62 1.87 2.428 0.22836 3
45.79 -9.36 -1.09 3.85 1.65 1.73 -0.201 0.20560 1
68.50 17.63 -0.40 0.93 0.58 1.83 -2.708 0.17361 2
30.70 -8.23 -1.22 0.98 0.57 1.92 -0.886 0.16674 2
49.95 -6.95 -1.18 3.98 1.63 1.53 -2.771 0.16509 1
30.69 22.87 -1.50 3.90 1.63 1.57 2.678 0.15097 1
37.23 28.48 -1.17 3.92 1.62 1.48 2.752 0.14148 1
19.43 11.72 -1.14 4.01 1.65 1.59 -2.011 0.13181 1
43.95 2.64 -2.05 3.85 1.60 1.52 2.661 0.10452 1
40.80 26.38 -0.78 0.82 0.63 1.75 0.327 0.08725 2
29.76 23.67 -0.95 4.04 1.65 1.55 2.833 0.07374 1
30.96 -8.50 -1.13 2.00 0.60 1.93 -0.978 0.05291 3
23.75 -2.38 -1.35 1.73 0.43 1.70 0.237 0.04807 3
18.14 9.74 -1.25 3.92 1.65 1.65 -2.104 0.04529 1
30.82 8.60 -1.36 3.82 1.59 1.52 2.664 0.03595 1
22.96 -21.20 -0.79 4.19 1.67 1.52 2.853 0.03259 1
25.57 13.26 -1.44 3.92 1.64 1.52 2.734 0.02823 1
21.51 15.41 -1.50 3.94 1.64 1.47 2.632 0.02423 1
39.12 -10.38 -1.62 3.96 1.70 1.60 -1.652 0.02113 1
51.33 -6.66 -0.16 4.28 1.75 1.96 0.470 0.02082 1
32.57 1.93 -1.11 0.97 0.53 1.95 0.426 0.01454 2
23.78 -2.40 -1.24 0.87 0.50 1.84 0.096 0.01181 2
41.71 -19.31 -0.89 0.79 0.63 1.67 -1.460 0.00982 2
67.01 -23.93 -1.32 3.89 1.64 1.50 0.048 0.00846 1
57.83 7.35 -1.56 4.05 1.66 1.64 3.104 0.00820 1
74.46 -40.44 -0.80 3.82 1.65 1.54 -2.057 0.00805 1
36.89 -4.03 -1.09 3.67 1.54 1.66 -0.101 0.00767 1
20.71 2.91 0.09 4.36 1.71 1.55 -2.169 0.00746 1
43.42 15.87 -1.56 4.01 1.68 1.53 -0.490 0.00725 1
36.22 19.94 -1.27 4.02 1.67 1.59 2.659 0.00650 1
26.00 11.13 -1.27 3.53 1.57 1.53 2.710 0.00622 1
53.95 -4.99 -1.42 4.07 1.67 1.48 -2.775 0.00620 1
46.66 14.53 -1.58 4.07 1.66 1.53 2.886 0.00588 1
42.31 13.86 -1.82 3.87 1.67 1.54 2.681 0.00565 1
32.43 1.93 -1.29 1.03 0.44 1.89 1.209 0.00506 2
32.46 -24.40 -1.49 4.27 1.82 1.60 1.193 0.00482 1
41.35 5.45 -0.22 0.69 0.70 1.89 0.334 0.00396 2
58.12 16.58 -1.35 0.66 0.56 1.73 0.735 0.00355 2
57.76 5.82 -1.83 4.11 1.69 1.62 3.006 0.00342 1
45.33 -36.65 -0.85 3.79 1.59 1.47 2.996 0.00337 1
56.75 23.65 1.32 4.02 1.65 1.59 -0.462 0.00335 1
45.41 14.87 -1.98 3.96 1.66 1.53 2.783 0.00323 1
0.00 0.00 -0.56 0.00 0.00 0.00 0.047 0.00294 1
0.00 0.00 -0.56 0.00 0.00 0.00 0.047 0.00294 1
0.00 0.00 -0.56 0.00 0.00 0.00 0.047 0.00294 1
0.00 0.00 -0.56 0.00 0.00 0.00 0.047 0.00294 1
0.00 0.00 -0.56 0.00 0.00 0.00 0.047 0.00294 1
0.00 0.00 -0.56 0.00 0.00 0.00 0.047 0.00294 1
0.00 0.00 -0.56 0.00 0.00 0.00 0.047 0.00294 1
0.00 0.00 -0.56 0.00 0.00 0.00 0.047 0.00294 1
0.00 0.00 -0.56 0.00 0.00 0.00 0.047 0.00294 1
0.00 0.00 -0.56 0.00 0.00 0.00 0.047 0.00294 1
0.00 0.00 -0.56 0.00 0.00 0.00 0.047 0.00294 1
0.00 0.00 -0.56 0.00 0.00 0.00 0.047 0.00294 1
0.00 0.00 -0.56 0.00 0.00 0.00 0.047 0.00294 1
0.00 0.00 -0.56 0.00 0.00 0.00 0.047 0.00294 1
0.00 0.00 -0.56 0.00 0.00 0.00 0.047 0.00294 1
0.00 0.00 -0.56 0.00 0.00 0.00 0.047 0.00294 1
0.00 0.00 -0.56 0.00 0.00 0.00 0.047 0.00294 1
0.00 0.00 -0.56 0.00 0.00 0.00 0.047 0.00294 1
0.00 0.00 -0.56 0.00 0.00 0.00 0.047 0.00294 1
0.00 0.00 -0.56 0.00 0.00 0.00 0.047 0.00294 1
0.00 0.00 -0.56 0.00 0.00 0.00 0.047 0.00294 1
0.00 0.00 -0.56 0.00 0.00 0.00 0.047 0.00294 1
0.00 0.00 -0.56 0.00 0.00 0.00 0.047 0.00294 1
0.00 0.00 -0.56 0.00 0.00 0.00 0.047 0.00294 1
0.00 0.00 -0.56 0.00 0.00 0.00 0.047 0.00294 1
0.00 0.00 -0.56 0.00 0.00 0.00 0.047 0.00294 1
0.00 0.00 -0.56 0.00 0.00 0.00 0.047 0.00294 1
0.00 0.00 -0.56 0.00 0.00 0.00 0.047 0.00294 1
0.00 0.00 -0.56 0.00 0.00 0.00 0.047 0.00294 1
0.00 0.00 -0.56 0.00 0.00 0.00 0.047 0.00294 1
0.00 0.00 -0.56 0.00 0.00 0.00 0.047 0.00294 1
0.00 0.00 -0.56 0.00 0.00 0.00 0.047 0.00294 1
0.00 0.00 -0.56 0.00 0.00 0.00 0.047 0.00294 1
0.00 0.00 -0.56 0.00 0.00 0.00 0.047 0.00294 1
0.00 0.00 -0.56 0.00 0.00 0.00 0.047 0.00294 1
0.00 0.00 -0.56 0.00 0.00 0.00 0.047 0.00294 1
0.00 0.00 -0.56 0.00 0.00 0.00 0.047 0.00294 1
0.00 0.00 -0.56 0.00 0.00 0.00 0.047 0.00294 1
0.00 0.00 -0.56 0.00 0.00 0.00 0.047 0.00294 1
0.00 0.00 -0.56 0.00 0.00 0.00 0.047 0.00294 1
0.00 0.00 -0.56 0.00 0.00 0.00 0.047 0.00294 1
0.00 0.00 -0.56 0.00 0.00 0.00 0.047 0.00294 1
0.00 0.00 -0.56 0.00 0.00 0.00 0.047 0.00294 1
0.00 0.00 -0.56 0.00 0.00 0.00 0.047 0.00294 1
0.00 0.00 -0.56 0.00 0.00 0.00 0.047 0.00294 1
0.00 0.00 -0.56 0.00 0.00 0.00 0.047 0.00294 1
0.00 0.00 -0.56 0.00 0.00 0.00 0.047 0.00294 1
0.00 0.00 -0.56 0.00 0.00 0.00 0.047 0.00294 1
0.00 0.00 -0.56 0.00 0.00 0.00 0.047 0.00294 1
0.00 0.00 -0.56 0.00 0.00 0.00 0.047 0.00294 1
0.00 0.00 -0.56 0.00 0.00 0.00 0.047 0.00294 1
0.00 0.00 -0.56 0.00 0.00 0.00 0.047 0.00294 1
0.00 0.00 -0.56 0.00 0.00 0.00 0.047 0.00294 1
0.00 0.00 -0.56 0.00 0.00 0.00 0.047 0.00294 1
0.00 0.00 -0.56 0.00 0.00 0.00 0.047 0.00294 1
0.00 0.00 -0.56 0.00 0.00 0.00 0.047 0.00294 1
0.00 0.00 -0.56 0.00 0.00 0.00 0.047 0.00294 1
0.00 0.00 -0.56 0.00 0.00 0.00 0.047 0.00294 1
0.00 0.00 -0.56 0.00 0.00 0.00 0.047 0.00294 1
0.00 0.00 -0.56 0.00 0.00 0.00 0.047 0.00294 1
0.00 0.00 -0.56 0.00 0.00 0.00 0.047 0.00294 1
0.00 0.00 -0.56 0.00 0.00 0.00 0.047 0.00294 1
0.00 0.00 -0.56 0.00 0.00 0.00 0.047 0.00294 1
0.00 0.00 -0.56 0.00 0.00 0.00 0.047 0.00294 1
0.00 0.00 -0.56 0.00 0.00 0.00 0.047 0.00294 1
0.00 0.00 -0.56 0.00 0.00 0.00 0.047 0.00294 1
0.00 0.00 -0.56 0.00 0.00 0.00 0.047 0.00294 1
0.00 0.00 -0.56 0.00 0.00 0.00 0.047 0.00294 1
0.00 0.00 -0.56 0.00 0.00 0.00 0.047 0.00294 1
0.00 0.00 -0.56 0.00 0.00 0.00 0.047 0.00294 1
0.00 0.00 -0.56 0.00 0.00 0.00 0.047 0.00294 1
0.00 0.00 -0.56 0.00 0.00 0.00 0.047 0.00294 1
0.00 0.00 -0.56 0.00 0.00 0.00 0.047 0.00294 1
0.00 0.00 -0.56 0.00 0.00 0.00 0.047 0.00294 1
0.00 0.00 -0.56 0.00 0.00 0.00 0.047 0.00294 1
0.00 0.00 -0.56 0.00 0.00 0.00 0.047 0.00294 1
0.00 0.00 -0.56 0.00 0.00 0.00 0.047 0.00294 1
0.00 0.00 -0.56 0.00 0.00 0.00 0.047 0.00294 1
0.00 0.00 -0.56 0.00 0.00 0.00 0.047 0.00294 1
0.00 0.00 -0.56 0.00 0.00 0.00 0.047 0.00294 1
0.00 0.00 -0.56 0.00 0.00 0.00 0.047 0.00294 1
0.00 0.00 -0.56 0.00 0.00 0.00 0.047 0.00294 1
0.00 0.00 -0.56 0.00 0.00 0.00 0.047 0.00294 1
0.00 0.00 -0.56 0.00 0.00 0.00 0.047 0.00294 1
0.00 0.00 -0.56 0.00 0.00 0.00 0.047 0.00294 1
0.00 0.00 -0.56 0.00 0.00 0.00 0.047 0.00294 1
0.00 0.00 -0.56 0.00 0.00 0.00 0.047 0.00294 1
0.00 0.00 -0.56 0.00 0.00 0.00 0.047 0.00294 1
0.00 0.00 -0.56 0.00 0.00 0.00 0.047 0.00294 1
0.00 0.00 -0.56 0.00 0.00 0.00 0.047 0.00294 1
0.00 0.00 -0.56 0.00 0.00 0.00 0.047 0.00294 1
0.00 0.00 -0.56 0.00 0.00 0.00 0.047 0.00294 1
0.00 0.00 -0.56 0.00 0.00 0.00 0.047 0.00294 1
0.00 0.00 -0.56 0.00 0.00 0.00 0.047 0.00294 1
0.00 0.00 -0.56 0.00 0.00 0.00 0.047 0.00294 1
0.00 0.00 -0.56 0.00 0.00 0.00 0.047 0.00294 1
0.00 0.00 -0.56 0.00 0.00 0.00 0.047 0.00294 1
0.00 0.00 -0.56 0.00 0.00 0.00 0.047 0.00294 1
0.00 0.00 -0.56 0.00 0.00 0.00 0.047 0.00294 1
0.00 0.00 -0.56 0.00 0.00 0.00 0.047 0.00294 1
0.00 0.00 -0.56 0.00 0.00 0.00 0.047 0.00294 1
0.00 0.00 -0.56 0.00 0.00 0.00 0.047 0.00294 1
0.00 0.00 -0.56 0.00 0.00 0.00 0.047 0.00294 1
0.00 0.00 -0.56 0.00 0.00 0.00 0.047 0.00294 1
0.00 0.00 -0.56 0.00 0.00 0.00 0.047 0.00294 1
0.00 0.00 -0.56 0.00 0.00 0.00 0.047 0.00294 1
0.00 0.00 -0.56 0.00 0.00 0.00 0.047 0.00294 1
0.00 0.00 -0.56 0.00 0.00 0.00 0.047 0.00294 1
0.00 0.00 -0.56 0.00 0.00 0.00 0.047 0.00294 1
0.00 0.00 -0.56 0.00 0.00 0.00 0.047 0.00294 1
0.00 0.00 -0.56 0.00 0.00 0.00 0.047 0.00294 1
0.00 0.00 -0.56 0.00 0.00 0.00 0.047 0.00294 1
0.00 0.00 -0.56 0.00 0.00 0.00 0.047 0.00294 1
0.00 0.00 -0.56 0.00 0.00 0.00 0.047 0.00294 1
0.00 0.00 -0.56 0.00 0.00 0.00 0.047 0.00294 1
0.00 0.00 -0.56 0.00 0.00 0.00 0.047 0.00294 1
0.00 0.00 -0.56 0.00 0.00 0.00 0.047 0.00294 1
0.00 0.00 -0.56 0.00 0.00 0.00 0.047 0.00294 1
0.00 0.00 -0.56 0.00 0.00 0.00 0.047 0.00294 1
0.00 0.00 -0.56 0.00 0.00 0.00 0.047 0.00294 1
0.00 0.00 -0.56 0.00 0.00 0.00 0.047 0.00294 1
0.00 0.00 -0.56 0.00 0.00 0.00 0.047 0.00294 1
0.00 0.00 -0.56 0.00 0.00 0.00 0.047 0.00294 1
0.00 0.00 -0.56 0.00 0.00 0.00 0.047 0.00294 1
0.00 0.00 -0.56 0.00 0.00 0.00 0.047 0.00294 1
0.00 0.00 -0.56 0.00 0.00 0.00 0.047 0.00294 1
0.00 0.00 -0.56 0.00 0.00 0.00 0.047 0.00294 1
0.00 0.00 -0.56 0.00 0.00 0.00 0.047 0.00294 1
0.00 0.00 -0.56 0.00 0.00 0.00 0.047 0.00294 1
0.00 0.00 -0.56 0.00 0.00 0.00 0.047 0.00294 1
0.00 0.00 -0.56 0.00 0.00 0.00 0.047 0.00294 1
0.00 0.00 -0.56 0.00 0.00 0.00 0.047 0.00294 1
37.54 7.30 -0.20 0.71 0.65 1.70 0.780 0.00278 2
73.43 -22.15 -1.58 3.36 1.64 1.83 0.818 0.00276 1
27.44 22.74 -1.39 3.47 1.56 1.55 -2.907 0.00270 1
62.44 10.28 -1.29 0.74 0.72 1.85 1.031 0.00265 2
33.42 28.45 -1.15 3.99 1.67 1.69 2.710 0.00236 1
41.81 -19.10 -0.77 0.78 0.60 1.69 -1.446 0.00233 2
48.16 -18.15 -1.83 3.86 1.60 1.45 -2.616 0.00221 1
45.54 -8.82 -1.19 3.39 1.59 1.60 0.364 0.00217 1
34.13 0.25 -1.47 3.77 1.51 1.50 -0.517 0.00208 1
0.69 0.16 -0.37 4.32 1.68 1.47 -1.990 0.00205 1
16.85 -2.34 -1.44 3.64 1.62 1.51 0.695 0.00176 1
55.88 40.81 -0.14 1.69 0.53 1.76 2.847 0.00175 3
59.56 -37.54 0.22 3.89 1.66 1.58 -0.280 0.00175 1
1.61 0.42 0.21 3.96 1.50 1.59 -3.190 0.00160 1
29.01 11.27 -1.29 4.75 1.77 1.68 2.676 0.00157 1
42.99 1.43 -1.78 4.17 1.64 1.51 2.708 0.00150 1
41.78 -19.02 -1.01 4.22 1.61 1.50 -1.998 0.00142 1
37.87 -10.70 -2.04 3.76 1.65 1.57 0.673 0.00117 1
38.76 27.87 -1.02 4.39 1.75 1.60 2.859 0.00110 1
29.77 9.18 -1.54 3.79 1.60 1.51 2.697 0.00103 1
31.33 -24.48 -0.98 3.87 1.50 1.58 0.197 0.00102 1
17.39 -0.17 -1.33 4.39 1.92 1.44 2.660 0.00101 1
73.92 23.17 -0.96 3.95 1.66 1.53 -1.498 0.00096 1
71.75 -44.25 -1.09 3.52 1.69 1.57 -3.079 0.00092 1
55.92 40.86 -0.16 1.53 0.58 1.80 2.267 0.00083 3
21.02 16.40 -1.89 4.00 1.67 1.52 2.830 0.00083 1
42.33 -19.35 -0.77 3.96 1.69 1.65 -1.949 0.00080 1
73.22 -49.84 0.33 3.80 1.87 1.70 2.111 0.00073 1
51.40 -7.20 -0.37 3.20 1.61 1.77 0.406 0.00069 1
46.99 28.30 3.02 3.93 1.67 1.56 -2.784 0.00067 1
15.76 -3.04 -1.13 3.65 1.69 1.48 -2.904 0.00066 1
21.66 3.66 0.14 3.63 1.68 1.56 -2.049 0.00065 1
57.32 -10.70 -0.56 4.36 1.73 1.82 -0.864 0.00064 1
22.31 -15.31 -1.38 3.78 1.63 1.50 1.931 0.00064 1
39.50 -10.52 -1.75 4.14 1.55 1.60 -0.701 0.00062 1
44.17 -35.77 -1.72 3.71 1.63 1.73 2.990 0.00059 1
33.12 -24.78 -1.51 3.69 1.67 1.60 2.398 0.00057 1
63.06 22.60 0.75 0.72 0.46 1.85 -0.407 0.00057 2
31.03 -8.24 -1.15 3.73 1.51 1.75 -0.567 0.00056 1
73.64 -23.24 -1.61 3.53 1.67 1.85 -0.792 0.00054 1
36.75 -4.41 -1.16 3.84 1.64 1.79 -0.652 0.00053 1
37.34 -12.65 -1.28 4.56 1.64 1.89 -1.305 0.00051 1
46.99 -17.18 -1.67 3.87 1.67 1.52 -2.666 0.00050 1
14.31 -0.51 -1.39 3.72 1.75 1.43 0.064 0.00049 1
25.64 20.08 -1.42 4.03 1.40 1.53 -2.930 0.00049 1
44.91 -35.81 -1.48 4.15 1.62 1.60 -2.770 0.00048 1
58.21 16.61 -1.38 1.54 0.58 1.76 0.805 0.00048 3
20.32 -10.15 -1.39 3.73 1.63 1.44 -0.362 0.00046 1
44.87 2.50 -1.66 3.07 1.67 1.60 3.076 0.00041 1
59.42 22.39 -0.65 0.84 0.46 1.77 2.184 0.00039 2
19.71 3.18 0.60 3.25 1.60 1.81 0.009 0.00037 1
73.56 -44.55 -1.53 4.09 1.43 1.49 -2.921 0.00036 1
23.89 -2.52 -1.26 0.85 0.54 1.91 0.124 0.00031 2
31.39 9.02 -1.65 3.99 1.44 1.57 2.785 0.00029 1
57.37 -2.53 -1.58 3.69 1.49 1.50 3.019 0.00029 1
15.76 -3.71 -1.06 3.24 1.50 1.41 -2.755 0.00028 1
16.32 -0.51 -1.37 3.77 1.77 1.48 0.287 0.00026 1
23.62 -2.47 -1.32 1.52 0.47 1.73 -1.858 0.00026 3
30.72 -4.36 -1.26 0.91 0.51 1.76 2.551 0.00024 2
46.34 -7.20 -1.29 3.75 1.60 1.55 -3.171 0.00024 1
31.41 -9.10 -1.29 1.99 0.45 1.93 -0.627 0.00024 3
54.97 -3.33 -1.35 4.00 1.66 1.57 -2.933 0.00022 1
45.23 -28.21 -0.44 4.11 1.55 1.52 3.342 0.00021 1
36.23 -4.93 -1.77 3.70 1.75 1.60 -0.261 0.00021 1
26.79 7.80 -1.57 4.05 1.43 1.54 3.168 0.00019 1
15.68 -2.58 -1.11 3.69 1.51 1.49 2.685 0.00018 1
31.60 -7.96 -1.33 3.95 1.31 1.61 -0.850 0.00018 1
37.21 2.83 -1.53 3.83 1.55 1.56 3.319 0.00017 1
41.18 14.43 -1.77 3.76 1.72 1.56 -0.533 0.00016 1
53.02 9.58 -0.02 3.90 1.92 1.62 3.064 0.00015 1
73.28 -43.91 -0.62 3.27 1.90 1.65 3.231 0.00015 1
35.48 -3.09 -1.18 1.52 0.42 1.67 0.619 0.00015 3
15.39 -3.18 -1.13 3.89 1.33 1.61 1.677 0.00015 1
10.49 0.73 -1.23 4.02 1.42 1.33 -0.284 0.00014 1
33.84 -23.31 -1.21 3.82 1.77 1.61 0.880 0.00014 1
71.64 -54.30 -0.42 4.44 1.68 1.56 3.219 0.00013 1
38.66 -11.45 -1.50 4.07 1.64 1.56 3.183 0.00012 1
26.79 -1.83 -1.52 4.51 1.88 1.55 -0.662 0.00012 1
37.33 8.02 0.10 3.66 2.26 1.65 -0.542 0.00012 1
15.72 -4.23 -1.22 3.12 1.50 1.40 3.159 0.00011 1
59.83 -49.59 -0.10 1.64 0.51 1.95 0.082 0.00010 3
31.50 -20.97 -0.10 3.82 1.68 1.62 -2.802 0.00010 1
30.50 -6.72 -1.41 4.06 1.74 1.58 -0.679 0.00010 1
30.85 19.38 -1.51 3.93 1.52 1.51 -3.030 0.00009 1
45.41 -9.79 -0.98 3.65 1.59 1.57 -0.153 0.00009 1
31.35 -6.98 -1.35 4.40 1.72 1.70 -0.839 0.00009 1
37.94 -9.19 -1.44 3.89 1.65 1.56 1.634 0.00008 1
35.25 0.27 -1.55 4.34 1.63 1.50 3.335 0.00007 1
43.23 1.85 -2.01 4.55 1.53 1.48 2.770 0.00006 1
69.10 -45.80 0.11 3.91 1.67 1.60 2.723 0.00006 1
15.66 -2.24 -1.24 3.62 1.39 1.58 3.251 0.00006 1
43.88 25.82 -1.47 3.69 1.49 1.56 -0.065 0.00006 1
17.28 -0.51 -1.40 4.15 1.68 1.48 1.761 0.00005 1
34.35 28.14 -1.18 3.88 1.80 1.55 2.505 0.00005 1
62.64 -42.13 0.35 4.05 2.00 1.59 -2.957 0.00005 1
27.36 11.90 -1.15 4.71 1.80 1.69 2.714 0.00005 1
38.67 15.53 -1.76 4.02 2.08 1.56 3.351 0.00005 1
30.56 -8.37 -1.23 1.96 0.54 1.83 -0.776 0.00005 3
33.10 -1.29 -1.27 4.30 1.43 1.52 1.005 0.00005 1
69.11 -55.29 -0.18 4.55 1.76 1.59 3.264 0.00005 1
38.12 27.41 -0.97 0.79 0.43 1.75 -0.031 0.00004 2
45.28 -8.00 -1.18 3.66 1.73 1.65 0.408 0.00004 1
46.50 -18.38 -1.40 3.57 1.58 1.53 -2.907 0.00004 1
35.38 -3.34 -1.23 1.51 0.53 1.73 0.622 0.00004 3
31.96 8.45 -0.84 4.17 1.70 1.73 3.070 0.00004 1
55.10 -4.07 -1.23 3.90 1.90 1.63 -2.660 0.00004 1
29.00 -9.65 -1.42 3.90 1.77 1.59 -0.392 0.00004 1
61.17 -50.31 -1.02 3.82 1.57 1.60 -2.931 0.00004 1
15.81 -2.97 -1.36 3.24 1.30 1.52 2.224 0.00004 1
47.54 -18.90 -1.77 4.16 1.99 1.58 -2.498 0.00004 1
36.34 16.08 -1.46 3.86 1.68 1.67 -2.764 0.00004 1
11.36 -1.31 -1.81 3.58 1.58 1.43 -2.034 0.00003 1
21.11 14.00 -1.21 3.89 1.32 1.41 -2.593 0.00003 1
35.87 -3.78 -1.26 3.69 1.72 1.65 -0.163 0.00003 1
44.70 -9.37 -1.26 3.28 1.66 1.53 0.310 0.00003 1
23.21 -5.96 -1.39 3.91 1.69 1.47 3.235 0.00003 1
31.47 -4.79 -1.36 3.63 1.53 1.52 -0.434 0.00003 1
43.41 25.23 1.83 0.85 0.54 2.07 -0.420 0.00003 2
16.47 4.01 -2.89 4.27 1.49 1.60 -2.907 0.00003 1
15.14 -4.86 -1.08 3.56 1.51 1.52 3.106 0.00002 1
5.46 2.18 -1.43 3.59 1.55 1.41 -1.632 0.00002 1
35.18 19.67 -1.37 3.84 1.25 1.58 2.893 0.00002 1
37.12 18.87 -0.83 4.44 1.87 1.78 2.971 0.00002 1
32.33 18.97 -1.58 4.28 1.69 1.52 3.497 0.00002 1
67.97 49.40 -1.06 0.74 0.82 2.07 -0.175 0.00002 2
47.44 -19.15 -1.60 3.69 1.89 1.63 2.963 0.00002 1
23.94 -2.50 -1.18 1.67 0.56 1.75 -2.131 0.00002 3
41.51 -8.67 -1.28 4.09 2.14 1.78 0.734 0.00002 1
19.53 10.32 -1.61 3.44 1.57 1.44 2.968 0.00002 1
63.10 -51.36 1.13 4.02 1.80 1.64 -2.860 0.00002 1
10.33 -2.38 -1.89 4.34 1.51 1.43 -2.609 0.00002 1
41.64 5.87 -0.24 3.12 2.30 1.85 0.460 0.00002 1
23.86 -2.59 -1.27 1.56 0.55 1.79 -1.393 0.00001 3
20.01 16.54 -1.34 3.97 1.71 1.50 3.224 0.00001 1
26.57 11.52 -1.16 4.35 1.59 1.70 2.976 0.00001 1
31.33 -8.83 -1.76 2.06 0.44 1.94 -0.827 0.00001 3
22.73 14.11 -1.03 4.67 1.65 1.57 -2.383 0.00001 1
37.28 7.50 0.29 3.66 2.11 1.65 1.323 0.00001 1
11.24 -4.28 -1.24 3.91 1.72 1.48 -2.855 0.00001 1
20.03 15.99 -1.56 3.64 1.63 1.53 2.686 0.00001 1
