997 199 1056 315 0.820453 0
709 196 740 275 0.790816 0
1101 191 1126 247 0.678035 0
923 189 948 253 0.657462 0
551 192 573 247 0.332857 0
244 199 261 241 0.153064 0
848 199 857 222 0.116546 0
848 199 857 241 0.081842 0
1038 199 1051 229 0.042797 0
1117 191 1130 218 0.036171 0
556 190 571 218 0.032654 0
245 199 260 224 0.030736 0
786 197 794 219 0.027273 0
1113 190 1133 244 0.024651 0
784 197 794 235 0.023610 0
848 199 865 241 0.021717 0
922 203 943 255 0.020194 0
633 202 644 216 0.018251 0
1247 198 1257 232 0.017151 0
611 156 620 184 0.015816 0
1113 184 1129 216 0.014200 0
454 197 479 250 0.013014 0
616 155 625 184 0.012880 0
1219 196 1256 233 0.012655 0
1219 209 1229 232 0.012027 0
1120 312 1131 342 0.011998 0
923 189 948 228 0.010959 0
1117 194 1136 232 0.010518 0
1228 200 1235 210 0.010201 0
454 201 470 249 0.009529 0
1104 184 1130 219 0.008193 0
990 206 998 220 0.007959 0
1032 195 1051 230 0.007263 0
933 194 947 219 0.007146 0
988 206 999 229 0.006657 0
848 199 863 227 0.006358 0
543 200 571 228 0.005486 0
557 184 566 198 0.005259 0
929 207 952 256 0.005016 0
605 157 616 183 0.005009 0
982 206 996 227 0.004940 0
1219 198 1235 233 0.004754 0
848 185 857 222 0.004605 0
1105 175 1131 246 0.004566 0
880 202 900 243 0.004180 0
959 370 980 408 0.003931 0
1217 195 1225 209 0.003830 0
933 193 949 234 0.003777 0
1228 167 1251 231 0.003735 0
784 193 794 213 0.003599 0
640 688 672 703 0.003519 0
516 191 526 210 0.003427 0
996 205 1007 228 0.003419 0
312 186 323 199 0.003372 0
517 192 524 202 0.003300 0
1116 193 1148 253 0.003281 0
1271 199 1279 249 0.003273 0
862 436 879 456 0.003208 0
886 200 905 240 0.003081 0
997 207 1008 239 0.003046 0
670 208 679 229 0.002931 0
639 690 653 703 0.002742 0
983 206 1002 241 0.002737 0
1120 315 1136 344 0.002709 0
569 184 582 217 0.002599 0
1020 193 1051 230 0.002551 0
692 207 701 231 0.002537 0
213 204 224 228 0.002525 0
1101 312 1120 351 0.002464 0
454 203 463 218 0.002386 0
964 370 980 389 0.002278 0
556 173 569 196 0.002222 0
803 185 814 217 0.002200 0
1216 194 1225 215 0.001984 0
873 202 908 244 0.001980 0
921 198 936 222 0.001927 0
554 173 582 216 0.001919 0
513 195 524 217 0.001894 0
454 202 468 221 0.001837 0
1108 213 1138 250 0.001825 0
878 206 891 239 0.001768 0
681 199 690 216 0.001750 0
1191 383 1211 416 0.001747 0
330 184 344 199 0.001672 0
1253 205 1279 267 0.001666 0
815 209 825 224 0.001651 0
454 198 478 217 0.001645 0
1261 87 1279 283 0.001620 0
1270 201 1279 267 0.001601 0
890 201 905 229 0.001566 0
350 189 357 199 0.001547 0
346 188 354 199 0.001493 0
453 197 475 226 0.001462 0
512 190 525 207 0.001435 0
959 350 1026 416 0.001356 0
1214 172 1257 224 0.001344 0
989 202 1002 222 0.001343 0
1251 203 1267 231 0.001332 0
954 353 1021 461 0.001293 0
1148 312 1168 359 0.001257 0
1004 201 1051 258 0.001237 0
832 197 856 240 0.001211 0
1263 202 1279 270 0.001190 0
922 189 935 214 0.001187 0
912 202 939 250 0.001185 0
608 187 616 199 0.001174 0
637 678 672 703 0.001160 0
1248 196 1276 232 0.001118 0
1190 375 1226 423 0.001076 0
375 185 386 202 0.001069 0
1103 312 1115 330 0.001046 0
320 204 330 219 0.001027 0
859 208 874 239 0.001004 0
866 208 873 234 0.000980 0
103 248 129 264 0.000953 0
963 367 986 394 0.000907 0
958 368 980 460 0.000894 0
1028 200 1057 250 0.000871 0
1027 219 1049 250 0.000865 0
553 172 574 201 0.000859 0
707 193 842 275 0.000858 0
1002 202 1017 233 0.000851 0
1100 312 1133 353 0.000848 0
1250 88 1279 307 0.000847 0
215 185 224 216 0.000832 0
863 219 874 238 0.000821 0
531 189 572 229 0.000820 0
1206 188 1225 221 0.000819 0
1238 152 1279 310 0.000814 0
956 367 1022 409 0.000803 0
1119 298 1135 348 0.000799 0
608 155 625 200 0.000794 0
632 202 646 222 0.000782 0
1195 383 1207 409 0.000777 0
653 194 741 275 0.000772 0
981 210 1002 258 0.000769 0
1221 196 1279 265 0.000768 0
1027 203 1048 233 0.000761 0
436 180 945 276 0.000748 0
784 198 802 239 0.000745 0
765 193 791 236 0.000733 0
623 184 633 200 0.000728 0
628 182 641 200 0.000716 0
773 198 793 237 0.000701 0
991 383 1024 424 0.000681 0
841 198 857 225 0.000667 0
1216 191 1233 213 0.000666 0
950 274 960 293 0.000646 0
184 197 191 206 0.000634 0
514 194 532 240 0.000633 0
386 197 396 206 0.000629 0
636 183 646 201 0.000613 0
693 201 770 228 0.000612 0
325 187 342 199 0.000601 0
994 201 1011 232 0.000597 0
1212 385 1226 424 0.000592 0
636 186 654 213 0.000587 0
641 190 655 213 0.000579 0
975 189 981 200 0.000565 0
1264 179 1279 228 0.000560 0
622 189 635 200 0.000552 0
924 191 982 254 0.000552 0
861 435 880 478 0.000550 0
980 202 1000 226 0.000536 0
800 189 822 238 0.000535 0
702 193 752 287 0.000530 0
1264 64 1279 74 0.000527 0
716 192 730 217 0.000523 0
1176 359 1215 421 0.000510 0
1002 209 1021 240 0.000508 0
1145 329 1153 343 0.000506 0
1119 312 1149 345 0.000487 0
949 349 961 390 0.000484 0
998 383 1024 413 0.000480 0
1177 379 1212 417 0.000467 0
367 187 375 200 0.000467 0
938 337 998 401 0.000461 0
268 199 279 216 0.000460 0
849 197 874 237 0.000456 0
1231 385 1256 427 0.000453 0
688 207 703 234 0.000449 0
266 196 276 214 0.000449 0
1072 328 1088 342 0.000445 0
928 184 947 220 0.000439 0
1088 186 1096 205 0.000429 0
958 368 993 425 0.000428 0
453 188 574 272 0.000420 0
1119 394 1128 426 0.000420 0
929 188 1272 323 0.000418 0
1072 487 1080 500 0.000407 0
1192 215 1211 229 0.000407 0
852 198 871 272 0.000404 0
199 208 207 222 0.000402 0
1089 230 1106 269 0.000391 0
1144 314 1161 345 0.000386 0
874 199 896 240 0.000385 0
458 171 946 397 0.000383 0
455 201 479 278 0.000383 0
963 359 980 392 0.000382 0
1093 194 1122 245 0.000382 0
214 184 231 231 0.000377 0
315 192 333 227 0.000377 0
965 359 992 395 0.000377 0
904 200 936 241 0.000375 0
952 346 960 375 0.000373 0
1240 207 1279 296 0.000370 0
1231 406 1255 427 0.000369 0
991 383 1025 454 0.000363 0
963 371 992 401 0.000361 0
682 201 697 223 0.000351 0
158 205 168 224 0.000349 0
681 197 693 216 0.000346 0
502 198 524 236 0.000344 0
437 193 443 203 0.000341 0
1196 359 1213 418 0.000340 0
1215 391 1232 434 0.000338 0
450 203 466 251 0.000329 0
952 299 1140 483 0.000329 0
1056 488 1067 498 0.000329 0
1089 178 1109 217 0.000328 0
736 200 743 217 0.000322 0
1180 344 1195 390 0.000320 0
1217 377 1256 426 0.000317 0
802 203 827 239 0.000316 0
810 321 841 344 0.000313 0
244 197 270 239 0.000313 0
1069 148 1109 266 0.000312 0
923 181 944 208 0.000312 0
906 335 924 345 0.000311 0
1074 187 1091 203 0.000310 0
207 206 223 229 0.000306 0
240 192 254 220 0.000305 0
1189 383 1217 424 0.000304 0
1230 345 1258 425 0.000291 0
784 193 797 222 0.000289 0
985 352 1025 403 0.000286 0
1183 344 1194 376 0.000286 0
975 351 995 391 0.000285 0
629 202 654 222 0.000280 0
638 162 652 183 0.000280 0
855 188 1250 283 0.000278 0
895 326 905 344 0.000275 0
1182 339 1212 406 0.000274 0
1086 188 1096 212 0.000265 0
1008 215 1026 232 0.000264 0
1199 396 1217 418 0.000263 0
614 153 629 186 0.000263 0
375 184 393 204 0.000262 0
685 200 709 275 0.000261 0
655 198 661 216 0.000259 0
952 346 986 401 0.000256 0
866 180 938 295 0.000256 0
249 226 262 249 0.000255 0
1180 165 1259 256 0.000253 0
1210 233 1227 267 0.000252 0
860 423 881 455 0.000251 0
864 322 882 343 0.000250 0
1180 350 1236 422 0.000249 0
972 348 1018 396 0.000249 0
1032 306 1120 449 0.000242 0
973 371 992 392 0.000242 0
835 313 848 343 0.000239 0
858 430 905 457 0.000237 0
787 315 816 344 0.000235 0
1069 312 1122 351 0.000232 0
1145 327 1168 346 0.000232 0
743 201 767 233 0.000230 0
326 163 353 199 0.000228 0
1119 313 1141 372 0.000225 0
879 439 904 456 0.000224 0
841 179 1125 270 0.000222 0
615 187 651 215 0.000221 0
311 185 329 230 0.000220 0
378 194 772 255 0.000217 0
372 187 387 206 0.000214 0
1143 326 1168 356 0.000208 0
266 193 273 205 0.000208 0
453 196 510 254 0.000207 0
319 202 332 231 0.000206 0
1072 391 1088 409 0.000206 0
926 444 934 457 0.000205 0
430 180 735 246 0.000205 0
851 200 884 275 0.000205 0
953 355 1038 506 0.000204 0
353 190 367 200 0.000202 0
696 187 702 200 0.000202 0
609 684 674 703 0.000199 0
949 199 959 208 0.000198 0
1234 342 1264 413 0.000198 0
1264 310 1279 512 0.000196 0
863 333 883 343 0.000195 0
1024 172 1271 256 0.000194 0
799 415 809 441 0.000193 0
907 335 925 353 0.000193 0
1215 342 1262 426 0.000192 0
848 182 867 228 0.000192 0
693 190 906 277 0.000192 0
1124 327 1151 344 0.000191 0
783 311 846 344 0.000190 0
1128 277 1148 345 0.000190 0
1263 367 1279 425 0.000189 0
451 205 462 222 0.000186 0
1071 464 1082 502 0.000185 0
800 415 809 429 0.000184 0
242 192 263 229 0.000183 0
850 209 1135 298 0.000182 0
665 203 677 226 0.000180 0
1068 179 1146 271 0.000172 0
1112 184 1150 222 0.000171 0
910 336 928 380 0.000169 0
956 199 972 209 0.000167 0
596 150 621 185 0.000167 0
828 329 848 345 0.000167 0
715 195 740 231 0.000166 0
1071 326 1102 361 0.000165 0
1214 376 1235 423 0.000165 0
852 315 884 343 0.000164 0
1136 446 1143 460 0.000162 0
680 183 690 216 0.000161 0
938 342 975 391 0.000161 0
777 177 1267 386 0.000160 0
1264 249 1279 270 0.000159 0
634 180 657 209 0.000158 0
995 360 1024 401 0.000157 0
1035 184 1053 227 0.000156 0
1069 64 1084 70 0.000156 0
851 312 865 341 0.000155 0
350 184 360 199 0.000155 0
864 208 881 240 0.000155 0
1086 150 1108 211 0.000154 0
1246 421 1253 429 0.000153 0
768 273 848 345 0.000153 0
920 340 1027 465 0.000152 0
787 329 811 346 0.000152 0
1090 262 1097 270 0.000151 0
942 184 1274 268 0.000151 0
1262 64 1279 85 0.000150 0
334 193 354 233 0.000150 0
769 184 784 202 0.000150 0
831 77 841 88 0.000148 0
1263 122 1279 212 0.000147 0
706 201 867 256 0.000145 0
176 204 192 216 0.000144 0
941 344 965 394 0.000144 0
904 327 927 345 0.000144 0
921 340 1024 417 0.000144 0
742 200 766 216 0.000144 0
1264 324 1279 427 0.000143 0
1199 471 1215 486 0.000143 0
852 287 882 342 0.000142 0
333 209 353 255 0.000141 0
1182 190 1205 230 0.000141 0
640 200 662 217 0.000140 0
634 195 754 299 0.000140 0
1167 344 1194 376 0.000140 0
1205 408 1217 423 0.000140 0
1055 487 1082 500 0.000139 0
788 318 835 344 0.000139 0
1071 325 1108 410 0.000139 0
663 180 1104 273 0.000139 0
578 64 641 95 0.000139 0
773 185 788 211 0.000138 0
825 312 848 344 0.000137 0
1034 318 1075 410 0.000137 0
860 334 1036 480 0.000137 0
1178 344 1195 371 0.000136 0
622 689 659 703 0.000135 0
856 209 865 271 0.000133 0
1063 166 1102 277 0.000133 0
1052 243 1073 326 0.000133 0
1211 366 1224 417 0.000131 0
686 207 726 275 0.000131 0
1163 343 1196 404 0.000130 0
1119 319 1154 375 0.000129 0
909 337 935 404 0.000127 0
1060 244 1072 318 0.000126 0
997 201 1112 297 0.000126 0
1208 136 1259 249 0.000125 0
1180 359 1273 425 0.000124 0
613 154 630 200 0.000123 0
575 76 583 95 0.000123 0
998 189 1008 210 0.000120 0
1205 231 1233 275 0.000119 0
181 195 191 208 0.000119 0
1056 489 1068 502 0.000118 0
693 179 699 193 0.000117 0
941 350 982 405 0.000117 0
436 192 445 204 0.000116 0
1208 336 1215 346 0.000116 0
862 299 881 342 0.000116 0
367 207 375 220 0.000115 0
1152 186 1162 205 0.000115 0
665 193 672 216 0.000112 0
725 203 742 272 0.000110 0
1170 331 1228 408 0.000110 0
927 358 941 379 0.000109 0
1207 250 1229 273 0.000108 0
546 176 609 243 0.000107 0
1228 357 1279 426 0.000106 0
939 288 1027 414 0.000105 0
1151 307 1194 389 0.000104 0
207 197 223 226 0.000104 0
845 211 900 266 0.000104 0
1264 480 1279 670 0.000104 0
847 267 853 281 0.000103 0
710 191 732 223 0.000102 0
926 438 942 460 0.000102 0
1140 326 1196 408 0.000101 0
328 187 356 237 0.000100 0
536 216 580 255 0.850888 1
987 248 1072 331 0.848017 1
916 224 955 267 0.707216 1
1101 212 1149 261 0.495119 1
934 228 955 258 0.009345 1
19 216 73 257 0.006550 1
47 226 73 256 0.006164 1
1026 247 1069 325 0.005928 1
922 210 951 257 0.004535 1
1118 213 1142 250 0.004237 1
541 208 575 249 0.002315 1
1037 265 1071 331 0.002284 1
1103 234 1148 261 0.002245 1
926 222 955 256 0.002151 1
929 274 961 306 0.001934 1
1069 211 1149 262 0.001887 1
636 205 653 216 0.001349 1
18 229 43 257 0.001210 1
912 213 1057 278 0.001202 1
1067 214 1093 244 0.001179 1
905 274 962 310 0.001124 1
1028 248 1057 309 0.001120 1
1033 271 1064 324 0.001077 1
24 214 42 248 0.001055 1
76 226 115 255 0.001054 1
1 229 42 258 0.001015 1
987 269 1060 325 0.001004 1
77 235 101 256 0.000990 1
948 275 961 304 0.000977 1
47 224 103 257 0.000914 1
914 272 960 302 0.000900 1
882 259 926 296 0.000856 1
1102 228 1117 256 0.000760 1
872 246 914 290 0.000755 1
1027 247 1053 267 0.000697 1
1028 247 1055 280 0.000694 1
1102 243 1114 261 0.000693 1
3 215 43 250 0.000674 1
1078 220 1095 245 0.000664 1
461 202 580 256 0.000659 1
1027 245 1056 261 0.000633 1
566 224 583 249 0.000605 1
864 249 898 286 0.000584 1
1085 221 1110 264 0.000580 1
898 262 926 297 0.000555 1
1086 218 1096 233 0.000552 1
24 213 54 251 0.000551 1
941 227 956 256 0.000540 1
987 270 1021 324 0.000528 1
30 214 41 239 0.000525 1
1099 214 1223 263 0.000512 1
873 201 930 300 0.000491 1
0 241 6 258 0.000478 1
1120 234 1149 261 0.000476 1
908 276 950 302 0.000463 1
527 232 541 247 0.000459 1
536 228 555 254 0.000447 1
874 204 957 272 0.000424 1
873 202 980 303 0.000403 1
1082 217 1118 257 0.000397 1
894 242 971 302 0.000381 1
1124 229 1151 248 0.000381 1
950 273 960 293 0.000380 1
1130 240 1148 261 0.000378 1
1026 248 1051 258 0.000373 1
903 212 1073 318 0.000372 1
1036 297 1065 331 0.000362 1
867 250 883 278 0.000306 1
532 212 558 249 0.000304 1
1047 245 1072 329 0.000299 1
1001 252 1061 310 0.000275 1
856 219 885 285 0.000244 1
60 220 116 256 0.000239 1
894 264 911 292 0.000229 1
519 199 552 247 0.000219 1
991 235 1035 305 0.000216 1
989 270 1019 304 0.000209 1
1101 213 1202 249 0.000201 1
38 215 71 249 0.000188 1
1051 281 1072 329 0.000186 1
909 236 958 298 0.000182 1
908 268 926 297 0.000181 1
944 273 992 310 0.000180 1
861 252 888 285 0.000177 1
986 262 1023 297 0.000170 1
541 236 579 255 0.000165 1
864 221 897 272 0.000163 1
853 198 883 280 0.000160 1
997 290 1071 331 0.000160 1
1000 249 1046 296 0.000160 1
988 243 1154 338 0.000155 1
1022 311 1054 331 0.000155 1
998 205 1149 283 0.000154 1
910 210 1004 261 0.000152 1
12 230 75 265 0.000144 1
871 233 940 293 0.000134 1
871 196 942 332 0.000133 1
1061 204 1101 271 0.000132 1
914 223 931 252 0.000131 1
870 249 891 276 0.000129 1
855 253 892 298 0.000124 1
934 236 995 263 0.000123 1
1029 236 1057 256 0.000117 1
906 244 1071 335 0.000117 1
933 232 959 265 0.000112 1
520 207 659 266 0.000110 1
869 251 920 302 0.000103 1
483 199 516 217 0.131161 2
605 201 646 216 0.022531 2
526 202 545 218 0.019283 2
525 196 549 218 0.010006 2
1271 198 1279 227 0.009203 2
1219 196 1257 232 0.007206 2
1000 197 1053 226 0.005661 2
1185 178 1279 266 0.005252 2
510 199 521 213 0.004534 2
1267 197 1279 231 0.004489 2
517 194 544 217 0.003454 2
1215 178 1277 235 0.003419 2
873 197 938 244 0.003154 2
1258 200 1279 248 0.002412 2
1184 223 1275 255 0.002264 2
454 199 478 216 0.002229 2
633 203 654 216 0.002216 2
589 199 644 215 0.001906 2
304 192 313 199 0.001889 2
703 207 721 231 0.001809 2
596 194 654 216 0.001605 2
829 329 847 344 0.001599 2
880 199 912 227 0.001442 2
845 215 881 243 0.001358 2
955 205 985 222 0.001303 2
1027 208 1041 229 0.001267 2
1071 326 1088 340 0.001153 2
1103 487 1135 507 0.001151 2
1248 202 1272 234 0.001149 2
1132 276 1280 421 0.001130 2
515 183 553 218 0.001019 2
304 185 318 199 0.000964 2
1247 205 1279 266 0.000956 2
482 189 516 216 0.000882 2
971 206 987 223 0.000878 2
1237 285 1279 418 0.000820 2
633 381 659 396 0.000803 2
588 200 617 214 0.000795 2
1071 214 1092 235 0.000793 2
1043 193 1091 233 0.000790 2
863 225 884 243 0.000787 2
1112 488 1135 497 0.000767 2
1067 213 1092 243 0.000750 2
588 183 622 200 0.000712 2
1240 188 1279 421 0.000702 2
1053 192 1094 244 0.000699 2
867 208 905 244 0.000697 2
1032 194 1069 231 0.000689 2
1174 273 1233 351 0.000687 2
1171 277 1278 357 0.000639 2
1006 193 1051 215 0.000587 2
1021 208 1043 231 0.000583 2
588 184 654 216 0.000578 2
1103 171 1130 188 0.000551 2
1145 328 1153 343 0.000521 2
951 203 990 238 0.000511 2
948 199 988 223 0.000490 2
1071 198 1092 231 0.000469 2
1043 520 1067 529 0.000465 2
973 207 992 232 0.000434 2
1263 350 1279 398 0.000431 2
1104 487 1121 495 0.000426 2
708 201 725 222 0.000420 2
1067 195 1090 219 0.000417 2
867 178 938 203 0.000415 2
588 209 604 216 0.000415 2
630 372 659 397 0.000411 2
386 198 398 206 0.000403 2
1150 274 1239 359 0.000383 2
1264 294 1279 422 0.000380 2
817 328 848 361 0.000353 2
1192 204 1279 297 0.000350 2
926 203 985 254 0.000348 2
1079 215 1097 233 0.000343 2
1263 350 1279 375 0.000320 2
876 198 937 226 0.000307 2
601 201 654 223 0.000303 2
689 199 720 229 0.000303 2
1215 276 1231 328 0.000302 2
524 200 558 224 0.000299 2
1074 193 1092 215 0.000297 2
1069 314 1119 349 0.000295 2
293 182 306 199 0.000279 2
475 188 494 205 0.000275 2
1263 167 1279 226 0.000270 2
1207 168 1279 219 0.000270 2
970 219 1000 253 0.000268 2
1199 211 1230 232 0.000257 2
1263 169 1279 187 0.000251 2
1120 325 1150 344 0.000250 2
335 195 626 270 0.000249 2
1053 190 1091 219 0.000244 2
447 161 523 224 0.000238 2
1004 188 1101 248 0.000237 2
905 192 998 253 0.000232 2
360 193 936 273 0.000220 2
902 178 938 204 0.000200 2
1180 337 1277 425 0.000195 2
1247 283 1279 322 0.000187 2
991 178 1069 225 0.000180 2
1007 190 1098 281 0.000179 2
471 188 480 201 0.000174 2
1069 188 1092 211 0.000174 2
862 182 948 249 0.000169 2
1070 195 1100 239 0.000157 2
1263 327 1279 375 0.000153 2
1231 330 1279 426 0.000151 2
356 216 368 228 0.000151 2
1047 189 1072 220 0.000147 2
998 189 1046 220 0.000143 2
1072 327 1106 352 0.000142 2
860 179 1077 249 0.000140 2
1051 238 1067 250 0.000138 2
1070 315 1090 341 0.000137 2
591 172 662 213 0.000134 2
1213 275 1231 361 0.000130 2
1220 167 1273 183 0.000129 2
953 186 1075 229 0.000129 2
865 226 901 245 0.000128 2
667 197 690 223 0.000123 2
394 201 410 207 0.000116 2
1174 374 1212 402 0.000116 2
1059 306 1149 375 0.000110 2
703 299 767 376 0.000107 2
961 181 1065 216 0.000107 2
1030 237 1068 260 0.000102 2
866 177 938 206 0.001416 5
1264 79 1279 173 0.000813 5
464 166 524 219 0.000695 5
1262 172 1279 228 0.000316 5
1237 142 1279 406 0.001298 6
4 64 460 399 0.001090 6
1236 283 1279 415 0.000843 6
1158 282 1279 421 0.000802 6
643 283 1274 482 0.000723 6
118 64 200 89 0.000485 6
645 281 1266 399 0.000357 6
116 64 307 91 0.000339 6
0 106 70 235 0.000313 6
1030 281 1278 469 0.000273 6
578 64 669 207 0.000210 6
10 64 362 292 0.000195 6
0 133 41 216 0.000168 6
1247 110 1279 271 0.000161 6
1098 161 1233 242 0.000156 6
0 90 73 311 0.000138 6
1131 186 1279 419 0.000131 6
173 64 320 103 0.000123 6
831 139 994 238 0.000121 6
1 68 91 238 0.000120 6
840 147 994 205 0.000114 6
0 90 118 268 0.000109 6
832 137 941 169 0.000107 6
1128 267 1278 460 0.000105 6
1174 160 1280 396 0.000101 6
865 177 939 241 0.217634 7
802 177 939 243 0.103482 7
699 154 941 242 0.027182 7
709 153 860 235 0.023742 7
705 152 813 225 0.004376 7
866 177 938 211 0.003783 7
803 162 858 220 0.002787 7
480 172 517 217 0.002074 7
803 182 855 222 0.001812 7
785 156 859 239 0.001444 7
480 169 537 218 0.001261 7
1216 178 1279 229 0.001258 7
682 172 1087 249 0.001175 7
1213 171 1279 259 0.000799 7
1244 179 1279 270 0.000727 7
841 176 931 229 0.000562 7
496 169 581 220 0.000465 7
498 162 949 253 0.000326 7
1263 166 1279 237 0.000322 7
806 138 942 240 0.000280 7
867 180 1088 233 0.000194 7
661 140 1107 267 0.000192 7
861 173 991 247 0.000182 7
650 187 1127 306 0.000160 7
1003 180 1066 229 0.000156 7
479 175 502 202 0.000143 7
948 167 1101 231 0.000139 7
592 156 829 231 0.000133 7
493 101 942 263 0.000131 7
718 154 799 210 0.000123 7
872 168 1100 217 0.000123 7
906 158 995 213 0.000113 7
1088 150 1103 176 0.548763 9
512 152 524 184 0.054352 9
1007 135 1024 173 0.050220 9
1208 169 1215 197 0.028517 9
365 167 373 187 0.021577 9
372 167 381 184 0.020405 9
1233 168 1244 180 0.010736 9
449 157 490 171 0.010260 9
1217 192 1225 212 0.009208 9
119 64 160 73 0.007700 9
847 152 859 166 0.007578 9
1224 164 1232 180 0.007538 9
842 129 860 166 0.006269 9
994 138 1002 173 0.006184 9
994 134 1007 174 0.005948 9
1213 167 1224 197 0.004661 9
1123 64 1152 76 0.004600 9
1129 64 1152 73 0.004237 9
1213 167 1224 186 0.003760 9
1097 133 1105 154 0.003749 9
1217 165 1251 233 0.003444 9
960 135 976 160 0.002878 9
313 149 341 193 0.002735 9
1181 166 1200 218 0.002698 9
1089 132 1106 176 0.002639 9
511 152 527 200 0.002513 9
841 119 860 136 0.002501 9
814 149 822 159 0.002439 9
118 64 186 76 0.002350 9
239 177 246 188 0.002200 9
224 183 231 198 0.001953 9
999 122 1008 137 0.001857 9
991 124 1023 175 0.001847 9
1220 164 1232 209 0.001814 9
672 329 679 345 0.001805 9
1120 64 1134 75 0.001785 9
833 137 860 165 0.001764 9
801 156 858 219 0.001752 9
1208 167 1228 212 0.001752 9
927 151 937 168 0.001720 9
1200 135 1208 153 0.001588 9
1229 158 1247 181 0.001497 9
1054 111 1083 147 0.001495 9
805 159 858 190 0.001494 9
831 138 846 164 0.001459 9
1186 162 1224 224 0.001457 9
814 143 822 157 0.001438 9
804 149 811 157 0.001418 9
804 149 813 160 0.001392 9
1192 384 1207 414 0.001358 9
484 173 496 193 0.001335 9
1089 148 1110 178 0.001314 9
1191 165 1201 185 0.001273 9
831 136 847 154 0.001214 9
1080 174 1088 182 0.001170 9
257 146 264 159 0.001145 9
1200 168 1215 202 0.001137 9
166 64 179 75 0.001137 9
835 148 861 168 0.001096 9
809 162 857 180 0.001082 9
1099 134 1109 165 0.001064 9
545 140 552 151 0.001043 9
361 167 374 189 0.001038 9
1206 161 1216 191 0.001002 9
522 183 537 199 0.000939 9
379 165 389 184 0.000921 9
639 160 644 167 0.000911 9
1103 170 1129 192 0.000910 9
858 137 940 153 0.000905 9
340 164 351 187 0.000874 9
1000 120 1008 133 0.000845 9
1098 135 1109 155 0.000837 9
1096 129 1105 148 0.000833 9
1199 134 1211 184 0.000814 9
991 122 1009 174 0.000813 9
979 141 993 166 0.000775 9
1056 115 1066 136 0.000764 9
214 183 223 201 0.000753 9
1212 165 1238 225 0.000725 9
864 165 870 180 0.000657 9
161 64 178 78 0.000652 9
1098 134 1106 162 0.000621 9
895 157 906 175 0.000620 9
896 165 904 177 0.000617 9
1172 149 1182 162 0.000613 9
1156 164 1168 184 0.000611 9
861 136 894 149 0.000606 9
463 169 471 184 0.000586 9
260 145 269 159 0.000575 9
848 181 858 218 0.000573 9
1206 126 1232 195 0.000571 9
1191 386 1205 401 0.000566 9
118 64 199 91 0.000561 9
665 328 678 348 0.000561 9
943 131 952 149 0.000552 9
863 117 870 136 0.000549 9
846 136 896 171 0.000536 9
587 172 594 185 0.000516 9
851 89 859 106 0.000502 9
448 156 512 172 0.000488 9
173 64 201 89 0.000481 9
461 184 477 200 0.000480 9
1079 157 1092 181 0.000468 9
372 169 391 202 0.000462 9
160 64 193 90 0.000459 9
936 135 945 151 0.000458 9
1087 148 1102 195 0.000456 9
1073 150 1083 167 0.000455 9
903 136 938 152 0.000451 9
1064 104 1072 118 0.000444 9
981 129 994 165 0.000440 9
984 137 1002 171 0.000429 9
579 64 631 92 0.000429 9
314 142 359 195 0.000428 9
802 148 811 161 0.000424 9
852 136 929 174 0.000422 9
980 121 992 144 0.000421 9
169 64 184 73 0.000420 9
944 130 951 144 0.000416 9
837 119 863 164 0.000415 9
1087 136 1132 181 0.000415 9
877 153 895 170 0.000414 9
586 117 598 134 0.000413 9
594 64 626 90 0.000407 9
1202 87 1215 127 0.000402 9
863 148 884 173 0.000400 9
379 161 409 184 0.000392 9
1195 145 1216 195 0.000388 9
582 64 595 71 0.000379 9
1075 149 1101 181 0.000374 9
1201 130 1216 176 0.000363 9
803 183 845 218 0.000360 9
1081 123 1108 179 0.000359 9
870 119 879 136 0.000358 9
1104 163 1156 202 0.000351 9
256 143 267 159 0.000350 9
1204 156 1232 202 0.000347 9
447 153 543 217 0.000346 9
255 84 267 100 0.000346 9
257 180 262 191 0.000342 9
930 145 943 168 0.000321 9
1221 150 1248 182 0.000319 9
1108 149 1120 168 0.000319 9
112 151 127 163 0.000316 9
832 132 940 167 0.000315 9
1055 112 1067 140 0.000314 9
590 175 598 185 0.000309 9
849 85 860 106 0.000307 9
480 169 518 207 0.000300 9
1183 190 1205 218 0.000299 9
511 151 541 195 0.000296 9
694 177 703 199 0.000296 9
1181 169 1214 217 0.000294 9
383 64 435 97 0.000293 9
489 153 524 199 0.000288 9
515 167 546 185 0.000286 9
1216 64 1232 88 0.000286 9
1201 130 1216 155 0.000278 9
481 173 501 196 0.000278 9
496 153 523 182 0.000276 9
1121 64 1230 87 0.000275 9
416 64 432 95 0.000273 9
1171 145 1183 157 0.000269 9
934 136 945 156 0.000265 9
1182 166 1201 191 0.000265 9
372 162 399 196 0.000264 9
1103 164 1150 186 0.000264 9
974 137 992 161 0.000255 9
1168 144 1174 153 0.000249 9
358 149 375 189 0.000247 9
813 133 823 156 0.000244 9
1050 118 1065 136 0.000243 9
579 64 596 91 0.000243 9
1012 133 1043 175 0.000238 9
860 111 870 135 0.000237 9
370 157 385 185 0.000236 9
1021 120 1041 164 0.000235 9
1033 132 1106 188 0.000230 9
1121 64 1171 85 0.000228 9
293 176 307 198 0.000225 9
215 164 224 177 0.000222 9
801 155 828 191 0.000222 9
974 133 990 149 0.000221 9
957 134 995 170 0.000217 9
680 167 687 182 0.000215 9
805 160 868 204 0.000214 9
321 92 331 125 0.000213 9
1130 64 1163 74 0.000210 9
1046 134 1108 223 0.000207 9
375 184 393 203 0.000206 9
310 64 372 220 0.000205 9
691 119 704 153 0.000202 9
991 119 1002 133 0.000200 9
657 153 671 173 0.000197 9
831 119 852 159 0.000194 9
1177 379 1185 392 0.000194 9
639 151 655 163 0.000191 9
1017 157 1033 171 0.000190 9
624 64 639 90 0.000190 9
832 145 889 175 0.000187 9
904 127 911 136 0.000185 9
385 67 419 96 0.000185 9
470 183 482 200 0.000184 9
1051 69 1089 149 0.000183 9
1188 127 1231 237 0.000182 9
809 156 880 182 0.000181 9
1024 135 1040 160 0.000181 9
1004 130 1095 173 0.000176 9
1021 147 1040 163 0.000176 9
1052 111 1085 170 0.000175 9
680 168 687 207 0.000175 9
352 158 365 191 0.000174 9
974 179 982 201 0.000174 9
661 150 671 173 0.000172 9
801 153 813 186 0.000171 9
871 690 880 703 0.000170 9
688 119 703 170 0.000169 9
263 279 272 295 0.000168 9
1209 124 1231 163 0.000168 9
1087 174 1099 201 0.000167 9
256 176 265 187 0.000162 9
832 118 852 137 0.000161 9
680 180 688 212 0.000161 9
996 135 1012 183 0.000159 9
1160 83 1192 98 0.000155 9
802 143 814 158 0.000151 9
1073 131 1103 179 0.000149 9
445 156 515 194 0.000146 9
249 178 257 191 0.000146 9
1072 156 1092 198 0.000144 9
95 169 103 176 0.000144 9
432 170 445 194 0.000144 9
551 141 561 151 0.000143 9
320 64 367 114 0.000140 9
684 119 704 185 0.000136 9
520 104 528 122 0.000135 9
912 166 962 184 0.000134 9
832 75 849 88 0.000134 9
624 64 639 79 0.000134 9
664 139 671 165 0.000134 9
1095 129 1110 161 0.000131 9
1168 145 1182 163 0.000130 9
1000 135 1024 186 0.000130 9
255 112 267 129 0.000130 9
456 182 481 209 0.000129 9
217 161 223 175 0.000123 9
543 168 555 179 0.000123 9
1067 134 1103 275 0.000122 9
1039 111 1107 177 0.000121 9
905 137 950 185 0.000120 9
808 72 872 89 0.000119 9
575 136 581 143 0.000118 9
310 65 433 244 0.000118 9
903 147 985 185 0.000117 9
670 311 681 347 0.000117 9
984 119 993 140 0.000116 9
1149 103 1192 134 0.000115 9
1210 126 1227 140 0.000115 9
806 151 854 176 0.000114 9
970 120 993 162 0.000114 9
240 165 247 177 0.000113 9
256 167 266 178 0.000112 9
360 148 374 177 0.000112 9
383 76 412 96 0.000111 9
558 142 571 151 0.000111 9
1107 163 1162 218 0.000110 9
652 127 661 143 0.000107 9
1090 119 1104 134 0.000106 9
373 148 384 167 0.000104 9
1047 113 1077 149 0.000104 9
255 84 272 104 0.000103 9
1104 162 1174 186 0.000102 9
840 110 872 137 0.000100 9
1181 191 1199 216 0.068683 11
523 183 536 197 0.065729 11
324 110 366 164 0.015272 11
1248 198 1256 231 0.014909 11
312 148 342 194 0.014833 11
518 191 526 200 0.014437 11
449 157 491 171 0.003433 11
1054 112 1083 146 0.003030 11
1228 199 1236 209 0.002320 11
1181 169 1200 217 0.001174 11
1055 117 1065 136 0.000778 11
382 64 434 97 0.000501 11
416 64 431 96 0.000332 11
522 183 547 202 0.000264 11
516 176 540 197 0.000167 11
1181 184 1208 218 0.000165 11
322 64 358 93 0.000108 11
