700 198 735 275 0.791846 0
1034 199 1093 333 0.759248 0
1118 192 1143 250 0.666365 0
905 189 935 264 0.666100 0
525 198 546 247 0.522826 0
1100 195 1112 221 0.226209 0
1213 193 1227 233 0.219678 0
1099 195 1113 249 0.162209 0
848 201 857 241 0.098949 0
1035 199 1093 275 0.090118 0
849 199 857 226 0.080548 0
1214 192 1226 214 0.076587 0
1089 194 1113 257 0.059734 0
1099 194 1120 254 0.056037 0
1211 193 1228 270 0.035085 0
848 199 865 241 0.023663 0
1089 194 1112 224 0.023653 0
1272 201 1279 251 0.018570 0
452 199 465 251 0.013915 0
1213 192 1229 220 0.012510 0
1038 202 1070 274 0.009883 0
958 371 980 408 0.009184 0
1036 193 1049 222 0.008930 0
1038 204 1051 228 0.008540 0
849 195 871 270 0.008259 0
1012 202 1025 225 0.008190 0
1113 194 1122 216 0.007948 0
786 197 794 215 0.007435 0
1118 192 1138 219 0.006451 0
1088 194 1102 220 0.006431 0
1088 192 1095 208 0.006322 0
1085 203 1120 256 0.005695 0
1267 201 1279 263 0.005665 0
631 202 645 231 0.005288 0
1207 211 1233 274 0.005199 0
524 200 540 222 0.004656 0
1032 218 1074 330 0.004483 0
1114 193 1121 210 0.004456 0
1031 228 1058 321 0.004333 0
1216 213 1229 233 0.004292 0
1119 312 1132 343 0.004220 0
1119 312 1129 331 0.004206 0
1232 169 1246 198 0.004194 0
876 197 906 244 0.003921 0
633 202 644 216 0.003743 0
1041 202 1056 224 0.003605 0
1122 194 1142 235 0.003434 0
864 211 873 236 0.003392 0
1260 183 1279 231 0.003362 0
1231 169 1246 181 0.003325 0
1036 192 1046 215 0.003267 0
245 206 261 241 0.003171 0
848 190 879 276 0.003067 0
949 273 959 294 0.002883 0
848 183 857 224 0.002778 0
1261 168 1279 246 0.002748 0
526 193 553 222 0.002738 0
535 197 554 217 0.002706 0
1114 183 1153 252 0.002504 0
962 370 984 394 0.002466 0
914 189 932 225 0.002456 0
856 211 873 243 0.002445 0
1137 210 1164 250 0.002309 0
1230 169 1248 232 0.002203 0
1136 209 1154 239 0.002183 0
965 373 980 390 0.002111 0
1219 197 1259 264 0.002039 0
864 439 877 455 0.001956 0
1206 230 1227 272 0.001912 0
1120 312 1144 343 0.001886 0
784 192 794 214 0.001860 0
517 192 530 216 0.001659 0
520 201 529 227 0.001653 0
1072 485 1080 500 0.001607 0
785 197 794 232 0.001565 0
1105 196 1122 229 0.001502 0
1223 161 1247 238 0.001397 0
246 200 261 224 0.001361 0
804 185 815 211 0.001350 0
470 198 480 217 0.001331 0
1248 200 1264 232 0.001329 0
1195 198 1258 265 0.001319 0
1124 217 1153 251 0.001272 0
1076 193 1089 202 0.001184 0
640 690 657 703 0.001182 0
695 206 706 231 0.001166 0
863 438 879 460 0.001116 0
963 367 991 393 0.001114 0
1069 204 1093 252 0.001098 0
1135 209 1153 226 0.001074 0
920 206 943 252 0.001063 0
375 185 387 202 0.001030 0
451 198 477 251 0.001021 0
957 370 979 427 0.000975 0
909 234 928 296 0.000921 0
888 199 912 246 0.000861 0
1264 209 1279 277 0.000843 0
863 209 880 241 0.000835 0
816 209 827 221 0.000833 0
861 433 875 456 0.000803 0
870 186 947 272 0.000792 0
863 439 880 474 0.000785 0
611 152 625 172 0.000785 0
29 217 58 253 0.000778 0
789 330 810 344 0.000769 0
999 384 1024 401 0.000749 0
851 438 875 479 0.000728 0
1185 185 1240 253 0.000719 0
1182 188 1203 232 0.000685 0
1189 359 1212 404 0.000669 0
1175 212 1184 232 0.000654 0
787 197 798 231 0.000650 0
501 195 545 246 0.000647 0
607 176 614 184 0.000621 0
799 295 833 344 0.000620 0
1019 180 1162 272 0.000608 0
1055 488 1066 499 0.000607 0
630 202 656 231 0.000606 0
714 194 727 218 0.000594 0
973 372 991 392 0.000592 0
957 370 979 462 0.000584 0
852 209 883 282 0.000583 0
1151 311 1167 358 0.000571 0
915 473 927 486 0.000569 0
956 343 993 395 0.000558 0
807 193 855 241 0.000558 0
795 282 851 344 0.000558 0
640 688 672 703 0.000543 0
670 208 679 230 0.000535 0
1191 382 1206 401 0.000534 0
991 383 1024 460 0.000534 0
947 342 988 406 0.000534 0
860 432 884 457 0.000532 0
910 190 937 215 0.000532 0
956 367 1024 426 0.000525 0
510 197 537 247 0.000524 0
525 195 557 249 0.000516 0
1043 203 1069 234 0.000514 0
842 175 918 285 0.000505 0
1091 226 1104 268 0.000504 0
1160 376 1167 384 0.000500 0
942 355 982 409 0.000491 0
938 357 1021 465 0.000488 0
993 385 1023 424 0.000475 0
1230 199 1277 265 0.000475 0
1072 219 1093 251 0.000473 0
1188 217 1204 235 0.000463 0
1262 67 1279 270 0.000460 0
638 160 646 171 0.000451 0
241 197 261 228 0.000440 0
1215 375 1232 436 0.000433 0
957 368 1016 409 0.000432 0
1191 212 1208 231 0.000427 0
923 343 1004 419 0.000426 0
461 171 955 274 0.000422 0
1206 369 1230 430 0.000418 0
878 436 889 457 0.000414 0
1194 375 1212 416 0.000412 0
1211 167 1234 218 0.000410 0
821 295 848 345 0.000408 0
214 203 224 226 0.000404 0
692 197 863 276 0.000398 0
1195 192 1209 219 0.000389 0
810 319 848 344 0.000371 0
845 208 871 283 0.000368 0
449 181 580 274 0.000367 0
847 268 853 282 0.000363 0
1182 166 1202 217 0.000349 0
799 259 840 346 0.000343 0
1199 406 1208 416 0.000338 0
1095 162 1135 231 0.000336 0
373 195 606 268 0.000332 0
638 679 672 703 0.000331 0
159 206 168 224 0.000330 0
926 372 946 470 0.000327 0
1120 325 1151 344 0.000325 0
1001 244 1010 261 0.000324 0
923 344 974 414 0.000324 0
990 186 1140 255 0.000323 0
517 210 544 253 0.000322 0
1019 164 1279 274 0.000315 0
1187 190 1207 217 0.000311 0
459 203 567 252 0.000310 0
803 185 838 218 0.000304 0
848 463 872 479 0.000303 0
1039 455 1048 464 0.000297 0
833 480 840 486 0.000296 0
802 199 828 239 0.000296 0
242 209 256 240 0.000296 0
1135 446 1144 462 0.000290 0
902 200 919 231 0.000290 0
860 197 1204 276 0.000288 0
877 437 902 478 0.000279 0
1209 369 1224 404 0.000279 0
643 188 656 208 0.000276 0
906 332 927 349 0.000275 0
386 197 396 206 0.000274 0
1144 376 1152 386 0.000274 0
878 439 891 467 0.000273 0
1207 256 1223 273 0.000272 0
1074 334 1091 361 0.000270 0
1045 484 1054 492 0.000269 0
781 213 1234 322 0.000262 0
577 184 582 201 0.000260 0
240 207 260 249 0.000259 0
464 200 480 250 0.000258 0
786 330 813 390 0.000257 0
680 199 690 216 0.000256 0
925 201 951 253 0.000254 0
1135 443 1147 472 0.000252 0
635 184 655 213 0.000246 0
1188 359 1221 415 0.000246 0
847 225 877 285 0.000245 0
1166 375 1178 393 0.000244 0
652 199 663 217 0.000244 0
1007 470 1016 494 0.000241 0
215 194 224 222 0.000241 0
1016 367 1023 374 0.000233 0
943 372 980 419 0.000233 0
855 470 873 479 0.000232 0
1009 431 1015 440 0.000230 0
1003 131 1258 294 0.000228 0
948 246 957 254 0.000227 0
1150 359 1164 399 0.000225 0
801 185 816 231 0.000222 0
1051 116 1106 281 0.000220 0
1116 190 1175 243 0.000216 0
339 196 617 270 0.000213 0
1117 294 1154 345 0.000211 0
1214 369 1223 390 0.000206 0
1054 486 1068 497 0.000205 0
942 224 1188 313 0.000203 0
543 200 557 217 0.000200 0
1107 311 1133 334 0.000196 0
924 343 969 392 0.000195 0
877 438 923 478 0.000195 0
780 299 831 345 0.000194 0
880 439 896 457 0.000193 0
857 401 863 412 0.000191 0
511 201 554 251 0.000188 0
752 463 760 472 0.000187 0
985 352 991 361 0.000187 0
945 351 1026 421 0.000187 0
979 208 1053 312 0.000182 0
481 153 954 434 0.000182 0
827 192 857 235 0.000182 0
862 327 881 344 0.000181 0
927 376 946 427 0.000181 0
1260 145 1279 185 0.000179 0
701 233 716 274 0.000173 0
624 182 635 199 0.000171 0
682 204 697 231 0.000171 0
1001 247 1013 262 0.000165 0
1100 292 1143 337 0.000164 0
879 315 898 345 0.000163 0
1128 278 1144 345 0.000160 0
710 236 734 269 0.000159 0
1017 236 1057 293 0.000158 0
968 377 1023 405 0.000158 0
981 372 1023 401 0.000157 0
1054 486 1075 500 0.000156 0
1131 277 1143 325 0.000156 0
605 167 958 305 0.000156 0
1174 344 1197 358 0.000154 0
930 205 977 256 0.000152 0
1103 305 1140 345 0.000152 0
374 188 387 207 0.000150 0
183 197 192 207 0.000148 0
763 182 862 275 0.000148 0
351 189 359 200 0.000146 0
1263 229 1279 295 0.000146 0
1199 503 1212 513 0.000143 0
738 203 745 215 0.000141 0
374 184 393 204 0.000139 0
408 180 721 238 0.000137 0
996 371 1024 403 0.000137 0
664 189 672 216 0.000136 0
358 194 871 273 0.000136 0
968 455 976 462 0.000134 0
664 197 674 219 0.000134 0
943 380 960 406 0.000130 0
959 482 970 488 0.000129 0
445 181 556 319 0.000129 0
980 210 1259 327 0.000128 0
1184 495 1231 514 0.000127 0
265 198 271 209 0.000127 0
1174 342 1203 397 0.000126 0
991 381 1021 406 0.000126 0
885 340 1024 467 0.000126 0
1009 453 1024 471 0.000125 0
923 344 955 418 0.000125 0
760 258 841 345 0.000124 0
948 348 963 393 0.000122 0
991 190 1002 208 0.000122 0
665 185 671 211 0.000122 0
918 205 1056 297 0.000121 0
1263 64 1279 75 0.000119 0
1185 347 1198 370 0.000119 0
1019 234 1100 333 0.000119 0
1163 344 1194 359 0.000118 0
907 270 929 350 0.000118 0
1077 221 1128 274 0.000114 0
757 167 924 284 0.000114 0
1154 369 1180 396 0.000113 0
345 188 353 199 0.000112 0
848 180 869 234 0.000111 0
329 186 728 357 0.000111 0
1147 359 1188 404 0.000110 0
925 446 934 459 0.000110 0
895 323 906 343 0.000109 0
689 204 723 254 0.000109 0
787 330 811 370 0.000108 0
707 186 733 236 0.000108 0
900 324 928 349 0.000107 0
1264 333 1279 462 0.000107 0
1015 479 1025 492 0.000107 0
1090 260 1096 269 0.000106 0
956 374 1027 482 0.000106 0
924 372 980 423 0.000105 0
1065 305 1133 400 0.000105 0
1142 317 1197 402 0.000105 0
738 200 747 215 0.000104 0
683 197 693 216 0.000103 0
907 453 928 483 0.000102 0
837 110 1221 289 0.000102 0
515 221 555 255 0.788942 1
1022 249 1111 340 0.783668 1
1102 218 1166 262 0.494377 1
896 228 941 269 0.421537 1
1100 220 1126 259 0.067864 1
21 215 72 257 0.056780 1
1065 247 1111 340 0.051938 1
919 228 942 264 0.035531 1
24 215 43 246 0.023928 1
1089 216 1122 259 0.018823 1
23 215 55 247 0.016371 1
47 225 74 256 0.012785 1
910 224 933 268 0.012385 1
891 189 943 272 0.011627 1
917 220 941 255 0.006675 1
16 220 42 255 0.005359 1
1137 212 1165 254 0.004963 1
1073 274 1110 339 0.004380 1
1113 204 1163 258 0.003970 1
1116 229 1166 260 0.003606 1
0 223 43 260 0.003547 1
110 237 156 263 0.002917 1
117 236 156 254 0.002531 1
896 237 913 270 0.002473 1
1026 271 1077 336 0.002371 1
949 274 960 302 0.002273 1
1113 222 1133 255 0.002065 1
928 274 960 303 0.001993 1
868 200 914 271 0.001811 1
118 216 160 254 0.001788 1
865 194 938 275 0.001782 1
869 231 910 271 0.001775 1
1141 230 1166 256 0.001690 1
901 230 947 297 0.001391 1
1043 248 1097 331 0.001363 1
522 198 555 249 0.001233 1
16 226 74 266 0.001202 1
851 180 921 281 0.001149 1
47 223 115 257 0.001105 1
868 235 891 272 0.001088 1
906 230 929 295 0.001039 1
1027 275 1059 333 0.001010 1
1025 299 1077 336 0.000961 1
1022 290 1098 340 0.000946 1
1063 249 1090 320 0.000907 1
896 214 984 288 0.000879 1
133 217 161 238 0.000780 1
867 245 885 273 0.000710 1
111 221 149 255 0.000678 1
911 270 961 298 0.000656 1
46 232 74 264 0.000651 1
863 253 912 288 0.000630 1
49 217 72 239 0.000626 1
1021 283 1052 338 0.000564 1
1025 304 1054 333 0.000558 1
920 224 979 266 0.000549 1
122 223 198 255 0.000494 1
1078 293 1112 338 0.000484 1
905 262 970 303 0.000439 1
1045 208 1151 276 0.000427 1
453 238 463 252 0.000396 1
122 218 142 239 0.000373 1
126 214 151 237 0.000360 1
1022 307 1091 341 0.000357 1
1072 257 1089 288 0.000346 1
846 234 911 289 0.000330 1
925 274 964 335 0.000320 1
1090 305 1113 335 0.000287 1
118 233 195 263 0.000279 1
1030 311 1058 335 0.000263 1
450 221 463 251 0.000246 1
894 202 1046 293 0.000240 1
926 279 945 346 0.000240 1
536 223 558 255 0.000239 1
919 207 958 263 0.000239 1
1015 309 1049 343 0.000235 1
932 257 1116 344 0.000206 1
921 281 959 309 0.000204 1
1071 308 1108 340 0.000183 1
56 232 85 264 0.000182 1
528 213 557 248 0.000169 1
5 206 43 239 0.000159 1
980 254 1112 389 0.000158 1
919 244 992 266 0.000145 1
887 265 911 290 0.000145 1
451 203 565 261 0.000139 1
114 220 133 241 0.000130 1
13 225 92 283 0.000126 1
513 221 539 252 0.000122 1
946 274 970 303 0.000111 1
1019 299 1092 358 0.000111 1
27 207 65 245 0.000109 1
111 221 120 241 0.000108 1
1029 216 1170 339 0.000108 1
800 259 832 343 0.000107 1
1075 252 1095 289 0.000103 1
1003 198 1049 229 0.051469 2
864 178 954 241 0.035378 2
919 199 953 207 0.014203 2
866 195 984 249 0.011454 2
484 199 516 217 0.010802 2
984 197 1053 252 0.009683 2
931 199 953 207 0.009607 2
822 329 847 344 0.008765 2
606 201 647 216 0.008510 2
982 201 1043 229 0.006239 2
1263 201 1279 261 0.005843 2
877 198 911 242 0.005428 2
1072 202 1094 221 0.003883 2
865 180 1036 254 0.003733 2
984 208 1011 228 0.003085 2
1179 219 1279 265 0.002910 2
1244 200 1279 267 0.002891 2
892 187 953 207 0.002864 2
918 199 983 222 0.002817 2
1003 204 1037 231 0.002810 2
848 471 870 479 0.002652 2
1003 199 1047 251 0.002607 2
1036 194 1088 223 0.002556 2
960 203 987 223 0.002539 2
1261 212 1275 227 0.002421 2
1136 288 1279 413 0.002215 2
908 197 950 250 0.002171 2
1071 212 1093 234 0.002117 2
982 205 998 227 0.001986 2
631 374 658 395 0.001825 2
632 202 645 216 0.001796 2
1040 200 1072 224 0.001794 2
1073 197 1093 218 0.001784 2
980 205 1018 247 0.001747 2
1004 211 1024 229 0.001723 2
590 183 620 200 0.001684 2
1263 349 1279 369 0.001682 2
803 184 855 218 0.001639 2
960 203 987 240 0.001606 2
916 199 979 254 0.001590 2
983 199 1016 228 0.001577 2
1120 489 1134 496 0.001406 2
1263 244 1279 268 0.001343 2
588 187 659 215 0.001325 2
971 206 986 233 0.001302 2
911 197 940 215 0.001296 2
1004 196 1093 232 0.001287 2
866 225 882 243 0.001257 2
633 200 655 216 0.001187 2
508 196 521 215 0.001169 2
1263 349 1279 398 0.001085 2
977 206 998 249 0.001084 2
473 205 485 217 0.001083 2
972 210 1016 256 0.000982 2
972 248 991 260 0.000961 2
1105 488 1120 497 0.000958 2
589 186 625 213 0.000931 2
1104 487 1115 495 0.000927 2
589 200 615 213 0.000883 2
973 251 988 261 0.000851 2
1223 160 1273 182 0.000849 2
972 210 989 246 0.000785 2
971 214 996 254 0.000775 2
1000 206 1087 260 0.000765 2
1177 381 1184 392 0.000712 2
1245 247 1279 267 0.000711 2
662 274 688 283 0.000693 2
1224 158 1248 181 0.000679 2
1070 204 1080 223 0.000670 2
304 190 314 198 0.000662 2
1219 161 1279 232 0.000619 2
1007 194 1047 218 0.000619 2
1206 245 1279 291 0.000618 2
1232 178 1279 231 0.000607 2
1232 274 1279 369 0.000594 2
1261 168 1279 209 0.000590 2
451 198 480 217 0.000586 2
978 200 1002 227 0.000583 2
1189 383 1206 401 0.000580 2
639 207 653 216 0.000565 2
1167 380 1179 393 0.000547 2
1167 278 1279 359 0.000540 2
863 215 882 241 0.000535 2
1177 380 1200 394 0.000512 2
1261 168 1279 181 0.000506 2
820 328 848 363 0.000502 2
895 201 1051 289 0.000483 2
1071 192 1085 201 0.000464 2
0 397 16 408 0.000449 2
562 200 578 216 0.000438 2
903 457 913 463 0.000413 2
470 198 874 218 0.000399 2
958 246 992 260 0.000392 2
1098 292 1277 364 0.000390 2
589 205 606 214 0.000385 2
1057 192 1085 204 0.000380 2
574 186 619 214 0.000375 2
986 189 1046 224 0.000352 2
841 183 1104 272 0.000345 2
965 202 991 251 0.000334 2
312 186 322 199 0.000330 2
950 248 985 258 0.000329 2
1232 343 1279 375 0.000327 2
470 198 485 217 0.000321 2
1202 338 1280 411 0.000308 2
1168 379 1207 400 0.000307 2
1264 293 1279 404 0.000301 2
863 329 881 344 0.000286 2
0 391 16 407 0.000272 2
1242 345 1276 362 0.000268 2
470 184 517 217 0.000262 2
969 480 988 487 0.000259 2
554 200 575 216 0.000259 2
976 300 995 321 0.000251 2
1202 408 1215 416 0.000246 2
1013 190 1093 220 0.000242 2
789 232 809 239 0.000234 2
576 180 622 201 0.000234 2
387 198 397 206 0.000225 2
846 462 872 479 0.000218 2
1167 378 1188 392 0.000217 2
984 245 1015 263 0.000216 2
605 201 653 230 0.000206 2
685 190 1231 316 0.000198 2
294 180 306 199 0.000196 2
1008 465 1024 472 0.000189 2
304 185 316 198 0.000187 2
974 182 1056 213 0.000187 2
1104 487 1136 505 0.000186 2
628 363 658 396 0.000186 2
1230 342 1279 398 0.000178 2
1205 264 1279 294 0.000178 2
1030 191 1060 223 0.000175 2
556 196 602 216 0.000175 2
542 198 557 217 0.000172 2
877 439 927 477 0.000168 2
1116 491 1136 505 0.000168 2
975 480 992 487 0.000158 2
1052 269 1279 353 0.000149 2
1185 359 1279 408 0.000148 2
558 200 585 216 0.000148 2
340 184 947 282 0.000144 2
1215 270 1232 362 0.000140 2
674 208 696 233 0.000139 2
1231 342 1274 363 0.000138 2
923 247 993 263 0.000135 2
1184 276 1214 285 0.000132 2
1138 339 1219 409 0.000126 2
1133 202 1186 247 0.000124 2
622 351 661 399 0.000122 2
879 480 895 487 0.000120 2
621 186 656 213 0.000119 2
0 397 17 419 0.000117 2
985 275 1059 330 0.000117 2
907 178 995 209 0.000116 2
982 180 1039 208 0.000116 2
920 179 954 208 0.000116 2
745 203 791 236 0.000116 2
570 199 613 215 0.000114 2
913 455 927 464 0.000113 2
990 293 1031 316 0.000111 2
960 481 975 487 0.000111 2
1158 378 1212 410 0.000108 2
975 286 1025 326 0.000108 2
1167 362 1211 397 0.000106 2
641 178 671 211 0.000106 2
716 203 776 235 0.000106 2
853 471 895 481 0.000105 2
503 311 531 336 0.000103 2
854 328 879 344 0.000102 2
521 248 595 280 0.000100 2
480 175 517 217 0.008747 5
480 171 564 217 0.007010 5
1216 157 1279 265 0.001152 5
462 169 532 217 0.000978 5
445 164 516 211 0.000256 5
1183 164 1279 272 0.012297 6
1185 229 1279 266 0.011094 6
1156 282 1279 408 0.005671 6
643 275 1277 401 0.004030 6
1183 226 1279 291 0.003412 6
532 151 957 243 0.003197 6
1218 161 1279 267 0.002679 6
1159 152 1279 407 0.002263 6
1013 277 1279 409 0.001841 6
1180 336 1279 409 0.001606 6
1224 203 1279 268 0.001259 6
643 283 1276 474 0.001088 6
641 148 1060 383 0.000964 6
643 265 1267 357 0.000952 6
1222 281 1279 409 0.000948 6
1166 276 1279 365 0.000771 6
640 273 1082 380 0.000771 6
1232 274 1279 370 0.000500 6
479 168 580 211 0.000493 6
1230 189 1279 371 0.000335 6
590 152 830 217 0.000299 6
385 152 951 269 0.000276 6
1001 128 1280 415 0.000258 6
872 267 1279 355 0.000194 6
693 121 954 244 0.000192 6
974 279 1039 323 0.000177 6
641 268 994 451 0.000177 6
567 74 945 248 0.000170 6
903 269 1122 342 0.000168 6
469 157 642 210 0.000166 6
1220 65 1279 269 0.000102 6
802 176 950 243 0.129143 7
865 177 950 241 0.101800 7
702 152 953 243 0.034446 7
704 151 860 236 0.032481 7
1186 169 1279 268 0.009461 7
703 151 809 207 0.008908 7
864 177 993 247 0.007563 7
803 161 858 219 0.002902 7
803 184 855 241 0.002502 7
1263 170 1279 264 0.002083 7
865 177 942 212 0.001961 7
605 151 818 208 0.001746 7
803 184 855 218 0.001498 7
793 174 1040 251 0.001205 7
745 152 811 209 0.001116 7
844 176 930 239 0.000793 7
727 153 795 204 0.000736 7
691 176 1035 266 0.000709 7
641 157 958 271 0.000687 7
649 180 1213 325 0.000387 7
923 201 977 255 0.000327 7
478 168 568 213 0.000312 7
992 168 1080 231 0.000272 7
683 143 1102 252 0.000230 7
811 140 946 241 0.000191 7
705 140 861 208 0.000181 7
989 180 1063 215 0.000168 7
590 165 662 215 0.000166 7
871 164 1087 243 0.000157 7
982 271 1060 327 0.000119 7
690 98 1030 248 0.000101 7
1088 150 1102 177 0.529314 9
513 152 525 183 0.211926 9
1007 136 1024 174 0.092891 9
449 157 490 171 0.040337 9
365 167 373 188 0.022895 9
1208 171 1215 188 0.019777 9
312 149 342 195 0.016152 9
372 167 382 185 0.015721 9
846 151 859 166 0.015380 9
512 152 526 195 0.014499 9
833 121 861 166 0.013934 9
1207 170 1215 198 0.012289 9
119 64 167 75 0.008135 9
994 140 1001 173 0.008032 9
1125 64 1152 74 0.008028 9
837 149 860 166 0.006839 9
841 119 862 136 0.006352 9
814 149 822 159 0.005844 9
1133 64 1152 72 0.005757 9
865 152 880 168 0.005707 9
992 137 1004 175 0.005312 9
975 137 996 169 0.005246 9
994 136 1019 175 0.004917 9
995 138 1008 176 0.004856 9
960 135 976 160 0.004591 9
239 177 247 189 0.004494 9
1096 134 1104 151 0.004213 9
119 64 129 71 0.004149 9
368 166 382 187 0.004063 9
1200 135 1211 153 0.004040 9
1213 167 1224 184 0.003706 9
909 261 928 296 0.003655 9
1081 174 1088 183 0.003507 9
909 278 928 296 0.003461 9
1088 133 1105 176 0.003267 9
517 167 536 198 0.003267 9
831 136 860 167 0.003240 9
1120 64 1135 76 0.003222 9
978 135 1001 174 0.003189 9
1134 166 1146 185 0.003133 9
511 190 522 202 0.002988 9
813 144 823 157 0.002647 9
1113 175 1128 188 0.002530 9
959 135 984 164 0.002519 9
895 157 905 171 0.002398 9
1089 150 1110 179 0.002283 9
517 192 524 202 0.002231 9
1154 163 1168 184 0.002211 9
545 141 551 151 0.002179 9
698 135 705 152 0.002170 9
862 137 895 169 0.002170 9
929 157 944 183 0.002064 9
809 161 857 180 0.001908 9
1232 170 1245 184 0.001903 9
1038 144 1054 169 0.001889 9
848 181 858 209 0.001873 9
587 172 594 185 0.001828 9
999 136 1025 186 0.001804 9
1038 154 1053 169 0.001741 9
1017 155 1030 171 0.001732 9
831 136 846 152 0.001723 9
1051 111 1083 146 0.001638 9
638 139 657 163 0.001632 9
1193 164 1201 185 0.001588 9
1102 172 1129 196 0.001566 9
1046 156 1056 168 0.001528 9
512 152 544 191 0.001447 9
312 151 324 189 0.001445 9
863 136 938 153 0.001437 9
840 136 896 169 0.001436 9
1023 151 1040 159 0.001417 9
1013 136 1040 173 0.001393 9
807 148 817 160 0.001391 9
579 64 642 94 0.001355 9
804 148 811 157 0.001348 9
557 184 566 197 0.001327 9
975 135 1012 179 0.001265 9
1036 137 1062 170 0.001264 9
1172 150 1182 162 0.001262 9
1064 104 1072 119 0.001247 9
512 166 546 184 0.001241 9
586 117 597 135 0.001227 9
1104 173 1130 213 0.001225 9
581 64 596 88 0.001218 9
1131 164 1154 192 0.001167 9
1102 162 1147 201 0.001165 9
522 174 546 183 0.001164 9
1087 149 1101 190 0.001146 9
1009 137 1053 191 0.001132 9
893 136 937 152 0.001102 9
896 159 905 177 0.001102 9
589 175 599 185 0.001093 9
340 165 351 187 0.001091 9
803 156 858 199 0.001084 9
1056 152 1065 169 0.001064 9
555 173 567 197 0.001062 9
590 64 626 92 0.001052 9
1024 155 1041 169 0.001037 9
1209 136 1230 173 0.000997 9
513 173 546 185 0.000997 9
656 152 671 173 0.000989 9
880 154 894 168 0.000976 9
257 145 267 159 0.000972 9
975 168 992 184 0.000960 9
1206 124 1232 175 0.000951 9
224 183 231 198 0.000869 9
694 177 703 199 0.000862 9
1199 134 1213 180 0.000857 9
1056 109 1065 125 0.000850 9
1087 178 1099 198 0.000842 9
1041 152 1058 168 0.000827 9
862 137 895 150 0.000826 9
693 119 706 153 0.000824 9
119 64 180 79 0.000820 9
370 167 386 197 0.000796 9
249 177 256 191 0.000761 9
1055 113 1065 132 0.000761 9
312 148 363 194 0.000758 9
164 64 176 75 0.000748 9
1099 134 1109 167 0.000748 9
567 147 580 161 0.000736 9
1131 164 1156 224 0.000734 9
446 150 541 213 0.000733 9
460 185 479 199 0.000720 9
1073 151 1082 167 0.000717 9
859 136 938 169 0.000710 9
1210 125 1222 135 0.000705 9
1224 160 1246 181 0.000700 9
896 154 909 176 0.000699 9
1211 161 1246 257 0.000678 9
967 174 975 186 0.000671 9
971 126 1018 173 0.000656 9
500 151 525 188 0.000632 9
799 118 813 136 0.000628 9
1046 169 1057 184 0.000624 9
975 142 997 184 0.000620 9
483 174 496 185 0.000612 9
1052 112 1070 142 0.000611 9
974 187 981 201 0.000602 9
784 154 859 220 0.000602 9
1209 167 1229 207 0.000568 9
1053 104 1067 125 0.000567 9
992 283 999 295 0.000566 9
1200 131 1222 185 0.000564 9
1201 153 1219 193 0.000544 9
976 121 994 161 0.000541 9
638 166 652 184 0.000536 9
1081 123 1109 186 0.000523 9
215 183 223 197 0.000516 9
1089 149 1134 187 0.000513 9
944 130 951 140 0.000512 9
1045 124 1104 197 0.000507 9
1213 125 1232 150 0.000499 9
465 194 480 216 0.000499 9
1181 158 1228 225 0.000497 9
1199 168 1216 208 0.000496 9
312 184 323 196 0.000490 9
1006 154 1062 187 0.000489 9
684 119 707 183 0.000488 9
1079 167 1090 183 0.000485 9
1008 163 1060 202 0.000484 9
1086 154 1109 201 0.000483 9
697 149 705 179 0.000463 9
581 64 612 93 0.000461 9
470 188 480 201 0.000461 9
696 128 707 179 0.000451 9
1097 134 1109 155 0.000447 9
864 165 870 178 0.000447 9
160 64 177 78 0.000445 9
832 120 856 138 0.000444 9
836 76 849 90 0.000443 9
1113 164 1152 217 0.000441 9
577 183 582 200 0.000440 9
682 115 707 214 0.000436 9
1149 102 1186 136 0.000427 9
1197 147 1210 185 0.000422 9
1179 159 1241 252 0.000421 9
831 122 850 153 0.000415 9
1168 143 1173 154 0.000411 9
1151 101 1205 137 0.000410 9
801 143 809 157 0.000408 9
1102 164 1136 193 0.000407 9
884 144 908 169 0.000406 9
801 147 810 161 0.000401 9
1212 117 1223 132 0.000401 9
1184 165 1201 185 0.000399 9
1137 162 1168 188 0.000399 9
688 118 705 168 0.000397 9
225 186 231 199 0.000395 9
1074 148 1102 182 0.000392 9
943 130 953 146 0.000386 9
806 142 822 158 0.000385 9
851 88 859 106 0.000380 9
1171 143 1183 158 0.000379 9
1100 162 1149 232 0.000371 9
1086 132 1137 191 0.000371 9
446 147 527 172 0.000369 9
575 64 597 93 0.000366 9
1198 166 1215 187 0.000365 9
1169 119 1206 136 0.000365 9
866 159 898 178 0.000363 9
870 118 880 135 0.000363 9
999 125 1007 136 0.000363 9
988 138 1006 185 0.000361 9
240 164 248 179 0.000359 9
1006 133 1079 177 0.000357 9
986 122 999 171 0.000356 9
937 135 943 147 0.000350 9
589 165 603 185 0.000347 9
959 159 988 168 0.000344 9
1050 119 1060 133 0.000339 9
448 154 520 175 0.000338 9
798 114 834 137 0.000328 9
1050 116 1066 136 0.000320 9
1145 131 1186 183 0.000318 9
585 102 598 136 0.000317 9
257 180 262 191 0.000315 9
1154 135 1169 160 0.000315 9
956 163 985 187 0.000314 9
1247 71 1263 96 0.000308 9
564 182 579 201 0.000305 9
810 77 850 91 0.000305 9
990 115 998 132 0.000304 9
1145 100 1203 182 0.000299 9
1207 152 1230 191 0.000296 9
895 120 905 138 0.000295 9
904 124 912 138 0.000294 9
1113 149 1121 163 0.000291 9
695 146 707 183 0.000285 9
807 150 858 177 0.000283 9
518 179 551 199 0.000278 9
514 162 529 185 0.000275 9
118 64 199 92 0.000274 9
378 166 389 184 0.000273 9
549 173 580 202 0.000269 9
551 141 559 151 0.000267 9
121 165 127 174 0.000258 9
1147 102 1186 172 0.000258 9
801 155 813 193 0.000256 9
1161 83 1187 97 0.000255 9
95 152 104 170 0.000251 9
516 167 563 200 0.000249 9
1131 64 1156 88 0.000247 9
531 168 553 185 0.000243 9
532 172 576 200 0.000243 9
1044 110 1084 179 0.000241 9
1079 134 1089 147 0.000238 9
1158 137 1184 170 0.000238 9
1150 103 1169 126 0.000235 9
870 165 897 177 0.000230 9
457 183 476 201 0.000230 9
1073 132 1101 178 0.000228 9
217 186 223 206 0.000227 9
973 181 989 203 0.000225 9
994 130 1091 212 0.000222 9
1040 81 1056 105 0.000222 9
1101 157 1150 189 0.000222 9
829 64 839 69 0.000221 9
1131 64 1162 73 0.000218 9
635 167 658 199 0.000216 9
451 189 471 218 0.000211 9
898 243 929 296 0.000205 9
803 181 854 215 0.000205 9
990 115 1027 175 0.000204 9
1244 66 1264 100 0.000203 9
983 119 991 136 0.000203 9
868 64 878 72 0.000196 9
1248 76 1258 95 0.000193 9
446 157 520 184 0.000187 9
171 64 184 73 0.000182 9
543 159 581 202 0.000182 9
653 153 671 183 0.000181 9
645 126 660 158 0.000179 9
575 135 581 146 0.000177 9
216 163 223 177 0.000177 9
1124 64 1168 88 0.000177 9
567 137 581 162 0.000176 9
977 118 987 134 0.000175 9
1074 178 1094 200 0.000175 9
831 124 939 168 0.000174 9
899 157 996 204 0.000173 9
959 118 984 163 0.000173 9
1207 112 1223 135 0.000170 9
1105 152 1122 174 0.000169 9
624 64 640 84 0.000168 9
579 65 676 214 0.000166 9
1148 125 1172 164 0.000166 9
813 128 836 136 0.000164 9
914 150 945 185 0.000164 9
1036 109 1101 283 0.000164 9
359 154 380 189 0.000163 9
1041 115 1069 159 0.000163 9
461 162 476 187 0.000162 9
1123 64 1215 85 0.000162 9
1194 122 1214 140 0.000161 9
1099 160 1230 218 0.000161 9
1121 162 1179 223 0.000160 9
1062 64 1149 76 0.000160 9
575 65 587 94 0.000159 9
813 151 891 182 0.000158 9
959 119 970 132 0.000158 9
1200 127 1233 264 0.000157 9
503 152 557 201 0.000156 9
663 169 671 196 0.000155 9
374 184 393 203 0.000155 9
1071 161 1091 198 0.000155 9
1024 120 1036 129 0.000154 9
1142 118 1213 230 0.000153 9
702 151 713 180 0.000153 9
1153 81 1208 136 0.000152 9
95 169 103 176 0.000152 9
322 95 330 118 0.000150 9
482 156 525 201 0.000150 9
624 167 656 191 0.000148 9
1036 113 1070 173 0.000147 9
327 156 373 192 0.000145 9
963 71 976 80 0.000144 9
556 184 571 199 0.000143 9
95 64 134 72 0.000142 9
681 160 688 182 0.000142 9
907 272 930 311 0.000141 9
1188 132 1209 180 0.000140 9
960 120 985 143 0.000140 9
663 183 671 200 0.000139 9
638 80 656 105 0.000139 9
352 165 368 189 0.000138 9
1142 132 1161 164 0.000138 9
1000 175 1070 221 0.000137 9
544 137 552 152 0.000137 9
931 129 1015 171 0.000136 9
312 65 365 197 0.000134 9
256 127 268 161 0.000131 9
938 77 975 92 0.000131 9
651 127 661 143 0.000129 9
431 171 446 194 0.000129 9
928 143 944 179 0.000128 9
365 174 384 201 0.000127 9
1215 64 1232 105 0.000127 9
1072 148 1095 193 0.000126 9
1006 109 1090 181 0.000125 9
851 296 863 311 0.000123 9
807 69 873 91 0.000122 9
868 64 887 87 0.000122 9
767 103 784 120 0.000122 9
685 139 708 194 0.000121 9
1036 183 1053 207 0.000121 9
637 132 672 175 0.000119 9
904 136 944 185 0.000119 9
880 119 896 140 0.000118 9
1039 79 1073 109 0.000117 9
637 147 658 189 0.000117 9
906 272 955 313 0.000117 9
575 79 585 96 0.000116 9
991 679 1003 698 0.000116 9
697 132 712 181 0.000114 9
264 215 277 232 0.000114 9
378 162 409 185 0.000113 9
638 122 655 164 0.000113 9
1132 169 1198 218 0.000112 9
1049 105 1067 132 0.000111 9
624 64 652 91 0.000111 9
1171 117 1213 160 0.000110 9
681 181 689 206 0.000110 9
1102 147 1137 182 0.000109 9
1075 117 1088 146 0.000108 9
429 223 438 233 0.000107 9
670 329 679 344 0.000107 9
870 119 893 139 0.000105 9
592 165 621 185 0.000105 9
637 131 659 171 0.000104 9
553 141 571 151 0.000104 9
371 164 392 202 0.000104 9
516 147 544 176 0.000104 9
1163 137 1204 187 0.000104 9
400 84 409 96 0.000103 9
1151 123 1205 186 0.000101 9
1233 198 1256 233 0.068978 11
1182 191 1198 216 0.044363 11
324 110 366 164 0.014311 11
523 183 536 197 0.005616 11
517 191 527 200 0.003153 11
1052 111 1083 146 0.001760 11
1181 170 1200 218 0.001144 11
521 184 539 208 0.000489 11
1096 174 1224 235 0.000140 11
1176 189 1199 218 0.000108 11
