638 199 671 291 0.870587 0
990 193 1012 254 0.714947 0
786 199 823 272 0.664003 0
258 199 274 244 0.269406 0
786 197 795 223 0.244536 0
804 185 816 212 0.215436 0
1215 192 1225 232 0.157506 0
1039 202 1051 230 0.141899 0
924 204 946 253 0.100956 0
849 200 857 223 0.085010 0
804 187 823 231 0.057548 0
849 200 857 238 0.052346 0
1215 199 1224 219 0.051311 0
783 196 796 232 0.028436 0
1274 203 1279 266 0.020624 0
470 202 479 216 0.020357 0
633 202 644 216 0.019223 0
848 183 857 224 0.013581 0
805 203 824 239 0.012655 0
785 197 806 260 0.010123 0
459 203 465 216 0.010071 0
1209 191 1225 231 0.010030 0
1213 192 1227 258 0.008807 0
1268 199 1279 266 0.007992 0
803 184 822 216 0.007139 0
994 196 1012 225 0.006938 0
632 202 645 231 0.006708 0
670 208 678 230 0.006093 0
215 198 224 228 0.005329 0
786 204 803 230 0.004906 0
1215 190 1234 231 0.004787 0
246 196 255 215 0.004394 0
849 200 862 238 0.004391 0
780 192 814 230 0.004280 0
922 215 932 241 0.004199 0
241 196 252 238 0.004126 0
810 200 826 235 0.004098 0
1113 194 1120 202 0.003459 0
957 369 982 425 0.003295 0
921 208 935 243 0.003132 0
242 196 250 216 0.002819 0
367 208 374 218 0.002455 0
1232 170 1246 180 0.002405 0
242 195 253 224 0.001923 0
791 228 814 271 0.001874 0
494 202 847 287 0.001649 0
1262 200 1279 269 0.001582 0
1035 194 1049 229 0.001508 0
1244 198 1256 231 0.001497 0
1233 198 1256 231 0.001460 0
259 198 273 227 0.001399 0
954 372 978 461 0.001382 0
865 219 873 234 0.001288 0
1113 194 1121 208 0.001267 0
655 199 661 216 0.001265 0
979 211 1025 252 0.001167 0
861 434 879 455 0.001051 0
1213 193 1234 262 0.001036 0
465 202 474 216 0.000996 0
367 208 374 229 0.000971 0
242 211 251 239 0.000943 0
1194 212 1206 226 0.000895 0
785 201 801 247 0.000876 0
375 185 387 202 0.000871 0
981 203 1008 253 0.000844 0
654 199 664 219 0.000815 0
821 328 848 344 0.000746 0
1016 203 1025 221 0.000735 0
964 372 981 391 0.000729 0
1088 191 1096 209 0.000711 0
860 431 885 457 0.000683 0
981 204 997 234 0.000667 0
864 440 877 455 0.000657 0
465 199 479 216 0.000646 0
965 368 986 393 0.000608 0
950 271 959 293 0.000603 0
1193 187 1229 236 0.000601 0
326 192 857 287 0.000563 0
312 185 322 197 0.000555 0
1216 179 1244 232 0.000548 0
1027 198 1050 229 0.000546 0
991 382 1026 458 0.000537 0
1028 243 1034 250 0.000535 0
469 192 480 217 0.000514 0
841 188 857 238 0.000510 0
952 355 990 458 0.000506 0
674 184 1227 271 0.000499 0
861 433 880 478 0.000494 0
1192 195 1205 221 0.000493 0
681 202 690 217 0.000491 0
665 204 678 229 0.000486 0
949 246 959 254 0.000483 0
319 203 331 230 0.000478 0
786 327 849 344 0.000476 0
1209 168 1233 221 0.000444 0
992 382 1026 424 0.000414 0
1266 178 1279 244 0.000412 0
777 192 796 227 0.000396 0
778 269 850 344 0.000378 0
199 212 207 226 0.000372 0
1220 196 1257 232 0.000369 0
601 192 953 292 0.000365 0
386 198 395 206 0.000358 0
853 204 873 239 0.000342 0
788 330 811 344 0.000324 0
632 198 830 285 0.000315 0
955 369 996 429 0.000306 0
822 282 849 344 0.000303 0
1227 169 1253 231 0.000302 0
819 207 830 220 0.000297 0
1181 186 1205 218 0.000295 0
1182 190 1202 227 0.000293 0
928 203 970 254 0.000292 0
254 194 279 257 0.000289 0
475 157 919 276 0.000283 0
1104 312 1113 327 0.000280 0
103 249 132 264 0.000280 0
959 371 981 394 0.000272 0
651 162 1269 385 0.000271 0
1192 383 1205 400 0.000269 0
1175 166 1238 240 0.000243 0
857 430 892 479 0.000239 0
32 214 40 228 0.000238 0
786 184 817 222 0.000235 0
913 474 927 487 0.000235 0
638 200 667 231 0.000235 0
367 184 382 201 0.000229 0
466 201 479 248 0.000229 0
351 190 359 200 0.000229 0
1119 312 1130 330 0.000226 0
641 190 975 347 0.000220 0
769 252 836 346 0.000214 0
948 273 960 302 0.000201 0
948 364 1028 456 0.000200 0
956 360 986 402 0.000198 0
399 184 409 204 0.000196 0
1271 315 1279 327 0.000193 0
947 345 988 398 0.000190 0
392 187 909 427 0.000185 0
184 197 191 206 0.000181 0
463 202 478 233 0.000180 0
974 188 981 200 0.000179 0
1199 406 1207 417 0.000178 0
376 184 393 203 0.000176 0
867 171 1260 252 0.000172 0
855 210 875 277 0.000169 0
848 179 866 232 0.000169 0
1239 199 1279 386 0.000166 0
1072 485 1081 501 0.000166 0
23 215 41 255 0.000161 0
216 184 232 231 0.000158 0
344 187 352 199 0.000156 0
949 232 964 255 0.000156 0
373 193 386 205 0.000155 0
655 190 675 223 0.000154 0
225 177 299 273 0.000149 0
917 342 994 435 0.000146 0
613 159 625 170 0.000143 0
632 201 647 274 0.000142 0
207 201 223 229 0.000142 0
856 212 869 267 0.000139 0
660 695 811 703 0.000135 0
1261 256 1279 271 0.000133 0
329 185 343 199 0.000132 0
951 357 1012 418 0.000132 0
785 329 814 390 0.000130 0
668 200 694 232 0.000127 0
1274 221 1279 282 0.000124 0
1185 381 1209 416 0.000123 0
457 173 479 285 0.000122 0
495 197 682 287 0.000121 0
1071 332 1090 408 0.000120 0
944 364 981 427 0.000118 0
262 197 279 223 0.000115 0
911 338 1016 466 0.000114 0
783 184 799 221 0.000112 0
462 202 480 310 0.000111 0
705 131 1237 256 0.000110 0
797 311 851 345 0.000110 0
948 347 967 388 0.000109 0
995 180 1010 214 0.000107 0
774 198 802 272 0.000107 0
911 455 928 488 0.000103 0
772 231 824 279 0.787998 1
975 221 1021 264 0.784733 1
772 240 796 279 0.006064 1
998 223 1020 252 0.004803 1
1007 224 1025 251 0.002769 1
802 241 824 278 0.001925 1
789 238 824 278 0.001712 1
987 220 1024 253 0.001449 1
978 223 1006 260 0.001381 1
782 232 799 273 0.001213 1
792 257 824 280 0.001195 1
630 216 826 282 0.000942 1
924 271 960 296 0.000856 1
968 233 980 254 0.000699 1
1011 225 1034 251 0.000696 1
975 243 999 264 0.000626 1
1002 229 1028 256 0.000622 1
922 271 944 295 0.000580 1
972 221 995 256 0.000441 1
980 213 1005 253 0.000441 1
949 271 960 301 0.000434 1
909 271 957 298 0.000420 1
815 264 833 280 0.000414 1
932 271 961 304 0.000347 1
865 221 1081 285 0.000333 1
963 211 1019 255 0.000312 1
692 199 837 275 0.000289 1
19 231 74 257 0.000254 1
46 235 74 256 0.000233 1
948 216 1026 264 0.000219 1
767 228 836 350 0.000214 1
804 240 835 279 0.000198 1
948 243 977 255 0.000180 1
863 259 914 289 0.000176 1
968 217 987 253 0.000169 1
769 218 898 281 0.000165 1
1001 236 1023 264 0.000150 1
769 263 782 279 0.000146 1
1205 255 1226 273 0.000141 1
867 201 1039 267 0.000140 1
774 258 833 289 0.000136 1
908 268 938 296 0.000133 1
774 201 857 277 0.000102 1
484 199 516 217 0.073189 2
694 203 728 234 0.042903 2
878 198 954 235 0.036535 2
528 196 552 218 0.028401 2
877 199 930 243 0.015623 2
590 184 622 201 0.010656 2
590 183 647 216 0.009325 2
878 199 913 236 0.007957 2
617 197 648 218 0.007791 2
718 199 731 216 0.007282 2
560 200 578 216 0.006128 2
611 200 644 216 0.004900 2
705 210 729 234 0.004680 2
1010 196 1049 228 0.004104 2
516 195 551 218 0.003738 2
632 202 644 217 0.003671 2
695 198 728 224 0.003371 2
1270 198 1279 239 0.003266 2
552 199 563 216 0.003152 2
818 204 854 241 0.002440 2
708 200 770 234 0.002394 2
694 200 724 215 0.002306 2
845 204 878 242 0.002218 2
882 199 954 211 0.001927 2
1011 199 1039 225 0.001919 2
305 191 313 198 0.001905 2
710 199 735 233 0.001875 2
700 188 731 229 0.001827 2
1263 199 1279 266 0.001824 2
1103 184 1122 204 0.001771 2
1262 215 1273 227 0.001749 2
557 183 624 216 0.001680 2
920 200 952 212 0.001639 2
1264 198 1279 237 0.001622 2
878 200 979 245 0.001610 2
674 206 725 234 0.001533 2
558 198 591 216 0.001513 2
932 199 954 206 0.001494 2
863 221 882 243 0.001448 2
866 198 912 244 0.001432 2
611 178 634 199 0.001386 2
732 200 769 232 0.001235 2
1038 196 1072 229 0.001194 2
971 206 988 224 0.001180 2
589 200 618 215 0.001172 2
822 328 848 343 0.001157 2
312 187 322 199 0.001125 2
625 189 644 202 0.001124 2
974 210 986 227 0.001071 2
616 189 654 216 0.001066 2
1088 191 1095 202 0.001025 2
1068 202 1128 242 0.000937 2
1086 184 1125 206 0.000932 2
482 181 553 218 0.000925 2
1104 488 1136 498 0.000896 2
1178 226 1278 263 0.000873 2
988 195 1046 250 0.000852 2
1047 194 1094 238 0.000842 2
628 196 667 218 0.000824 2
746 200 768 220 0.000803 2
557 197 624 216 0.000801 2
1050 194 1082 218 0.000800 2
1060 194 1087 212 0.000788 2
605 178 643 201 0.000751 2
959 204 987 224 0.000724 2
750 201 768 230 0.000715 2
675 210 707 234 0.000703 2
920 201 981 254 0.000690 2
725 201 794 235 0.000683 2
1248 214 1270 233 0.000667 2
1226 167 1279 181 0.000665 2
923 202 980 223 0.000663 2
1247 200 1279 266 0.000662 2
1263 346 1279 372 0.000646 2
805 182 855 241 0.000639 2
1213 196 1279 265 0.000613 2
1069 200 1102 240 0.000601 2
448 200 465 216 0.000591 2
1262 168 1279 181 0.000587 2
692 181 729 224 0.000543 2
1012 215 1025 225 0.000532 2
973 217 988 247 0.000512 2
1104 487 1117 495 0.000508 2
304 185 320 198 0.000503 2
1103 487 1136 504 0.000490 2
1070 191 1087 203 0.000478 2
1076 193 1090 201 0.000453 2
1263 364 1279 377 0.000431 2
964 203 988 249 0.000431 2
911 195 986 225 0.000429 2
1056 191 1084 206 0.000424 2
470 188 480 202 0.000417 2
1072 199 1092 210 0.000396 2
1247 197 1277 235 0.000359 2
701 184 736 217 0.000348 2
496 239 536 252 0.000317 2
387 198 396 206 0.000304 2
872 197 1035 254 0.000303 2
961 199 995 228 0.000291 2
647 183 673 210 0.000269 2
319 204 332 231 0.000245 2
598 198 648 217 0.000243 2
648 193 690 229 0.000239 2
1103 182 1135 206 0.000232 2
1022 195 1107 239 0.000232 2
1255 317 1279 373 0.000214 2
685 197 704 216 0.000212 2
615 199 838 284 0.000196 2
646 182 692 219 0.000195 2
614 179 651 208 0.000193 2
294 179 308 199 0.000192 2
473 184 514 217 0.000191 2
1263 362 1279 404 0.000188 2
1134 183 1201 217 0.000187 2
464 187 480 205 0.000183 2
1142 184 1181 215 0.000183 2
702 217 728 236 0.000180 2
1081 312 1176 345 0.000176 2
736 200 745 215 0.000168 2
984 214 1083 252 0.000167 2
1252 178 1279 236 0.000156 2
1055 192 1125 246 0.000149 2
485 206 516 221 0.000149 2
507 239 528 251 0.000148 2
1078 193 1146 232 0.000144 2
864 207 884 239 0.000141 2
652 204 732 239 0.000138 2
1098 182 1144 216 0.000138 2
1129 273 1278 358 0.000137 2
759 202 790 234 0.000136 2
658 184 671 215 0.000133 2
1085 153 1123 205 0.000130 2
356 216 368 229 0.000121 2
646 182 663 201 0.000119 2
1070 326 1088 341 0.000117 2
647 189 657 202 0.000115 2
1036 326 1088 343 0.000114 2
442 165 525 217 0.000110 2
1255 313 1279 335 0.000108 2
706 188 854 235 0.000108 2
767 180 990 284 0.000104 2
1271 311 1279 327 0.000104 2
886 183 950 206 0.000101 2
480 174 516 217 0.010025 5
479 171 573 217 0.009963 5
482 196 515 217 0.003363 5
506 190 536 207 0.000522 5
808 160 861 225 0.000175 5
647 273 1274 386 0.001073 6
648 269 1276 483 0.000964 6
649 238 1273 361 0.000545 6
647 165 1275 378 0.000508 6
475 158 652 216 0.000437 6
1112 180 1279 261 0.000299 6
0 68 75 243 0.000219 6
859 166 1269 253 0.000176 6
910 275 1277 368 0.000158 6
1116 173 1279 354 0.000137 6
0 137 42 234 0.000123 6
864 177 953 235 0.289707 7
702 152 858 236 0.091401 7
701 151 952 240 0.043078 7
589 182 645 216 0.029981 7
800 177 954 241 0.020451 7
590 184 622 201 0.010207 7
865 177 945 211 0.009905 7
589 183 622 214 0.008201 7
480 170 577 216 0.007195 7
697 184 730 234 0.006851 7
876 200 978 243 0.005197 7
589 160 649 216 0.004498 7
590 176 638 201 0.004297 7
480 174 515 217 0.004276 7
1116 183 1207 249 0.003604 7
806 160 857 221 0.003171 7
1189 175 1279 265 0.003169 7
803 169 875 241 0.002946 7
555 178 647 217 0.002300 7
607 177 634 200 0.002227 7
861 176 1060 244 0.002159 7
1213 173 1279 234 0.002058 7
779 155 860 240 0.002013 7
478 167 651 217 0.001944 7
1129 174 1279 266 0.001849 7
986 193 1052 228 0.001834 7
701 184 729 219 0.001768 7
758 153 859 210 0.001563 7
725 152 813 212 0.001551 7
702 184 729 203 0.001385 7
1010 194 1049 229 0.001221 7
530 150 951 238 0.001201 7
528 194 551 218 0.001192 7
1118 183 1193 220 0.001141 7
561 183 623 215 0.000971 7
590 156 686 217 0.000946 7
554 175 581 214 0.000882 7
524 173 581 217 0.000878 7
660 165 1233 255 0.000786 7
679 167 973 263 0.000762 7
603 163 636 199 0.000746 7
607 171 643 200 0.000705 7
1246 175 1279 266 0.000614 7
555 178 577 203 0.000519 7
661 175 1092 270 0.000510 7
1263 166 1279 262 0.000498 7
590 155 742 222 0.000479 7
591 173 716 219 0.000453 7
1105 164 1245 247 0.000421 7
510 169 575 207 0.000403 7
810 160 857 181 0.000376 7
848 177 916 239 0.000373 7
681 170 729 234 0.000354 7
576 150 854 226 0.000335 7
605 164 632 182 0.000273 7
1101 163 1148 205 0.000246 7
411 161 698 222 0.000231 7
1069 175 1162 247 0.000201 7
526 180 556 208 0.000183 7
866 176 918 203 0.000182 7
739 152 807 186 0.000162 7
842 170 929 223 0.000160 7
1181 165 1243 217 0.000158 7
353 166 862 268 0.000142 7
959 174 1064 230 0.000138 7
383 153 903 229 0.000135 7
815 145 952 235 0.000127 7
886 178 951 205 0.000122 7
455 171 516 212 0.000121 7
1263 75 1279 273 0.000118 7
1088 150 1102 177 0.499903 9
513 152 524 178 0.207462 9
1007 136 1024 174 0.061987 9
1207 168 1215 187 0.017374 9
366 167 373 186 0.014173 9
1207 168 1215 199 0.012939 9
449 157 490 171 0.012071 9
1130 64 1152 74 0.007944 9
1089 150 1109 179 0.006685 9
1089 131 1106 177 0.006423 9
372 167 381 184 0.005845 9
1096 132 1105 175 0.005515 9
848 182 858 220 0.005469 9
1173 151 1182 163 0.005258 9
239 177 247 190 0.004760 9
1212 168 1224 190 0.004634 9
1206 163 1216 191 0.004393 9
312 149 341 191 0.003482 9
512 153 525 194 0.003408 9
1181 185 1200 217 0.003201 9
1120 64 1151 76 0.002830 9
119 64 128 71 0.002785 9
224 183 232 197 0.002520 9
997 137 1008 179 0.002236 9
362 167 373 188 0.002086 9
1192 164 1201 185 0.001956 9
512 191 521 201 0.001681 9
865 151 879 168 0.001596 9
992 139 1001 174 0.001586 9
119 64 178 76 0.001533 9
1046 155 1056 174 0.001507 9
844 150 860 166 0.001501 9
1046 161 1056 178 0.001376 9
557 183 566 198 0.001367 9
994 136 1001 166 0.001320 9
1156 166 1167 184 0.001294 9
840 119 863 136 0.001275 9
1096 131 1110 176 0.001248 9
119 64 161 73 0.001213 9
1209 167 1226 203 0.001143 9
312 148 353 198 0.001118 9
851 89 859 105 0.001098 9
1120 64 1137 75 0.001071 9
166 64 177 75 0.001005 9
1047 173 1055 184 0.001002 9
1087 147 1102 192 0.000965 9
448 156 512 171 0.000960 9
1181 168 1201 220 0.000937 9
693 179 702 199 0.000840 9
365 166 376 189 0.000832 9
994 135 1006 175 0.000808 9
1199 135 1208 153 0.000800 9
1081 172 1089 183 0.000760 9
249 177 257 191 0.000738 9
879 156 892 167 0.000721 9
1171 137 1183 163 0.000719 9
689 119 703 178 0.000683 9
1053 112 1082 146 0.000680 9
545 141 551 151 0.000677 9
998 130 1105 182 0.000651 9
1209 166 1229 238 0.000614 9
502 152 524 178 0.000612 9
1022 151 1040 162 0.000611 9
835 135 861 166 0.000610 9
1088 132 1123 181 0.000596 9
1183 162 1218 224 0.000594 9
689 119 700 163 0.000584 9
257 180 263 191 0.000580 9
803 148 811 156 0.000554 9
1014 140 1036 173 0.000539 9
157 64 170 72 0.000536 9
995 131 1012 175 0.000530 9
1200 167 1216 209 0.000527 9
1201 166 1215 186 0.000524 9
162 64 178 77 0.000518 9
840 119 855 135 0.000518 9
512 151 543 185 0.000503 9
554 173 576 200 0.000494 9
239 164 247 178 0.000490 9
1222 168 1231 183 0.000476 9
861 139 887 168 0.000474 9
829 135 907 167 0.000474 9
1020 151 1040 169 0.000470 9
1184 165 1201 186 0.000469 9
882 137 938 153 0.000465 9
448 153 563 184 0.000458 9
1169 146 1183 164 0.000456 9
595 64 625 91 0.000455 9
1147 134 1184 167 0.000449 9
521 173 547 183 0.000421 9
999 126 1007 136 0.000419 9
961 71 976 91 0.000418 9
514 174 547 192 0.000413 9
1210 145 1227 168 0.000392 9
832 136 856 155 0.000372 9
1096 156 1118 194 0.000372 9
1199 146 1207 179 0.000372 9
1087 180 1097 201 0.000364 9
257 146 266 159 0.000363 9
1052 117 1071 145 0.000359 9
1176 213 1185 224 0.000358 9
1079 148 1102 181 0.000356 9
1010 135 1041 171 0.000347 9
1191 154 1217 191 0.000344 9
638 160 646 178 0.000335 9
525 169 551 182 0.000334 9
991 134 1009 179 0.000333 9
341 164 351 187 0.000322 9
1039 150 1057 176 0.000319 9
1206 155 1227 199 0.000314 9
258 143 269 159 0.000313 9
171 64 184 73 0.000312 9
851 118 870 136 0.000307 9
1127 165 1146 185 0.000297 9
1050 120 1064 136 0.000296 9
1100 164 1148 208 0.000293 9
173 64 201 88 0.000288 9
687 120 704 204 0.000287 9
1038 133 1060 175 0.000287 9
1103 164 1164 216 0.000283 9
581 64 595 79 0.000276 9
985 132 993 145 0.000275 9
866 166 896 178 0.000274 9
313 132 361 194 0.000273 9
1050 120 1057 134 0.000271 9
1002 136 1025 185 0.000269 9
537 168 553 181 0.000269 9
1170 149 1185 171 0.000266 9
1264 79 1279 105 0.000266 9
518 182 552 205 0.000261 9
877 149 894 167 0.000255 9
696 151 704 177 0.000253 9
1005 137 1056 190 0.000251 9
118 64 201 91 0.000250 9
214 183 225 201 0.000247 9
845 136 939 155 0.000247 9
1111 164 1129 182 0.000242 9
317 156 352 190 0.000237 9
596 134 605 151 0.000235 9
359 147 377 189 0.000228 9
321 92 331 122 0.000224 9
376 184 392 202 0.000221 9
845 136 897 159 0.000220 9
591 131 599 152 0.000219 9
581 64 630 92 0.000217 9
567 147 580 161 0.000215 9
1143 163 1192 215 0.000215 9
813 143 823 154 0.000214 9
814 162 857 180 0.000212 9
638 161 651 183 0.000211 9
593 131 603 152 0.000209 9
524 151 544 172 0.000207 9
1110 165 1158 188 0.000204 9
831 135 899 153 0.000203 9
111 151 127 163 0.000199 9
580 64 596 91 0.000199 9
1104 163 1121 180 0.000198 9
1055 152 1065 175 0.000197 9
831 134 849 152 0.000192 9
1192 384 1206 402 0.000188 9
978 137 994 166 0.000183 9
1129 165 1171 185 0.000181 9
943 130 952 149 0.000180 9
862 111 869 118 0.000178 9
1110 149 1122 167 0.000173 9
216 163 223 176 0.000169 9
654 127 660 143 0.000169 9
1152 138 1174 184 0.000169 9
1106 151 1120 173 0.000168 9
294 176 306 197 0.000167 9
446 152 527 172 0.000165 9
1027 115 1104 189 0.000165 9
67 169 77 179 0.000164 9
905 126 912 137 0.000163 9
221 165 232 175 0.000153 9
1104 64 1122 71 0.000153 9
862 165 886 179 0.000153 9
944 129 951 141 0.000150 9
859 136 937 176 0.000150 9
1102 166 1125 205 0.000148 9
982 126 1024 185 0.000147 9
430 223 438 231 0.000145 9
687 161 701 207 0.000143 9
714 135 720 154 0.000143 9
223 177 248 192 0.000142 9
432 171 446 193 0.000141 9
379 161 409 184 0.000140 9
892 155 906 175 0.000139 9
1149 135 1191 186 0.000138 9
831 118 844 135 0.000134 9
861 136 895 150 0.000134 9
984 125 995 145 0.000133 9
256 177 265 189 0.000132 9
352 163 363 189 0.000131 9
1073 130 1103 179 0.000131 9
1170 146 1202 181 0.000130 9
1185 148 1203 186 0.000130 9
64 121 72 138 0.000129 9
398 84 410 96 0.000127 9
802 142 815 157 0.000127 9
361 152 384 188 0.000127 9
1263 79 1279 169 0.000125 9
351 157 367 191 0.000125 9
961 135 979 160 0.000124 9
1009 160 1059 186 0.000123 9
878 129 1211 244 0.000122 9
691 149 706 199 0.000118 9
829 120 853 136 0.000115 9
893 166 904 177 0.000112 9
1226 159 1250 181 0.000111 9
959 75 971 90 0.000111 9
1023 120 1035 129 0.000110 9
987 127 998 149 0.000109 9
575 136 581 145 0.000109 9
833 86 842 105 0.000107 9
1082 154 1140 231 0.000106 9
870 118 879 135 0.000103 9
546 140 571 152 0.000101 9
1181 190 1199 216 0.045297 11
523 183 536 196 0.027131 11
324 110 366 164 0.009161 11
518 190 526 200 0.005116 11
312 149 342 190 0.002975 11
1054 112 1083 146 0.001763 11
1054 120 1065 136 0.001004 11
449 157 491 171 0.000799 11
313 150 327 186 0.000549 11
323 64 358 95 0.000101 11
