657 199 690 285 0.818399 0
1213 204 1279 352 0.792225 0
818 447 1179 703 0.713890 0
1018 194 1045 262 0.703429 0
828 191 856 266 0.507235 0
256 200 269 246 0.246399 0
925 204 946 254 0.095802 0
830 190 855 242 0.056036 0
450 193 465 247 0.049275 0
833 199 866 267 0.031695 0
832 190 851 224 0.024349 0
451 193 462 203 0.019912 0
633 203 645 216 0.015994 0
241 195 255 238 0.012566 0
810 189 855 256 0.010830 0
450 193 464 219 0.008966 0
985 207 998 228 0.008109 0
834 200 865 243 0.007359 0
1187 191 1215 250 0.006943 0
1273 205 1279 253 0.006523 0
482 448 959 703 0.005437 0
1036 198 1049 253 0.005371 0
243 195 255 216 0.005085 0
1113 194 1120 202 0.004572 0
214 197 224 229 0.004453 0
632 202 645 227 0.004156 0
1184 208 1204 255 0.004042 0
1195 198 1216 249 0.003556 0
922 216 932 241 0.003521 0
787 198 794 215 0.003378 0
982 207 1000 236 0.003354 0
451 198 465 232 0.003250 0
1270 207 1279 262 0.003238 0
822 190 852 236 0.002991 0
1202 199 1214 220 0.002696 0
256 202 268 227 0.002557 0
1187 219 1204 252 0.002394 0
1204 231 1260 344 0.002217 0
921 206 935 242 0.002146 0
787 197 794 224 0.001874 0
451 196 475 251 0.001862 0
471 201 480 216 0.001638 0
824 575 1134 703 0.001581 0
1264 285 1279 353 0.001496 0
1207 228 1215 248 0.001474 0
454 210 467 248 0.001401 0
1184 224 1204 263 0.001400 0
848 431 912 480 0.001354 0
1113 194 1121 207 0.001349 0
848 433 886 479 0.001343 0
1191 224 1212 250 0.001301 0
375 185 386 202 0.001192 0
1261 212 1279 276 0.001187 0
1231 169 1245 181 0.000976 0
865 212 873 235 0.000922 0
781 195 796 223 0.000909 0
1054 221 1066 243 0.000884 0
1207 193 1227 246 0.000833 0
786 197 794 232 0.000778 0
784 193 794 215 0.000749 0
661 199 676 217 0.000722 0
1270 289 1279 317 0.000713 0
312 185 323 197 0.000710 0
1249 226 1277 284 0.000657 0
487 192 947 288 0.000621 0
1241 217 1277 275 0.000612 0
1088 191 1096 209 0.000569 0
199 212 207 226 0.000547 0
958 369 979 426 0.000546 0
785 263 849 344 0.000533 0
660 200 685 242 0.000516 0
827 211 851 264 0.000501 0
922 202 974 254 0.000468 0
1184 201 1221 269 0.000453 0
1263 240 1279 287 0.000436 0
941 479 1176 698 0.000409 0
1217 225 1225 232 0.000401 0
654 210 860 282 0.000384 0
950 246 959 254 0.000373 0
1181 189 1206 244 0.000363 0
367 186 376 200 0.000360 0
849 455 909 480 0.000359 0
815 217 837 243 0.000358 0
352 190 360 200 0.000310 0
952 598 1136 703 0.000304 0
386 197 396 206 0.000298 0
253 199 279 248 0.000294 0
329 185 343 199 0.000284 0
319 203 331 229 0.000281 0
815 273 850 345 0.000281 0
1193 310 1201 327 0.000279 0
813 167 857 223 0.000277 0
789 330 811 346 0.000275 0
344 188 352 199 0.000269 0
924 548 1136 701 0.000262 0
103 249 138 264 0.000260 0
918 204 939 250 0.000253 0
1023 484 1168 695 0.000251 0
487 591 610 703 0.000239 0
865 441 877 455 0.000231 0
1256 206 1279 296 0.000228 0
958 369 987 412 0.000227 0
459 197 480 306 0.000224 0
577 200 694 287 0.000222 0
817 643 899 703 0.000221 0
814 327 843 344 0.000214 0
931 505 1053 564 0.000209 0
1209 203 1237 251 0.000208 0
958 371 978 407 0.000207 0
845 181 857 214 0.000206 0
786 326 840 344 0.000203 0
372 195 386 205 0.000203 0
787 198 799 234 0.000199 0
821 328 848 344 0.000198 0
861 434 879 456 0.000193 0
184 197 191 206 0.000193 0
216 184 232 231 0.000191 0
643 188 977 359 0.000190 0
957 368 1023 429 0.000183 0
486 613 563 703 0.000175 0
848 443 985 480 0.000169 0
789 185 870 256 0.000166 0
652 200 667 224 0.000163 0
207 201 223 229 0.000161 0
992 383 1023 424 0.000160 0
689 221 703 277 0.000159 0
466 202 480 227 0.000158 0
673 200 689 219 0.000158 0
403 156 920 280 0.000158 0
1104 312 1115 328 0.000157 0
1230 317 1248 352 0.000153 0
32 213 40 227 0.000149 0
661 230 690 282 0.000146 0
1178 234 1188 247 0.000143 0
485 647 528 703 0.000137 0
804 170 1277 351 0.000136 0
813 223 853 346 0.000133 0
827 277 849 343 0.000127 0
1058 227 1072 333 0.000126 0
375 184 393 203 0.000123 0
930 164 1257 262 0.000117 0
630 202 657 231 0.000114 0
449 177 487 286 0.000113 0
454 225 466 254 0.000113 0
271 197 279 217 0.000108 0
1057 226 1074 296 0.000107 0
1038 229 1074 334 0.000107 0
1116 312 1131 333 0.000103 0
859 431 887 459 0.000101 0
1193 272 1279 374 0.826004 1
806 222 855 280 0.602153 1
1008 224 1025 263 0.329564 1
1008 219 1050 263 0.243649 1
806 235 834 275 0.015550 1
752 248 806 280 0.009319 1
1264 307 1279 379 0.008963 1
1193 294 1240 367 0.007689 1
822 239 855 279 0.006494 1
1029 226 1051 259 0.005753 1
805 224 898 281 0.004866 1
1258 280 1279 365 0.004719 1
990 219 1026 263 0.004267 1
666 217 854 281 0.003765 1
1254 267 1279 318 0.003692 1
775 253 805 280 0.003687 1
805 219 841 273 0.003329 1
770 248 787 280 0.002885 1
1217 274 1279 359 0.002736 1
997 226 1021 263 0.002681 1
1245 262 1279 344 0.002405 1
805 221 987 287 0.002244 1
1252 267 1279 292 0.002183 1
1264 271 1279 314 0.001923 1
1019 209 1045 262 0.001828 1
1007 226 1079 264 0.001778 1
788 254 804 278 0.001741 1
755 244 845 281 0.001617 1
454 224 465 250 0.001540 1
828 235 879 280 0.001237 1
1263 345 1279 380 0.001192 1
973 219 1020 259 0.001180 1
1226 317 1279 354 0.001156 1
831 225 851 264 0.001103 1
997 241 1023 263 0.001000 1
1253 244 1279 289 0.000998 1
1236 312 1280 367 0.000986 1
925 271 961 342 0.000822 1
839 245 891 281 0.000812 1
927 272 961 305 0.000795 1
813 217 842 262 0.000756 1
1037 219 1056 252 0.000748 1
1267 282 1279 313 0.000716 1
40 234 73 256 0.000716 1
949 273 961 304 0.000711 1
752 263 787 280 0.000708 1
19 231 74 257 0.000688 1
910 270 958 297 0.000687 1
807 238 856 301 0.000658 1
1196 296 1217 325 0.000634 1
1204 248 1248 331 0.000594 1
804 220 863 340 0.000568 1
957 200 1053 263 0.000548 1
1205 291 1277 322 0.000522 1
950 273 960 294 0.000503 1
774 221 855 346 0.000494 1
1086 311 1168 347 0.000455 1
903 268 962 344 0.000451 1
865 251 911 288 0.000430 1
1198 291 1219 318 0.000414 1
1209 308 1279 366 0.000391 1
1193 252 1238 329 0.000385 1
46 224 73 256 0.000374 1
743 194 1268 351 0.000357 1
1214 308 1233 352 0.000350 1
1013 236 1071 263 0.000345 1
1193 300 1219 362 0.000337 1
1215 303 1243 352 0.000316 1
803 217 823 239 0.000315 1
1263 287 1279 418 0.000315 1
752 245 845 306 0.000308 1
1110 276 1273 372 0.000307 1
1200 286 1251 340 0.000287 1
1221 227 1279 350 0.000279 1
829 251 914 295 0.000270 1
797 219 945 339 0.000248 1
1192 299 1206 327 0.000238 1
990 243 1017 262 0.000220 1
1215 293 1267 349 0.000215 1
789 251 816 278 0.000206 1
788 215 850 240 0.000200 1
1236 333 1279 381 0.000198 1
759 249 815 295 0.000197 1
1231 328 1248 352 0.000188 1
828 202 1073 299 0.000179 1
933 182 1269 270 0.000165 1
826 278 850 344 0.000158 1
1264 362 1279 382 0.000156 1
803 245 837 297 0.000156 1
1143 323 1190 357 0.000143 1
866 249 892 281 0.000141 1
44 224 97 256 0.000133 1
761 220 857 278 0.000126 1
1181 262 1225 339 0.000117 1
772 254 836 298 0.000116 1
1167 264 1238 333 0.000116 1
1005 203 1082 339 0.000113 1
783 230 836 276 0.000111 1
1225 298 1249 349 0.000106 1
1148 310 1168 353 0.000106 1
1194 333 1231 367 0.000105 1
483 200 515 217 0.055769 2
991 196 1051 251 0.050650 2
694 204 728 234 0.040584 2
1004 200 1025 229 0.025081 2
528 196 552 218 0.021437 2
981 201 1026 231 0.018351 2
606 200 647 216 0.017440 2
1008 202 1026 224 0.016708 2
1013 196 1050 261 0.015710 2
876 198 954 238 0.011151 2
1272 204 1279 251 0.010470 2
625 201 651 216 0.006861 2
589 184 622 201 0.006364 2
560 200 578 216 0.005828 2
982 207 998 229 0.005558 2
1009 194 1031 220 0.005497 2
876 199 928 243 0.004923 2
1261 207 1279 252 0.004147 2
981 201 1026 250 0.004130 2
1050 215 1067 234 0.003645 2
975 208 1001 252 0.003059 2
551 200 563 216 0.002631 2
589 184 622 215 0.002522 2
516 194 551 217 0.002297 2
1113 216 1193 250 0.002296 2
693 201 723 216 0.002198 2
971 219 995 253 0.002086 2
878 199 911 239 0.002084 2
1053 219 1066 241 0.002029 2
970 206 987 224 0.002020 2
973 218 986 242 0.001998 2
305 191 313 198 0.001957 2
865 220 873 235 0.001924 2
973 208 986 235 0.001874 2
471 203 480 217 0.001843 2
592 191 651 217 0.001822 2
634 199 656 215 0.001749 2
961 206 985 224 0.001731 2
557 183 623 216 0.001715 2
719 199 730 216 0.001713 2
931 200 953 206 0.001649 2
803 185 852 230 0.001616 2
962 204 987 248 0.001591 2
1037 195 1073 246 0.001590 2
864 218 877 241 0.001576 2
1259 199 1279 225 0.001536 2
1228 199 1279 249 0.001474 2
1052 216 1084 245 0.001463 2
924 200 952 214 0.001384 2
1043 194 1086 226 0.001330 2
873 188 1053 250 0.001286 2
1067 213 1123 237 0.001282 2
1040 193 1094 244 0.001239 2
919 201 979 254 0.001220 2
1103 185 1122 204 0.001203 2
1112 222 1135 247 0.001197 2
312 187 322 199 0.001174 2
803 215 829 238 0.001168 2
1190 274 1279 421 0.001152 2
692 208 702 234 0.001140 2
1063 215 1092 248 0.001133 2
1017 194 1042 225 0.001055 2
962 200 1012 227 0.001030 2
1112 221 1157 248 0.001013 2
1050 214 1075 239 0.001004 2
611 190 657 215 0.000994 2
589 203 614 215 0.000982 2
1066 197 1127 240 0.000958 2
976 186 1039 230 0.000906 2
890 199 954 211 0.000892 2
1045 194 1088 215 0.000877 2
1237 193 1279 235 0.000849 2
927 203 981 224 0.000832 2
1070 214 1090 233 0.000822 2
1065 214 1122 250 0.000818 2
1241 214 1277 255 0.000811 2
1003 194 1101 238 0.000805 2
480 179 553 218 0.000782 2
1006 199 1086 262 0.000774 2
1035 194 1047 219 0.000764 2
557 199 619 216 0.000671 2
707 199 736 235 0.000648 2
712 200 777 235 0.000615 2
1225 167 1279 181 0.000609 2
750 200 768 216 0.000581 2
866 206 907 243 0.000549 2
1088 214 1125 240 0.000541 2
1271 250 1279 267 0.000539 2
1086 184 1125 205 0.000536 2
1070 192 1087 202 0.000509 2
1194 351 1280 427 0.000490 2
304 185 321 198 0.000482 2
910 192 987 225 0.000478 2
805 188 1070 263 0.000455 2
959 199 991 224 0.000455 2
470 188 480 202 0.000441 2
1055 192 1085 205 0.000436 2
1074 193 1090 201 0.000425 2
696 209 757 235 0.000423 2
1111 229 1120 248 0.000409 2
1214 167 1279 202 0.000408 2
692 182 729 224 0.000368 2
460 188 480 211 0.000357 2
1113 216 1134 234 0.000357 2
1005 198 1129 253 0.000344 2
940 205 977 253 0.000344 2
1262 167 1279 181 0.000312 2
1071 197 1092 210 0.000293 2
1092 193 1125 232 0.000287 2
588 180 657 214 0.000280 2
650 198 664 217 0.000272 2
719 199 772 223 0.000269 2
1102 181 1142 206 0.000267 2
1115 183 1204 246 0.000260 2
383 180 888 225 0.000254 2
747 201 768 232 0.000252 2
1187 319 1269 418 0.000236 2
0 396 16 410 0.000236 2
387 198 397 206 0.000234 2
496 239 534 252 0.000229 2
1006 184 1043 220 0.000227 2
1133 184 1188 215 0.000224 2
662 189 1256 345 0.000219 2
700 183 737 226 0.000202 2
802 184 987 288 0.000201 2
690 205 850 250 0.000199 2
1264 183 1279 237 0.000197 2
1087 187 1141 245 0.000186 2
548 192 639 218 0.000182 2
319 203 332 231 0.000182 2
294 180 308 199 0.000178 2
599 200 654 227 0.000173 2
1099 183 1143 222 0.000168 2
700 217 728 237 0.000166 2
1230 205 1271 233 0.000158 2
736 202 747 216 0.000157 2
864 208 881 239 0.000157 2
354 192 367 200 0.000146 2
789 232 810 239 0.000144 2
486 206 516 221 0.000142 2
699 194 798 235 0.000142 2
1031 192 1064 238 0.000136 2
872 198 989 258 0.000136 2
800 189 839 238 0.000136 2
447 184 480 206 0.000124 2
728 199 762 216 0.000123 2
730 203 791 236 0.000121 2
507 239 528 251 0.000113 2
869 188 973 284 0.000112 2
1118 183 1170 217 0.000112 2
526 199 569 224 0.000111 2
356 216 368 230 0.000109 2
1186 196 1278 280 0.000108 2
876 217 912 246 0.000107 2
325 191 882 284 0.000101 2
480 174 516 217 0.010449 5
479 171 574 217 0.004013 5
866 177 943 203 0.003440 5
481 183 530 217 0.002886 5
1214 171 1279 221 0.000653 5
445 166 541 218 0.000589 5
806 160 864 210 0.000272 5
467 157 626 215 0.000235 6
0 66 74 246 0.000227 6
7 64 516 400 0.000146 6
988 149 1272 246 0.000102 6
865 177 953 239 0.274638 7
705 152 953 239 0.091785 7
719 152 859 235 0.081696 7
805 176 955 239 0.062308 7
866 177 942 213 0.010874 7
1116 183 1219 250 0.010348 7
589 184 652 215 0.009778 7
589 184 623 203 0.009292 7
802 160 858 224 0.006920 7
589 184 625 215 0.006822 7
1209 176 1279 235 0.005903 7
695 184 729 234 0.005646 7
869 197 979 248 0.005313 7
865 177 1052 247 0.005066 7
695 170 1034 249 0.004982 7
480 174 516 217 0.004384 7
480 171 580 215 0.003345 7
703 152 812 235 0.003260 7
1115 170 1279 263 0.003027 7
803 185 857 231 0.002732 7
672 174 965 274 0.001665 7
701 184 729 214 0.001221 7
478 150 952 236 0.001061 7
522 191 551 217 0.000823 7
1181 173 1279 265 0.000812 7
726 152 809 212 0.000799 7
1092 162 1238 250 0.000798 7
523 173 581 217 0.000791 7
956 183 1044 228 0.000688 7
1117 183 1199 226 0.000687 7
529 179 622 216 0.000633 7
826 175 940 222 0.000622 7
565 183 623 214 0.000618 7
1232 178 1279 230 0.000561 7
555 176 581 214 0.000501 7
646 191 1133 338 0.000395 7
1071 167 1149 248 0.000395 7
1209 169 1279 215 0.000379 7
750 152 860 199 0.000329 7
555 178 575 199 0.000326 7
1063 189 1128 248 0.000286 7
801 158 934 218 0.000260 7
588 154 720 217 0.000248 7
847 167 1271 255 0.000242 7
554 175 620 205 0.000199 7
866 176 921 203 0.000196 7
452 158 934 276 0.000193 7
722 143 1195 259 0.000191 7
369 174 865 241 0.000181 7
1069 145 1121 249 0.000181 7
880 177 951 205 0.000142 7
959 165 1055 244 0.000131 7
676 97 951 239 0.000127 7
811 139 954 236 0.000123 7
731 152 808 185 0.000121 7
1097 162 1234 217 0.000121 7
475 155 630 215 0.000116 7
688 150 730 234 0.000113 7
1096 163 1151 239 0.000111 7
594 151 651 212 0.000111 7
374 153 750 225 0.000111 7
1251 75 1279 260 0.000109 7
912 175 1273 290 0.000106 7
1204 174 1257 248 0.000105 7
587 166 623 203 0.000102 7
1088 150 1102 176 0.536114 9
513 152 524 178 0.204650 9
1181 190 1199 216 0.026736 9
1007 136 1024 174 0.024894 9
449 157 490 171 0.016102 9
366 167 373 186 0.011746 9
1129 64 1152 74 0.009705 9
1217 191 1223 207 0.008930 9
1089 150 1109 178 0.006374 9
1089 132 1106 177 0.006297 9
1207 168 1215 190 0.006141 9
372 167 381 184 0.005971 9
1203 192 1214 208 0.005713 9
1096 133 1105 175 0.005620 9
239 177 247 191 0.005236 9
1202 194 1214 218 0.005027 9
312 149 342 190 0.003948 9
1213 168 1224 184 0.003344 9
1121 64 1152 77 0.003300 9
513 155 525 194 0.002946 9
864 141 883 168 0.002804 9
224 183 232 197 0.002387 9
1156 164 1167 184 0.002327 9
863 136 894 168 0.002326 9
557 183 566 198 0.002213 9
1173 151 1182 163 0.002180 9
1184 188 1210 217 0.002095 9
119 64 128 71 0.001994 9
814 144 822 156 0.001864 9
555 173 567 199 0.001739 9
1099 133 1110 173 0.001718 9
362 167 373 188 0.001718 9
838 140 860 166 0.001638 9
1047 173 1055 184 0.001633 9
841 119 864 136 0.001586 9
1047 155 1056 172 0.001563 9
879 155 894 167 0.001558 9
512 191 521 201 0.001475 9
997 136 1009 180 0.001433 9
119 64 177 76 0.001363 9
871 136 938 153 0.001334 9
1199 147 1206 177 0.001316 9
587 173 594 185 0.001275 9
994 137 1001 163 0.001169 9
311 148 352 198 0.001112 9
830 136 896 168 0.001088 9
1193 164 1201 186 0.001084 9
119 64 161 73 0.001058 9
1088 192 1095 202 0.001055 9
992 139 1001 172 0.001036 9
814 149 823 160 0.001031 9
1046 162 1057 178 0.001002 9
365 166 376 189 0.000990 9
1054 119 1065 137 0.000962 9
1080 173 1089 183 0.000942 9
1200 135 1206 153 0.000935 9
1051 112 1082 146 0.000932 9
1124 166 1146 187 0.000924 9
1210 167 1226 209 0.000920 9
903 136 938 153 0.000895 9
517 191 524 202 0.000878 9
1087 147 1102 199 0.000870 9
166 64 177 75 0.000867 9
803 148 811 156 0.000859 9
805 157 858 194 0.000814 9
832 136 896 153 0.000808 9
1232 170 1245 181 0.000797 9
545 141 552 151 0.000792 9
851 89 859 105 0.000776 9
249 177 257 192 0.000756 9
1021 151 1040 163 0.000743 9
1115 165 1155 212 0.000739 9
553 173 580 203 0.000731 9
693 180 702 199 0.000728 9
1087 179 1097 201 0.000706 9
1088 133 1124 182 0.000687 9
1204 158 1217 189 0.000672 9
1198 151 1207 185 0.000651 9
614 155 624 170 0.000644 9
809 161 858 185 0.000624 9
1101 164 1146 206 0.000616 9
1176 213 1185 223 0.000609 9
239 163 247 178 0.000605 9
501 152 524 179 0.000603 9
1096 130 1105 160 0.000593 9
1104 165 1147 189 0.000565 9
606 172 614 183 0.000564 9
858 137 895 152 0.000563 9
831 136 862 152 0.000552 9
511 157 548 188 0.000538 9
806 148 816 162 0.000528 9
1116 166 1143 189 0.000527 9
429 223 438 230 0.000518 9
1018 152 1038 171 0.000514 9
257 146 266 159 0.000509 9
341 165 351 187 0.000508 9
567 147 581 161 0.000492 9
155 64 170 73 0.000488 9
995 136 1006 175 0.000481 9
689 119 703 181 0.000472 9
1003 136 1023 188 0.000456 9
1196 160 1222 200 0.000433 9
1170 136 1183 162 0.000432 9
821 151 859 167 0.000422 9
537 168 553 183 0.000421 9
606 162 616 182 0.000421 9
259 143 269 159 0.000414 9
1078 148 1102 181 0.000415 9
1014 128 1105 190 0.000414 9
607 154 626 184 0.000413 9
1197 165 1216 190 0.000409 9
848 118 870 136 0.000406 9
595 64 625 91 0.000397 9
857 136 938 175 0.000393 9
1096 155 1114 186 0.000392 9
512 150 544 178 0.000391 9
445 153 570 205 0.000390 9
1014 141 1040 170 0.000388 9
999 126 1007 136 0.000385 9
1201 165 1211 187 0.000377 9
257 180 263 191 0.000371 9
118 64 201 87 0.000368 9
514 175 546 194 0.000365 9
976 141 992 162 0.000364 9
527 169 551 182 0.000361 9
520 173 547 184 0.000357 9
985 134 992 145 0.000347 9
172 64 201 87 0.000347 9
1107 164 1134 186 0.000344 9
871 166 898 177 0.000340 9
801 155 858 220 0.000337 9
1187 167 1215 213 0.000335 9
171 64 184 74 0.000325 9
326 157 352 189 0.000323 9
614 169 626 184 0.000321 9
995 131 1017 175 0.000317 9
1085 150 1108 204 0.000315 9
801 141 811 157 0.000314 9
529 181 554 204 0.000306 9
1037 132 1061 174 0.000303 9
589 176 598 186 0.000289 9
802 143 816 158 0.000288 9
1148 163 1189 214 0.000286 9
1210 145 1227 172 0.000285 9
1148 133 1184 167 0.000273 9
1201 143 1226 188 0.000265 9
1147 165 1169 185 0.000263 9
1025 147 1059 180 0.000260 9
590 162 602 185 0.000257 9
213 183 227 213 0.000254 9
1011 167 1063 196 0.000251 9
1263 79 1279 168 0.000251 9
1219 167 1230 182 0.000249 9
905 127 911 136 0.000246 9
216 163 223 177 0.000244 9
515 169 559 205 0.000243 9
697 152 704 176 0.000238 9
664 184 671 197 0.000238 9
1104 164 1122 181 0.000236 9
894 166 904 177 0.000236 9
358 147 378 189 0.000233 9
544 162 581 204 0.000231 9
1168 138 1178 152 0.000225 9
1184 165 1201 187 0.000223 9
525 151 544 172 0.000219 9
512 144 525 179 0.000216 9
653 127 660 143 0.000213 9
1008 165 1061 218 0.000213 9
581 64 595 80 0.000212 9
1042 134 1107 200 0.000210 9
1050 120 1059 134 0.000210 9
1055 151 1065 173 0.000205 9
1007 137 1043 216 0.000201 9
568 138 581 162 0.000198 9
221 164 232 175 0.000197 9
877 149 908 177 0.000193 9
1012 165 1059 186 0.000191 9
964 71 976 88 0.000188 9
1190 150 1205 187 0.000187 9
321 93 330 122 0.000187 9
944 130 952 150 0.000185 9
431 171 446 193 0.000182 9
688 167 697 198 0.000180 9
1104 64 1122 71 0.000178 9
1181 167 1207 246 0.000175 9
294 176 306 197 0.000175 9
665 188 671 200 0.000173 9
1055 151 1064 166 0.000171 9
256 177 265 186 0.000168 9
944 129 951 141 0.000167 9
446 150 528 172 0.000166 9
223 177 249 192 0.000164 9
1210 166 1233 202 0.000160 9
1104 152 1120 174 0.000159 9
1126 163 1182 215 0.000152 9
1177 164 1245 260 0.000148 9
335 155 353 199 0.000148 9
1077 155 1147 247 0.000148 9
580 64 596 91 0.000147 9
830 135 942 165 0.000146 9
687 128 705 203 0.000146 9
352 162 363 189 0.000145 9
375 184 393 202 0.000144 9
111 151 128 163 0.000142 9
586 168 595 185 0.000140 9
361 152 384 188 0.000140 9
1183 166 1202 217 0.000139 9
546 140 574 151 0.000139 9
861 111 869 119 0.000137 9
1064 64 1155 75 0.000136 9
1073 150 1082 167 0.000135 9
1264 79 1279 105 0.000134 9
1074 131 1103 180 0.000132 9
1051 113 1070 146 0.000130 9
870 119 879 135 0.000130 9
983 125 994 145 0.000126 9
256 154 267 175 0.000124 9
1089 129 1140 188 0.000123 9
1108 148 1122 168 0.000123 9
379 161 409 184 0.000121 9
1167 147 1187 180 0.000120 9
1115 180 1198 216 0.000117 9
1145 164 1199 188 0.000116 9
1096 130 1111 168 0.000114 9
616 169 634 199 0.000113 9
681 169 688 191 0.000112 9
1063 131 1111 253 0.000110 9
849 127 1227 259 0.000109 9
624 64 639 90 0.000108 9
444 157 526 184 0.000107 9
692 149 708 197 0.000105 9
681 180 689 198 0.000105 9
928 135 944 153 0.000104 9
833 85 843 105 0.000104 9
257 149 270 181 0.000103 9
575 64 637 93 0.000102 9
885 143 912 179 0.000102 9
1207 167 1238 211 0.000101 9
830 133 941 153 0.000100 9
1126 64 1153 88 0.000100 9
1181 190 1199 216 0.035222 11
523 183 536 196 0.032613 11
324 110 366 164 0.007463 11
518 190 526 200 0.005577 11
312 149 342 186 0.003792 11
448 157 491 171 0.001336 11
357 220 368 230 0.000143 11
