510 187 536 263 0.693165 0
757 195 810 291 0.644300 0
711 187 744 245 0.619221 0
756 196 810 289 0.578581 0
757 195 810 285 0.564946 0
985 189 1016 258 0.548759 0
985 189 1014 256 0.523809 0
711 186 743 247 0.514056 0
510 187 536 261 0.470660 0
757 194 810 281 0.453549 0
986 189 1014 254 0.419269 0
711 187 745 248 0.418098 0
755 195 811 300 0.416831 0
509 187 535 263 0.406781 0
985 189 1016 260 0.365366 0
758 191 810 281 0.361095 0
712 187 743 246 0.348929 0
1027 188 1053 244 0.336983 0
1027 188 1052 238 0.328599 0
1029 188 1053 238 0.317690 0
1024 188 1052 255 0.309998 0
510 189 534 260 0.293174 0
1026 188 1052 247 0.287544 0
1024 188 1052 264 0.279842 0
1023 188 1052 250 0.248801 0
510 185 538 264 0.233827 0
756 195 812 288 0.232686 0
710 189 745 248 0.228607 0
711 187 747 246 0.217979 0
1030 188 1052 237 0.210743 0
712 186 742 247 0.207062 0
510 185 535 263 0.186445 0
710 189 743 249 0.183513 0
985 190 1020 260 0.174523 0
985 190 1021 258 0.164073 0
1020 186 1050 262 0.163908 0
1029 187 1056 238 0.158184 0
1029 189 1049 235 0.151511 0
1028 186 1053 243 0.124312 0
554 171 570 199 0.122759 0
761 198 809 283 0.120470 0
554 172 571 202 0.112108 0
985 193 1013 258 0.097159 0
1030 188 1052 221 0.089394 0
1029 187 1058 238 0.086525 0
987 194 1013 252 0.084049 0
1030 189 1050 218 0.083349 0
1030 187 1055 236 0.083021 0
1012 203 1047 265 0.082443 0
985 220 1013 269 0.076767 0
1019 200 1045 261 0.075780 0
554 171 572 199 0.069837 0
986 189 1014 258 0.068898 0
1018 197 1048 265 0.068400 0
511 184 536 258 0.063455 0
509 186 532 263 0.061038 0
719 187 741 222 0.060253 0
1019 201 1044 255 0.059738 0
306 184 325 199 0.056479 0
511 185 536 262 0.055428 0
307 184 326 199 0.052339 0
552 171 571 210 0.051144 0
554 171 569 199 0.050796 0
780 187 803 232 0.048873 0
306 185 324 199 0.042430 0
1017 191 1053 269 0.041598 0
306 183 325 199 0.040594 0
710 195 739 242 0.038983 0
645 199 654 215 0.038317 0
991 182 1009 213 0.036960 0
762 201 809 279 0.036925 0
1166 232 1176 249 0.036210 0
1019 203 1040 238 0.035143 0
782 188 795 206 0.034961 0
986 189 1011 227 0.032673 0
780 188 796 216 0.031650 0
1184 219 1205 265 0.031217 0
985 192 1013 251 0.031094 0
692 182 703 229 0.030993 0
988 183 1009 219 0.030851 0
996 182 1009 204 0.030193 0
986 189 1010 229 0.029660 0
1168 232 1176 248 0.029232 0
762 207 800 275 0.028448 0
759 206 804 282 0.028322 0
693 183 703 212 0.028294 0
632 201 645 218 0.028230 0
715 186 740 226 0.028200 0
1008 205 1024 251 0.028136 0
1185 211 1206 254 0.027951 0
523 181 537 199 0.027742 0
761 202 809 281 0.027612 0
693 182 702 209 0.027498 0
1030 188 1054 225 0.025867 0
213 193 224 226 0.024973 0
641 199 655 217 0.024556 0
522 180 537 207 0.024409 0
385 198 395 205 0.024389 0
779 202 810 270 0.023905 0
213 194 224 226 0.023769 0
213 192 224 226 0.023718 0
1190 210 1205 229 0.023536 0
621 658 641 703 0.022635 0
989 181 1009 210 0.022354 0
1009 207 1024 252 0.021945 0
782 187 802 212 0.021835 0
1183 212 1221 267 0.021425 0
556 174 577 201 0.021414 0
1187 210 1205 246 0.020640 0
632 201 645 218 0.020579 0
763 188 807 268 0.020340 0
1187 209 1208 240 0.019896 0
510 170 537 213 0.019696 0
331 185 344 198 0.019619 0
712 188 747 242 0.019548 0
693 180 702 205 0.019389 0
621 659 640 703 0.019095 0
1185 209 1210 255 0.018779 0
720 185 739 208 0.018774 0
619 661 640 703 0.018256 0
552 173 574 214 0.017722 0
776 188 796 219 0.017571 0
518 175 537 200 0.017075 0
770 188 801 246 0.016764 0
556 177 578 206 0.016758 0
327 187 341 199 0.016171 0
638 196 653 216 0.015935 0
781 188 802 226 0.015905 0
865 207 877 237 0.015707 0
1176 221 1186 248 0.015635 0
777 188 796 217 0.015635 0
1189 210 1205 229 0.015263 0
386 198 396 206 0.015107 0
621 660 639 703 0.014908 0
765 198 811 282 0.014861 0
621 662 640 703 0.014732 0
1007 203 1027 245 0.014548 0
782 187 798 205 0.014421 0
1181 163 1203 215 0.014412 0
305 183 324 199 0.014293 0
708 197 741 246 0.014248 0
213 193 224 226 0.014004 0
964 372 982 392 0.013348 0
519 177 537 214 0.013059 0
766 187 795 244 0.012967 0
866 207 875 235 0.012792 0
719 188 747 220 0.012557 0
922 202 956 254 0.012522 0
964 372 980 392 0.012432 0
333 184 348 199 0.012390 0
857 206 878 240 0.012246 0
1183 221 1204 264 0.011964 0
334 183 353 198 0.011459 0
1009 207 1030 256 0.011179 0
213 193 224 225 0.011039 0
632 200 651 217 0.010570 0
710 182 745 248 0.010340 0
801 530 820 547 0.010275 0
719 184 737 201 0.010241 0
807 598 853 667 0.010197 0
921 202 952 254 0.010147 0
523 184 537 215 0.010072 0
632 201 647 220 0.010055 0
985 197 1003 226 0.010035 0
1177 232 1186 248 0.009971 0
1182 209 1217 264 0.009909 0
878 199 902 241 0.009545 0
804 176 815 203 0.009495 0
1181 217 1199 250 0.009477 0
789 200 807 241 0.009299 0
540 187 550 202 0.009128 0
692 199 708 234 0.008997 0
1234 194 1251 232 0.008946 0
803 179 814 204 0.008916 0
693 177 703 209 0.008807 0
512 173 541 205 0.008622 0
572 181 581 201 0.008551 0
998 200 1023 250 0.008419 0
923 204 944 252 0.008292 0
306 179 326 199 0.008256 0
985 192 1001 225 0.008192 0
992 195 1021 225 0.008044 0
926 203 945 252 0.007999 0
985 179 1016 255 0.007995 0
775 528 818 562 0.007871 0
1213 189 1223 204 0.007857 0
922 203 946 254 0.007735 0
1119 311 1129 335 0.007705 0
573 182 581 203 0.007608 0
1024 190 1063 266 0.007571 0
554 172 578 201 0.007569 0
772 528 821 559 0.007500 0
1212 190 1225 226 0.007459 0
1211 195 1227 231 0.007446 0
213 188 223 226 0.007432 0
786 185 813 243 0.007393 0
800 180 818 240 0.007338 0
964 372 982 393 0.007325 0
1234 196 1247 231 0.007315 0
876 202 894 235 0.007301 0
516 172 537 200 0.007101 0
1188 203 1205 229 0.007038 0
775 529 819 560 0.007014 0
386 198 396 206 0.006948 0
692 184 703 233 0.006919 0
773 201 807 247 0.006794 0
807 599 852 670 0.006788 0
1212 191 1226 231 0.006776 0
774 528 815 560 0.006761 0
799 524 849 561 0.006740 0
793 184 814 217 0.006659 0
523 191 538 218 0.006484 0
513 187 536 263 0.006409 0
776 528 801 554 0.006385 0
763 206 792 247 0.006375 0
670 210 680 232 0.006284 0
1201 214 1218 237 0.006163 0
326 184 342 198 0.006107 0
334 173 352 198 0.006096 0
1003 207 1022 249 0.006078 0
354 185 369 198 0.006041 0
807 598 873 658 0.005937 0
831 613 852 650 0.005926 0
806 598 852 674 0.005893 0
609 151 625 175 0.005831 0
801 524 850 561 0.005823 0
819 599 856 655 0.005738 0
817 599 874 652 0.005730 0
737 196 749 221 0.005611 0
1273 200 1279 238 0.005592 0
1200 210 1217 232 0.005539 0
1202 215 1218 250 0.005519 0
788 523 850 563 0.005503 0
865 209 880 237 0.005491 0
737 200 749 232 0.005429 0
519 174 537 200 0.005318 0
986 183 1005 215 0.005289 0
221 184 231 219 0.005276 0
1018 200 1037 217 0.005253 0
632 197 654 218 0.005170 0
1175 217 1189 247 0.005166 0
1160 232 1173 248 0.005140 0
537 172 552 202 0.005132 0
1037 185 1051 210 0.005121 0
773 528 819 562 0.005095 0
306 178 324 199 0.005091 0
1214 213 1227 232 0.005065 0
865 207 879 237 0.005025 0
210 194 224 225 0.004987 0
1215 218 1227 232 0.004975 0
934 204 946 217 0.004906 0
880 199 905 244 0.004834 0
352 187 367 199 0.004822 0
1072 484 1081 500 0.004820 0
221 184 232 224 0.004809 0
690 179 703 217 0.004796 0
670 209 679 232 0.004773 0
986 174 1010 209 0.004754 0
610 151 624 166 0.004746 0
512 188 524 217 0.004738 0
703 185 745 244 0.004651 0
1208 189 1221 206 0.004598 0
1178 215 1201 247 0.004562 0
767 526 813 561 0.004543 0
532 185 549 203 0.004541 0
579 651 643 703 0.004539 0
621 666 640 703 0.004506 0
1234 197 1246 230 0.004495 0
783 184 815 237 0.004435 0
949 274 960 302 0.004347 0
373 415 447 446 0.004300 0
692 207 703 235 0.004299 0
806 525 849 548 0.004232 0
997 172 1009 206 0.004206 0
1205 218 1225 253 0.004091 0
779 527 822 552 0.004076 0
1235 197 1247 231 0.004075 0
510 181 538 263 0.004038 0
512 172 534 202 0.003992 0
1216 220 1229 233 0.003948 0
1273 199 1279 253 0.003918 0
806 599 852 672 0.003906 0
776 527 815 555 0.003876 0
1203 198 1221 230 0.003852 0
1196 215 1227 253 0.003832 0
988 181 1018 220 0.003782 0
573 661 648 703 0.003778 0
621 671 638 703 0.003770 0
306 182 326 201 0.003769 0
514 169 528 199 0.003735 0
646 193 658 215 0.003723 0
801 524 848 555 0.003719 0
1201 189 1223 221 0.003683 0
978 188 1018 259 0.003677 0
769 527 819 562 0.003676 0
689 181 703 230 0.003600 0
605 172 615 183 0.003594 0
607 151 625 182 0.003594 0
997 219 1015 250 0.003554 0
816 525 847 546 0.003527 0
1181 169 1207 248 0.003513 0
783 186 802 207 0.003490 0
469 188 481 209 0.003446 0
962 372 981 392 0.003441 0
877 198 912 240 0.003414 0
218 185 232 226 0.003412 0
758 523 851 565 0.003387 0
606 150 624 192 0.003384 0
920 214 934 251 0.003339 0
812 598 875 638 0.003309 0
800 526 830 547 0.003296 0
378 182 396 205 0.003293 0
619 621 642 704 0.003286 0
693 176 702 204 0.003286 0
878 198 904 237 0.003238 0
397 183 409 205 0.003218 0
1176 344 1184 360 0.003205 0
878 200 895 233 0.003188 0
350 185 364 198 0.003181 0
1073 491 1082 502 0.003141 0
1025 190 1071 256 0.003075 0
921 215 933 246 0.003072 0
922 202 959 255 0.003064 0
326 168 353 198 0.003045 0
803 524 848 550 0.003023 0
711 188 734 236 0.003012 0
719 184 746 216 0.002982 0
761 525 821 562 0.002953 0
384 182 396 205 0.002945 0
620 640 639 704 0.002934 0
587 175 594 185 0.002921 0
1268 196 1279 252 0.002916 0
774 542 816 562 0.002871 0
785 524 849 562 0.002795 0
624 178 633 196 0.002680 0
976 189 1016 260 0.002664 0
829 598 875 641 0.002644 0
730 190 749 221 0.002609 0
963 372 981 398 0.002541 0
822 616 852 655 0.002521 0
801 181 814 206 0.002501 0
636 162 650 214 0.002490 0
222 182 231 197 0.002451 0
808 173 815 192 0.002419 0
763 526 804 561 0.002405 0
374 182 393 203 0.002371 0
986 180 1008 206 0.002328 0
824 525 849 548 0.002305 0
775 530 819 562 0.002302 0
399 182 409 203 0.002302 0
806 600 854 674 0.002293 0
374 181 393 203 0.002277 0
1215 212 1229 232 0.002228 0
210 193 224 226 0.002224 0
671 210 687 233 0.002213 0
805 599 854 675 0.002209 0
666 186 671 215 0.002205 0
767 526 809 560 0.002179 0
630 177 641 202 0.002148 0
666 186 672 219 0.002138 0
1176 215 1189 246 0.002128 0
923 202 958 254 0.002124 0
568 186 582 216 0.002117 0
806 523 856 569 0.002095 0
605 151 624 185 0.002086 0
801 525 841 548 0.002047 0
806 602 852 673 0.002043 0
637 635 694 703 0.002025 0
701 173 712 186 0.002018 0
1203 173 1227 228 0.002015 0
770 531 818 563 0.002006 0
804 600 853 674 0.002006 0
689 175 702 206 0.001995 0
830 599 874 635 0.001971 0
1209 168 1220 202 0.001967 0
606 150 625 190 0.001964 0
510 182 538 263 0.001955 0
988 181 1015 211 0.001877 0
0 530 40 587 0.001876 0
598 600 649 661 0.001844 0
650 200 662 216 0.001833 0
969 196 1014 252 0.001831 0
865 207 882 237 0.001813 0
588 176 598 185 0.001801 0
601 599 652 662 0.001794 0
825 525 849 548 0.001759 0
0 529 50 591 0.001755 0
0 529 35 589 0.001748 0
602 656 669 703 0.001746 0
542 168 554 199 0.001739 0
625 168 632 191 0.001727 0
646 641 674 672 0.001717 0
1071 482 1080 494 0.001707 0
215 183 228 201 0.001702 0
209 190 224 224 0.001685 0
353 187 369 199 0.001649 0
323 173 350 199 0.001641 0
633 187 654 216 0.001630 0
579 669 647 703 0.001627 0
601 600 649 656 0.001622 0
407 179 419 204 0.001574 0
592 599 650 668 0.001568 0
827 599 874 636 0.001543 0
809 540 848 561 0.001530 0
897 199 933 247 0.001530 0
406 179 419 205 0.001518 0
1056 490 1068 501 0.001512 0
1243 197 1261 233 0.001510 0
373 414 448 469 0.001509 0
536 199 564 219 0.001505 0
925 200 958 253 0.001505 0
1124 498 1137 509 0.001500 0
636 161 649 197 0.001491 0
601 641 686 703 0.001490 0
607 667 670 703 0.001471 0
774 539 818 562 0.001421 0
603 182 623 201 0.001410 0
373 164 384 201 0.001404 0
307 184 342 201 0.001401 0
648 640 675 673 0.001387 0
1206 227 1225 254 0.001377 0
636 637 692 703 0.001371 0
635 160 653 205 0.001343 0
630 169 639 194 0.001319 0
903 202 933 249 0.001303 0
1043 482 1056 495 0.001297 0
630 187 647 217 0.001273 0
632 201 652 220 0.001267 0
697 173 711 202 0.001261 0
632 639 695 703 0.001255 0
433 172 445 196 0.001250 0
891 199 929 244 0.001243 0
217 187 233 229 0.001242 0
639 639 675 673 0.001231 0
679 176 694 217 0.001202 0
805 522 873 584 0.001187 0
0 532 29 585 0.001180 0
969 206 986 249 0.001178 0
115 358 197 414 0.001176 0
809 600 852 666 0.001166 0
637 161 648 185 0.001150 0
1063 204 1072 228 0.001130 0
753 523 820 562 0.001126 0
114 359 190 413 0.001125 0
572 617 611 690 0.001114 0
598 639 695 703 0.001107 0
307 185 326 206 0.001105 0
0 529 49 585 0.001101 0
820 521 876 583 0.001089 0
374 414 448 473 0.001037 0
242 195 256 215 0.001021 0
666 182 671 209 0.001020 0
964 371 987 393 0.001018 0
582 615 644 704 0.001012 0
599 658 683 703 0.001010 0
847 202 868 238 0.001008 0
695 177 711 206 0.001007 0
365 165 376 188 0.000999 0
1214 198 1230 231 0.000995 0
0 530 49 596 0.000992 0
562 611 616 700 0.000981 0
634 163 658 215 0.000980 0
580 599 645 667 0.000972 0
817 521 875 581 0.000956 0
1202 408 1215 422 0.000953 0
680 173 689 208 0.000951 0
336 346 453 448 0.000944 0
0 533 33 581 0.000943 0
117 358 199 413 0.000940 0
666 198 676 230 0.000936 0
961 199 971 208 0.000916 0
1233 191 1248 231 0.000891 0
599 600 659 683 0.000890 0
962 371 981 408 0.000884 0
635 638 694 703 0.000878 0
1043 183 1057 202 0.000870 0
643 639 675 676 0.000862 0
1060 487 1072 499 0.000857 0
593 600 649 683 0.000849 0
1211 191 1232 231 0.000832 0
586 679 641 703 0.000820 0
1202 407 1215 421 0.000817 0
649 186 662 217 0.000796 0
266 195 281 234 0.000791 0
513 196 534 263 0.000786 0
235 194 255 216 0.000772 0
160 251 172 262 0.000772 0
0 531 28 586 0.000767 0
0 535 23 577 0.000766 0
1191 384 1219 420 0.000764 0
216 185 238 245 0.000758 0
606 150 635 192 0.000743 0
321 232 357 287 0.000742 0
0 532 33 588 0.000735 0
200 204 209 217 0.000734 0
1208 166 1227 223 0.000732 0
268 193 281 228 0.000731 0
115 361 180 412 0.000725 0
563 609 622 701 0.000724 0
400 197 418 205 0.000711 0
114 359 180 410 0.000701 0
121 357 206 415 0.000700 0
229 210 241 235 0.000699 0
321 233 356 287 0.000694 0
580 599 644 673 0.000690 0
1226 202 1242 232 0.000686 0
712 185 736 219 0.000679 0
358 173 380 201 0.000678 0
324 234 353 272 0.000674 0
641 640 677 676 0.000674 0
361 165 372 194 0.000670 0
606 148 636 192 0.000663 0
564 608 627 702 0.000662 0
1039 482 1054 494 0.000654 0
1199 405 1216 420 0.000651 0
640 174 659 210 0.000651 0
0 531 75 595 0.000639 0
469 191 481 217 0.000636 0
754 526 822 562 0.000630 0
60 325 121 407 0.000628 0
134 356 217 414 0.000626 0
574 622 609 670 0.000625 0
612 670 672 703 0.000616 0
569 665 640 703 0.000615 0
116 361 190 414 0.000611 0
756 263 772 319 0.000611 0
848 198 859 235 0.000608 0
837 599 874 635 0.000607 0
591 600 649 656 0.000605 0
370 393 449 447 0.000601 0
125 356 206 413 0.000600 0
1026 189 1072 242 0.000594 0
307 184 327 210 0.000592 0
593 638 692 703 0.000590 0
825 519 874 582 0.000587 0
566 661 635 704 0.000583 0
754 520 816 561 0.000581 0
373 414 454 448 0.000580 0
266 212 280 233 0.000578 0
961 372 981 401 0.000577 0
600 172 610 185 0.000569 0
318 198 352 279 0.000565 0
822 593 878 677 0.000565 0
239 212 254 237 0.000560 0
214 184 237 228 0.000557 0
572 610 614 684 0.000556 0
322 232 357 288 0.000551 0
160 247 174 261 0.000539 0
1029 185 1051 218 0.000537 0
451 180 480 231 0.000536 0
679 192 693 216 0.000535 0
377 198 396 216 0.000533 0
116 360 192 414 0.000530 0
0 533 51 601 0.000530 0
628 161 643 192 0.000526 0
266 195 281 233 0.000525 0
432 174 445 205 0.000525 0
131 356 214 416 0.000521 0
361 164 373 189 0.000520 0
0 536 28 586 0.000520 0
565 616 640 704 0.000518 0
231 203 247 223 0.000517 0
599 601 652 704 0.000515 0
580 676 633 703 0.000514 0
561 617 626 704 0.000513 0
734 517 809 562 0.000510 0
259 194 281 234 0.000506 0
607 601 643 704 0.000503 0
1266 196 1279 264 0.000496 0
229 211 243 242 0.000494 0
6 531 72 581 0.000494 0
638 632 694 703 0.000492 0
394 194 413 206 0.000491 0
210 207 230 242 0.000485 0
634 608 679 677 0.000484 0
379 177 401 205 0.000483 0
115 363 181 412 0.000482 0
608 148 631 187 0.000478 0
596 601 672 663 0.000477 0
776 186 798 208 0.000476 0
607 674 673 703 0.000473 0
355 205 377 230 0.000470 0
645 696 671 703 0.000466 0
595 600 649 649 0.000463 0
1042 482 1066 497 0.000459 0
666 209 679 232 0.000451 0
1094 197 1103 208 0.000441 0
239 216 252 238 0.000439 0
584 601 650 704 0.000438 0
1032 494 1040 502 0.000437 0
288 335 474 452 0.000437 0
593 684 625 703 0.000433 0
650 178 663 212 0.000433 0
320 232 357 287 0.000430 0
0 549 79 653 0.000427 0
333 160 361 199 0.000427 0
355 207 377 231 0.000426 0
638 687 671 703 0.000425 0
836 599 875 636 0.000425 0
65 325 128 407 0.000424 0
605 603 651 654 0.000423 0
504 191 527 261 0.000422 0
353 186 378 202 0.000419 0
57 327 114 406 0.000419 0
460 197 480 270 0.000416 0
0 535 35 593 0.000414 0
0 529 52 583 0.000414 0
833 522 878 582 0.000411 0
200 198 210 216 0.000410 0
572 605 655 703 0.000402 0
137 357 216 412 0.000400 0
463 201 477 271 0.000399 0
594 602 675 700 0.000399 0
1210 178 1231 231 0.000398 0
1056 225 1073 294 0.000396 0
693 186 726 227 0.000391 0
591 600 677 683 0.000390 0
233 194 255 220 0.000390 0
581 598 646 694 0.000389 0
175 188 182 204 0.000387 0
239 176 246 191 0.000385 0
1 530 48 580 0.000384 0
0 548 68 647 0.000383 0
404 387 474 448 0.000378 0
306 179 370 202 0.000378 0
454 184 480 269 0.000377 0
576 603 625 696 0.000374 0
802 585 879 637 0.000370 0
831 522 871 576 0.000368 0
381 414 450 476 0.000368 0
135 355 220 415 0.000366 0
131 355 223 412 0.000359 0
998 178 1055 254 0.000359 0
318 196 329 223 0.000358 0
404 177 419 204 0.000357 0
50 328 107 406 0.000354 0
1199 406 1215 422 0.000352 0
582 603 650 704 0.000344 0
384 184 400 206 0.000343 0
243 213 258 235 0.000343 0
801 599 854 674 0.000342 0
1189 384 1214 409 0.000342 0
319 228 351 279 0.000339 0
784 519 874 586 0.000338 0
0 535 71 647 0.000338 0
13 535 76 585 0.000337 0
132 355 205 413 0.000336 0
0 529 69 589 0.000335 0
871 530 895 550 0.000335 0
739 518 813 562 0.000335 0
375 419 447 464 0.000335 0
375 414 451 495 0.000335 0
607 147 625 171 0.000331 0
0 537 28 596 0.000331 0
1047 106 1081 239 0.000328 0
29 538 78 584 0.000327 0
59 334 122 408 0.000319 0
122 355 199 412 0.000318 0
260 199 280 234 0.000316 0
579 600 650 703 0.000314 0
233 194 257 222 0.000312 0
835 600 873 635 0.000311 0
463 199 477 265 0.000308 0
0 560 79 653 0.000308 0
834 521 879 582 0.000308 0
232 196 254 219 0.000302 0
321 237 330 278 0.000301 0
606 151 632 200 0.000300 0
560 610 612 702 0.000297 0
799 153 815 206 0.000296 0
263 211 279 233 0.000295 0
15 535 78 588 0.000289 0
352 203 379 278 0.000285 0
410 397 476 446 0.000283 0
237 193 255 215 0.000281 0
709 187 813 246 0.000275 0
695 176 735 246 0.000271 0
873 463 881 472 0.000270 0
120 358 199 415 0.000269 0
115 355 191 410 0.000266 0
58 335 112 407 0.000266 0
585 684 625 703 0.000264 0
860 511 899 594 0.000264 0
605 602 656 704 0.000264 0
387 386 473 446 0.000262 0
33 540 75 581 0.000261 0
370 395 472 448 0.000261 0
146 354 224 413 0.000260 0
413 179 426 204 0.000257 0
867 516 900 578 0.000257 0
530 196 547 240 0.000256 0
58 343 123 408 0.000256 0
1013 188 1048 216 0.000254 0
579 599 651 660 0.000253 0
798 582 879 635 0.000251 0
0 586 78 650 0.000249 0
592 603 683 692 0.000249 0
629 607 690 679 0.000246 0
1057 194 1074 226 0.000244 0
575 609 611 670 0.000242 0
849 223 872 278 0.000242 0
64 335 143 408 0.000239 0
0 536 22 582 0.000236 0
462 208 480 271 0.000236 0
0 143 7 204 0.000236 0
1187 385 1216 420 0.000234 0
71 327 151 408 0.000234 0
0 534 81 603 0.000231 0
561 615 610 702 0.000230 0
78 361 116 408 0.000229 0
622 158 646 190 0.000227 0
52 338 106 406 0.000225 0
560 621 619 702 0.000225 0
157 204 169 227 0.000224 0
410 178 423 204 0.000223 0
658 638 692 684 0.000222 0
0 590 71 650 0.000222 0
1212 405 1225 424 0.000220 0
669 177 707 231 0.000219 0
1026 482 1044 494 0.000219 0
307 183 329 232 0.000218 0
382 426 404 471 0.000216 0
799 541 884 683 0.000215 0
323 186 340 216 0.000215 0
114 358 180 408 0.000215 0
854 515 901 613 0.000214 0
262 193 279 229 0.000214 0
867 442 881 457 0.000214 0
981 177 1040 257 0.000213 0
854 222 870 279 0.000213 0
833 523 874 579 0.000212 0
389 414 448 476 0.000212 0
353 201 378 283 0.000212 0
0 535 66 616 0.000211 0
0 580 80 651 0.000211 0
570 673 628 703 0.000211 0
0 566 42 631 0.000210 0
783 565 882 684 0.000209 0
751 525 864 592 0.000209 0
1174 344 1203 405 0.000209 0
463 244 478 272 0.000207 0
0 538 25 585 0.000207 0
384 196 406 216 0.000206 0
138 356 218 408 0.000206 0
0 539 48 632 0.000205 0
765 527 875 589 0.000204 0
63 326 118 407 0.000202 0
1231 193 1266 260 0.000202 0
354 201 390 287 0.000200 0
847 516 891 598 0.000199 0
561 622 624 704 0.000199 0
848 180 859 235 0.000198 0
1033 487 1056 502 0.000196 0
1175 345 1204 400 0.000195 0
328 184 353 214 0.000195 0
133 355 228 405 0.000194 0
1162 212 1191 247 0.000194 0
510 194 564 263 0.000194 0
47 330 103 404 0.000192 0
330 184 354 215 0.000191 0
139 356 216 417 0.000191 0
748 521 802 562 0.000190 0
579 602 623 680 0.000188 0
463 212 477 270 0.000188 0
0 433 93 646 0.000188 0
618 158 660 212 0.000187 0
74 347 144 408 0.000187 0
112 364 170 410 0.000187 0
871 527 898 558 0.000186 0
1025 180 1054 247 0.000185 0
438 403 490 450 0.000185 0
531 205 545 247 0.000184 0
0 543 29 624 0.000182 0
382 425 404 473 0.000181 0
865 514 897 567 0.000181 0
1 533 79 654 0.000180 0
354 200 385 283 0.000178 0
864 492 899 562 0.000178 0
858 501 898 560 0.000178 0
157 203 169 222 0.000175 0
852 512 886 594 0.000175 0
311 297 481 450 0.000175 0
0 564 18 616 0.000175 0
111 364 169 409 0.000175 0
0 536 29 610 0.000174 0
194 186 201 211 0.000171 0
46 346 101 405 0.000171 0
307 391 450 452 0.000170 0
800 598 842 678 0.000169 0
0 588 60 647 0.000169 0
69 327 123 408 0.000168 0
756 272 770 332 0.000168 0
832 170 858 199 0.000168 0
462 199 478 256 0.000168 0
431 392 482 447 0.000167 0
58 325 113 407 0.000166 0
577 599 629 668 0.000166 0
600 343 610 361 0.000165 0
0 548 19 604 0.000165 0
844 183 895 238 0.000165 0
0 429 136 659 0.000163 0
141 355 224 404 0.000163 0
1172 344 1197 381 0.000162 0
411 175 424 203 0.000162 0
432 399 487 447 0.000161 0
592 608 683 703 0.000160 0
595 628 690 704 0.000159 0
0 559 29 627 0.000159 0
380 415 442 476 0.000158 0
864 489 899 561 0.000156 0
198 208 214 225 0.000156 0
368 171 388 200 0.000155 0
0 535 20 575 0.000155 0
637 160 659 188 0.000155 0
266 189 281 215 0.000155 0
753 526 866 592 0.000155 0
601 604 648 649 0.000154 0
689 159 705 207 0.000153 0
754 258 778 322 0.000153 0
635 389 668 416 0.000152 0
0 542 25 596 0.000151 0
848 158 870 238 0.000149 0
845 520 877 575 0.000149 0
574 613 610 669 0.000148 0
839 516 891 609 0.000148 0
320 246 330 276 0.000146 0
0 536 42 605 0.000146 0
808 603 848 666 0.000142 0
364 344 425 429 0.000142 0
153 354 223 416 0.000142 0
355 344 415 430 0.000141 0
113 370 171 411 0.000139 0
435 404 489 448 0.000137 0
867 524 899 581 0.000137 0
706 177 750 248 0.000136 0
277 321 480 448 0.000135 0
358 203 385 228 0.000135 0
0 539 26 585 0.000135 0
322 226 368 287 0.000134 0
1054 482 1075 499 0.000133 0
325 259 513 467 0.000132 0
948 371 986 428 0.000132 0
438 403 494 453 0.000131 0
71 342 154 408 0.000131 0
58 346 110 407 0.000130 0
0 590 78 652 0.000130 0
846 157 869 239 0.000129 0
261 332 463 452 0.000129 0
0 443 81 618 0.000128 0
866 514 884 530 0.000128 0
764 541 830 565 0.000127 0
379 415 449 475 0.000126 0
635 676 674 703 0.000125 0
462 196 480 251 0.000125 0
157 354 226 411 0.000124 0
46 354 101 406 0.000123 0
264 189 278 210 0.000123 0
356 204 389 280 0.000122 0
54 350 103 406 0.000121 0
294 194 337 282 0.000121 0
136 352 205 410 0.000121 0
382 393 473 445 0.000119 0
0 591 73 652 0.000119 0
1047 186 1078 224 0.000119 0
350 338 405 435 0.000119 0
23 427 64 498 0.000117 0
256 325 466 446 0.000116 0
37 541 78 584 0.000116 0
800 599 836 676 0.000116 0
89 380 108 407 0.000116 0
414 250 422 270 0.000115 0
1049 237 1077 295 0.000115 0
0 537 80 625 0.000114 0
0 566 21 623 0.000113 0
825 515 876 565 0.000113 0
0 536 82 630 0.000113 0
432 402 477 446 0.000110 0
193 187 203 216 0.000110 0
736 518 788 560 0.000109 0
21 533 75 582 0.000109 0
634 612 694 692 0.000109 0
1 535 81 615 0.000108 0
590 603 683 672 0.000107 0
320 186 338 234 0.000106 0
1265 64 1279 74 0.000106 0
436 398 492 448 0.000106 0
0 430 97 643 0.000105 0
97 341 247 421 0.000105 0
371 415 441 444 0.000105 0
633 379 668 408 0.000105 0
1176 345 1199 384 0.000105 0
324 224 368 287 0.000104 0
1073 490 1083 506 0.000103 0
355 341 413 438 0.000103 0
2 429 131 629 0.000102 0
808 584 885 683 0.000102 0
0 591 74 655 0.000102 0
53 326 109 406 0.000101 0
694 208 754 259 0.524755 1
698 208 754 259 0.512961 1
698 207 758 258 0.478308 1
699 206 754 257 0.466388 1
703 215 755 259 0.376281 1
979 220 1060 269 0.361488 1
979 220 1072 269 0.356787 1
978 221 1072 268 0.322273 1
702 217 752 259 0.317395 1
979 220 1048 270 0.317210 1
696 208 760 258 0.301583 1
702 217 754 260 0.289499 1
699 211 752 259 0.280419 1
702 212 753 260 0.249606 1
980 220 1047 269 0.239000 1
755 244 810 301 0.220550 1
755 241 809 301 0.216593 1
755 245 808 301 0.207119 1
978 218 1071 268 0.184684 1
976 218 1069 268 0.180123 1
755 245 809 292 0.172772 1
755 247 811 302 0.164272 1
704 208 743 253 0.162963 1
982 228 1043 269 0.139264 1
692 209 756 260 0.138658 1
982 220 1044 269 0.136926 1
697 207 745 257 0.117630 1
546 200 568 217 0.117590 1
969 220 1045 270 0.116759 1
763 237 808 281 0.101025 1
759 241 808 288 0.097841 1
547 199 570 217 0.088769 1
983 224 1025 269 0.088624 1
769 238 812 280 0.081401 1
980 222 1013 270 0.078617 1
754 239 808 300 0.075676 1
982 221 1016 269 0.073127 1
754 242 814 302 0.072602 1
774 252 809 283 0.070210 1
969 221 1009 270 0.066259 1
755 246 809 301 0.064131 1
694 207 764 259 0.063821 1
755 254 776 302 0.063410 1
969 221 1013 270 0.063201 1
1018 223 1072 266 0.058425 1
755 247 803 302 0.058131 1
547 199 568 217 0.056016 1
538 201 555 218 0.055775 1
982 225 1013 269 0.054980 1
983 232 1044 267 0.051835 1
533 194 563 218 0.050951 1
1030 222 1072 264 0.050829 1
703 213 757 257 0.049492 1
755 248 810 293 0.047935 1
969 218 1069 268 0.047566 1
775 242 810 282 0.046284 1
755 252 774 302 0.044606 1
705 201 748 252 0.043081 1
1020 224 1069 264 0.042914 1
1014 227 1056 265 0.040912 1
1029 231 1065 264 0.040727 1
759 251 810 288 0.039836 1
1018 220 1069 264 0.037729 1
1033 224 1072 263 0.037419 1
1031 219 1072 263 0.036137 1
757 219 805 287 0.035603 1
551 193 570 217 0.034554 1
575 294 595 350 0.034393 1
982 220 1013 270 0.034240 1
756 220 811 301 0.034121 1
969 221 994 261 0.033794 1
1040 223 1073 263 0.033378 1
1010 231 1045 266 0.032816 1
755 253 775 302 0.032796 1
1041 221 1072 263 0.030901 1
1039 233 1071 264 0.030871 1
968 220 997 269 0.030199 1
532 201 547 218 0.029109 1
716 221 771 259 0.028952 1
702 202 743 250 0.028880 1
575 287 596 350 0.028843 1
804 207 825 239 0.028479 1
981 223 1073 268 0.028138 1
692 209 732 252 0.028098 1
1008 224 1047 265 0.027850 1
982 232 1008 270 0.027460 1
702 219 754 259 0.026782 1
980 222 1045 267 0.025890 1
707 193 751 248 0.025258 1
693 208 719 248 0.025090 1
575 296 595 349 0.024761 1
970 221 989 252 0.024288 1
1015 213 1052 265 0.023351 1
1017 234 1046 266 0.021995 1
767 213 811 280 0.021897 1
692 210 715 243 0.021776 1
976 227 1001 269 0.021749 1
969 219 1009 261 0.021607 1
696 199 759 259 0.021584 1
805 209 826 239 0.021343 1
1023 217 1072 265 0.021227 1
575 295 596 349 0.020739 1
710 213 770 256 0.018589 1
574 282 596 351 0.018257 1
1022 201 1058 264 0.018241 1
756 254 775 303 0.018035 1
756 226 801 296 0.017744 1
1040 230 1072 263 0.017661 1
574 288 605 354 0.017208 1
968 222 988 258 0.017076 1
694 211 731 255 0.016836 1
925 273 960 302 0.016762 1
927 274 960 304 0.016677 1
1007 211 1047 265 0.016627 1
574 280 598 352 0.016307 1
926 273 960 302 0.016133 1
709 225 753 259 0.016029 1
554 200 577 217 0.015724 1
727 229 756 259 0.015532 1
969 222 986 252 0.015225 1
982 194 1043 269 0.014492 1
754 225 813 301 0.014276 1
928 274 960 303 0.014271 1
803 206 825 240 0.014032 1
982 236 999 269 0.013957 1
729 226 771 259 0.013772 1
778 237 814 279 0.013530 1
982 238 1044 269 0.013472 1
559 191 578 216 0.013452 1
786 234 811 272 0.013260 1
794 250 819 283 0.013146 1
747 254 774 302 0.013106 1
1030 196 1065 248 0.012417 1
692 209 708 236 0.012366 1
574 295 612 356 0.012343 1
983 231 1027 270 0.012104 1
524 188 548 218 0.012055 1
1047 218 1071 244 0.011953 1
782 242 812 280 0.011915 1
1045 224 1072 262 0.011864 1
730 224 770 257 0.011567 1
757 243 776 276 0.011272 1
984 220 1017 267 0.011258 1
750 211 775 238 0.010502 1
754 204 817 287 0.010333 1
1040 226 1073 262 0.010120 1
573 281 600 356 0.010093 1
715 209 768 246 0.010006 1
970 221 989 251 0.009842 1
1060 221 1072 260 0.009426 1
1058 217 1072 247 0.009351 1
795 242 818 281 0.009230 1
738 214 769 240 0.009222 1
755 250 783 303 0.009115 1
805 213 824 240 0.009047 1
752 224 778 263 0.008999 1
746 254 773 303 0.008964 1
785 262 810 282 0.008831 1
792 201 810 240 0.008777 1
632 201 651 218 0.008669 1
1039 208 1069 234 0.008502 1
738 221 770 249 0.008476 1
574 282 602 351 0.008473 1
790 202 809 242 0.008406 1
755 222 833 302 0.008276 1
693 207 714 239 0.008112 1
759 220 793 269 0.007855 1
744 258 773 303 0.007827 1
575 297 595 348 0.007798 1
805 209 827 239 0.007742 1
805 211 826 239 0.007726 1
924 272 960 303 0.007623 1
804 208 826 239 0.007559 1
921 202 959 254 0.007498 1
1180 169 1216 217 0.007304 1
532 200 558 220 0.007241 1
976 219 1078 266 0.007231 1
869 198 904 245 0.007152 1
745 221 771 250 0.007110 1
1059 221 1093 259 0.007065 1
759 211 772 235 0.007061 1
691 212 716 253 0.007054 1
922 206 945 253 0.007007 1
922 270 960 301 0.006933 1
979 211 1045 267 0.006933 1
781 262 810 286 0.006866 1
1182 209 1220 264 0.006795 1
695 190 745 253 0.006791 1
834 216 879 242 0.006690 1
970 211 1014 267 0.006328 1
1060 215 1097 245 0.006164 1
751 243 774 302 0.006092 1
794 238 817 278 0.006090 1
837 212 880 243 0.005992 1
748 225 771 253 0.005890 1
763 226 786 254 0.005855 1
1180 164 1216 217 0.005768 1
920 205 943 253 0.005713 1
1182 162 1203 215 0.005608 1
791 204 810 243 0.005582 1
736 205 773 237 0.005483 1
574 297 595 350 0.005470 1
1053 225 1091 260 0.005415 1
531 255 600 353 0.005334 1
531 200 550 221 0.005066 1
1181 180 1206 215 0.005044 1
945 220 1032 269 0.004946 1
731 201 751 241 0.004849 1
574 283 612 358 0.004775 1
946 275 960 303 0.004756 1
865 214 901 245 0.004734 1
537 199 569 220 0.004725 1
834 221 880 243 0.004697 1
574 280 610 357 0.004511 1
1069 218 1114 235 0.004504 1
1181 186 1206 215 0.004429 1
728 230 773 265 0.004373 1
763 222 787 254 0.004373 1
920 206 958 255 0.004362 1
544 272 598 352 0.004297 1
1179 191 1204 233 0.004248 1
760 210 780 238 0.004187 1
756 258 773 308 0.004176 1
836 206 879 240 0.004086 1
1182 206 1215 241 0.004065 1
681 210 703 233 0.004001 1
701 221 719 257 0.004000 1
1029 202 1070 234 0.003986 1
877 200 907 245 0.003903 1
693 208 760 269 0.003845 1
761 210 787 252 0.003795 1
863 217 883 242 0.003709 1
1045 231 1072 264 0.003691 1
755 240 819 314 0.003672 1
797 232 810 247 0.003494 1
1066 224 1105 245 0.003475 1
1034 224 1121 263 0.003356 1
751 242 854 301 0.003313 1
967 225 992 267 0.003303 1
743 263 771 303 0.003301 1
573 280 597 350 0.003282 1
753 249 835 315 0.003262 1
677 211 705 235 0.003255 1
1059 206 1072 238 0.003092 1
925 273 959 300 0.003050 1
869 258 960 300 0.003030 1
972 231 998 270 0.002963 1
1061 207 1099 235 0.002882 1
793 230 817 273 0.002839 1
574 293 611 361 0.002832 1
792 257 821 288 0.002777 1
698 208 770 261 0.002734 1
877 267 960 303 0.002700 1
919 208 960 256 0.002656 1
1204 231 1221 253 0.002648 1
983 238 1045 269 0.002636 1
796 245 830 283 0.002595 1
753 204 780 235 0.002548 1
927 273 960 313 0.002441 1
919 222 1035 270 0.002438 1
797 221 810 243 0.002287 1
573 277 606 354 0.002251 1
574 297 613 356 0.002249 1
709 203 771 260 0.002230 1
756 248 807 305 0.002140 1
928 240 959 255 0.002108 1
741 270 768 302 0.002104 1
671 211 700 235 0.002051 1
683 211 711 238 0.001993 1
834 202 895 243 0.001987 1
1181 166 1210 215 0.001966 1
915 212 941 253 0.001932 1
805 261 831 283 0.001922 1
1061 226 1101 256 0.001882 1
1033 227 1074 278 0.001862 1
916 209 1020 260 0.001860 1
1030 217 1124 253 0.001824 1
1051 227 1090 260 0.001818 1
757 180 941 279 0.001809 1
859 198 973 260 0.001796 1
756 248 810 315 0.001766 1
872 256 910 287 0.001739 1
797 223 814 252 0.001718 1
728 238 753 260 0.001624 1
892 217 1033 284 0.001623 1
742 275 762 302 0.001620 1
691 212 715 270 0.001593 1
758 248 813 317 0.001569 1
686 187 703 233 0.001529 1
921 202 961 255 0.001507 1
979 197 1072 267 0.001484 1
862 237 972 294 0.001475 1
738 254 806 303 0.001474 1
751 213 874 305 0.001473 1
1141 308 1178 359 0.001458 1
741 256 772 301 0.001442 1
1180 163 1218 216 0.001432 1
573 277 602 353 0.001431 1
976 197 1068 268 0.001399 1
760 203 792 237 0.001366 1
522 268 604 399 0.001361 1
562 278 597 352 0.001343 1
923 273 952 306 0.001281 1
886 263 916 297 0.001263 1
889 262 927 296 0.001222 1
847 204 877 239 0.001183 1
891 264 908 290 0.001155 1
671 200 698 232 0.001152 1
925 272 959 295 0.001149 1
1177 167 1202 215 0.001146 1
869 246 917 286 0.001134 1
702 225 755 261 0.001107 1
647 197 662 216 0.001107 1
573 305 613 361 0.001106 1
873 228 997 283 0.001100 1
927 275 960 313 0.001092 1
1103 308 1184 362 0.001040 1
543 199 573 220 0.001009 1
1142 308 1172 352 0.001000 1
888 216 935 257 0.000999 1
964 371 993 392 0.000994 1
750 245 814 333 0.000986 1
1103 308 1171 348 0.000966 1
737 202 775 237 0.000958 1
752 256 897 341 0.000948 1
891 262 928 297 0.000941 1
889 262 925 299 0.000935 1
1103 303 1176 357 0.000935 1
866 253 896 286 0.000934 1
737 227 813 302 0.000928 1
1102 308 1188 363 0.000924 1
897 208 912 245 0.000907 1
1142 308 1172 350 0.000895 1
693 205 718 233 0.000889 1
747 176 953 310 0.000880 1
754 252 779 318 0.000878 1
605 207 765 274 0.000856 1
706 199 813 260 0.000838 1
1144 309 1171 349 0.000826 1
891 263 929 299 0.000826 1
868 248 894 285 0.000816 1
795 239 825 280 0.000802 1
964 371 988 394 0.000800 1
752 205 887 281 0.000773 1
868 246 926 288 0.000750 1
1059 227 1073 283 0.000745 1
1104 310 1135 341 0.000730 1
1010 231 1075 272 0.000723 1
810 259 849 283 0.000713 1
1182 162 1213 214 0.000712 1
742 284 762 303 0.000701 1
728 236 753 260 0.000690 1
1100 308 1184 364 0.000689 1
755 171 944 245 0.000672 1
1102 309 1186 362 0.000671 1
978 219 1073 290 0.000644 1
557 286 597 355 0.000640 1
862 252 959 298 0.000625 1
801 179 851 241 0.000608 1
855 247 892 284 0.000598 1
992 235 1047 269 0.000593 1
910 267 929 299 0.000593 1
753 241 945 323 0.000587 1
1103 277 1171 351 0.000581 1
853 254 895 285 0.000579 1
1177 186 1202 222 0.000576 1
999 236 1074 272 0.000571 1
815 262 836 282 0.000567 1
702 229 754 260 0.000545 1
930 273 960 312 0.000542 1
798 261 833 288 0.000540 1
1069 205 1092 228 0.000538 1
1139 309 1170 348 0.000534 1
676 204 761 258 0.000533 1
575 308 597 356 0.000523 1
974 219 1073 290 0.000517 1
574 281 613 353 0.000516 1
898 266 929 299 0.000512 1
1140 308 1190 363 0.000509 1
912 270 930 300 0.000503 1
875 248 928 293 0.000500 1
1036 309 1182 369 0.000491 1
963 371 984 399 0.000481 1
1010 270 1060 295 0.000469 1
822 204 931 252 0.000461 1
1053 232 1087 265 0.000457 1
901 265 928 298 0.000444 1
963 369 1026 399 0.000442 1
1103 279 1171 347 0.000436 1
1148 345 1183 361 0.000429 1
997 223 1073 293 0.000427 1
731 249 812 330 0.000425 1
1131 309 1192 362 0.000424 1
531 252 604 355 0.000420 1
882 265 903 288 0.000413 1
957 185 1059 264 0.000410 1
873 154 898 176 0.000401 1
558 276 597 351 0.000397 1
633 203 695 229 0.000396 1
718 226 774 294 0.000392 1
971 220 1074 295 0.000389 1
626 261 953 367 0.000387 1
848 245 928 294 0.000383 1
650 256 953 374 0.000381 1
1141 310 1183 362 0.000370 1
1148 344 1183 362 0.000367 1
613 247 951 368 0.000358 1
1003 234 1079 296 0.000336 1
1012 222 1116 271 0.000330 1
1017 277 1049 295 0.000330 1
882 256 960 294 0.000328 1
702 227 751 261 0.000328 1
679 210 715 265 0.000325 1
859 259 960 304 0.000322 1
1027 310 1139 348 0.000320 1
1042 276 1060 295 0.000319 1
666 190 696 232 0.000315 1
836 219 888 262 0.000312 1
1007 237 1051 269 0.000309 1
738 211 952 353 0.000309 1
847 223 895 246 0.000306 1
996 278 1053 296 0.000300 1
1029 226 1074 296 0.000298 1
750 259 929 346 0.000292 1
872 154 902 177 0.000290 1
1124 309 1169 346 0.000290 1
1172 162 1202 208 0.000284 1
874 247 889 271 0.000282 1
979 236 1054 296 0.000280 1
1138 341 1194 366 0.000278 1
752 246 841 345 0.000274 1
574 315 611 362 0.000269 1
864 247 887 276 0.000268 1
1025 308 1187 367 0.000264 1
737 277 770 312 0.000260 1
1098 308 1194 367 0.000259 1
800 215 841 251 0.000254 1
912 276 934 309 0.000252 1
696 205 762 292 0.000250 1
830 224 880 249 0.000247 1
971 219 1067 289 0.000240 1
696 192 764 259 0.000240 1
895 271 960 330 0.000240 1
1142 308 1177 356 0.000239 1
676 139 944 247 0.000237 1
621 241 882 343 0.000232 1
975 232 1056 295 0.000224 1
1153 161 1206 237 0.000223 1
827 209 890 250 0.000223 1
851 267 962 351 0.000221 1
1104 306 1161 339 0.000220 1
1123 161 1208 218 0.000217 1
1140 309 1170 349 0.000217 1
796 232 824 274 0.000217 1
1021 275 1060 296 0.000215 1
695 206 806 276 0.000213 1
1117 308 1193 363 0.000212 1
510 219 526 263 0.000210 1
765 257 819 306 0.000202 1
877 266 894 288 0.000201 1
733 198 779 232 0.000192 1
694 207 764 267 0.000191 1
572 316 598 356 0.000190 1
807 261 847 290 0.000184 1
1140 318 1182 363 0.000176 1
977 238 1064 296 0.000172 1
574 304 611 364 0.000172 1
1089 308 1189 373 0.000171 1
755 260 851 346 0.000169 1
976 185 1087 262 0.000169 1
966 229 1052 295 0.000167 1
702 225 715 262 0.000162 1
943 219 1060 293 0.000159 1
1039 247 1073 295 0.000159 1
850 256 894 284 0.000158 1
965 372 1019 399 0.000158 1
601 206 793 294 0.000157 1
462 222 932 364 0.000156 1
493 241 945 438 0.000154 1
923 272 961 324 0.000151 1
893 271 933 312 0.000151 1
980 235 1077 298 0.000150 1
851 238 890 284 0.000147 1
1024 308 1125 345 0.000142 1
990 242 1066 296 0.000139 1
851 224 884 277 0.000136 1
1026 308 1135 359 0.000136 1
853 228 880 281 0.000134 1
759 251 801 318 0.000134 1
818 258 934 331 0.000127 1
913 275 948 313 0.000126 1
1054 231 1086 278 0.000126 1
794 259 930 347 0.000125 1
962 370 1015 404 0.000124 1
652 207 758 263 0.000118 1
1183 161 1202 189 0.000117 1
1027 281 1044 295 0.000117 1
794 261 822 298 0.000116 1
819 224 1225 383 0.000115 1
754 269 865 346 0.000114 1
699 212 818 301 0.000110 1
975 218 1071 274 0.000107 1
1043 278 1058 295 0.000107 1
550 299 595 356 0.000105 1
1070 308 1188 377 0.000105 1
960 362 1027 399 0.000101 1
678 207 813 296 0.000100 1
867 178 950 235 0.074772 2
872 179 953 237 0.058705 2
862 177 948 227 0.055882 2
863 178 950 232 0.048198 2
866 177 949 224 0.043876 2
482 170 540 211 0.043025 2
869 188 950 237 0.036185 2
481 176 496 198 0.034382 2
825 177 949 233 0.033330 2
481 173 512 199 0.033263 2
1110 488 1137 498 0.031645 2
480 171 517 207 0.030769 2
868 178 953 235 0.030622 2
480 171 517 205 0.030591 2
481 172 514 200 0.029301 2
1104 487 1137 501 0.027477 2
1230 179 1279 232 0.025400 2
585 184 620 215 0.025323 2
552 172 576 201 0.024932 2
0 284 637 668 0.022695 2
832 221 855 241 0.022374 2
1255 195 1279 229 0.021493 2
1103 487 1137 500 0.021099 2
1231 174 1280 231 0.020517 2
585 183 621 216 0.020052 2
828 177 950 238 0.020026 2
1252 193 1279 230 0.019780 2
1255 197 1279 228 0.019524 2
585 184 636 216 0.019156 2
480 172 520 205 0.019060 2
1231 180 1279 234 0.018823 2
449 154 523 177 0.018677 2
481 171 517 215 0.017960 2
480 177 500 202 0.017832 2
585 184 619 215 0.017745 2
1272 198 1279 235 0.017682 2
1254 197 1278 229 0.016850 2
833 223 854 241 0.016771 2
481 173 519 215 0.016684 2
876 198 942 236 0.016574 2
1257 202 1277 227 0.016415 2
877 198 938 240 0.015900 2
480 174 516 207 0.015715 2
1247 178 1279 229 0.015599 2
874 197 947 215 0.015352 2
1233 176 1279 225 0.014876 2
585 184 620 209 0.014668 2
481 174 495 198 0.013841 2
868 178 951 217 0.013687 2
1104 487 1116 496 0.013637 2
584 184 653 217 0.013630 2
482 197 512 217 0.013503 2
481 171 519 204 0.013341 2
585 186 654 218 0.013088 2
860 177 945 217 0.012966 2
1230 173 1279 231 0.012852 2
845 195 939 245 0.012851 2
818 215 854 240 0.012817 2
454 181 481 209 0.012420 2
481 174 519 211 0.012032 2
833 221 871 241 0.011967 2
466 185 480 206 0.011938 2
1272 198 1279 237 0.011752 2
866 177 951 210 0.011521 2
481 186 515 216 0.011294 2
305 181 324 198 0.010803 2
833 223 861 242 0.010667 2
1227 172 1279 231 0.010448 2
873 198 939 240 0.010310 2
0 284 637 534 0.010178 2
872 194 957 249 0.010044 2
1255 203 1276 229 0.009794 2
1104 487 1137 505 0.009738 2
1105 489 1137 505 0.009670 2
820 180 952 241 0.009551 2
1261 169 1279 181 0.009465 2
480 172 540 214 0.009399 2
586 195 651 217 0.009175 2
291 177 324 198 0.009025 2
869 178 957 253 0.008991 2
1273 199 1279 236 0.008917 2
1224 180 1279 227 0.008861 2
1239 169 1279 222 0.008778 2
1228 170 1279 229 0.008689 2
921 187 953 211 0.008624 2
442 153 520 202 0.008472 2
830 220 854 241 0.008436 2
1206 170 1279 230 0.008428 2
1106 488 1138 506 0.008425 2
522 170 553 201 0.008419 2
457 182 480 205 0.008061 2
877 199 936 243 0.008059 2
1229 177 1279 232 0.008024 2
1067 206 1122 235 0.007801 2
804 208 853 240 0.007729 2
1255 179 1279 231 0.007577 2
924 184 950 206 0.007347 2
1267 197 1279 233 0.007121 2
970 218 987 250 0.007018 2
544 170 577 202 0.006977 2
1068 217 1121 240 0.006935 2
481 188 511 216 0.006845 2
471 155 522 207 0.006761 2
451 182 480 211 0.006741 2
449 156 490 175 0.006705 2
448 154 517 178 0.006694 2
294 177 324 199 0.006622 2
292 177 325 199 0.006610 2
495 196 514 215 0.006565 2
372 415 447 446 0.006255 2
1096 215 1127 249 0.006239 2
1251 169 1279 192 0.006204 2
820 216 859 240 0.006173 2
532 182 549 202 0.006132 2
447 154 518 184 0.006106 2
916 186 949 211 0.006062 2
781 206 855 240 0.005990 2
475 185 505 216 0.005904 2
806 210 853 240 0.005894 2
465 181 480 204 0.005855 2
1259 169 1279 181 0.005853 2
928 188 955 209 0.005846 2
455 180 480 205 0.005831 2
482 197 511 217 0.005742 2
927 183 957 208 0.005738 2
1263 169 1279 180 0.005670 2
396 199 409 205 0.005594 2
1247 168 1279 202 0.005579 2
1067 216 1121 248 0.005440 2
1067 206 1125 235 0.005420 2
1071 220 1122 249 0.005395 2
883 198 949 240 0.005368 2
855 177 941 212 0.005326 2
833 209 879 242 0.005277 2
920 182 951 209 0.005236 2
1234 195 1258 232 0.005172 2
804 207 860 240 0.005151 2
924 183 949 203 0.005039 2
373 414 446 446 0.004990 2
1251 169 1279 209 0.004977 2
888 179 963 252 0.004908 2
191 225 232 255 0.004896 2
601 200 653 217 0.004824 2
448 156 521 192 0.004820 2
919 181 951 205 0.004683 2
889 193 949 211 0.004668 2
827 135 913 174 0.004616 2
446 180 481 211 0.004541 2
866 177 942 220 0.004539 2
1231 171 1279 231 0.004511 2
191 227 231 255 0.004299 2
875 199 934 245 0.004221 2
451 168 522 206 0.004098 2
447 154 523 206 0.004084 2
199 237 231 254 0.003989 2
189 225 231 255 0.003971 2
970 220 987 251 0.003865 2
291 176 322 198 0.003819 2
835 196 933 245 0.003792 2
878 198 911 238 0.003747 2
502 198 514 217 0.003740 2
447 182 477 216 0.003715 2
1082 207 1134 244 0.003662 2
586 184 633 216 0.003649 2
857 177 944 209 0.003615 2
443 179 480 215 0.003614 2
583 184 619 216 0.003584 2
1248 167 1279 181 0.003534 2
811 207 879 242 0.003506 2
118 236 161 255 0.003490 2
113 224 138 236 0.003472 2
585 188 656 219 0.003403 2
870 178 951 210 0.003380 2
449 157 490 174 0.003314 2
113 232 161 255 0.003310 2
972 207 986 222 0.003274 2
541 159 580 188 0.003265 2
453 145 526 179 0.003252 2
928 182 958 207 0.003235 2
1068 207 1131 238 0.003232 2
541 169 562 200 0.003211 2
111 223 157 252 0.003146 2
1060 216 1124 247 0.003145 2
1101 225 1121 249 0.003115 2
546 199 572 218 0.003111 2
201 233 238 259 0.003087 2
118 236 161 256 0.003057 2
77 235 116 256 0.003046 2
584 184 654 219 0.003046 2
877 198 929 236 0.003020 2
18 226 74 254 0.002977 2
920 180 963 255 0.002958 2
376 414 447 447 0.002859 2
190 228 232 255 0.002816 2
829 135 907 175 0.002816 2
114 224 139 236 0.002814 2
878 198 905 236 0.002747 2
833 206 877 240 0.002674 2
547 160 580 179 0.002641 2
452 203 466 216 0.002557 2
971 207 986 244 0.002543 2
1069 210 1115 233 0.002504 2
111 224 161 254 0.002460 2
117 236 161 257 0.002460 2
195 226 232 253 0.002425 2
117 235 176 259 0.002416 2
878 197 910 235 0.002406 2
1070 204 1123 232 0.002347 2
447 180 480 206 0.002341 2
20 230 74 257 0.002324 2
1009 199 1034 224 0.002309 2
326 235 352 254 0.002301 2
878 198 902 234 0.002260 2
325 235 352 254 0.002196 2
445 201 468 218 0.002182 2
77 236 116 256 0.002177 2
1273 205 1279 257 0.002163 2
1229 168 1273 185 0.002156 2
825 136 913 175 0.002148 2
924 200 946 239 0.002136 2
1071 205 1119 228 0.002130 2
118 236 165 259 0.002081 2
479 193 508 217 0.002062 2
1067 208 1124 241 0.001979 2
1251 211 1269 233 0.001966 2
1104 490 1137 507 0.001952 2
326 235 352 255 0.001925 2
448 156 491 181 0.001923 2
1105 216 1136 248 0.001914 2
898 178 948 207 0.001836 2
1230 169 1247 182 0.001822 2
1103 218 1137 248 0.001810 2
203 240 228 258 0.001807 2
385 415 447 447 0.001804 2
433 172 445 197 0.001789 2
809 188 937 241 0.001788 2
450 199 476 217 0.001780 2
858 177 935 196 0.001765 2
204 240 237 258 0.001761 2
1235 197 1260 232 0.001719 2
1272 228 1279 263 0.001698 2
448 155 494 182 0.001693 2
439 199 469 217 0.001692 2
520 185 562 218 0.001657 2
1256 200 1279 236 0.001654 2
446 159 500 201 0.001634 2
165 223 232 254 0.001626 2
928 191 965 210 0.001624 2
164 204 198 219 0.001617 2
76 236 116 256 0.001610 2
233 238 259 251 0.001609 2
21 231 41 248 0.001607 2
560 161 580 191 0.001604 2
220 235 260 257 0.001593 2
111 224 162 255 0.001579 2
77 236 116 257 0.001571 2
322 210 354 256 0.001566 2
1074 206 1127 231 0.001555 2
166 224 233 256 0.001549 2
1209 369 1226 389 0.001543 2
491 181 571 222 0.001530 2
433 178 480 216 0.001522 2
1210 369 1226 387 0.001518 2
168 205 195 218 0.001516 2
893 199 935 246 0.001507 2
968 205 984 221 0.001504 2
324 233 353 255 0.001473 2
191 225 234 251 0.001463 2
1212 193 1279 262 0.001426 2
356 217 370 228 0.001386 2
967 196 992 222 0.001384 2
867 177 937 198 0.001379 2
1094 210 1138 239 0.001366 2
158 204 202 234 0.001349 2
1071 206 1101 225 0.001324 2
830 135 908 168 0.001322 2
31 234 74 256 0.001321 2
1239 167 1263 181 0.001311 2
584 181 620 216 0.001289 2
529 248 600 279 0.001271 2
1103 487 1127 505 0.001268 2
1110 496 1137 509 0.001264 2
1091 207 1129 230 0.001254 2
107 236 161 258 0.001237 2
1054 486 1067 498 0.001231 2
434 175 479 207 0.001224 2
112 222 133 236 0.001211 2
109 223 159 255 0.001202 2
437 168 482 212 0.001196 2
25 227 74 255 0.001191 2
528 249 601 280 0.001176 2
1066 220 1122 248 0.001175 2
1210 369 1226 386 0.001172 2
1261 225 1279 260 0.001164 2
521 168 562 199 0.001155 2
33 234 74 256 0.001153 2
577 183 621 216 0.001152 2
1226 169 1248 182 0.001147 2
1248 234 1279 268 0.001147 2
33 235 74 256 0.001133 2
533 249 596 280 0.001131 2
202 239 242 263 0.001125 2
482 154 525 206 0.001119 2
1220 169 1280 227 0.001082 2
75 233 117 256 0.001081 2
178 227 240 259 0.001074 2
1103 488 1138 507 0.001050 2
1102 485 1137 505 0.001042 2
583 180 617 215 0.001035 2
576 184 663 219 0.001022 2
372 415 449 451 0.001014 2
1235 197 1260 232 0.001013 2
1206 163 1279 231 0.001009 2
1233 186 1251 233 0.000996 2
78 236 115 258 0.000982 2
432 173 469 206 0.000982 2
617 189 644 211 0.000980 2
432 172 445 204 0.000976 2
64 225 117 254 0.000966 2
30 227 78 256 0.000958 2
70 230 117 257 0.000955 2
917 200 1014 256 0.000952 2
204 226 234 248 0.000938 2
165 204 198 219 0.000923 2
878 198 905 233 0.000922 2
76 227 126 256 0.000918 2
1197 369 1227 407 0.000908 2
116 236 179 262 0.000907 2
843 145 898 174 0.000902 2
963 200 982 209 0.000893 2
114 229 164 255 0.000877 2
846 176 930 237 0.000873 2
1260 207 1279 253 0.000872 2
325 221 353 255 0.000870 2
73 236 116 259 0.000851 2
1030 189 1072 232 0.000844 2
33 235 74 257 0.000844 2
320 197 355 255 0.000839 2
1103 486 1138 506 0.000837 2
431 176 481 210 0.000833 2
832 223 859 245 0.000831 2
233 238 258 261 0.000828 2
97 223 152 253 0.000811 2
470 144 524 174 0.000810 2
567 172 581 201 0.000807 2
104 250 156 267 0.000805 2
802 168 853 232 0.000802 2
378 415 447 446 0.000793 2
111 224 161 256 0.000791 2
1023 205 1126 245 0.000784 2
448 154 490 172 0.000782 2
433 167 469 187 0.000774 2
318 214 331 233 0.000762 2
928 195 957 249 0.000757 2
284 176 321 198 0.000751 2
1041 483 1065 497 0.000751 2
372 197 394 206 0.000747 2
865 177 945 228 0.000746 2
159 243 207 262 0.000741 2
431 169 455 191 0.000738 2
1173 344 1277 418 0.000736 2
1227 167 1248 181 0.000717 2
354 214 371 227 0.000717 2
1057 491 1074 501 0.000715 2
432 167 469 186 0.000713 2
109 227 195 257 0.000706 2
911 173 948 200 0.000702 2
1263 238 1279 269 0.000701 2
170 223 237 256 0.000699 2
357 196 393 206 0.000696 2
160 242 206 262 0.000694 2
319 197 355 256 0.000690 2
160 241 204 262 0.000690 2
1207 366 1232 389 0.000686 2
1227 167 1247 181 0.000681 2
23 228 101 258 0.000672 2
21 226 67 240 0.000670 2
928 182 967 208 0.000670 2
354 199 385 228 0.000670 2
1116 214 1151 239 0.000663 2
212 238 253 263 0.000656 2
832 223 874 245 0.000652 2
234 219 255 241 0.000650 2
1209 369 1227 387 0.000640 2
1180 346 1279 421 0.000630 2
810 202 864 241 0.000625 2
159 237 195 262 0.000624 2
32 232 75 256 0.000621 2
160 237 200 262 0.000620 2
1091 207 1139 231 0.000611 2
432 175 445 205 0.000600 2
836 136 926 175 0.000597 2
1208 369 1231 389 0.000595 2
1206 369 1227 407 0.000594 2
638 164 664 199 0.000592 2
309 279 634 440 0.000582 2
271 177 326 200 0.000578 2
437 205 452 219 0.000577 2
25 292 164 334 0.000576 2
463 255 478 271 0.000574 2
634 167 667 206 0.000574 2
163 236 202 262 0.000572 2
160 246 205 262 0.000571 2
1032 185 1067 225 0.000563 2
188 235 219 260 0.000563 2
112 222 155 243 0.000558 2
27 234 74 258 0.000552 2
1183 348 1279 423 0.000551 2
31 223 77 244 0.000550 2
975 190 982 201 0.000548 2
822 163 858 180 0.000547 2
890 178 973 217 0.000547 2
447 153 490 173 0.000538 2
161 249 206 262 0.000530 2
104 251 153 265 0.000525 2
31 225 70 239 0.000525 2
920 176 947 197 0.000523 2
191 234 208 256 0.000521 2
31 225 95 255 0.000520 2
447 161 493 204 0.000517 2
1208 212 1279 266 0.000513 2
12 227 78 258 0.000513 2
325 234 353 256 0.000512 2
325 199 361 255 0.000511 2
859 177 932 185 0.000510 2
39 230 117 258 0.000507 2
105 249 161 266 0.000506 2
636 161 660 201 0.000503 2
1073 195 1095 210 0.000503 2
551 177 598 212 0.000500 2
851 183 916 236 0.000500 2
353 198 389 207 0.000498 2
17 229 42 251 0.000496 2
233 217 261 241 0.000491 2
315 200 353 263 0.000489 2
916 186 1008 258 0.000484 2
59 235 116 269 0.000482 2
474 175 525 219 0.000480 2
432 196 462 212 0.000475 2
949 205 979 231 0.000469 2
26 291 304 334 0.000469 2
160 222 237 256 0.000469 2
60 225 97 247 0.000464 2
1197 193 1278 261 0.000464 2
110 232 207 259 0.000459 2
16 225 67 250 0.000456 2
160 249 200 262 0.000455 2
169 250 206 262 0.000453 2
387 178 425 205 0.000453 2
1196 368 1236 413 0.000453 2
69 225 94 236 0.000451 2
379 181 407 205 0.000444 2
372 414 456 461 0.000441 2
78 223 160 255 0.000440 2
927 200 979 249 0.000440 2
114 228 188 256 0.000439 2
909 176 934 186 0.000433 2
518 168 542 190 0.000433 2
829 135 904 154 0.000429 2
218 249 241 264 0.000428 2
1 285 615 462 0.000426 2
0 527 119 657 0.000425 2
118 235 191 262 0.000418 2
363 204 381 219 0.000417 2
869 138 906 174 0.000412 2
296 192 389 204 0.000410 2
1090 488 1125 506 0.000406 2
1089 195 1097 210 0.000405 2
616 166 709 219 0.000404 2
443 163 486 202 0.000401 2
60 253 91 266 0.000400 2
21 226 117 258 0.000394 2
159 224 239 261 0.000393 2
67 232 141 257 0.000390 2
1263 363 1279 381 0.000390 2
596 156 656 217 0.000387 2
66 226 164 259 0.000385 2
431 191 449 206 0.000383 2
803 165 855 200 0.000383 2
394 415 447 446 0.000382 2
227 214 255 248 0.000378 2
240 215 260 237 0.000373 2
14 226 77 257 0.000370 2
463 250 479 271 0.000369 2
352 196 389 209 0.000368 2
1076 188 1094 204 0.000367 2
756 190 796 234 0.000352 2
351 197 384 228 0.000351 2
103 250 150 266 0.000351 2
327 191 371 249 0.000349 2
634 160 660 205 0.000347 2
1180 346 1275 421 0.000347 2
928 181 963 207 0.000343 2
736 200 790 233 0.000341 2
414 171 446 203 0.000339 2
59 253 93 267 0.000332 2
104 235 160 264 0.000330 2
456 144 524 175 0.000325 2
1112 173 1207 248 0.000322 2
544 260 586 279 0.000318 2
1190 368 1231 419 0.000316 2
1189 379 1227 416 0.000315 2
126 251 159 265 0.000315 2
519 149 561 176 0.000313 2
1170 339 1277 418 0.000312 2
103 250 177 275 0.000308 2
217 223 234 239 0.000307 2
64 225 93 238 0.000307 2
20 226 111 257 0.000306 2
449 187 480 219 0.000306 2
412 174 446 204 0.000306 2
1206 221 1233 257 0.000304 2
621 178 706 221 0.000304 2
569 161 581 186 0.000302 2
1150 182 1202 219 0.000300 2
40 225 115 257 0.000299 2
1147 182 1202 221 0.000298 2
113 215 133 235 0.000297 2
812 162 859 187 0.000296 2
0 303 210 657 0.000295 2
68 236 115 264 0.000293 2
371 414 446 446 0.000293 2
1214 167 1266 207 0.000290 2
213 245 238 264 0.000290 2
838 146 872 170 0.000289 2
1 287 568 457 0.000288 2
247 215 272 233 0.000288 2
574 274 601 354 0.000287 2
966 189 985 207 0.000287 2
830 145 896 176 0.000285 2
936 205 981 250 0.000284 2
649 170 699 218 0.000282 2
191 230 247 262 0.000281 2
1 286 600 471 0.000280 2
810 160 858 178 0.000278 2
1190 368 1239 420 0.000278 2
828 136 913 162 0.000277 2
663 183 697 228 0.000274 2
71 223 157 256 0.000273 2
845 152 858 167 0.000272 2
1167 337 1278 419 0.000271 2
153 186 194 218 0.000271 2
398 176 441 205 0.000270 2
481 144 526 175 0.000269 2
1087 188 1095 203 0.000264 2
1249 220 1274 242 0.000264 2
658 168 673 192 0.000263 2
1198 353 1266 392 0.000262 2
450 202 470 222 0.000260 2
320 186 360 255 0.000259 2
1121 487 1149 499 0.000259 2
359 202 385 219 0.000259 2
104 251 155 275 0.000258 2
481 200 519 221 0.000255 2
1 287 485 464 0.000251 2
702 305 769 340 0.000249 2
0 229 34 261 0.000248 2
58 253 94 276 0.000245 2
170 245 214 263 0.000245 2
22 224 117 257 0.000244 2
445 203 468 223 0.000242 2
1001 188 1043 216 0.000240 2
372 413 500 482 0.000236 2
350 190 388 216 0.000235 2
442 143 527 175 0.000235 2
635 390 668 417 0.000234 2
1192 349 1260 391 0.000232 2
1 289 457 487 0.000229 2
1069 196 1092 214 0.000228 2
328 209 372 234 0.000225 2
0 307 140 656 0.000225 2
325 416 449 451 0.000223 2
205 245 222 263 0.000221 2
1047 182 1064 200 0.000220 2
1263 351 1279 380 0.000220 2
415 204 453 223 0.000220 2
83 224 94 235 0.000219 2
164 202 203 219 0.000219 2
1262 364 1279 385 0.000219 2
72 224 117 250 0.000217 2
1173 343 1249 418 0.000215 2
325 194 373 284 0.000214 2
1183 354 1279 427 0.000212 2
1071 189 1094 208 0.000211 2
182 245 207 261 0.000210 2
54 252 97 281 0.000208 2
864 176 938 198 0.000208 2
272 182 294 194 0.000208 2
111 233 209 262 0.000207 2
161 212 236 255 0.000207 2
1090 187 1121 208 0.000206 2
291 188 382 287 0.000204 2
318 203 331 232 0.000203 2
0 294 319 466 0.000202 2
290 178 327 229 0.000201 2
663 167 695 197 0.000201 2
56 225 82 238 0.000200 2
1103 482 1137 502 0.000200 2
130 233 232 262 0.000196 2
451 200 477 256 0.000195 2
234 191 275 228 0.000194 2
1111 494 1145 508 0.000194 2
21 288 350 331 0.000193 2
1004 183 1041 206 0.000192 2
707 183 735 203 0.000192 2
58 250 114 278 0.000191 2
842 154 871 185 0.000190 2
157 205 215 246 0.000190 2
443 144 525 181 0.000189 2
92 240 154 266 0.000189 2
51 224 163 256 0.000189 2
922 183 985 208 0.000186 2
55 253 99 284 0.000183 2
794 329 847 347 0.000183 2
57 253 94 278 0.000181 2
1186 365 1265 418 0.000180 2
0 227 74 261 0.000178 2
1247 481 1278 490 0.000178 2
0 297 247 656 0.000175 2
75 277 97 287 0.000173 2
1 222 41 250 0.000173 2
1204 358 1233 389 0.000172 2
669 167 707 223 0.000172 2
1185 356 1280 426 0.000169 2
57 253 93 277 0.000169 2
0 256 50 283 0.000168 2
1186 356 1280 430 0.000167 2
11 535 80 619 0.000167 2
1192 344 1267 388 0.000167 2
238 194 259 213 0.000165 2
635 393 666 417 0.000165 2
78 222 132 239 0.000163 2
0 228 155 283 0.000162 2
1262 364 1279 385 0.000162 2
224 227 261 262 0.000161 2
523 249 600 280 0.000160 2
52 254 93 281 0.000160 2
1143 182 1202 227 0.000159 2
16 224 48 249 0.000158 2
249 213 274 232 0.000158 2
79 276 97 287 0.000154 2
0 227 158 285 0.000153 2
378 412 447 445 0.000153 2
166 198 193 218 0.000152 2
1266 253 1279 271 0.000152 2
1200 361 1257 397 0.000152 2
0 309 159 660 0.000151 2
1178 353 1229 419 0.000149 2
70 294 163 308 0.000148 2
1244 481 1266 488 0.000148 2
504 507 528 518 0.000147 2
170 168 204 182 0.000147 2
70 293 161 307 0.000146 2
432 160 471 181 0.000146 2
1 286 564 499 0.000146 2
218 189 266 223 0.000143 2
1204 164 1232 221 0.000143 2
825 329 857 346 0.000142 2
926 176 954 207 0.000141 2
313 165 365 199 0.000140 2
0 299 280 459 0.000139 2
0 316 111 659 0.000138 2
23 289 166 332 0.000137 2
31 537 80 618 0.000136 2
1103 481 1137 502 0.000135 2
104 254 114 265 0.000135 2
158 187 180 205 0.000135 2
7 537 80 619 0.000133 2
1182 350 1232 390 0.000133 2
922 163 994 207 0.000133 2
76 295 162 306 0.000133 2
847 191 873 237 0.000132 2
112 215 130 232 0.000131 2
6 256 49 283 0.000130 2
318 190 352 256 0.000128 2
110 223 212 259 0.000128 2
0 287 374 659 0.000128 2
446 145 526 174 0.000127 2
295 198 334 282 0.000127 2
0 225 69 257 0.000127 2
0 295 295 659 0.000126 2
0 232 89 282 0.000125 2
158 204 239 253 0.000125 2
0 285 636 494 0.000124 2
102 251 176 276 0.000123 2
604 150 641 207 0.000123 2
113 224 198 258 0.000123 2
113 218 166 252 0.000122 2
235 190 277 213 0.000121 2
834 136 927 166 0.000121 2
142 250 173 264 0.000121 2
846 160 921 237 0.000119 2
0 289 329 461 0.000118 2
702 306 769 344 0.000117 2
152 183 180 204 0.000116 2
0 527 80 604 0.000116 2
391 414 447 445 0.000116 2
168 169 231 216 0.000114 2
1263 349 1279 366 0.000114 2
58 236 111 266 0.000113 2
103 251 148 274 0.000112 2
575 274 600 351 0.000111 2
32 235 75 267 0.000110 2
33 235 81 260 0.000110 2
152 182 184 205 0.000109 2
1173 343 1231 417 0.000109 2
4 256 52 283 0.000108 2
1006 184 1044 213 0.000108 2
153 185 181 206 0.000107 2
415 166 451 202 0.000107 2
0 231 42 282 0.000107 2
1180 356 1231 407 0.000106 2
0 223 31 260 0.000106 2
155 278 184 300 0.000105 2
0 291 358 659 0.000104 2
574 274 610 355 0.000102 2
507 240 601 271 0.000102 2
296 198 332 275 0.000101 2
269 184 296 202 0.000100 2
0 257 164 344 0.000100 2
532 248 599 352 0.001763 3
481 253 601 355 0.000233 3
331 229 932 417 0.000151 3
830 135 937 176 0.043777 5
830 135 924 175 0.033075 5
828 135 913 173 0.014509 5
829 135 901 171 0.012722 5
828 135 908 174 0.010036 5
830 133 938 175 0.007628 5
829 135 900 173 0.007056 5
830 131 935 175 0.003575 5
811 158 858 181 0.001908 5
829 135 900 168 0.001725 5
809 157 859 182 0.001560 5
472 148 525 181 0.001051 5
810 162 858 179 0.000569 5
830 135 899 166 0.000498 5
1 285 638 689 0.150188 6
6 283 639 471 0.099517 6
0 285 637 626 0.080562 6
0 285 636 609 0.042673 6
2 283 635 458 0.023496 6
34 280 639 460 0.017139 6
18 280 640 465 0.015928 6
0 284 637 542 0.015487 6
1 283 635 416 0.014968 6
1 283 637 670 0.014202 6
30 283 639 477 0.009977 6
0 283 633 397 0.006910 6
5 284 639 499 0.004321 6
0 283 635 378 0.003354 6
103 282 638 453 0.002653 6
3 197 618 306 0.002038 6
18 199 534 292 0.002030 6
0 194 628 424 0.001882 6
29 206 638 475 0.001837 6
151 284 639 473 0.001828 6
2 284 634 391 0.001182 6
1 195 632 457 0.000590 6
320 285 644 467 0.000489 6
80 185 640 476 0.000449 6
280 286 638 698 0.000298 6
1 287 614 664 0.000260 6
226 283 639 495 0.000259 6
2 285 595 370 0.000219 6
302 285 639 698 0.000168 6
0 291 297 656 0.000161 6
353 289 606 477 0.000133 6
257 287 638 697 0.000128 6
352 289 577 476 0.000122 6
177 286 638 697 0.000102 6
218 283 638 690 0.000101 6
806 175 946 242 0.191023 7
804 172 945 242 0.162116 7
806 177 950 242 0.145198 7
799 159 944 242 0.099282 7
796 170 943 241 0.088570 7
802 175 947 240 0.081307 7
802 155 944 240 0.069824 7
804 173 941 240 0.068979 7
804 139 942 240 0.049273 7
805 142 943 241 0.045338 7
1102 184 1182 247 0.035865 7
823 137 941 239 0.035811 7
801 174 947 238 0.033176 7
805 175 953 245 0.032860 7
1110 183 1183 247 0.031505 7
808 139 952 243 0.030727 7
1120 216 1178 248 0.030315 7
1093 181 1183 248 0.029977 7
831 135 915 177 0.027096 7
826 137 942 235 0.025382 7
802 137 942 242 0.025350 7
1076 184 1181 248 0.023320 7
830 135 935 177 0.022937 7
448 152 523 180 0.022611 7
306 200 458 290 0.022117 7
328 201 457 291 0.021418 7
449 149 523 185 0.020090 7
805 159 857 235 0.019132 7
1106 184 1181 248 0.018985 7
1093 180 1193 249 0.018388 7
830 135 907 177 0.017657 7
442 151 521 185 0.017581 7
796 156 857 237 0.016569 7
335 201 457 290 0.016404 7
1116 183 1181 248 0.015627 7
294 199 457 291 0.015096 7
825 178 956 243 0.014937 7
795 174 948 245 0.013736 7
803 158 857 235 0.013077 7
1097 175 1211 251 0.013003 7
829 135 905 176 0.012133 7
520 165 577 205 0.011977 7
449 148 526 197 0.011331 7
829 134 942 182 0.010706 7
1090 190 1206 251 0.010047 7
1204 168 1279 229 0.009862 7
866 177 944 236 0.009756 7
449 146 524 180 0.009402 7
804 160 870 239 0.009369 7
1185 167 1279 229 0.008634 7
1198 169 1279 229 0.008361 7
804 157 857 236 0.008216 7
1097 163 1213 249 0.008206 7
1076 181 1192 251 0.007499 7
809 176 955 251 0.007292 7
1095 216 1179 249 0.007173 7
812 174 948 241 0.007171 7
1099 194 1223 254 0.007085 7
1181 169 1222 254 0.007019 7
1093 163 1210 250 0.005861 7
476 248 601 354 0.005749 7
511 153 581 200 0.005635 7
1183 169 1279 234 0.005565 7
446 156 534 205 0.005464 7
1180 197 1223 260 0.005392 7
818 140 958 246 0.005352 7
792 158 858 239 0.005121 7
522 155 579 201 0.004908 7
469 246 601 353 0.004837 7
443 145 521 180 0.004612 7
455 161 578 207 0.004539 7
517 183 577 217 0.004391 7
809 159 857 183 0.004214 7
1120 215 1181 248 0.004205 7
1119 214 1179 248 0.004007 7
809 159 858 186 0.003886 7
523 157 580 201 0.003792 7
809 159 858 189 0.003758 7
805 142 899 237 0.003533 7
809 162 856 189 0.003384 7
666 155 942 243 0.003283 7
863 177 948 239 0.002805 7
796 155 858 232 0.002782 7
1065 203 1180 249 0.002751 7
1179 165 1235 246 0.002750 7
449 155 490 172 0.002643 7
448 155 490 174 0.002505 7
548 165 572 200 0.002370 7
1099 163 1197 247 0.002340 7
175 200 494 290 0.002180 7
539 159 581 178 0.002046 7
1097 164 1178 246 0.002039 7
1063 213 1180 250 0.002032 7
1116 214 1221 249 0.002004 7
552 169 570 199 0.001948 7
824 134 964 246 0.001893 7
705 133 943 243 0.001836 7
469 244 601 348 0.001727 7
446 171 567 222 0.001659 7
1031 193 1200 255 0.001638 7
446 154 530 207 0.001575 7
529 248 601 279 0.001517 7
802 198 883 242 0.001499 7
1119 182 1188 247 0.001491 7
807 161 857 194 0.001455 7
803 161 856 230 0.001454 7
716 152 858 214 0.001364 7
522 155 582 183 0.001337 7
524 248 601 280 0.001319 7
517 146 580 201 0.001237 7
529 249 595 279 0.001215 7
448 128 527 179 0.001209 7
1094 163 1157 217 0.001201 7
5 195 464 298 0.001182 7
808 163 857 192 0.001114 7
61 200 634 445 0.001016 7
804 160 856 230 0.000978 7
1069 171 1184 245 0.000956 7
311 197 393 288 0.000908 7
320 198 659 461 0.000900 7
1212 164 1279 231 0.000898 7
831 134 949 222 0.000868 7
808 160 858 188 0.000864 7
802 139 905 182 0.000841 7
316 199 392 288 0.000838 7
50 195 631 494 0.000793 7
1102 163 1155 185 0.000778 7
300 198 393 287 0.000764 7
1119 183 1185 220 0.000763 7
1180 170 1279 264 0.000735 7
448 128 528 181 0.000714 7
803 182 854 240 0.000713 7
7 190 459 293 0.000651 7
509 177 665 220 0.000625 7
710 151 861 219 0.000619 7
1133 183 1188 220 0.000578 7
520 148 578 189 0.000561 7
1114 184 1231 248 0.000559 7
583 153 654 217 0.000528 7
1138 183 1188 221 0.000519 7
1172 169 1280 260 0.000496 7
512 159 674 214 0.000458 7
863 177 947 230 0.000456 7
832 182 977 262 0.000444 7
320 188 651 364 0.000433 7
808 164 857 190 0.000431 7
444 135 550 205 0.000429 7
438 190 602 350 0.000424 7
1035 143 1203 250 0.000421 7
305 191 391 287 0.000403 7
846 174 943 234 0.000390 7
845 165 917 240 0.000387 7
520 144 580 202 0.000382 7
468 191 628 349 0.000381 7
353 200 392 287 0.000370 7
711 152 857 214 0.000349 7
754 181 962 312 0.000344 7
826 128 916 175 0.000342 7
293 196 369 287 0.000342 7
111 197 614 357 0.000331 7
1236 164 1279 230 0.000324 7
802 181 859 239 0.000314 7
1145 183 1185 220 0.000300 7
1100 162 1155 185 0.000294 7
464 194 601 353 0.000290 7
781 171 842 236 0.000281 7
667 107 942 244 0.000276 7
276 189 609 341 0.000265 7
1125 183 1190 227 0.000265 7
683 152 811 246 0.000258 7
707 153 854 249 0.000257 7
768 178 976 310 0.000242 7
227 195 622 343 0.000241 7
349 199 458 290 0.000231 7
440 123 528 182 0.000229 7
698 151 818 225 0.000228 7
311 199 389 289 0.000225 7
280 175 317 198 0.000224 7
802 172 857 231 0.000224 7
830 132 937 177 0.000216 7
300 123 458 291 0.000214 7
441 133 581 205 0.000212 7
294 177 611 258 0.000193 7
443 201 885 362 0.000193 7
1136 184 1186 220 0.000189 7
436 128 582 205 0.000183 7
710 151 858 242 0.000178 7
1098 162 1207 194 0.000176 7
950 201 1253 325 0.000172 7
448 129 530 178 0.000172 7
376 160 413 204 0.000170 7
379 187 464 206 0.000170 7
292 198 363 288 0.000162 7
297 123 452 285 0.000156 7
829 141 988 220 0.000153 7
334 201 459 294 0.000151 7
293 194 361 287 0.000146 7
567 159 682 220 0.000138 7
316 127 531 287 0.000130 7
813 135 1083 261 0.000126 7
1044 92 1223 251 0.000125 7
408 206 448 276 0.000125 7
1084 183 1148 232 0.000123 7
1103 183 1177 220 0.000122 7
392 204 450 280 0.000117 7
535 158 596 207 0.000112 7
292 197 359 288 0.000111 7
410 206 450 271 0.000111 7
826 136 946 195 0.000110 7
1181 126 1280 231 0.000109 7
1091 184 1158 223 0.000108 7
1053 199 1241 287 0.000106 7
1075 184 1122 236 0.000103 7
454 179 767 291 0.000101 7
1088 150 1103 178 0.387289 9
1089 150 1102 178 0.364972 9
1089 150 1103 177 0.311221 9
1088 150 1103 177 0.290601 9
1089 150 1102 179 0.170379 9
513 150 523 174 0.123873 9
513 150 523 171 0.123153 9
1090 149 1103 178 0.085600 9
513 149 523 178 0.033877 9
513 149 524 174 0.026215 9
513 150 524 175 0.026085 9
1004 135 1015 171 0.021250 9
1089 149 1102 186 0.016067 9
1090 149 1102 185 0.016032 9
1001 135 1011 175 0.014564 9
1003 135 1014 172 0.014487 9
1001 135 1013 173 0.012326 9
512 146 524 173 0.010991 9
259 143 269 159 0.010264 9
1014 135 1025 146 0.010043 9
173 64 202 91 0.009383 9
171 64 203 91 0.009104 9
333 165 353 199 0.009013 9
1089 149 1111 177 0.008770 9
596 130 605 144 0.008712 9
449 159 464 170 0.008669 9
1090 150 1111 176 0.008481 9
1014 135 1025 154 0.008228 9
514 152 526 184 0.006882 9
328 164 354 199 0.006831 9
1000 134 1013 173 0.006765 9
258 144 269 159 0.006764 9
170 64 203 91 0.006594 9
1014 133 1024 170 0.006291 9
258 143 269 159 0.006280 9
513 150 524 174 0.005672 9
1089 142 1106 177 0.005483 9
1015 149 1024 170 0.005457 9
258 143 269 159 0.005288 9
326 159 352 198 0.005052 9
512 142 526 173 0.004954 9
595 117 605 145 0.004318 9
513 147 524 174 0.004173 9
315 152 343 197 0.003867 9
1090 149 1111 179 0.003808 9
1208 169 1218 201 0.003594 9
594 121 604 146 0.003524 9
1113 164 1153 186 0.003296 9
587 117 598 140 0.003177 9
1012 134 1025 169 0.002995 9
586 117 598 135 0.002663 9
334 163 352 198 0.002636 9
1210 168 1225 201 0.002480 9
320 154 344 198 0.002476 9
1089 146 1103 176 0.002475 9
312 148 342 194 0.002380 9
608 151 624 165 0.002288 9
1206 167 1219 199 0.002287 9
1080 149 1102 183 0.002210 9
1209 168 1226 200 0.002191 9
681 164 689 184 0.002165 9
1002 168 1008 177 0.002108 9
879 154 894 173 0.002059 9
1122 164 1154 186 0.002058 9
896 162 905 177 0.002033 9
595 119 604 145 0.002028 9
895 155 906 173 0.002020 9
312 151 343 197 0.002018 9
312 154 325 198 0.001995 9
1210 167 1224 204 0.001896 9
595 133 615 164 0.001810 9
312 150 325 192 0.001775 9
165 64 203 92 0.001638 9
1080 149 1102 181 0.001621 9
808 151 813 159 0.001610 9
374 162 382 183 0.001577 9
998 133 1008 169 0.001573 9
679 66 695 120 0.001522 9
1118 163 1155 186 0.001519 9
1183 162 1202 195 0.001460 9
1110 163 1154 186 0.001427 9
681 169 688 189 0.001414 9
678 69 691 120 0.001412 9
1110 192 1120 204 0.001377 9
586 119 599 135 0.001368 9
1106 162 1153 186 0.001365 9
1154 163 1167 183 0.001357 9
595 116 626 161 0.001317 9
1004 135 1015 171 0.001312 9
1155 165 1168 184 0.001261 9
595 116 605 144 0.001226 9
993 142 1000 161 0.001220 9
595 115 625 164 0.001181 9
1009 133 1026 163 0.001169 9
862 165 869 179 0.001148 9
704 155 712 175 0.001137 9
703 167 713 182 0.001136 9
595 64 625 93 0.001129 9
1192 385 1205 403 0.001128 9
1096 173 1104 199 0.001096 9
593 123 604 162 0.001084 9
994 137 1001 164 0.001079 9
1078 148 1103 179 0.001072 9
173 64 206 92 0.001052 9
679 73 691 116 0.001019 9
448 159 487 176 0.001010 9
611 142 626 164 0.000991 9
161 64 198 92 0.000982 9
586 117 598 134 0.000975 9
595 64 626 93 0.000974 9
678 70 691 121 0.000964 9
697 69 709 123 0.000961 9
681 152 689 183 0.000952 9
119 64 161 74 0.000915 9
698 81 716 128 0.000915 9
1150 163 1168 184 0.000898 9
681 148 689 176 0.000898 9
683 69 695 120 0.000893 9
806 158 858 193 0.000885 9
999 129 1006 137 0.000827 9
697 151 705 175 0.000826 9
802 151 809 159 0.000806 9
875 142 908 174 0.000802 9
183 144 199 168 0.000787 9
118 64 156 77 0.000787 9
696 120 708 152 0.000782 9
595 115 625 157 0.000780 9
699 124 713 154 0.000776 9
600 139 627 164 0.000766 9
684 168 701 186 0.000759 9
605 129 625 160 0.000757 9
307 152 342 198 0.000756 9
1149 163 1168 185 0.000749 9
693 119 709 153 0.000748 9
1192 385 1204 402 0.000737 9
831 135 863 166 0.000725 9
160 68 198 92 0.000702 9
679 75 690 105 0.000699 9
854 116 865 137 0.000696 9
366 164 375 188 0.000688 9
596 146 612 163 0.000685 9
1002 145 1013 175 0.000682 9
581 64 596 93 0.000679 9
120 64 162 74 0.000669 9
878 154 896 173 0.000668 9
545 142 552 156 0.000666 9
415 64 433 123 0.000655 9
163 64 174 76 0.000630 9
1080 157 1093 185 0.000629 9
580 64 597 93 0.000623 9
834 141 860 165 0.000616 9
594 64 632 93 0.000612 9
699 82 716 129 0.000611 9
706 125 717 155 0.000603 9
1184 161 1201 187 0.000603 9
0 144 6 202 0.000591 9
259 142 270 159 0.000590 9
697 73 715 128 0.000587 9
694 150 707 179 0.000585 9
449 153 489 172 0.000584 9
595 64 626 92 0.000581 9
160 66 196 92 0.000580 9
696 67 707 120 0.000579 9
664 171 671 191 0.000575 9
356 218 370 229 0.000569 9
710 132 717 156 0.000566 9
694 119 709 153 0.000564 9
678 66 695 121 0.000561 9
851 116 865 137 0.000560 9
597 116 626 157 0.000559 9
699 126 713 154 0.000557 9
496 147 525 176 0.000553 9
1090 128 1111 176 0.000551 9
586 168 595 185 0.000549 9
119 64 154 73 0.000541 9
698 120 712 153 0.000539 9
580 64 597 95 0.000536 9
1183 163 1201 194 0.000535 9
1089 150 1104 193 0.000534 9
1088 177 1098 197 0.000531 9
239 170 247 191 0.000526 9
684 169 702 202 0.000521 9
691 169 703 182 0.000520 9
680 122 691 167 0.000519 9
861 165 869 183 0.000513 9
996 132 1018 155 0.000501 9
699 119 711 130 0.000496 9
463 251 479 271 0.000488 9
875 136 939 175 0.000485 9
805 152 859 184 0.000485 9
170 142 181 170 0.000484 9
700 150 711 174 0.000484 9
581 64 596 98 0.000484 9
463 242 478 272 0.000482 9
1223 164 1238 190 0.000477 9
159 64 201 83 0.000474 9
596 64 625 92 0.000460 9
682 145 694 180 0.000455 9
156 64 170 80 0.000453 9
681 119 696 161 0.000452 9
1191 385 1204 403 0.000451 9
869 123 880 137 0.000451 9
373 159 382 184 0.000449 9
698 81 721 128 0.000448 9
1183 162 1212 200 0.000444 9
1103 163 1154 186 0.000444 9
352 156 362 196 0.000442 9
624 64 640 92 0.000440 9
593 64 624 94 0.000431 9
592 131 607 184 0.000430 9
157 64 173 74 0.000421 9
996 134 1019 171 0.000421 9
580 64 598 92 0.000420 9
684 119 705 154 0.000417 9
1096 128 1109 164 0.000415 9
865 123 871 136 0.000415 9
161 76 188 91 0.000412 9
171 143 181 169 0.000401 9
449 150 491 171 0.000394 9
993 143 1003 171 0.000394 9
832 151 843 164 0.000389 9
681 150 701 185 0.000378 9
0 143 7 205 0.000377 9
1013 130 1026 148 0.000377 9
688 119 709 131 0.000376 9
415 64 438 124 0.000374 9
445 161 466 180 0.000370 9
800 152 830 205 0.000369 9
172 64 212 92 0.000367 9
861 151 897 175 0.000366 9
258 142 271 179 0.000365 9
1210 165 1246 204 0.000363 9
701 81 721 128 0.000362 9
1104 162 1154 186 0.000362 9
838 116 854 135 0.000358 9
512 136 528 149 0.000358 9
835 119 852 135 0.000358 9
831 135 862 166 0.000357 9
843 116 860 136 0.000356 9
511 136 528 152 0.000356 9
1110 194 1120 206 0.000356 9
322 94 330 117 0.000343 9
680 121 690 156 0.000339 9
625 64 639 92 0.000337 9
1019 155 1038 169 0.000334 9
173 64 220 92 0.000333 9
649 119 660 151 0.000332 9
865 136 938 160 0.000330 9
257 143 270 179 0.000328 9
522 148 546 175 0.000325 9
881 137 938 156 0.000325 9
832 117 843 134 0.000319 9
585 119 603 153 0.000316 9
831 123 843 134 0.000315 9
171 144 182 169 0.000315 9
583 90 600 138 0.000310 9
597 115 626 152 0.000310 9
0 144 6 176 0.000309 9
648 119 660 161 0.000301 9
570 161 580 182 0.000298 9
567 142 576 160 0.000298 9
696 65 707 120 0.000294 9
182 143 199 168 0.000293 9
698 74 719 128 0.000293 9
832 139 855 163 0.000290 9
869 156 899 177 0.000287 9
843 115 862 136 0.000281 9
323 151 345 195 0.000276 9
119 64 171 78 0.000274 9
170 143 181 170 0.000273 9
109 148 127 166 0.000272 9
1097 157 1116 204 0.000271 9
800 150 811 201 0.000270 9
223 109 267 130 0.000269 9
850 136 939 166 0.000264 9
686 119 703 153 0.000264 9
624 131 635 151 0.000264 9
619 144 630 162 0.000263 9
1018 148 1040 167 0.000262 9
258 128 270 163 0.000261 9
108 148 127 168 0.000261 9
1024 151 1040 166 0.000261 9
182 144 200 169 0.000260 9
124 64 170 74 0.000259 9
1098 129 1110 151 0.000258 9
592 64 641 93 0.000256 9
183 143 199 168 0.000254 9
711 147 718 160 0.000253 9
993 134 1000 148 0.000252 9
1095 177 1105 208 0.000249 9
595 64 626 96 0.000242 9
698 81 724 129 0.000237 9
680 122 690 151 0.000236 9
120 64 156 79 0.000236 9
339 64 362 111 0.000236 9
110 148 127 166 0.000232 9
98 176 110 203 0.000229 9
97 177 106 203 0.000227 9
883 136 938 170 0.000223 9
585 109 600 138 0.000222 9
624 64 639 91 0.000220 9
1000 129 1015 139 0.000218 9
184 143 199 168 0.000218 9
415 64 433 148 0.000216 9
1016 138 1030 157 0.000215 9
333 64 363 111 0.000213 9
544 112 551 133 0.000212 9
340 64 364 111 0.000212 9
449 149 489 172 0.000210 9
414 65 438 137 0.000208 9
1090 151 1116 178 0.000207 9
312 145 324 192 0.000207 9
1103 151 1119 172 0.000204 9
704 122 717 152 0.000203 9
170 143 184 172 0.000203 9
679 75 691 123 0.000202 9
835 77 848 92 0.000202 9
590 111 609 152 0.000200 9
1099 179 1120 206 0.000200 9
519 134 542 174 0.000198 9
624 64 641 91 0.000198 9
587 162 601 185 0.000198 9
161 75 184 92 0.000196 9
581 64 597 72 0.000195 9
1209 165 1238 224 0.000193 9
341 64 363 111 0.000192 9
639 114 660 146 0.000191 9
1109 161 1155 187 0.000189 9
1106 160 1154 187 0.000188 9
172 64 209 92 0.000186 9
98 174 110 183 0.000186 9
176 143 201 169 0.000185 9
96 180 105 203 0.000185 9
568 146 578 163 0.000183 9
624 117 637 152 0.000181 9
1026 155 1040 168 0.000181 9
337 64 365 112 0.000179 9
652 121 661 144 0.000179 9
687 119 707 131 0.000174 9
321 91 333 118 0.000174 9
256 82 265 98 0.000173 9
637 82 659 108 0.000173 9
1103 169 1127 186 0.000173 9
119 64 162 79 0.000172 9
706 97 720 131 0.000172 9
1104 162 1145 185 0.000171 9
596 114 624 163 0.000171 9
1068 134 1098 207 0.000170 9
1154 160 1167 183 0.000170 9
524 144 544 174 0.000166 9
638 85 659 107 0.000166 9
644 117 659 165 0.000165 9
242 130 257 146 0.000163 9
665 166 691 190 0.000160 9
801 144 810 158 0.000160 9
580 64 597 127 0.000159 9
719 151 726 158 0.000158 9
210 68 219 85 0.000156 9
834 78 845 92 0.000156 9
1066 162 1157 211 0.000156 9
726 96 738 109 0.000153 9
580 64 601 143 0.000152 9
805 145 814 159 0.000152 9
678 64 697 120 0.000151 9
1098 170 1123 205 0.000150 9
726 96 738 114 0.000150 9
237 126 268 152 0.000150 9
1014 134 1030 155 0.000149 9
209 67 231 86 0.000148 9
648 133 659 168 0.000148 9
638 116 653 162 0.000148 9
522 147 555 175 0.000146 9
836 159 871 193 0.000146 9
812 149 840 161 0.000144 9
895 153 909 175 0.000144 9
121 64 162 79 0.000144 9
553 143 571 158 0.000144 9
97 172 108 185 0.000144 9
1098 171 1121 205 0.000143 9
868 120 880 137 0.000143 9
638 118 650 158 0.000142 9
320 90 332 165 0.000141 9
718 111 730 130 0.000141 9
1203 159 1219 202 0.000141 9
1052 116 1066 159 0.000141 9
695 71 723 151 0.000140 9
992 128 1000 140 0.000140 9
589 64 643 94 0.000139 9
870 137 936 154 0.000139 9
684 92 696 121 0.000138 9
714 93 731 131 0.000137 9
636 89 658 113 0.000136 9
256 79 268 97 0.000135 9
567 135 578 143 0.000134 9
1115 160 1155 185 0.000133 9
830 135 893 166 0.000132 9
323 64 363 112 0.000131 9
638 119 653 164 0.000130 9
312 142 331 192 0.000129 9
637 102 658 113 0.000128 9
1106 151 1118 170 0.000126 9
700 64 714 86 0.000126 9
1225 160 1253 181 0.000126 9
1073 179 1096 205 0.000126 9
523 132 536 159 0.000125 9
634 64 664 90 0.000125 9
652 121 661 144 0.000124 9
705 80 725 106 0.000122 9
339 64 361 112 0.000120 9
1184 158 1212 190 0.000120 9
98 177 110 204 0.000118 9
682 117 711 169 0.000117 9
830 135 863 164 0.000117 9
835 76 849 99 0.000116 9
1137 159 1168 184 0.000115 9
907 136 938 155 0.000114 9
682 65 711 150 0.000112 9
688 64 706 122 0.000112 9
907 136 938 156 0.000112 9
1096 128 1109 148 0.000111 9
742 152 752 161 0.000111 9
663 119 671 138 0.000111 9
219 106 269 149 0.000110 9
697 86 712 129 0.000111 9
225 107 271 130 0.000110 9
97 147 128 179 0.000110 9
844 116 874 137 0.000110 9
697 64 713 113 0.000110 9
700 64 715 84 0.000109 9
587 161 604 185 0.000108 9
696 70 723 129 0.000108 9
624 116 635 130 0.000108 9
580 64 598 90 0.000107 9
360 147 374 164 0.000107 9
685 65 708 126 0.000106 9
335 64 364 108 0.000106 9
549 141 568 159 0.000105 9
1070 127 1097 191 0.000105 9
1004 137 1024 174 0.000105 9
677 64 695 118 0.000103 9
992 167 1009 202 0.000103 9
638 117 657 143 0.000102 9
636 107 659 136 0.000102 9
220 110 266 132 0.000101 9
622 120 639 176 0.000100 9
324 110 366 163 0.092742 11
1182 190 1200 214 0.067908 11
1051 110 1083 147 0.052543 11
1181 186 1201 214 0.045775 11
1181 185 1201 214 0.045008 11
1181 190 1201 214 0.033894 11
1181 175 1202 214 0.033344 11
1051 109 1084 147 0.030465 11
1051 111 1082 147 0.023543 11
1181 165 1202 215 0.021428 11
1181 163 1203 215 0.012463 11
1182 186 1204 215 0.006837 11
1178 182 1202 216 0.001646 11
415 64 433 119 0.001401 11
1178 186 1201 217 0.001066 11
415 64 433 119 0.001024 11
415 64 433 105 0.000954 11
592 64 636 94 0.000633 11
415 64 435 120 0.000585 11
415 64 432 106 0.000493 11
1051 108 1079 181 0.000421 11
528 247 600 279 0.000366 11
582 64 635 94 0.000362 11
590 64 630 94 0.000355 11
877 136 938 160 0.000296 11
415 64 434 115 0.000279 11
886 137 937 157 0.000210 11
903 136 938 158 0.000202 11
333 64 437 113 0.000139 11
416 64 434 100 0.000129 11
352 127 365 159 0.000117 11
325 110 366 161 0.000104 11
