1210 203 1279 351 0.837004 0
660 201 689 280 0.743069 0
660 201 691 281 0.706444 0
660 200 687 280 0.649737 0
660 203 686 277 0.598408 0
1020 193 1042 253 0.374546 0
1019 193 1045 256 0.311256 0
1020 193 1043 256 0.280888 0
1019 193 1042 254 0.260279 0
1019 193 1045 254 0.245622 0
829 191 860 247 0.111578 0
1019 200 1043 259 0.104207 0
659 202 689 282 0.104003 0
814 191 862 277 0.080899 0
829 192 860 264 0.080045 0
213 193 224 227 0.076482 0
1019 193 1047 259 0.076455 0
1020 193 1041 246 0.076217 0
214 194 224 228 0.074853 0
824 190 851 239 0.074166 0
1020 202 1043 258 0.070079 0
214 194 224 227 0.067752 0
832 191 852 238 0.063226 0
659 203 685 281 0.062987 0
633 201 644 217 0.061391 0
821 191 851 240 0.060539 0
832 195 863 250 0.060493 0
832 196 862 242 0.059327 0
831 192 856 246 0.057847 0
821 192 852 242 0.057326 0
865 207 874 234 0.054872 0
255 198 272 242 0.054750 0
833 193 864 248 0.054160 0
254 198 273 242 0.053657 0
832 195 862 245 0.052135 0
645 198 654 215 0.047085 0
833 190 851 231 0.046760 0
555 171 569 199 0.045994 0
714 211 727 234 0.045770 0
831 191 854 241 0.043169 0
865 207 874 235 0.041658 0
714 211 728 234 0.039293 0
828 192 866 279 0.039210 0
865 206 874 234 0.037872 0
1020 194 1041 243 0.037373 0
833 199 861 239 0.036006 0
632 201 644 217 0.035601 0
830 190 851 233 0.035251 0
554 171 567 199 0.033130 0
658 198 666 218 0.032956 0
805 191 862 280 0.032786 0
806 192 867 280 0.032504 0
645 199 655 216 0.030601 0
213 190 224 227 0.030342 0
964 372 981 391 0.030098 0
255 198 273 241 0.029981 0
947 273 960 302 0.028489 0
865 444 876 455 0.028160 0
255 198 272 240 0.027487 0
555 176 572 200 0.025740 0
812 193 855 269 0.025571 0
693 217 703 236 0.025437 0
946 274 960 302 0.024504 0
785 196 794 215 0.023913 0
991 209 1000 226 0.023200 0
1187 222 1206 251 0.023127 0
989 206 999 224 0.022570 0
1183 238 1202 265 0.022469 0
837 189 849 218 0.022145 0
1197 225 1209 249 0.022112 0
1212 256 1272 348 0.021889 0
254 199 271 243 0.021715 0
727 206 737 234 0.021516 0
657 199 665 218 0.020766 0
816 196 850 240 0.020749 0
307 185 324 198 0.020712 0
947 274 960 302 0.020689 0
213 187 224 228 0.020551 0
786 197 794 216 0.020486 0
816 197 859 268 0.020469 0
213 190 225 227 0.020187 0
1110 225 1121 249 0.019952 0
693 211 703 235 0.019607 0
947 274 960 303 0.019245 0
727 206 738 235 0.019207 0
947 275 960 303 0.019185 0
948 273 960 299 0.018825 0
573 183 581 201 0.018192 0
863 202 876 236 0.017438 0
571 181 581 201 0.017081 0
659 197 672 216 0.016883 0
963 372 982 392 0.016589 0
1214 229 1228 252 0.016243 0
1014 194 1060 252 0.015877 0
963 373 982 393 0.015382 0
984 205 997 225 0.015353 0
632 200 647 216 0.015165 0
1203 224 1214 248 0.015146 0
520 193 526 207 0.015026 0
1195 217 1213 250 0.015011 0
386 197 395 206 0.014817 0
552 174 574 201 0.014692 0
1214 226 1228 252 0.014516 0
1190 195 1215 250 0.014026 0
837 194 857 234 0.013739 0
1120 311 1128 332 0.013623 0
830 197 864 274 0.012863 0
1213 263 1272 345 0.012762 0
554 175 580 201 0.012620 0
1166 235 1175 247 0.012605 0
727 207 738 234 0.012579 0
1202 231 1215 249 0.012578 0
307 186 324 198 0.012201 0
1012 213 1024 228 0.012157 0
632 201 646 217 0.012082 0
1184 225 1210 262 0.011505 0
1206 245 1264 349 0.011452 0
835 201 867 238 0.011405 0
555 179 580 202 0.011394 0
1205 409 1215 422 0.011187 0
997 207 1006 217 0.011178 0
708 213 726 234 0.010950 0
512 193 520 209 0.010939 0
693 183 702 222 0.010451 0
1021 192 1042 223 0.010374 0
812 190 865 238 0.010323 0
1110 231 1121 249 0.010306 0
846 202 867 237 0.010293 0
984 207 995 226 0.010270 0
643 196 653 216 0.010181 0
1183 242 1200 265 0.009996 0
711 205 728 234 0.009756 0
927 205 945 253 0.009684 0
554 171 567 199 0.009385 0
973 209 983 224 0.009320 0
633 201 645 220 0.009297 0
834 201 867 240 0.009270 0
221 183 231 221 0.009196 0
784 194 792 209 0.009176 0
1214 222 1227 249 0.009036 0
217 183 230 228 0.008950 0
1182 186 1212 222 0.008941 0
1213 240 1228 254 0.008617 0
734 203 743 235 0.008592 0
934 205 945 248 0.008583 0
923 205 945 254 0.008537 0
985 207 1005 225 0.008529 0
1273 221 1279 258 0.008453 0
1198 217 1216 249 0.008442 0
1207 250 1256 349 0.008295 0
1089 150 1104 179 0.008151 0
693 206 706 235 0.008090 0
693 220 703 237 0.008057 0
707 212 727 233 0.008024 0
963 373 983 394 0.007989 0
922 205 945 254 0.007927 0
254 196 273 242 0.007853 0
1272 222 1279 258 0.007829 0
1216 218 1229 251 0.007627 0
1252 213 1279 262 0.007383 0
1205 265 1272 348 0.007349 0
864 442 876 455 0.007319 0
1215 225 1230 252 0.007174 0
729 205 742 235 0.007007 0
386 198 396 206 0.006975 0
1183 187 1214 251 0.006952 0
660 199 673 218 0.006914 0
330 185 343 198 0.006864 0
1257 231 1279 268 0.006755 0
1208 256 1271 350 0.006746 0
513 185 523 210 0.006621 0
785 197 795 233 0.006591 0
1009 193 1046 256 0.006386 0
255 197 273 227 0.006310 0
210 193 224 227 0.006259 0
1005 217 1020 231 0.006243 0
982 211 1007 249 0.006189 0
544 203 557 218 0.006184 0
738 202 744 215 0.006132 0
1006 216 1020 229 0.006116 0
216 182 230 229 0.006031 0
786 196 796 231 0.005941 0
831 201 876 241 0.005925 0
1018 194 1054 245 0.005870 0
693 204 704 234 0.005870 0
215 181 230 231 0.005640 0
865 207 878 236 0.005597 0
962 372 981 393 0.005556 0
1215 230 1230 253 0.005449 0
940 274 960 303 0.005420 0
1203 409 1215 422 0.005369 0
1015 200 1032 228 0.005301 0
213 190 227 237 0.005178 0
865 208 878 236 0.005155 0
521 183 535 204 0.005098 0
307 184 325 199 0.005084 0
878 200 892 232 0.004983 0
374 180 393 204 0.004980 0
517 192 527 219 0.004883 0
1195 208 1216 249 0.004816 0
1178 234 1188 247 0.004809 0
717 207 731 235 0.004794 0
1212 257 1270 349 0.004699 0
1271 226 1279 261 0.004626 0
973 208 983 223 0.004581 0
210 193 224 226 0.004580 0
386 198 396 206 0.004580 0
1221 263 1272 347 0.004496 0
214 181 230 225 0.004325 0
692 212 704 236 0.004241 0
222 182 232 198 0.004220 0
1256 229 1279 272 0.004220 0
962 372 982 400 0.004212 0
707 205 732 235 0.004186 0
1273 216 1279 256 0.004152 0
374 181 391 204 0.004120 0
923 204 945 254 0.004114 0
1019 193 1053 234 0.003946 0
865 209 879 237 0.003880 0
921 205 945 254 0.003800 0
340 186 353 198 0.003785 0
662 191 671 212 0.003679 0
999 189 1007 215 0.003669 0
863 166 869 178 0.003663 0
1261 231 1279 257 0.003659 0
368 166 376 187 0.003631 0
375 181 396 205 0.003604 0
308 183 325 198 0.003577 0
1119 311 1128 334 0.003533 0
1208 251 1249 349 0.003526 0
831 189 850 222 0.003473 0
1093 602 1125 657 0.003470 0
885 200 904 240 0.003276 0
511 193 520 215 0.003268 0
1258 222 1279 258 0.003250 0
862 199 873 234 0.003229 0
1099 606 1124 658 0.003178 0
1079 602 1121 651 0.003103 0
1018 191 1041 223 0.003086 0
1254 207 1275 260 0.003065 0
209 187 224 226 0.003006 0
327 186 342 198 0.002972 0
877 205 892 233 0.002955 0
1254 205 1266 231 0.002920 0
844 186 857 217 0.002895 0
1201 407 1215 421 0.002892 0
372 166 382 194 0.002891 0
1008 192 1047 241 0.002889 0
513 149 524 174 0.002849 0
1015 511 1046 558 0.002803 0
878 204 892 231 0.002800 0
214 180 234 233 0.002642 0
1188 169 1279 353 0.002620 0
1030 192 1051 212 0.002592 0
880 200 904 237 0.002577 0
864 207 877 240 0.002538 0
691 184 702 215 0.002537 0
976 208 1003 231 0.002535 0
1079 601 1125 659 0.002516 0
1191 190 1219 247 0.002505 0
586 172 594 185 0.002501 0
873 155 897 176 0.002487 0
352 188 360 198 0.002458 0
646 194 657 215 0.002447 0
268 217 278 234 0.002442 0
1207 188 1217 209 0.002435 0
1011 510 1056 566 0.002433 0
728 208 743 234 0.002407 0
380 181 396 205 0.002377 0
1200 408 1215 421 0.002352 0
1221 214 1229 230 0.002323 0
870 161 899 177 0.002320 0
1019 511 1045 537 0.002268 0
1253 226 1274 265 0.002244 0
1194 187 1216 213 0.002220 0
1213 212 1228 238 0.002189 0
214 180 235 235 0.002169 0
1009 511 1045 547 0.002132 0
1257 222 1278 258 0.002084 0
1079 602 1123 655 0.002067 0
925 444 936 457 0.002058 0
1199 271 1274 352 0.002035 0
878 201 901 238 0.001994 0
838 201 870 254 0.001972 0
889 202 904 244 0.001927 0
1014 512 1064 571 0.001881 0
1253 229 1279 277 0.001871 0
910 451 928 463 0.001845 0
1209 189 1227 232 0.001831 0
872 154 901 177 0.001821 0
628 191 647 217 0.001790 0
1209 257 1251 352 0.001787 0
878 198 900 232 0.001782 0
1102 625 1121 659 0.001778 0
407 178 419 204 0.001763 0
1212 230 1232 277 0.001735 0
846 197 867 235 0.001725 0
1016 512 1058 568 0.001718 0
1100 608 1124 656 0.001654 0
240 194 257 237 0.001648 0
262 212 278 234 0.001630 0
963 371 988 393 0.001613 0
1007 510 1048 564 0.001604 0
1000 183 1007 212 0.001587 0
1208 262 1274 352 0.001587 0
878 199 899 232 0.001581 0
855 211 869 276 0.001573 0
1079 601 1126 663 0.001569 0
241 193 255 238 0.001550 0
1095 603 1124 653 0.001528 0
242 193 259 238 0.001505 0
1014 511 1044 536 0.001483 0
241 195 256 231 0.001482 0
912 446 932 461 0.001478 0
1079 602 1119 647 0.001454 0
349 186 359 198 0.001396 0
1175 225 1188 247 0.001387 0
241 194 256 236 0.001367 0
396 183 409 205 0.001362 0
985 199 1006 222 0.001318 0
514 192 532 247 0.001295 0
321 225 357 320 0.001289 0
653 191 668 218 0.001244 0
1074 601 1120 657 0.001243 0
960 372 981 403 0.001240 0
1267 251 1279 270 0.001229 0
715 201 739 235 0.001223 0
661 238 678 281 0.001221 0
409 178 419 204 0.001220 0
307 176 324 198 0.001192 0
1192 384 1205 402 0.001183 0
1272 202 1279 257 0.001162 0
1072 602 1122 660 0.001158 0
1250 204 1265 229 0.001155 0
1088 150 1106 198 0.001155 0
1098 604 1124 657 0.001130 0
1009 511 1060 572 0.001093 0
1015 513 1083 576 0.001092 0
1118 311 1129 340 0.001076 0
1256 254 1279 294 0.001067 0
973 202 998 225 0.001019 0
253 207 271 253 0.000992 0
1260 256 1279 273 0.000964 0
86 219 94 235 0.000961 0
1007 510 1054 572 0.000947 0
1206 249 1271 346 0.000945 0
241 194 259 239 0.000935 0
254 197 278 236 0.000929 0
254 205 275 252 0.000917 0
1018 511 1054 555 0.000916 0
319 228 354 326 0.000912 0
1190 383 1216 421 0.000903 0
1080 603 1122 647 0.000899 0
856 217 871 276 0.000898 0
353 184 370 199 0.000890 0
1015 514 1090 579 0.000881 0
1061 241 1071 289 0.000880 0
1103 628 1125 658 0.000879 0
1011 510 1044 535 0.000878 0
857 232 869 277 0.000876 0
371 171 387 197 0.000864 0
1098 604 1123 651 0.000839 0
999 503 1093 602 0.000832 0
1013 512 1073 573 0.000829 0
693 184 705 226 0.000823 0
1079 602 1118 655 0.000822 0
1021 511 1044 535 0.000820 0
515 191 528 242 0.000812 0
693 178 702 208 0.000809 0
870 154 896 176 0.000787 0
689 186 701 220 0.000768 0
246 197 280 262 0.000764 0
632 201 652 221 0.000763 0
634 192 657 215 0.000758 0
679 180 693 217 0.000755 0
661 227 691 282 0.000753 0
1192 384 1204 402 0.000752 0
661 226 690 281 0.000751 0
687 219 705 274 0.000747 0
362 164 375 188 0.000746 0
785 195 797 234 0.000739 0
1058 238 1071 295 0.000737 0
1192 186 1279 353 0.000726 0
364 165 390 201 0.000721 0
1225 218 1247 240 0.000720 0
960 370 981 409 0.000715 0
320 234 357 321 0.000706 0
322 222 358 320 0.000706 0
862 584 899 650 0.000706 0
239 194 270 242 0.000705 0
1217 203 1278 276 0.000704 0
1074 602 1118 650 0.000697 0
243 201 269 240 0.000694 0
1019 517 1091 584 0.000687 0
899 202 912 244 0.000678 0
401 198 417 205 0.000677 0
640 200 661 222 0.000672 0
325 235 351 254 0.000669 0
319 241 351 326 0.000666 0
1000 499 1125 601 0.000665 0
320 244 357 319 0.000649 0
1007 510 1044 548 0.000647 0
1230 210 1246 231 0.000642 0
878 198 895 232 0.000639 0
362 165 373 189 0.000627 0
573 289 597 391 0.000608 0
754 205 769 233 0.000606 0
865 212 881 241 0.000602 0
1006 510 1046 562 0.000596 0
962 372 983 399 0.000594 0
322 235 358 317 0.000587 0
409 177 419 203 0.000584 0
1192 384 1205 402 0.000582 0
679 219 690 247 0.000569 0
925 441 937 456 0.000569 0
1192 206 1276 257 0.000562 0
1224 206 1280 270 0.000557 0
790 256 801 276 0.000556 0
573 294 595 382 0.000547 0
1097 604 1122 636 0.000539 0
1051 238 1072 295 0.000538 0
857 231 870 276 0.000530 0
214 179 237 232 0.000529 0
712 212 726 236 0.000527 0
1019 516 1087 585 0.000523 0
848 183 858 206 0.000521 0
863 584 905 653 0.000520 0
212 188 238 241 0.000518 0
1039 241 1072 296 0.000518 0
190 175 228 227 0.000508 0
658 204 685 281 0.000508 0
450 198 479 253 0.000503 0
863 582 904 666 0.000502 0
1216 204 1229 231 0.000498 0
944 355 979 397 0.000492 0
997 501 1121 603 0.000491 0
868 583 908 645 0.000486 0
620 179 632 199 0.000484 0
1060 241 1071 276 0.000482 0
1008 510 1043 537 0.000463 0
173 187 183 208 0.000462 0
1180 382 1212 413 0.000462 0
923 205 969 255 0.000461 0
1034 519 1102 586 0.000457 0
790 254 801 274 0.000452 0
678 229 693 272 0.000451 0
803 169 840 220 0.000447 0
1022 519 1097 587 0.000437 0
325 234 352 256 0.000434 0
971 504 1130 609 0.000431 0
1222 223 1247 250 0.000422 0
0 145 7 203 0.000421 0
1019 514 1078 575 0.000420 0
241 211 253 238 0.000416 0
200 201 214 223 0.000412 0
963 358 994 392 0.000406 0
396 181 410 204 0.000406 0
1220 203 1278 274 0.000405 0
825 326 847 344 0.000402 0
326 235 352 255 0.000399 0
253 195 279 229 0.000389 0
784 199 796 236 0.000387 0
1201 404 1226 423 0.000385 0
320 222 353 320 0.000384 0
231 190 265 238 0.000383 0
1098 165 1113 206 0.000378 0
206 179 252 250 0.000377 0
1038 518 1097 584 0.000375 0
1241 209 1264 230 0.000366 0
0 142 7 204 0.000362 0
952 183 960 206 0.000356 0
319 246 346 318 0.000354 0
864 584 897 645 0.000350 0
956 362 983 394 0.000348 0
1041 183 1050 198 0.000348 0
327 235 353 255 0.000348 0
945 356 964 392 0.000341 0
908 442 938 463 0.000340 0
1031 519 1104 594 0.000339 0
385 183 398 206 0.000338 0
895 198 943 252 0.000336 0
772 198 794 222 0.000335 0
630 183 642 200 0.000335 0
361 147 376 189 0.000333 0
785 197 799 233 0.000332 0
862 584 900 655 0.000330 0
1187 392 1216 421 0.000324 0
1017 520 1095 586 0.000320 0
1079 603 1124 663 0.000320 0
1232 204 1250 230 0.000313 0
452 201 479 255 0.000311 0
989 193 1011 221 0.000310 0
254 214 280 242 0.000309 0
317 199 352 270 0.000305 0
1191 387 1223 423 0.000304 0
785 193 798 230 0.000303 0
995 493 1147 603 0.000302 0
498 194 534 250 0.000300 0
1053 246 1074 342 0.000298 0
199 193 217 218 0.000296 0
1029 528 1096 591 0.000294 0
814 695 826 703 0.000293 0
1040 516 1104 587 0.000293 0
1169 472 1182 505 0.000289 0
411 178 428 203 0.000289 0
824 172 856 213 0.000288 0
861 583 923 666 0.000284 0
865 580 918 675 0.000283 0
319 230 343 331 0.000280 0
1230 205 1273 260 0.000278 0
990 182 1000 209 0.000277 0
1232 208 1250 231 0.000275 0
1216 194 1229 219 0.000274 0
573 292 597 393 0.000274 0
177 189 234 255 0.000272 0
194 186 200 210 0.000268 0
240 177 246 190 0.000265 0
573 292 596 391 0.000264 0
376 177 398 205 0.000261 0
1024 183 1043 209 0.000260 0
856 231 870 279 0.000253 0
1099 605 1123 634 0.000253 0
945 349 964 390 0.000249 0
575 290 595 344 0.000247 0
326 205 354 255 0.000239 0
1079 602 1117 646 0.000234 0
318 215 347 324 0.000233 0
297 198 357 351 0.000232 0
1007 510 1048 569 0.000229 0
1093 602 1120 640 0.000229 0
84 217 94 235 0.000228 0
323 247 357 317 0.000226 0
366 197 396 218 0.000226 0
511 191 529 245 0.000224 0
1033 521 1112 595 0.000223 0
1036 519 1107 591 0.000222 0
576 295 594 333 0.000221 0
866 584 916 652 0.000221 0
1235 196 1250 220 0.000221 0
679 187 691 219 0.000221 0
1010 175 1059 253 0.000218 0
574 300 595 359 0.000217 0
933 340 988 393 0.000216 0
859 583 927 703 0.000215 0
358 146 375 189 0.000215 0
862 584 906 670 0.000213 0
320 237 331 277 0.000213 0
801 171 812 230 0.000212 0
217 183 243 235 0.000210 0
772 250 785 268 0.000206 0
324 226 359 318 0.000205 0
1025 600 1122 661 0.000205 0
1039 519 1091 588 0.000204 0
0 170 7 204 0.000202 0
805 169 821 193 0.000200 0
367 159 383 188 0.000199 0
451 198 479 255 0.000198 0
1022 535 1094 590 0.000198 0
573 293 596 395 0.000196 0
308 185 326 205 0.000195 0
869 584 915 639 0.000192 0
1190 380 1223 410 0.000191 0
1229 202 1250 231 0.000190 0
985 489 1165 602 0.000190 0
871 584 900 633 0.000189 0
319 248 357 318 0.000186 0
183 173 231 223 0.000185 0
767 201 793 235 0.000181 0
858 605 895 700 0.000181 0
688 224 704 275 0.000181 0
240 189 256 228 0.000180 0
320 235 331 277 0.000180 0
372 173 401 206 0.000176 0
354 205 376 230 0.000175 0
942 369 985 447 0.000173 0
871 585 922 674 0.000171 0
1001 508 1043 536 0.000171 0
941 352 965 397 0.000171 0
1254 404 1279 502 0.000170 0
863 583 917 674 0.000169 0
1216 404 1232 424 0.000168 0
304 194 357 352 0.000167 0
319 204 330 222 0.000167 0
813 584 925 703 0.000166 0
256 193 273 223 0.000164 0
988 187 1009 214 0.000162 0
926 443 946 456 0.000162 0
448 206 460 253 0.000161 0
782 185 817 237 0.000160 0
801 153 814 227 0.000160 0
660 208 703 271 0.000157 0
1023 564 1042 630 0.000156 0
956 350 989 392 0.000156 0
1010 515 1063 580 0.000155 0
687 228 704 275 0.000154 0
1065 603 1121 661 0.000154 0
909 481 1115 605 0.000154 0
1228 207 1255 237 0.000153 0
946 343 995 394 0.000152 0
755 306 769 330 0.000152 0
1011 525 1064 592 0.000151 0
814 584 941 703 0.000151 0
1196 367 1226 405 0.000151 0
1014 517 1074 580 0.000150 0
983 504 1132 606 0.000150 0
1202 406 1218 426 0.000150 0
1034 248 1081 341 0.000149 0
579 277 592 292 0.000149 0
574 293 596 380 0.000148 0
861 584 933 660 0.000148 0
1006 511 1058 580 0.000147 0
1003 501 1157 604 0.000147 0
516 196 553 230 0.000146 0
862 585 897 649 0.000146 0
847 187 867 229 0.000143 0
1020 548 1042 591 0.000143 0
682 223 703 277 0.000143 0
831 641 890 702 0.000142 0
1192 367 1229 422 0.000142 0
861 602 905 698 0.000141 0
859 603 904 702 0.000140 0
815 695 837 703 0.000139 0
927 439 947 454 0.000138 0
0 375 17 398 0.000138 0
822 643 902 703 0.000137 0
1042 248 1072 296 0.000136 0
319 239 340 319 0.000136 0
1024 600 1120 657 0.000135 0
1023 562 1042 633 0.000134 0
859 607 890 697 0.000133 0
1013 525 1081 592 0.000132 0
221 178 240 193 0.000132 0
1111 312 1135 346 0.000132 0
931 503 1127 615 0.000131 0
323 229 356 315 0.000131 0
996 508 1045 560 0.000129 0
754 303 769 330 0.000129 0
1098 602 1122 635 0.000129 0
1055 535 1101 593 0.000128 0
920 345 941 389 0.000128 0
198 211 214 226 0.000126 0
953 506 1137 611 0.000125 0
815 645 896 703 0.000125 0
967 356 994 391 0.000124 0
1029 529 1104 601 0.000124 0
935 347 962 393 0.000123 0
574 295 596 397 0.000123 0
317 214 352 279 0.000123 0
578 64 602 164 0.000122 0
857 638 894 702 0.000122 0
322 232 350 291 0.000121 0
407 251 415 272 0.000121 0
1190 384 1223 421 0.000121 0
867 585 925 671 0.000121 0
994 507 1044 551 0.000120 0
1023 575 1042 633 0.000120 0
943 506 962 536 0.000119 0
1126 690 1137 703 0.000119 0
863 598 910 672 0.000119 0
1228 195 1248 225 0.000119 0
194 184 217 216 0.000118 0
818 646 880 703 0.000117 0
1039 530 1117 593 0.000116 0
182 186 192 206 0.000116 0
1025 603 1124 662 0.000115 0
829 582 923 699 0.000115 0
1061 602 1114 646 0.000112 0
1034 530 1109 601 0.000111 0
1236 204 1266 230 0.000111 0
575 280 596 356 0.000111 0
954 505 989 541 0.000110 0
872 608 908 677 0.000110 0
218 178 243 222 0.000110 0
599 342 611 355 0.000109 0
1024 534 1097 594 0.000109 0
353 196 377 307 0.000109 0
954 505 991 542 0.000109 0
1029 532 1101 598 0.000108 0
917 451 1115 597 0.000107 0
1023 569 1042 641 0.000107 0
879 589 918 637 0.000107 0
844 162 922 234 0.000107 0
861 583 939 699 0.000107 0
942 506 960 535 0.000106 0
1102 620 1130 659 0.000106 0
876 585 918 635 0.000106 0
633 178 656 209 0.000105 0
774 191 794 206 0.000105 0
1130 276 1138 299 0.000105 0
904 460 943 536 0.000104 0
952 462 1133 600 0.000104 0
870 583 916 635 0.000103 0
1029 513 1084 582 0.000103 0
190 185 203 217 0.000103 0
449 209 459 257 0.000102 0
254 193 273 223 0.000102 0
1254 385 1279 503 0.000101 0
1125 683 1137 703 0.000101 0
214 176 226 191 0.000101 0
1193 283 1280 367 0.655328 1
1194 274 1279 367 0.649178 1
1193 266 1279 367 0.576718 1
1193 289 1280 367 0.436750 1
1195 264 1280 366 0.222594 1
805 223 859 281 0.186830 1
804 226 855 281 0.142959 1
805 229 856 281 0.142100 1
805 214 860 281 0.132204 1
805 229 845 281 0.117260 1
1022 219 1046 261 0.105100 1
805 231 848 281 0.104701 1
805 227 852 281 0.099158 1
1019 219 1043 261 0.096085 1
805 225 847 281 0.092444 1
1140 308 1199 364 0.092242 1
805 227 861 282 0.090225 1
1194 291 1231 367 0.086503 1
1194 290 1234 367 0.084438 1
805 215 869 281 0.084358 1
1140 308 1202 364 0.081547 1
1022 217 1044 261 0.081328 1
804 223 855 280 0.077770 1
1020 216 1042 261 0.070382 1
805 234 857 281 0.066915 1
805 237 847 281 0.063524 1
1194 290 1231 353 0.054261 1
1186 224 1205 255 0.053602 1
1124 309 1199 363 0.053335 1
1003 220 1026 261 0.050186 1
1006 229 1025 261 0.049366 1
806 218 848 279 0.049225 1
1194 291 1230 364 0.048469 1
1140 308 1229 365 0.048371 1
1102 308 1199 362 0.047841 1
805 225 845 277 0.046581 1
1194 290 1230 351 0.045220 1
1195 226 1210 250 0.042010 1
1188 224 1204 251 0.040183 1
1012 223 1041 262 0.039948 1
1007 230 1026 262 0.039616 1
1184 227 1216 265 0.037287 1
1184 230 1205 264 0.037253 1
1104 306 1196 359 0.037013 1
1021 219 1053 259 0.036559 1
1195 290 1231 339 0.033350 1
1023 230 1042 262 0.032856 1
1194 289 1234 349 0.032141 1
1183 225 1204 264 0.031483 1
1193 293 1237 366 0.031454 1
1020 216 1056 255 0.031107 1
1001 227 1025 262 0.030665 1
1002 231 1025 262 0.029586 1
1022 222 1059 261 0.028489 1
1139 309 1198 360 0.028390 1
1137 308 1198 365 0.026356 1
1141 306 1233 366 0.026330 1
995 218 1024 260 0.026277 1
1195 288 1233 336 0.026163 1
1181 184 1214 218 0.025948 1
1233 269 1279 353 0.025053 1
1193 295 1235 366 0.024771 1
1138 308 1190 357 0.024229 1
1140 309 1197 357 0.023797 1
1181 185 1216 250 0.022487 1
546 200 562 217 0.021144 1
549 199 573 217 0.020788 1
1182 186 1215 250 0.020091 1
1142 308 1200 361 0.019421 1
1247 269 1279 352 0.019093 1
1007 232 1026 263 0.018709 1
1137 309 1172 352 0.018634 1
1194 290 1255 362 0.017896 1
805 209 852 273 0.017890 1
1140 308 1174 352 0.017806 1
1181 185 1215 234 0.017390 1
804 214 871 281 0.017250 1
979 222 1024 262 0.016731 1
806 233 859 281 0.016648 1
1142 307 1202 359 0.016215 1
1253 274 1279 352 0.015323 1
1140 303 1233 365 0.015197 1
1195 291 1230 336 0.014857 1
1137 309 1187 362 0.014484 1
533 202 552 218 0.014378 1
1137 309 1171 350 0.013767 1
805 236 837 277 0.013545 1
807 237 858 281 0.013540 1
552 197 569 216 0.013448 1
1199 273 1279 351 0.012954 1
810 223 855 273 0.012890 1
1199 265 1279 352 0.012689 1
976 218 1050 262 0.012446 1
805 226 895 283 0.012337 1
543 202 555 218 0.012090 1
944 275 960 303 0.011864 1
976 219 1023 261 0.011648 1
1184 223 1205 252 0.011534 1
815 209 845 239 0.011514 1
805 193 861 281 0.011436 1
1264 269 1279 353 0.011233 1
805 237 850 282 0.011203 1
549 199 565 217 0.011168 1
1000 233 1024 263 0.011128 1
806 232 843 276 0.010967 1
1194 289 1280 363 0.010808 1
1264 270 1279 350 0.010588 1
989 234 1013 262 0.010583 1
801 211 840 239 0.010459 1
1133 309 1170 349 0.010454 1
812 213 847 266 0.010263 1
1141 314 1200 362 0.009576 1
1244 300 1279 353 0.009451 1
1106 277 1220 362 0.009292 1
804 213 877 281 0.009258 1
1026 220 1069 249 0.009212 1
1007 213 1028 248 0.009064 1
808 235 864 281 0.009051 1
814 201 847 239 0.008974 1
1103 305 1169 352 0.008925 1
1104 277 1170 354 0.008901 1
1197 290 1230 327 0.008854 1
943 274 960 302 0.008727 1
541 200 561 218 0.008681 1
802 211 842 239 0.008570 1
1150 310 1216 364 0.008536 1
1128 273 1234 363 0.008255 1
1138 309 1170 349 0.008012 1
1154 307 1218 363 0.007895 1
752 231 859 283 0.007764 1
1194 290 1260 366 0.007735 1
1194 302 1235 366 0.007516 1
810 242 864 281 0.007305 1
1136 309 1180 362 0.007117 1
805 228 891 282 0.006935 1
804 181 883 277 0.006834 1
1142 309 1170 350 0.006776 1
1199 286 1279 356 0.006745 1
802 215 825 239 0.006695 1
1136 309 1170 350 0.006582 1
1159 303 1235 366 0.006570 1
1181 186 1212 217 0.006567 1
1022 234 1065 262 0.006416 1
1197 297 1279 367 0.006415 1
1200 273 1279 354 0.006242 1
1200 269 1235 325 0.006223 1
1266 285 1279 350 0.006106 1
1212 297 1279 380 0.006022 1
1202 273 1277 351 0.005977 1
1158 298 1233 367 0.005899 1
1126 309 1170 348 0.005816 1
1025 224 1069 256 0.005774 1
828 226 866 275 0.005712 1
1255 262 1279 318 0.005652 1
806 239 838 282 0.005569 1
1181 171 1215 217 0.005534 1
1201 279 1278 357 0.005417 1
1196 275 1276 353 0.005333 1
806 242 856 281 0.005299 1
1195 300 1248 367 0.005241 1
1101 308 1192 361 0.005090 1
985 217 1021 251 0.004979 1
1185 248 1215 266 0.004882 1
824 252 857 281 0.004754 1
801 216 823 239 0.004710 1
1187 241 1222 262 0.004685 1
922 205 946 254 0.004574 1
1139 297 1234 365 0.004563 1
1197 324 1239 366 0.004441 1
1181 186 1227 251 0.004393 1
1181 170 1219 218 0.004282 1
661 244 689 282 0.004248 1
559 199 580 215 0.004226 1
1197 273 1278 355 0.004208 1
931 281 946 308 0.004152 1
927 273 959 307 0.004115 1
1184 221 1207 250 0.004101 1
803 225 840 273 0.004038 1
971 215 1015 259 0.003968 1
1181 186 1212 218 0.003961 1
1152 302 1218 363 0.003957 1
1142 309 1193 351 0.003905 1
1196 303 1256 367 0.003786 1
1197 315 1267 366 0.003734 1
1107 281 1255 365 0.003639 1
1266 306 1279 351 0.003597 1
810 216 830 239 0.003584 1
1193 292 1226 362 0.003556 1
1181 184 1205 216 0.003511 1
805 237 836 279 0.003504 1
1103 282 1169 351 0.003498 1
1181 187 1205 218 0.003462 1
1193 292 1227 344 0.003342 1
1197 291 1229 323 0.003287 1
797 243 819 277 0.003233 1
822 252 861 282 0.003188 1
804 189 879 277 0.003078 1
661 249 690 282 0.002842 1
1203 297 1280 360 0.002840 1
1196 316 1235 367 0.002827 1
1194 291 1237 367 0.002826 1
1103 310 1168 353 0.002811 1
1203 282 1260 362 0.002763 1
1093 308 1201 371 0.002752 1
1205 250 1220 275 0.002750 1
1136 307 1233 394 0.002740 1
990 243 1012 262 0.002726 1
1196 267 1280 351 0.002583 1
1098 288 1209 365 0.002548 1
1109 310 1169 348 0.002493 1
1254 260 1279 317 0.002426 1
1139 306 1231 389 0.002423 1
933 281 946 303 0.002396 1
1111 310 1169 347 0.002305 1
1030 236 1068 261 0.002304 1
805 242 832 281 0.002294 1
803 190 858 241 0.002279 1
805 202 878 281 0.002261 1
804 230 927 285 0.002245 1
1197 330 1233 367 0.002240 1
1196 326 1235 367 0.002227 1
1178 292 1227 367 0.002196 1
1198 302 1254 366 0.002169 1
1239 262 1279 332 0.002131 1
797 243 822 276 0.002111 1
925 269 962 308 0.002060 1
1196 293 1254 364 0.002028 1
1262 296 1279 383 0.002001 1
1209 280 1278 356 0.002000 1
1157 322 1206 365 0.001999 1
1181 184 1227 244 0.001983 1
805 240 834 280 0.001968 1
1108 276 1280 363 0.001908 1
1233 268 1277 346 0.001907 1
1181 189 1202 225 0.001856 1
1193 291 1228 333 0.001788 1
1143 306 1201 355 0.001780 1
915 206 945 254 0.001767 1
1162 316 1237 366 0.001759 1
928 275 959 315 0.001750 1
927 285 944 313 0.001704 1
1196 284 1279 359 0.001697 1
927 285 941 312 0.001647 1
1140 286 1230 365 0.001636 1
1194 321 1234 367 0.001610 1
1192 285 1279 384 0.001577 1
1103 198 1280 358 0.001572 1
1180 184 1213 216 0.001567 1
1183 230 1213 267 0.001556 1
1019 308 1175 355 0.001546 1
1032 308 1181 366 0.001546 1
1207 274 1262 358 0.001538 1
919 207 945 253 0.001492 1
909 268 931 302 0.001475 1
1018 307 1187 365 0.001474 1
1024 241 1071 263 0.001453 1
998 221 1073 275 0.001444 1
1007 221 1074 261 0.001421 1
1217 303 1256 357 0.001382 1
1146 329 1198 361 0.001369 1
910 268 928 297 0.001354 1
792 235 826 275 0.001331 1
881 259 905 285 0.001319 1
1199 259 1262 348 0.001228 1
926 282 942 308 0.001186 1
1200 273 1258 351 0.001164 1
912 268 929 296 0.001164 1
1181 286 1280 394 0.001130 1
804 235 930 287 0.001111 1
873 254 906 285 0.001107 1
1140 331 1187 361 0.001076 1
943 274 961 314 0.001076 1
755 252 806 282 0.001068 1
758 254 806 282 0.001055 1
1208 268 1279 354 0.001053 1
1021 306 1125 358 0.001040 1
1196 307 1280 374 0.001029 1
1136 316 1184 363 0.001020 1
963 371 987 393 0.001009 1
1195 312 1279 367 0.000997 1
1141 297 1264 392 0.000989 1
811 244 929 288 0.000981 1
869 249 892 284 0.000974 1
658 244 681 282 0.000966 1
904 208 944 254 0.000954 1
1143 309 1168 344 0.000947 1
828 227 870 282 0.000909 1
1104 302 1169 347 0.000905 1
1199 264 1279 357 0.000904 1
1202 291 1253 356 0.000898 1
1207 293 1256 353 0.000885 1
1195 223 1265 343 0.000885 1
874 254 892 285 0.000880 1
980 215 1070 272 0.000864 1
1196 347 1232 388 0.000859 1
770 247 817 281 0.000840 1
963 371 994 392 0.000840 1
760 250 805 281 0.000812 1
1208 267 1277 353 0.000812 1
1211 263 1255 354 0.000805 1
865 252 893 283 0.000791 1
656 266 676 283 0.000773 1
1022 307 1118 346 0.000745 1
534 201 557 220 0.000742 1
1201 250 1267 331 0.000734 1
1188 274 1233 314 0.000726 1
1113 310 1170 350 0.000725 1
927 287 941 313 0.000695 1
866 248 889 283 0.000692 1
1054 275 1220 363 0.000665 1
853 231 869 280 0.000661 1
1193 282 1279 387 0.000651 1
902 268 931 313 0.000648 1
1194 307 1280 368 0.000645 1
1154 295 1221 363 0.000636 1
1192 348 1232 388 0.000635 1
913 268 931 313 0.000633 1
1194 278 1279 370 0.000623 1
532 202 553 220 0.000599 1
1125 308 1168 344 0.000597 1
893 264 906 291 0.000594 1
802 182 976 283 0.000573 1
792 223 893 341 0.000557 1
1197 335 1233 367 0.000555 1
974 220 1067 270 0.000549 1
1105 276 1214 355 0.000546 1
716 230 941 349 0.000531 1
789 224 867 332 0.000529 1
1032 242 1074 264 0.000527 1
825 240 876 282 0.000516 1
1196 334 1234 367 0.000514 1
872 248 890 282 0.000508 1
892 262 905 285 0.000505 1
881 257 928 294 0.000478 1
1135 319 1183 363 0.000477 1
893 263 905 286 0.000471 1
896 284 914 312 0.000471 1
961 368 1027 398 0.000464 1
752 229 956 347 0.000455 1
1131 274 1265 359 0.000444 1
1021 306 1106 356 0.000430 1
1056 237 1072 275 0.000428 1
1197 339 1234 367 0.000425 1
928 274 982 304 0.000422 1
926 273 962 323 0.000420 1
803 237 858 313 0.000414 1
883 252 923 291 0.000413 1
1033 241 1074 284 0.000411 1
1014 282 1208 366 0.000399 1
1136 322 1174 357 0.000394 1
670 247 693 281 0.000393 1
1156 309 1168 336 0.000386 1
947 274 969 303 0.000362 1
1194 338 1235 388 0.000354 1
862 236 1005 293 0.000354 1
895 281 908 302 0.000345 1
1191 289 1227 323 0.000343 1
934 348 984 398 0.000343 1
1212 257 1279 353 0.000332 1
692 223 862 276 0.000326 1
1251 280 1279 380 0.000312 1
944 359 980 399 0.000311 1
537 200 569 220 0.000305 1
868 241 930 288 0.000303 1
1196 326 1260 368 0.000302 1
1018 285 1177 351 0.000298 1
856 229 879 282 0.000293 1
895 285 911 312 0.000286 1
1102 311 1127 346 0.000285 1
801 226 931 344 0.000284 1
771 250 802 276 0.000281 1
1021 306 1097 342 0.000280 1
802 258 934 341 0.000266 1
1073 331 1099 359 0.000265 1
1112 312 1142 345 0.000262 1
869 249 881 279 0.000254 1
885 271 896 286 0.000250 1
894 283 932 313 0.000250 1
819 246 855 309 0.000249 1
1163 319 1236 380 0.000244 1
1186 340 1231 389 0.000244 1
1127 308 1218 400 0.000241 1
658 238 677 281 0.000239 1
857 252 885 282 0.000233 1
575 300 595 352 0.000230 1
801 238 855 308 0.000230 1
995 250 1079 296 0.000228 1
895 288 914 313 0.000228 1
881 266 931 310 0.000226 1
922 275 959 325 0.000223 1
1042 246 1071 295 0.000223 1
1000 241 1219 364 0.000222 1
1118 296 1167 341 0.000217 1
740 253 870 335 0.000217 1
810 263 935 325 0.000214 1
915 283 932 313 0.000210 1
1016 273 1061 295 0.000206 1
1069 308 1201 382 0.000206 1
885 267 958 346 0.000204 1
1075 313 1124 351 0.000193 1
864 215 1013 297 0.000191 1
1074 332 1099 361 0.000190 1
1161 323 1201 385 0.000187 1
1177 187 1199 222 0.000182 1
930 273 982 302 0.000181 1
826 259 855 301 0.000175 1
1021 308 1072 334 0.000171 1
880 273 891 286 0.000163 1
787 244 840 304 0.000162 1
1208 363 1226 387 0.000160 1
1021 305 1101 360 0.000158 1
1148 309 1179 346 0.000149 1
1209 368 1226 386 0.000149 1
961 365 1026 397 0.000145 1
1023 308 1184 388 0.000144 1
1065 196 1280 351 0.000142 1
1190 268 1280 365 0.000140 1
1021 298 1227 387 0.000138 1
1143 327 1197 385 0.000136 1
894 287 912 313 0.000134 1
1095 292 1277 389 0.000134 1
1157 295 1221 350 0.000134 1
818 259 890 300 0.000132 1
1127 269 1280 385 0.000128 1
1027 278 1042 295 0.000128 1
1015 308 1148 389 0.000126 1
1099 313 1121 350 0.000123 1
678 218 702 274 0.000122 1
1185 256 1280 503 0.000121 1
945 379 967 401 0.000120 1
752 215 980 361 0.000119 1
1027 277 1060 296 0.000114 1
1104 169 1220 242 0.000111 1
936 346 984 396 0.000110 1
789 329 847 361 0.000108 1
1069 308 1192 388 0.000107 1
1112 255 1280 462 0.000105 1
866 272 893 290 0.000104 1
523 183 537 195 0.081000 2
522 182 538 197 0.071451 2
456 183 481 205 0.051234 2
481 173 526 217 0.050886 2
453 182 480 205 0.046012 2
867 176 968 254 0.043306 2
586 183 626 215 0.041591 2
522 183 539 198 0.040595 2
452 182 482 213 0.036629 2
587 184 621 215 0.035553 2
456 181 480 205 0.035315 2
481 174 496 198 0.033045 2
522 184 549 202 0.031528 2
451 181 481 209 0.031274 2
521 183 545 200 0.030206 2
867 177 977 255 0.028188 2
865 177 956 225 0.027701 2
481 174 494 194 0.027012 2
695 202 727 232 0.026659 2
1068 219 1121 236 0.026565 2
481 173 518 217 0.026205 2
480 175 494 197 0.025182 2
451 183 481 214 0.024449 2
869 195 952 254 0.022116 2
480 173 515 208 0.021966 2
868 193 976 255 0.021884 2
589 192 647 217 0.021323 2
482 198 516 217 0.021221 2
825 329 847 343 0.020634 2
483 200 516 217 0.020143 2
482 198 515 217 0.020011 2
587 184 621 214 0.019897 2
479 178 548 217 0.019319 2
522 177 570 200 0.018168 2
1068 218 1122 237 0.018083 2
1018 193 1069 254 0.017931 2
1078 219 1123 234 0.017598 2
449 156 488 175 0.017248 2
1068 211 1122 234 0.016862 2
481 177 517 217 0.016827 2
452 181 480 205 0.016709 2
481 174 509 199 0.016671 2
605 200 648 216 0.016623 2
1066 219 1124 239 0.016130 2
607 200 652 217 0.016065 2
696 204 729 234 0.015664 2
477 177 540 216 0.015616 2
696 203 728 233 0.015490 2
554 171 573 199 0.014811 2
481 192 516 217 0.014708 2
479 174 518 216 0.014484 2
1052 217 1069 235 0.014300 2
586 187 644 216 0.014258 2
480 173 518 208 0.013969 2
1053 220 1069 239 0.013570 2
1017 193 1071 244 0.013050 2
548 161 579 181 0.013016 2
824 329 847 343 0.012562 2
449 156 489 171 0.012472 2
702 209 727 232 0.012332 2
1057 219 1124 245 0.011878 2
481 182 549 213 0.011877 2
1017 193 1067 255 0.011651 2
543 160 579 179 0.011496 2
553 170 580 201 0.011494 2
1007 202 1064 257 0.011292 2
455 184 482 214 0.011207 2
450 197 465 215 0.011062 2
1056 219 1071 239 0.010900 2
480 175 500 204 0.010730 2
545 161 579 198 0.010706 2
521 171 553 193 0.010256 2
1067 210 1123 234 0.009943 2
869 182 981 255 0.009786 2
481 191 517 217 0.009105 2
1094 218 1126 240 0.008839 2
1013 195 1065 257 0.008805 2
587 184 623 216 0.008731 2
1064 219 1095 241 0.008569 2
867 195 980 256 0.008387 2
984 203 1066 258 0.008297 2
1070 219 1107 235 0.008210 2
477 189 510 216 0.008169 2
481 175 540 218 0.007987 2
480 173 517 203 0.007960 2
1053 222 1069 243 0.007904 2
1069 214 1114 233 0.007826 2
1262 306 1279 382 0.007709 2
1135 232 1174 247 0.007700 2
545 161 579 178 0.007672 2
1089 215 1128 234 0.007320 2
1263 361 1279 382 0.007141 2
433 172 445 192 0.007133 2
1056 217 1071 234 0.007097 2
1017 202 1071 247 0.007005 2
518 183 551 210 0.006989 2
860 177 946 211 0.006939 2
1070 214 1125 233 0.006881 2
542 161 579 176 0.006768 2
1015 203 1070 240 0.006735 2
449 198 465 217 0.006354 2
1263 345 1279 381 0.006325 2
480 179 517 214 0.006091 2
802 214 824 239 0.006083 2
874 195 955 219 0.006068 2
1038 218 1069 240 0.006049 2
1063 224 1092 244 0.005996 2
873 197 949 243 0.005951 2
1067 214 1099 234 0.005802 2
588 183 623 216 0.005712 2
572 184 621 215 0.005584 2
450 157 489 175 0.005569 2
291 176 322 198 0.005542 2
877 197 942 242 0.005465 2
1056 221 1071 244 0.005412 2
869 177 956 208 0.005411 2
1003 204 1025 229 0.005385 2
1090 223 1121 248 0.005265 2
304 177 323 198 0.005264 2
1067 210 1125 235 0.005202 2
450 159 464 170 0.005115 2
449 157 490 180 0.005104 2
884 197 954 249 0.005002 2
520 187 556 218 0.004978 2
1155 235 1174 247 0.004967 2
433 172 444 193 0.004855 2
695 213 723 235 0.004801 2
1069 225 1095 245 0.004764 2
546 195 595 218 0.004699 2
1066 223 1118 246 0.004677 2
1012 196 1032 221 0.004558 2
558 172 591 200 0.004471 2
522 169 561 191 0.004438 2
536 185 552 202 0.004432 2
434 175 479 205 0.004412 2
857 177 940 206 0.004336 2
1065 217 1125 248 0.004308 2
588 174 600 185 0.004293 2
1263 302 1279 382 0.004212 2
1003 196 1030 221 0.004097 2
292 176 315 198 0.004082 2
447 179 481 212 0.004052 2
1037 200 1070 238 0.004024 2
1093 214 1137 236 0.003989 2
913 185 956 208 0.003932 2
513 179 530 201 0.003885 2
432 170 447 191 0.003830 2
1259 263 1279 318 0.003823 2
431 173 468 205 0.003793 2
874 198 944 239 0.003790 2
1013 196 1070 240 0.003783 2
592 182 624 204 0.003760 2
802 206 841 240 0.003736 2
1263 363 1279 382 0.003733 2
305 180 323 198 0.003665 2
291 176 313 197 0.003606 2
1101 217 1133 238 0.003587 2
522 173 550 196 0.003573 2
475 195 510 217 0.003568 2
1067 227 1094 251 0.003498 2
438 180 477 214 0.003423 2
521 194 552 217 0.003338 2
919 193 955 208 0.003307 2
1044 225 1069 251 0.003290 2
604 158 627 183 0.003276 2
292 176 322 199 0.003209 2
432 172 444 202 0.003206 2
1102 229 1121 250 0.003204 2
1071 207 1122 229 0.003198 2
991 209 1012 234 0.003159 2
859 196 951 253 0.003152 2
881 190 956 211 0.003149 2
682 217 698 237 0.003112 2
566 177 621 214 0.003089 2
432 169 466 188 0.003087 2
1055 227 1092 251 0.003065 2
522 170 549 182 0.003060 2
549 185 621 216 0.003016 2
432 172 445 204 0.003007 2
395 199 410 205 0.002978 2
558 161 582 183 0.002965 2
515 177 539 197 0.002910 2
540 160 578 176 0.002909 2
433 168 468 191 0.002874 2
866 177 941 217 0.002819 2
447 198 465 223 0.002813 2
435 172 482 209 0.002761 2
918 197 950 252 0.002749 2
1070 207 1123 233 0.002748 2
449 197 465 219 0.002731 2
1260 169 1279 184 0.002712 2
1019 207 1126 238 0.002708 2
1108 223 1135 246 0.002682 2
921 182 952 205 0.002654 2
450 171 517 207 0.002622 2
604 170 619 184 0.002604 2
495 238 530 251 0.002556 2
707 199 730 230 0.002551 2
682 214 697 235 0.002510 2
1060 224 1124 252 0.002498 2
935 199 954 208 0.002418 2
482 180 552 219 0.002333 2
495 237 532 251 0.002328 2
1263 169 1279 180 0.002279 2
454 197 476 217 0.002260 2
1257 259 1279 320 0.002257 2
1249 196 1279 233 0.002146 2
877 178 953 208 0.002125 2
412 171 446 202 0.002067 2
448 156 494 181 0.002065 2
1270 196 1279 246 0.002047 2
1069 207 1125 233 0.002021 2
905 202 986 256 0.002011 2
530 192 549 218 0.001978 2
891 202 989 256 0.001975 2
802 206 832 239 0.001905 2
1262 169 1279 180 0.001904 2
587 162 602 186 0.001861 2
448 157 502 206 0.001844 2
874 198 948 248 0.001822 2
1007 187 1038 220 0.001771 2
606 167 626 184 0.001765 2
513 177 578 215 0.001758 2
588 160 625 185 0.001754 2
1017 225 1128 255 0.001718 2
604 156 627 183 0.001713 2
921 184 953 206 0.001688 2
467 194 482 217 0.001662 2
432 177 445 205 0.001654 2
1068 224 1122 247 0.001612 2
1267 193 1279 201 0.001607 2
594 184 646 217 0.001591 2
682 222 698 238 0.001577 2
801 214 822 239 0.001574 2
1026 196 1065 236 0.001569 2
604 156 626 183 0.001567 2
1048 226 1073 257 0.001541 2
742 201 769 220 0.001527 2
1071 207 1108 221 0.001501 2
496 234 533 251 0.001440 2
867 196 985 256 0.001437 2
411 173 446 203 0.001436 2
469 175 518 218 0.001423 2
878 198 941 244 0.001409 2
431 173 445 204 0.001402 2
802 181 851 241 0.001395 2
446 162 465 182 0.001373 2
17 225 68 252 0.001368 2
449 159 480 178 0.001357 2
1084 207 1127 233 0.001352 2
1270 199 1279 252 0.001340 2
427 174 481 206 0.001331 2
587 158 625 185 0.001320 2
1245 197 1278 222 0.001315 2
1054 239 1092 256 0.001297 2
1017 192 1072 242 0.001265 2
914 180 953 204 0.001254 2
742 202 769 232 0.001253 2
1065 226 1117 259 0.001232 2
464 260 479 271 0.001229 2
401 175 443 205 0.001225 2
916 205 985 255 0.001214 2
867 177 934 199 0.001211 2
586 161 606 186 0.001210 2
355 217 370 228 0.001206 2
448 154 489 172 0.001196 2
586 166 597 184 0.001182 2
889 198 950 254 0.001181 2
450 198 479 242 0.001157 2
1251 198 1279 246 0.001152 2
446 164 482 204 0.001134 2
1109 217 1151 245 0.001121 2
1036 195 1072 236 0.001098 2
1255 169 1279 199 0.001067 2
606 155 626 182 0.001058 2
1001 185 1035 219 0.001040 2
1263 216 1275 227 0.001029 2
514 176 523 191 0.001027 2
114 223 135 236 0.001017 2
742 201 771 232 0.001017 2
123 224 135 235 0.001005 2
793 329 847 346 0.000999 2
353 190 372 199 0.000998 2
925 183 956 207 0.000996 2
895 178 946 203 0.000981 2
1257 179 1279 202 0.000974 2
1040 242 1069 258 0.000952 2
433 197 463 209 0.000943 2
463 254 479 271 0.000942 2
435 201 460 227 0.000933 2
449 197 467 251 0.000909 2
1070 206 1097 224 0.000900 2
560 161 581 182 0.000899 2
590 164 617 188 0.000895 2
921 182 953 204 0.000885 2
1126 214 1189 227 0.000873 2
745 202 770 233 0.000868 2
923 198 974 251 0.000854 2
1247 168 1279 183 0.000810 2
801 329 847 345 0.000801 2
658 197 688 222 0.000799 2
738 201 768 215 0.000776 2
830 136 906 171 0.000775 2
28 225 62 238 0.000766 2
352 197 389 209 0.000757 2
375 194 391 206 0.000757 2
353 196 389 215 0.000744 2
964 206 982 221 0.000739 2
449 153 489 173 0.000734 2
1074 196 1094 209 0.000734 2
351 194 388 219 0.000733 2
447 200 466 249 0.000730 2
449 198 477 253 0.000719 2
431 191 448 206 0.000718 2
1068 240 1092 255 0.000700 2
22 225 71 249 0.000698 2
383 177 451 205 0.000695 2
1100 214 1151 237 0.000687 2
33 225 62 237 0.000674 2
353 198 387 228 0.000673 2
1236 178 1279 217 0.000669 2
829 135 900 163 0.000666 2
1080 191 1092 202 0.000664 2
563 161 606 187 0.000649 2
604 154 631 188 0.000637 2
326 235 352 255 0.000625 2
1062 206 1071 232 0.000613 2
680 203 690 230 0.000597 2
18 226 61 253 0.000596 2
1088 195 1097 210 0.000592 2
450 194 480 228 0.000590 2
966 200 998 223 0.000586 2
1011 185 1032 199 0.000580 2
496 233 534 251 0.000573 2
354 211 371 227 0.000571 2
1227 170 1248 182 0.000571 2
327 235 353 255 0.000569 2
351 197 386 228 0.000560 2
876 198 908 235 0.000558 2
353 187 381 202 0.000556 2
320 200 353 256 0.000553 2
411 168 447 201 0.000551 2
354 200 385 220 0.000534 2
1225 166 1276 183 0.000529 2
1071 191 1088 203 0.000527 2
1116 183 1217 248 0.000518 2
319 207 331 233 0.000503 2
293 195 393 213 0.000494 2
1055 239 1071 261 0.000493 2
379 181 406 205 0.000484 2
1175 214 1186 222 0.000479 2
877 197 902 232 0.000477 2
926 181 958 207 0.000466 2
935 205 980 249 0.000465 2
683 203 700 234 0.000464 2
1070 195 1091 211 0.000443 2
16 224 63 251 0.000443 2
319 199 355 255 0.000437 2
499 148 525 175 0.000432 2
110 222 137 239 0.000430 2
605 162 631 197 0.000424 2
1002 183 1034 214 0.000422 2
289 176 311 198 0.000421 2
484 163 523 186 0.000421 2
922 203 976 254 0.000419 2
432 204 457 250 0.000417 2
357 195 394 207 0.000417 2
29 225 85 256 0.000399 2
789 329 847 347 0.000398 2
31 223 72 239 0.000386 2
789 202 824 238 0.000367 2
935 195 961 210 0.000366 2
112 222 133 237 0.000361 2
463 252 479 271 0.000361 2
411 175 428 202 0.000355 2
323 201 354 255 0.000345 2
354 202 377 230 0.000344 2
1226 169 1247 182 0.000342 2
327 197 367 251 0.000335 2
1239 197 1273 223 0.000330 2
949 207 979 221 0.000327 2
1227 180 1279 215 0.000326 2
740 199 796 235 0.000324 2
278 176 318 199 0.000324 2
826 328 853 343 0.000312 2
746 202 791 236 0.000305 2
463 250 478 271 0.000305 2
111 223 150 239 0.000299 2
605 154 631 185 0.000292 2
359 200 386 219 0.000292 2
830 136 897 150 0.000288 2
956 204 1225 364 0.000287 2
520 149 549 175 0.000287 2
290 176 310 198 0.000280 2
327 199 356 255 0.000278 2
827 136 912 167 0.000278 2
1011 185 1034 209 0.000276 2
1121 215 1154 231 0.000276 2
411 177 427 203 0.000276 2
473 144 525 174 0.000275 2
789 329 847 350 0.000271 2
274 182 294 194 0.000265 2
574 277 604 340 0.000262 2
321 198 358 254 0.000258 2
167 223 230 255 0.000249 2
29 227 73 255 0.000242 2
864 197 905 235 0.000240 2
315 201 351 257 0.000239 2
866 174 934 203 0.000237 2
575 279 606 343 0.000234 2
736 202 766 234 0.000232 2
415 205 455 251 0.000229 2
432 160 475 183 0.000218 2
30 224 102 255 0.000217 2
1224 178 1276 224 0.000215 2
414 202 455 241 0.000209 2
56 224 110 246 0.000205 2
497 233 534 250 0.000197 2
825 328 857 344 0.000190 2
575 273 601 336 0.000186 2
456 198 481 224 0.000185 2
1096 188 1120 207 0.000182 2
1145 207 1183 219 0.000182 2
521 148 543 174 0.000177 2
960 200 996 220 0.000170 2
847 178 899 238 0.000167 2
451 200 479 252 0.000166 2
703 304 765 337 0.000159 2
1064 195 1073 221 0.000157 2
940 202 1192 336 0.000153 2
34 225 102 246 0.000152 2
62 225 92 237 0.000152 2
1184 291 1279 427 0.000152 2
1052 241 1092 267 0.000150 2
872 208 1092 304 0.000148 2
481 143 527 175 0.000146 2
29 226 121 257 0.000144 2
1146 203 1193 222 0.000144 2
1040 187 1069 211 0.000142 2
1039 188 1059 206 0.000140 2
1101 165 1138 201 0.000135 2
309 152 368 199 0.000134 2
408 200 431 205 0.000134 2
819 330 926 348 0.000133 2
647 209 662 234 0.000130 2
110 222 138 252 0.000128 2
716 199 855 239 0.000128 2
575 277 595 330 0.000127 2
110 232 158 255 0.000122 2
658 185 697 218 0.000121 2
575 288 604 354 0.000120 2
319 198 355 255 0.000115 2
52 224 86 237 0.000115 2
390 190 420 206 0.000115 2
453 144 527 175 0.000114 2
272 181 296 195 0.000110 2
910 176 929 184 0.000109 2
440 143 527 175 0.000103 2
400 159 491 205 0.000103 2
122 218 148 237 0.000102 2
862 166 930 184 0.000100 2
1018 192 1068 255 0.027716 3
1015 199 1069 260 0.013883 3
1017 200 1060 253 0.012023 3
1260 267 1279 327 0.011857 3
1257 269 1279 347 0.008964 3
1183 224 1216 256 0.008043 3
1259 265 1279 319 0.007847 3
1264 267 1279 345 0.007749 3
1262 267 1279 321 0.007402 3
991 203 1048 259 0.006054 3
1262 266 1279 318 0.004484 3
1236 263 1279 343 0.002924 3
1237 265 1278 343 0.001395 3
1263 305 1279 382 0.001213 3
1205 250 1261 346 0.001083 3
829 135 938 173 0.012701 5
449 153 521 177 0.012322 5
829 136 938 175 0.009352 5
830 135 940 171 0.007863 5
822 135 941 212 0.007126 5
565 185 651 219 0.005970 5
827 135 900 168 0.005562 5
823 135 943 199 0.004483 5
826 135 902 170 0.004165 5
827 135 904 169 0.003923 5
540 184 651 218 0.002534 5
826 134 946 205 0.002495 5
443 145 521 180 0.002092 5
1222 176 1280 215 0.002068 5
826 136 938 176 0.001987 5
1234 172 1279 204 0.001810 5
449 146 524 176 0.001771 5
828 135 899 170 0.001742 5
1248 169 1279 201 0.001456 5
1245 168 1279 204 0.001408 5
827 133 939 171 0.001400 5
1220 168 1280 222 0.001238 5
484 149 525 175 0.001192 5
1222 167 1280 211 0.001181 5
1259 169 1279 200 0.001079 5
827 135 912 169 0.000979 5
448 127 527 178 0.000775 5
828 135 899 167 0.000670 5
827 132 938 172 0.000639 5
449 147 525 177 0.000570 5
526 143 581 202 0.000436 5
448 127 530 179 0.000417 5
1212 165 1272 223 0.000370 5
827 125 940 171 0.000337 5
826 133 938 174 0.000325 5
834 136 932 174 0.000308 5
432 124 529 179 0.000170 5
812 445 1179 702 0.382339 6
895 448 1097 538 0.000663 6
895 448 1098 559 0.000618 6
891 448 1097 551 0.000466 6
899 449 1096 582 0.000345 6
888 449 1109 545 0.000338 6
893 448 1114 539 0.000209 6
885 448 1076 581 0.000202 6
892 449 1094 587 0.000185 6
888 448 1083 586 0.000173 6
814 585 947 703 0.000149 6
813 583 977 703 0.000147 6
369 64 452 205 0.000134 6
458 248 600 441 0.000125 6
886 449 1060 541 0.000124 6
367 95 492 205 0.000120 6
814 612 1009 703 0.000112 6
899 449 1110 595 0.000101 6
801 136 942 240 0.149806 7
802 158 858 239 0.145398 7
803 159 858 237 0.095045 7
774 138 943 240 0.073579 7
720 154 860 237 0.067816 7
802 148 958 243 0.064202 7
865 177 956 248 0.064121 7
802 158 857 240 0.062560 7
865 176 954 235 0.057186 7
801 137 979 251 0.052794 7
863 177 955 241 0.052708 7
803 157 858 227 0.051881 7
872 179 986 257 0.045612 7
803 137 945 248 0.042250 7
801 176 969 253 0.041739 7
863 176 953 229 0.039706 7
770 154 859 239 0.038876 7
522 161 580 201 0.036234 7
861 176 952 230 0.035432 7
792 135 940 241 0.034847 7
587 183 622 216 0.030909 7
866 177 964 254 0.030834 7
532 160 581 201 0.027980 7
874 182 1001 258 0.027376 7
480 173 516 215 0.026855 7
525 160 581 201 0.026654 7
772 154 946 242 0.026448 7
866 176 955 251 0.024955 7
804 164 859 239 0.024229 7
539 167 580 200 0.023889 7
866 176 956 253 0.023671 7
725 153 860 238 0.021916 7
709 151 934 237 0.021379 7
803 160 853 232 0.020708 7
480 172 518 215 0.019908 7
792 157 951 235 0.019886 7
1106 184 1192 246 0.018467 7
586 183 644 216 0.018077 7
803 162 853 236 0.017437 7
522 171 568 201 0.015617 7
480 173 517 217 0.015506 7
1117 183 1194 247 0.015285 7
699 152 855 235 0.015049 7
804 135 939 239 0.013860 7
588 187 648 218 0.013816 7
703 152 902 236 0.013708 7
1064 190 1194 246 0.013504 7
696 154 806 233 0.013149 7
872 183 1007 258 0.012254 7
720 153 849 235 0.012026 7
806 175 954 236 0.011119 7
885 193 1006 259 0.011105 7
1100 183 1194 247 0.011034 7
803 135 991 255 0.010406 7
802 176 984 259 0.010248 7
522 169 571 199 0.010128 7
1078 186 1209 250 0.010001 7
716 154 805 232 0.009558 7
522 163 580 204 0.009254 7
1120 218 1194 247 0.009134 7
807 158 858 208 0.008756 7
696 201 730 233 0.008528 7
1085 185 1213 250 0.008045 7
443 152 519 183 0.007870 7
725 153 808 224 0.007792 7
540 160 579 199 0.007787 7
694 154 802 236 0.007659 7
1116 217 1192 247 0.007533 7
723 153 805 213 0.007019 7
1118 183 1197 247 0.006875 7
695 201 727 231 0.006800 7
527 160 579 200 0.006791 7
699 153 893 236 0.006708 7
1183 165 1279 240 0.006540 7
1087 182 1192 243 0.006539 7
455 151 523 187 0.006480 7
712 155 806 236 0.006415 7
805 159 859 222 0.006372 7
694 190 731 233 0.006196 7
866 177 944 234 0.006196 7
1065 187 1209 250 0.006071 7
588 190 650 219 0.005848 7
1181 177 1237 250 0.005824 7
802 170 850 240 0.005808 7
1076 197 1211 250 0.005320 7
809 135 978 252 0.005290 7
1212 167 1279 228 0.005263 7
1062 216 1193 249 0.004809 7
803 170 859 239 0.004785 7
449 156 489 172 0.004652 7
1118 217 1203 247 0.004450 7
804 175 969 269 0.004376 7
1181 165 1278 248 0.004220 7
454 149 521 180 0.004166 7
1095 200 1215 251 0.003979 7
1220 168 1279 228 0.003928 7
448 156 490 181 0.003905 7
694 175 804 236 0.003856 7
693 157 865 233 0.003845 7
1066 210 1128 236 0.003831 7
549 183 623 216 0.003803 7
1217 168 1279 230 0.003677 7
696 193 735 234 0.003560 7
586 181 622 216 0.003553 7
449 155 490 173 0.003538 7
1192 165 1279 237 0.003329 7
576 185 651 218 0.003159 7
702 154 806 220 0.003118 7
551 179 586 205 0.003006 7
450 155 518 197 0.002886 7
544 184 652 218 0.002779 7
536 172 622 209 0.002739 7
864 177 944 237 0.002667 7
1182 165 1279 233 0.002408 7
978 194 1066 258 0.002152 7
689 153 862 234 0.002136 7
694 201 797 236 0.002136 7
1222 169 1279 234 0.001912 7
803 135 920 237 0.001901 7
810 159 857 182 0.001846 7
736 200 795 236 0.001827 7
1041 197 1210 252 0.001805 7
705 129 939 238 0.001793 7
545 184 655 219 0.001783 7
782 157 844 233 0.001776 7
1015 192 1095 253 0.001709 7
1213 163 1279 228 0.001689 7
803 139 881 236 0.001662 7
811 158 858 184 0.001624 7
538 160 609 206 0.001614 7
477 160 516 205 0.001592 7
477 163 578 208 0.001517 7
1118 184 1227 248 0.001512 7
1084 162 1230 251 0.001499 7
294 198 392 326 0.001487 7
1183 169 1279 350 0.001483 7
803 181 843 223 0.001467 7
693 182 731 230 0.001466 7
1116 183 1188 221 0.001455 7
449 160 492 207 0.001442 7
459 146 526 177 0.001403 7
451 161 533 209 0.001397 7
810 158 858 183 0.001336 7
1079 163 1214 251 0.001336 7
696 183 731 230 0.001327 7
802 181 844 239 0.001289 7
1121 215 1193 247 0.001282 7
586 181 641 216 0.001268 7
480 178 564 216 0.001119 7
1012 198 1205 256 0.001089 7
1219 163 1279 227 0.001080 7
809 138 1033 258 0.001021 7
693 178 731 229 0.000990 7
527 162 654 213 0.000985 7
1179 197 1225 260 0.000981 7
1119 215 1190 245 0.000966 7
1124 183 1192 220 0.000948 7
693 174 742 231 0.000941 7
800 192 1065 289 0.000939 7
865 177 939 227 0.000933 7
836 134 954 224 0.000932 7
699 202 790 236 0.000928 7
853 175 934 232 0.000927 7
573 164 917 231 0.000900 7
519 145 581 201 0.000891 7
854 176 925 237 0.000872 7
864 177 942 228 0.000831 7
1102 169 1205 246 0.000806 7
596 164 677 216 0.000793 7
553 182 800 223 0.000769 7
522 146 581 202 0.000756 7
1236 172 1279 252 0.000715 7
490 172 648 216 0.000690 7
463 180 554 218 0.000685 7
521 151 576 180 0.000676 7
1086 208 1147 236 0.000660 7
588 167 671 217 0.000655 7
792 179 1023 292 0.000601 7
809 159 858 186 0.000527 7
1115 189 1189 234 0.000511 7
1141 183 1187 219 0.000510 7
352 199 392 320 0.000504 7
666 153 939 274 0.000497 7
643 155 942 276 0.000490 7
1123 190 1191 225 0.000476 7
699 184 730 204 0.000468 7
1098 163 1189 237 0.000467 7
1141 183 1186 219 0.000462 7
1099 162 1154 201 0.000460 7
297 198 392 316 0.000440 7
395 203 457 255 0.000420 7
701 187 729 216 0.000415 7
699 183 730 206 0.000405 7
582 159 623 214 0.000394 7
384 181 477 206 0.000381 7
598 155 629 191 0.000375 7
1126 183 1191 220 0.000370 7
811 158 858 179 0.000352 7
304 187 581 255 0.000328 7
1101 163 1155 185 0.000328 7
1120 183 1186 219 0.000323 7
729 159 800 210 0.000319 7
696 179 730 203 0.000319 7
706 203 806 237 0.000315 7
726 156 806 207 0.000310 7
535 161 659 218 0.000305 7
602 155 672 214 0.000296 7
601 159 928 272 0.000295 7
1040 147 1213 253 0.000282 7
1068 171 1187 237 0.000280 7
738 139 871 237 0.000277 7
605 159 667 211 0.000273 7
599 166 695 219 0.000270 7
812 158 858 176 0.000268 7
831 195 1153 292 0.000267 7
726 155 804 207 0.000266 7
813 158 858 178 0.000264 7
726 141 874 231 0.000261 7
990 204 1232 360 0.000250 7
1257 200 1279 260 0.000241 7
875 177 987 250 0.000229 7
672 99 893 237 0.000215 7
572 142 912 231 0.000215 7
1181 166 1244 223 0.000215 7
840 138 993 221 0.000214 7
727 152 806 205 0.000201 7
795 86 943 246 0.000200 7
1084 191 1121 231 0.000190 7
1100 162 1155 188 0.000184 7
553 149 790 222 0.000184 7
726 143 871 232 0.000180 7
1245 163 1279 213 0.000168 7
997 197 1277 353 0.000163 7
446 145 522 174 0.000162 7
1116 183 1176 219 0.000151 7
883 179 997 255 0.000150 7
450 127 531 176 0.000149 7
388 204 542 308 0.000149 7
302 95 462 334 0.000149 7
1012 189 1130 236 0.000143 7
725 154 804 201 0.000142 7
409 207 453 256 0.000134 7
640 169 733 223 0.000132 7
723 146 854 216 0.000131 7
677 150 813 232 0.000128 7
621 66 908 237 0.000127 7
600 158 702 214 0.000123 7
724 153 805 207 0.000123 7
298 197 388 278 0.000121 7
698 186 739 231 0.000115 7
730 167 800 210 0.000114 7
1145 182 1199 227 0.000111 7
698 72 939 243 0.000106 7
1181 127 1279 243 0.000105 7
472 187 663 279 0.000102 7
223 175 328 231 0.000101 7
513 151 523 174 0.154679 9
513 151 523 170 0.146913 9
1088 150 1103 180 0.092940 9
1089 150 1103 179 0.073853 9
1088 149 1102 180 0.071494 9
1090 150 1103 176 0.070266 9
1089 150 1103 177 0.066493 9
1089 150 1102 178 0.059215 9
514 151 523 176 0.038685 9
513 151 524 174 0.021268 9
1005 135 1015 173 0.019091 9
1214 190 1223 207 0.018405 9
693 180 702 203 0.017893 9
693 184 702 202 0.017663 9
313 151 343 196 0.013373 9
450 159 464 170 0.010866 9
312 151 344 197 0.010436 9
1002 168 1008 181 0.010417 9
1216 191 1224 209 0.010177 9
1001 135 1012 179 0.010070 9
1089 150 1101 187 0.009512 9
1004 135 1015 172 0.009196 9
1089 150 1110 178 0.008873 9
595 64 636 92 0.008756 9
314 150 348 197 0.008627 9
315 153 351 197 0.008306 9
317 156 353 199 0.006793 9
170 64 203 91 0.006571 9
879 155 893 172 0.006346 9
895 156 905 171 0.005973 9
1090 150 1110 176 0.005707 9
1051 108 1084 147 0.005639 9
372 166 381 184 0.005587 9
596 64 633 92 0.005567 9
368 166 376 187 0.005542 9
513 152 524 174 0.005518 9
315 157 353 198 0.005480 9
1207 169 1215 191 0.005371 9
596 124 605 145 0.005058 9
693 176 701 194 0.005034 9
327 164 352 198 0.004876 9
173 64 202 91 0.004795 9
879 155 895 173 0.004776 9
595 64 625 92 0.004515 9
313 148 343 195 0.004125 9
1004 135 1014 173 0.003828 9
1001 135 1013 174 0.003820 9
170 64 203 91 0.003780 9
1211 169 1224 200 0.003779 9
887 149 906 170 0.003651 9
172 64 202 92 0.003615 9
896 162 905 177 0.003405 9
512 146 524 174 0.003363 9
1210 168 1224 208 0.003338 9
1208 169 1219 208 0.003330 9
515 155 525 176 0.003167 9
1002 170 1008 184 0.003073 9
595 64 627 92 0.003058 9
329 184 344 198 0.003028 9
594 64 641 92 0.002953 9
1093 130 1107 176 0.002915 9
1206 168 1217 190 0.002879 9
586 118 598 137 0.002861 9
313 152 329 197 0.002840 9
596 118 605 146 0.002764 9
1111 192 1120 205 0.002712 9
1003 147 1014 178 0.002697 9
704 163 713 182 0.002693 9
1052 108 1084 147 0.002554 9
593 64 631 93 0.002505 9
1094 157 1111 180 0.002407 9
705 154 713 174 0.002380 9
1124 164 1150 186 0.002360 9
172 64 204 91 0.002270 9
453 207 466 252 0.002265 9
596 64 626 92 0.002253 9
587 64 636 94 0.002103 9
313 138 361 197 0.002099 9
1015 154 1023 169 0.002081 9
1014 136 1024 153 0.002065 9
610 153 624 166 0.002053 9
1098 131 1108 149 0.002044 9
878 153 894 172 0.002023 9
703 173 713 183 0.001974 9
1210 168 1225 196 0.001973 9
596 64 624 92 0.001968 9
1001 134 1012 174 0.001875 9
1014 135 1025 146 0.001832 9
586 118 598 134 0.001822 9
624 64 640 92 0.001793 9
664 183 671 203 0.001742 9
322 155 343 197 0.001734 9
624 64 639 91 0.001636 9
312 149 330 193 0.001630 9
697 121 708 152 0.001621 9
1089 150 1104 189 0.001611 9
1014 135 1024 170 0.001526 9
331 173 352 198 0.001490 9
1128 164 1154 185 0.001481 9
452 198 476 254 0.001425 9
1124 164 1155 186 0.001420 9
454 228 465 251 0.001407 9
692 170 701 182 0.001406 9
513 144 526 174 0.001403 9
835 144 859 165 0.001379 9
663 171 670 190 0.001369 9
590 119 604 150 0.001350 9
876 137 940 174 0.001347 9
1188 162 1201 186 0.001341 9
586 119 598 135 0.001314 9
327 161 352 197 0.001298 9
1111 194 1120 206 0.001263 9
877 149 900 174 0.001216 9
258 143 269 159 0.001198 9
852 114 866 137 0.001185 9
313 150 344 196 0.001180 9
1184 168 1200 190 0.001168 9
257 144 268 159 0.001164 9
1154 164 1169 183 0.001157 9
688 169 702 201 0.001157 9
832 136 860 166 0.001122 9
163 64 203 92 0.001112 9
699 123 713 154 0.001100 9
1119 163 1152 186 0.001099 9
596 116 626 165 0.001088 9
119 64 161 77 0.001083 9
569 148 579 161 0.001083 9
118 64 155 77 0.001073 9
596 132 615 162 0.001057 9
581 64 596 92 0.001047 9
356 219 370 229 0.001036 9
597 117 626 159 0.001018 9
696 120 708 150 0.001012 9
697 120 708 152 0.001007 9
689 169 700 183 0.000984 9
678 65 694 119 0.000975 9
625 64 640 91 0.000970 9
689 177 702 205 0.000969 9
850 113 865 137 0.000956 9
581 64 597 93 0.000954 9
880 137 939 156 0.000916 9
1001 181 1008 208 0.000905 9
1109 162 1150 186 0.000900 9
173 64 210 92 0.000875 9
1079 149 1102 187 0.000860 9
625 64 641 91 0.000855 9
258 144 269 159 0.000842 9
586 117 599 134 0.000814 9
599 116 626 160 0.000814 9
754 137 761 153 0.000813 9
1148 164 1169 185 0.000783 9
607 152 625 172 0.000767 9
454 221 477 254 0.000765 9
1183 171 1199 193 0.000764 9
700 126 713 154 0.000761 9
1155 167 1170 184 0.000757 9
679 65 695 119 0.000754 9
1089 171 1099 195 0.000753 9
678 65 692 120 0.000751 9
835 143 858 168 0.000745 9
1079 149 1103 184 0.000743 9
120 64 163 77 0.000740 9
1200 168 1212 193 0.000727 9
642 163 660 201 0.000724 9
1098 131 1110 150 0.000720 9
862 137 939 158 0.000716 9
701 118 712 130 0.000716 9
307 178 326 198 0.000714 9
1010 135 1020 170 0.000709 9
638 162 647 174 0.000706 9
580 64 598 95 0.000702 9
1096 130 1110 175 0.000699 9
1200 165 1211 188 0.000697 9
681 180 689 200 0.000692 9
582 64 597 97 0.000691 9
756 133 765 153 0.000672 9
1151 164 1170 184 0.000668 9
1006 135 1014 173 0.000667 9
756 135 765 153 0.000658 9
862 166 870 182 0.000656 9
1093 161 1105 205 0.000640 9
688 119 709 131 0.000638 9
258 144 268 158 0.000636 9
1105 162 1151 186 0.000632 9
897 153 909 174 0.000629 9
678 66 692 124 0.000626 9
450 198 470 253 0.000624 9
652 182 662 202 0.000615 9
662 170 671 186 0.000613 9
702 151 713 174 0.000602 9
581 64 598 92 0.000594 9
1088 190 1095 201 0.000593 9
161 64 202 91 0.000590 9
885 137 939 156 0.000585 9
1096 197 1102 208 0.000581 9
595 117 607 146 0.000574 9
886 136 938 156 0.000571 9
121 64 170 77 0.000557 9
829 135 890 166 0.000556 9
698 119 711 154 0.000555 9
165 64 175 76 0.000547 9
120 64 163 79 0.000540 9
598 117 626 154 0.000530 9
1081 170 1095 185 0.000530 9
590 127 602 160 0.000525 9
999 129 1007 136 0.000510 9
681 164 691 189 0.000509 9
637 162 650 198 0.000503 9
831 135 861 166 0.000497 9
133 64 202 85 0.000496 9
119 64 164 79 0.000492 9
881 136 939 170 0.000491 9
1097 130 1108 148 0.000476 9
119 64 163 75 0.000474 9
624 64 639 80 0.000469 9
593 64 623 94 0.000464 9
605 140 625 163 0.000463 9
615 152 630 180 0.000461 9
120 64 159 79 0.000455 9
597 129 625 165 0.000448 9
831 149 852 166 0.000447 9
681 170 691 195 0.000445 9
595 120 606 151 0.000431 9
693 151 707 178 0.000429 9
754 133 763 153 0.000428 9
845 112 865 136 0.000426 9
148 64 173 75 0.000425 9
846 113 866 136 0.000424 9
684 67 696 119 0.000424 9
1078 143 1103 180 0.000421 9
643 161 659 192 0.000413 9
632 162 661 207 0.000402 9
96 181 105 202 0.000402 9
582 80 600 137 0.000402 9
597 117 625 152 0.000397 9
334 157 360 198 0.000389 9
1228 168 1247 181 0.000381 9
717 155 726 169 0.000375 9
464 235 477 253 0.000373 9
96 179 105 202 0.000366 9
352 153 363 194 0.000365 9
650 167 662 197 0.000363 9
1221 165 1231 183 0.000362 9
464 245 477 257 0.000359 9
998 131 1007 172 0.000354 9
703 125 717 155 0.000352 9
456 215 477 253 0.000352 9
952 182 960 205 0.000351 9
449 150 490 171 0.000349 9
702 124 717 155 0.000349 9
697 67 708 119 0.000348 9
698 64 712 97 0.000340 9
892 137 938 154 0.000336 9
183 144 199 168 0.000334 9
684 119 706 153 0.000325 9
821 161 858 181 0.000322 9
648 169 664 202 0.000319 9
0 143 6 202 0.000317 9
693 64 710 119 0.000317 9
643 180 660 207 0.000317 9
687 119 708 151 0.000315 9
649 124 660 161 0.000311 9
585 124 600 154 0.000305 9
1187 161 1201 187 0.000303 9
108 149 128 167 0.000303 9
1099 178 1121 206 0.000303 9
711 154 720 175 0.000301 9
1184 164 1200 187 0.000300 9
647 123 660 163 0.000300 9
1227 168 1248 181 0.000299 9
831 138 860 163 0.000298 9
580 64 615 94 0.000298 9
580 64 604 92 0.000297 9
677 64 694 113 0.000294 9
1113 161 1155 187 0.000293 9
312 137 340 193 0.000291 9
1096 182 1104 207 0.000288 9
109 150 127 165 0.000287 9
1110 161 1153 186 0.000286 9
119 64 203 80 0.000285 9
904 136 939 156 0.000282 9
159 64 202 93 0.000281 9
687 119 708 131 0.000280 9
624 120 636 154 0.000279 9
870 162 915 179 0.000276 9
813 159 858 174 0.000276 9
993 142 1000 164 0.000275 9
584 96 600 136 0.000269 9
814 145 822 157 0.000267 9
681 120 694 154 0.000264 9
121 64 167 79 0.000259 9
109 150 128 166 0.000259 9
993 156 1000 171 0.000258 9
699 85 716 128 0.000257 9
161 65 201 91 0.000255 9
1031 150 1040 160 0.000254 9
680 125 691 156 0.000240 9
582 64 597 79 0.000236 9
680 147 691 165 0.000236 9
568 143 579 162 0.000235 9
597 147 617 164 0.000234 9
624 130 633 156 0.000233 9
817 160 859 186 0.000233 9
1209 166 1246 207 0.000228 9
1104 163 1151 185 0.000228 9
698 85 717 140 0.000227 9
637 119 657 165 0.000223 9
712 147 721 168 0.000222 9
579 64 601 142 0.000220 9
643 121 659 164 0.000219 9
595 64 626 94 0.000217 9
680 123 691 153 0.000217 9
581 64 598 118 0.000216 9
859 137 940 156 0.000216 9
579 64 651 159 0.000215 9
993 166 1008 180 0.000215 9
993 137 1001 167 0.000214 9
905 136 938 154 0.000214 9
856 118 871 137 0.000214 9
110 150 128 165 0.000213 9
681 64 706 119 0.000213 9
718 151 726 162 0.000209 9
0 143 7 178 0.000209 9
1104 164 1134 185 0.000209 9
1098 165 1121 206 0.000208 9
694 148 708 176 0.000206 9
1089 140 1105 176 0.000205 9
806 161 860 191 0.000205 9
700 87 715 118 0.000201 9
304 175 368 207 0.000200 9
687 117 711 156 0.000198 9
692 116 717 156 0.000198 9
1098 164 1124 206 0.000194 9
697 72 710 121 0.000193 9
829 136 883 166 0.000193 9
637 118 656 163 0.000188 9
813 146 823 160 0.000187 9
1006 132 1023 168 0.000186 9
128 64 173 79 0.000186 9
907 136 938 156 0.000183 9
308 139 364 197 0.000182 9
0 142 7 204 0.000180 9
683 65 712 147 0.000177 9
685 152 695 184 0.000175 9
829 136 862 166 0.000174 9
902 136 939 168 0.000174 9
172 64 212 92 0.000173 9
183 144 199 169 0.000173 9
680 152 690 188 0.000172 9
701 119 718 155 0.000171 9
308 112 367 194 0.000171 9
647 127 658 165 0.000169 9
1073 179 1096 201 0.000169 9
869 124 881 137 0.000168 9
680 123 690 146 0.000167 9
454 227 470 257 0.000165 9
581 137 606 185 0.000164 9
682 146 693 175 0.000162 9
681 64 710 125 0.000161 9
700 88 715 129 0.000161 9
833 116 859 135 0.000159 9
1054 107 1086 148 0.000159 9
312 143 326 192 0.000158 9
1047 166 1056 178 0.000157 9
825 121 836 135 0.000157 9
239 172 247 190 0.000153 9
97 175 110 203 0.000150 9
838 115 854 135 0.000148 9
828 118 849 134 0.000147 9
629 161 661 207 0.000143 9
170 144 180 169 0.000141 9
319 204 331 230 0.000140 9
1124 160 1154 180 0.000139 9
716 157 727 183 0.000136 9
912 136 938 148 0.000136 9
584 64 661 157 0.000136 9
577 82 585 107 0.000133 9
637 119 650 162 0.000132 9
679 71 691 124 0.000132 9
704 117 717 130 0.000132 9
1056 108 1079 168 0.000132 9
465 244 477 257 0.000131 9
849 108 866 138 0.000130 9
256 83 265 97 0.000129 9
448 148 491 172 0.000127 9
336 208 371 231 0.000127 9
171 144 184 170 0.000126 9
1204 151 1228 189 0.000126 9
1046 174 1057 190 0.000125 9
1206 165 1244 219 0.000125 9
624 117 642 162 0.000123 9
170 143 181 170 0.000123 9
581 64 600 114 0.000120 9
170 142 181 171 0.000119 9
171 144 181 169 0.000119 9
624 118 637 153 0.000117 9
598 117 626 149 0.000116 9
256 143 269 179 0.000116 9
879 136 939 180 0.000116 9
1018 149 1040 162 0.000115 9
701 82 719 115 0.000115 9
822 133 834 159 0.000115 9
1114 184 1133 205 0.000115 9
824 113 836 132 0.000114 9
844 147 871 191 0.000114 9
800 154 814 234 0.000113 9
837 144 892 177 0.000113 9
595 116 625 164 0.000113 9
50 185 62 206 0.000113 9
256 178 264 192 0.000112 9
161 76 195 92 0.000111 9
806 155 860 187 0.000111 9
830 134 862 157 0.000110 9
172 64 208 93 0.000109 9
627 64 664 91 0.000108 9
1197 155 1218 188 0.000108 9
567 133 601 165 0.000107 9
168 64 254 91 0.000107 9
698 73 716 119 0.000107 9
1212 189 1229 218 0.000104 9
97 172 108 183 0.000103 9
706 157 719 183 0.000102 9
624 118 640 165 0.000102 9
1013 158 1029 177 0.000101 9
1206 149 1228 172 0.000101 9
847 115 871 137 0.000100 9
693 126 717 178 0.000100 9
324 109 366 164 0.130533 11
1051 108 1084 147 0.024402 11
1181 190 1199 214 0.016978 11
1181 190 1199 214 0.014659 11
1181 188 1200 216 0.008328 11
1181 182 1201 215 0.006336 11
1181 187 1201 215 0.004462 11
1051 109 1084 147 0.003468 11
1178 185 1200 217 0.000507 11
1178 186 1199 217 0.000342 11
415 64 438 120 0.000290 11
416 64 433 105 0.000229 11
415 64 432 119 0.000211 11
1174 182 1200 216 0.000183 11
358 146 372 163 0.000164 11
1051 109 1084 160 0.000143 11
415 64 432 103 0.000134 11
325 110 366 162 0.000130 11
361 147 374 178 0.000128 11
323 109 366 165 0.000124 11
352 129 366 159 0.000105 11
