776 192 820 278 0.789619 0
863 192 885 272 0.673816 0
914 191 940 264 0.658703 0
1010 192 1035 262 0.588766 0
1029 194 1054 256 0.526873 0
1146 193 1169 246 0.124166 0
1010 193 1030 257 0.108609 0
846 200 865 242 0.102662 0
845 201 859 241 0.089482 0
844 201 867 244 0.083998 0
1009 191 1049 262 0.078768 0
846 200 857 223 0.077283 0
845 199 870 272 0.071273 0
1147 196 1167 239 0.069885 0
846 201 857 239 0.069270 0
845 200 868 252 0.063505 0
1010 192 1033 252 0.061245 0
1032 196 1054 253 0.057022 0
1142 198 1169 251 0.043917 0
957 368 981 425 0.042230 0
862 192 884 249 0.041078 0
846 199 867 231 0.037244 0
1149 189 1166 218 0.035573 0
1155 189 1166 214 0.032939 0
1145 198 1162 241 0.028540 0
1010 195 1028 253 0.028294 0
961 367 980 425 0.027625 0
982 206 995 228 0.026969 0
965 371 979 391 0.026400 0
1009 206 1031 262 0.025487 0
897 199 905 229 0.025321 0
962 368 980 416 0.024810 0
1072 484 1080 498 0.022161 0
1272 197 1279 244 0.019728 0
842 200 857 242 0.019119 0
928 195 949 256 0.018701 0
810 212 851 245 0.017683 0
1112 194 1120 202 0.017273 0
912 192 929 264 0.017270 0
930 191 957 258 0.017171 0
896 200 905 241 0.016166 0
1014 388 1023 401 0.014651 0
958 368 985 425 0.013564 0
1150 197 1163 216 0.013527 0
999 384 1011 399 0.013315 0
891 199 906 243 0.013127 0
1029 194 1053 248 0.012932 0
1146 190 1167 217 0.012597 0
1056 488 1066 496 0.011723 0
1151 186 1166 214 0.011588 0
1010 192 1030 222 0.011351 0
991 204 1000 227 0.011337 0
958 369 980 408 0.011332 0
1111 221 1135 248 0.011061 0
616 151 639 197 0.011038 0
992 199 1003 224 0.010896 0
503 186 539 250 0.010669 0
772 191 856 277 0.010483 0
1014 382 1024 402 0.010124 0
1015 456 1024 465 0.009928 0
1146 199 1160 218 0.009706 0
511 195 518 209 0.009692 0
862 193 881 226 0.009647 0
1112 194 1121 207 0.009575 0
864 193 883 226 0.008726 0
1273 197 1279 250 0.008617 0
604 151 639 198 0.008533 0
959 368 983 418 0.008418 0
893 200 905 242 0.008373 0
1010 191 1036 231 0.008214 0
911 455 928 484 0.008141 0
863 192 881 217 0.008054 0
241 198 255 239 0.008001 0
1191 495 1200 504 0.007939 0
612 151 643 195 0.007548 0
911 194 922 264 0.007541 0
842 199 857 226 0.007389 0
511 191 524 208 0.007364 0
946 350 984 426 0.007329 0
972 370 981 392 0.007263 0
931 201 946 250 0.007075 0
640 682 671 703 0.006970 0
1061 487 1074 496 0.006877 0
999 383 1017 400 0.006801 0
632 202 643 215 0.006591 0
917 473 928 483 0.006590 0
979 208 997 256 0.006524 0
1200 503 1209 512 0.006523 0
975 368 984 392 0.006392 0
865 193 883 239 0.006318 0
991 201 1004 233 0.006281 0
517 192 526 209 0.006210 0
1146 190 1172 232 0.006208 0
983 374 992 391 0.006176 0
961 369 980 403 0.006143 0
804 184 815 204 0.006026 0
1242 197 1256 233 0.005967 0
977 368 985 391 0.005825 0
1040 455 1047 464 0.005758 0
887 471 896 486 0.005754 0
954 366 988 425 0.005691 0
1029 193 1047 231 0.005663 0
1071 488 1081 503 0.005655 0
999 382 1023 402 0.005636 0
984 206 998 229 0.005513 0
983 200 1003 229 0.005472 0
934 202 944 228 0.005451 0
984 372 992 391 0.005425 0
862 192 893 273 0.005409 0
162 203 176 234 0.005406 0
510 194 518 217 0.005373 0
1266 194 1279 258 0.005363 0
803 184 816 208 0.005272 0
895 155 908 177 0.005133 0
1072 482 1080 493 0.005132 0
241 196 255 218 0.005034 0
896 472 907 483 0.005021 0
868 192 884 215 0.005019 0
1030 451 1040 464 0.004985 0
1 64 232 222 0.004893 0
979 368 986 391 0.004847 0
961 365 980 397 0.004781 0
457 201 468 215 0.004741 0
691 207 705 238 0.004740 0
531 206 544 218 0.004592 0
1272 197 1279 224 0.004510 0
612 448 624 464 0.004457 0
815 210 858 256 0.004456 0
1176 495 1185 504 0.004429 0
164 204 176 229 0.004427 0
754 453 768 472 0.004399 0
1214 198 1228 233 0.004353 0
868 193 885 237 0.004312 0
875 196 899 270 0.004306 0
879 154 893 173 0.004200 0
803 184 817 216 0.004193 0
612 447 624 462 0.004187 0
247 196 256 216 0.004174 0
511 191 531 245 0.004170 0
1177 343 1187 359 0.004086 0
751 463 761 472 0.004050 0
1111 231 1121 248 0.004027 0
804 211 842 243 0.003991 0
1175 497 1185 511 0.003983 0
815 208 870 279 0.003951 0
1245 198 1256 233 0.003948 0
315 64 496 207 0.003947 0
0 64 67 219 0.003933 0
778 206 822 272 0.003902 0
319 204 330 227 0.003900 0
1207 504 1217 512 0.003840 0
204 202 224 231 0.003835 0
1006 383 1024 421 0.003779 0
496 183 541 252 0.003774 0
510 188 538 249 0.003774 0
877 197 910 270 0.003749 0
983 206 1002 231 0.003720 0
1235 197 1256 233 0.003645 0
470 204 478 218 0.003601 0
994 198 1014 219 0.003589 0
1268 195 1279 251 0.003503 0
614 151 637 186 0.003478 0
244 196 256 232 0.003461 0
751 451 767 472 0.003438 0
1134 445 1145 469 0.003425 0
934 191 948 210 0.003411 0
208 204 224 232 0.003405 0
1216 197 1227 230 0.003379 0
751 457 768 472 0.003349 0
692 206 706 236 0.003319 0
998 382 1024 422 0.003302 0
998 383 1022 412 0.003301 0
805 215 854 272 0.003285 0
1029 448 1039 464 0.003271 0
885 198 904 252 0.003230 0
1246 471 1257 484 0.003180 0
995 203 1008 221 0.003164 0
950 352 961 390 0.003153 0
1230 456 1249 510 0.003131 0
1136 447 1143 458 0.003088 0
161 204 173 229 0.003023 0
1182 344 1195 386 0.003009 0
1008 472 1016 489 0.002989 0
1012 374 1024 402 0.002985 0
471 200 479 216 0.002960 0
1044 480 1056 491 0.002904 0
820 214 851 245 0.002883 0
1243 455 1257 473 0.002883 0
1199 496 1212 505 0.002843 0
206 203 225 238 0.002827 0
1015 443 1025 463 0.002800 0
970 208 1000 256 0.002765 0
1230 457 1244 493 0.002746 0
1219 201 1230 233 0.002732 0
777 192 819 236 0.002727 0
1000 199 1033 244 0.002704 0
896 200 912 242 0.002687 0
1217 206 1232 233 0.002664 0
1007 455 1015 465 0.002657 0
1247 200 1258 233 0.002654 0
1003 383 1024 415 0.002638 0
948 344 977 427 0.002626 0
1214 206 1228 233 0.002620 0
931 194 950 231 0.002616 0
948 351 962 407 0.002614 0
465 202 472 216 0.002592 0
873 193 887 230 0.002565 0
1214 190 1230 232 0.002563 0
1244 457 1257 482 0.002558 0
575 424 584 432 0.002556 0
992 202 1012 230 0.002545 0
217 186 224 208 0.002533 0
1231 456 1240 469 0.002524 0
1231 457 1241 471 0.002488 0
639 671 671 703 0.002469 0
1180 344 1194 358 0.002451 0
968 455 976 462 0.002444 0
477 200 485 217 0.002417 0
680 198 690 216 0.002409 0
979 355 995 392 0.002399 0
915 474 928 486 0.002392 0
607 447 624 463 0.002387 0
1012 451 1024 467 0.002379 0
802 184 815 211 0.002370 0
738 201 744 213 0.002340 0
376 186 385 200 0.002316 0
932 197 959 255 0.002302 0
1190 214 1202 228 0.002286 0
914 198 930 251 0.002219 0
602 150 645 203 0.002216 0
990 204 1013 238 0.002213 0
1250 214 1265 233 0.002186 0
1134 443 1147 473 0.002173 0
159 203 175 236 0.002150 0
873 327 881 341 0.002142 0
477 196 487 216 0.002120 0
1176 344 1187 360 0.002106 0
1220 201 1229 231 0.002092 0
161 198 175 231 0.002077 0
464 200 471 215 0.002066 0
1063 464 1072 471 0.002066 0
932 191 954 209 0.001981 0
1239 456 1253 483 0.001978 0
959 440 968 454 0.001978 0
1142 504 1152 510 0.001975 0
789 330 809 344 0.001964 0
959 455 969 465 0.001956 0
805 205 820 218 0.001931 0
199 205 209 227 0.001924 0
1007 431 1015 439 0.001918 0
640 688 671 703 0.001917 0
1008 471 1015 481 0.001915 0
1029 194 1053 231 0.001887 0
681 450 688 462 0.001882 0
719 190 727 211 0.001853 0
576 447 591 458 0.001846 0
870 332 882 343 0.001830 0
614 151 635 169 0.001829 0
469 204 479 224 0.001828 0
832 465 840 472 0.001823 0
974 207 984 222 0.001802 0
1234 458 1250 488 0.001796 0
1208 167 1228 219 0.001781 0
1042 197 1055 224 0.001747 0
465 203 475 224 0.001710 0
568 201 577 215 0.001710 0
458 202 466 215 0.001693 0
918 189 944 218 0.001680 0
925 449 934 456 0.001672 0
906 335 922 346 0.001666 0
1072 463 1080 471 0.001649 0
1217 195 1225 213 0.001646 0
1006 196 1056 254 0.001642 0
375 64 497 221 0.001642 0
609 150 638 192 0.001624 0
1236 452 1251 471 0.001595 0
159 196 175 230 0.001584 0
786 200 820 236 0.001570 0
776 224 815 278 0.001545 0
999 376 1024 400 0.001532 0
943 353 980 425 0.001530 0
992 447 1000 458 0.001530 0
1178 343 1195 379 0.001520 0
951 372 979 460 0.001519 0
1174 200 1199 242 0.001515 0
204 199 221 227 0.001512 0
864 327 878 343 0.001505 0
997 455 1007 464 0.001498 0
1206 167 1230 234 0.001498 0
904 335 921 346 0.001496 0
1022 446 1035 463 0.001495 0
719 194 728 214 0.001493 0
884 325 896 343 0.001482 0
614 151 637 172 0.001448 0
498 181 548 254 0.001446 0
633 197 653 216 0.001445 0
914 192 957 262 0.001443 0
1260 207 1279 262 0.001438 0
1171 211 1195 247 0.001424 0
603 158 627 186 0.001416 0
671 462 680 471 0.001412 0
959 440 968 457 0.001403 0
1180 166 1202 218 0.001403 0
556 177 579 215 0.001400 0
865 439 879 456 0.001395 0
628 164 639 195 0.001395 0
992 375 1012 408 0.001386 0
803 217 822 244 0.001371 0
199 211 208 226 0.001365 0
312 64 368 197 0.001361 0
1229 456 1261 510 0.001360 0
801 185 817 227 0.001336 0
670 208 678 230 0.001334 0
750 442 769 472 0.001317 0
1037 446 1048 464 0.001300 0
596 150 655 213 0.001297 0
661 677 672 703 0.001277 0
548 172 578 216 0.001269 0
1027 448 1037 464 0.001261 0
729 189 737 210 0.001257 0
556 201 567 216 0.001247 0
1105 231 1126 253 0.001247 0
1152 439 1161 451 0.001224 0
917 448 929 457 0.001221 0
1056 479 1076 496 0.001218 0
801 439 816 454 0.001207 0
1245 456 1264 484 0.001188 0
209 205 225 239 0.001187 0
915 191 934 220 0.001184 0
663 449 671 462 0.001180 0
796 215 825 272 0.001174 0
799 440 809 449 0.001171 0
880 323 889 343 0.001170 0
1216 188 1224 208 0.001165 0
907 335 926 350 0.001159 0
603 153 636 186 0.001155 0
790 330 818 344 0.001141 0
1078 334 1088 346 0.001140 0
1087 491 1096 504 0.001137 0
1121 440 1139 471 0.001134 0
1221 189 1257 233 0.001133 0
773 431 784 449 0.001130 0
1159 310 1167 330 0.001120 0
465 203 478 265 0.001119 0
265 197 273 231 0.001117 0
777 191 800 228 0.001116 0
343 64 439 208 0.001114 0
1173 343 1197 388 0.001110 0
574 430 592 458 0.001101 0
994 191 1014 221 0.001099 0
327 64 433 208 0.001089 0
1185 210 1243 261 0.001088 0
1031 489 1040 502 0.001083 0
0 64 21 210 0.001081 0
1264 174 1279 251 0.001077 0
1125 441 1136 466 0.001077 0
309 64 421 198 0.001058 0
690 210 704 238 0.001048 0
1134 440 1152 467 0.001044 0
750 423 773 456 0.001042 0
157 64 262 236 0.001038 0
944 360 984 449 0.001032 0
393 64 497 236 0.001029 0
1092 449 1104 472 0.001026 0
1240 481 1249 486 0.001019 0
865 444 878 456 0.001017 0
1154 322 1168 343 0.001015 0
629 185 644 204 0.001011 0
350 64 497 214 0.001010 0
981 353 996 391 0.001005 0
948 352 969 411 0.001004 0
1222 471 1231 482 0.000994 0
1151 310 1168 343 0.000991 0
990 194 1036 259 0.000991 0
266 196 272 207 0.000990 0
333 64 493 358 0.000985 0
1205 189 1228 231 0.000977 0
1089 446 1104 472 0.000956 0
943 363 974 426 0.000954 0
216 183 231 217 0.000953 0
199 208 223 234 0.000951 0
1088 190 1096 209 0.000949 0
976 693 987 703 0.000946 0
264 203 275 232 0.000943 0
682 198 693 215 0.000932 0
913 337 926 353 0.000932 0
1077 334 1089 360 0.000920 0
879 438 888 456 0.000917 0
863 335 879 343 0.000904 0
847 189 857 213 0.000898 0
1071 456 1094 472 0.000896 0
1133 441 1153 471 0.000895 0
637 182 655 214 0.000891 0
437 193 444 204 0.000889 0
245 194 256 215 0.000887 0
983 447 993 455 0.000874 0
533 203 551 223 0.000874 0
34 64 331 224 0.000872 0
896 326 904 343 0.000871 0
1180 217 1200 249 0.000869 0
1080 458 1095 472 0.000868 0
879 329 887 343 0.000864 0
1110 330 1120 344 0.000861 0
1119 440 1135 471 0.000860 0
1260 171 1279 243 0.000858 0
1208 167 1224 206 0.000858 0
969 213 987 251 0.000858 0
866 299 905 343 0.000857 0
879 439 889 459 0.000856 0
1006 445 1024 468 0.000853 0
1120 312 1128 327 0.000847 0
969 207 989 251 0.000846 0
904 336 924 351 0.000846 0
787 214 840 275 0.000839 0
994 357 1009 397 0.000837 0
479 182 496 214 0.000835 0
991 193 1008 220 0.000833 0
1215 473 1224 482 0.000828 0
977 370 994 410 0.000828 0
352 189 359 199 0.000825 0
984 482 990 487 0.000822 0
1150 449 1161 465 0.000822 0
200 199 219 227 0.000819 0
524 196 546 249 0.000817 0
631 424 640 451 0.000808 0
942 366 952 391 0.000805 0
1118 464 1127 473 0.000803 0
604 173 616 184 0.000803 0
375 188 385 213 0.000798 0
1017 477 1025 488 0.000797 0
641 663 672 704 0.000796 0
974 198 982 210 0.000790 0
989 373 1007 395 0.000788 0
126 410 138 425 0.000787 0
954 375 977 456 0.000783 0
942 367 956 396 0.000769 0
1041 410 1056 458 0.000768 0
912 449 925 458 0.000767 0
0 64 17 209 0.000766 0
508 199 539 251 0.000764 0
788 329 813 377 0.000761 0
884 318 895 342 0.000750 0
631 423 639 437 0.000749 0
1181 343 1202 390 0.000749 0
0 64 59 312 0.000748 0
333 183 343 198 0.000746 0
302 64 486 362 0.000746 0
962 355 994 392 0.000742 0
1071 505 1080 513 0.000738 0
1165 471 1178 479 0.000735 0
1223 451 1233 471 0.000734 0
1045 411 1055 427 0.000731 0
816 210 824 219 0.000728 0
730 188 744 215 0.000719 0
117 64 295 94 0.000713 0
879 317 888 342 0.000711 0
991 381 1011 413 0.000709 0
366 207 375 231 0.000708 0
778 192 812 251 0.000707 0
992 381 1019 425 0.000707 0
862 432 871 446 0.000698 0
749 428 784 472 0.000698 0
750 423 770 449 0.000698 0
1180 344 1198 359 0.000693 0
638 650 672 703 0.000690 0
868 192 886 220 0.000688 0
990 363 1001 390 0.000683 0
1109 327 1126 344 0.000682 0
0 64 44 207 0.000680 0
867 314 889 342 0.000678 0
438 193 445 204 0.000678 0
1104 312 1112 327 0.000675 0
1119 313 1131 337 0.000668 0
1246 469 1269 489 0.000664 0
196 194 203 208 0.000660 0
975 327 985 344 0.000648 0
976 367 996 416 0.000646 0
1112 321 1135 344 0.000646 0
791 327 826 344 0.000642 0
1247 351 1264 379 0.000640 0
1222 453 1243 484 0.000637 0
631 185 655 215 0.000634 0
1122 325 1136 344 0.000626 0
1119 440 1129 467 0.000625 0
207 392 224 413 0.000624 0
1152 437 1168 463 0.000622 0
1184 505 1201 518 0.000620 0
1188 195 1275 267 0.000612 0
1015 321 1027 346 0.000612 0
1129 64 1152 72 0.000610 0
1120 327 1136 344 0.000609 0
943 374 975 436 0.000604 0
803 184 824 220 0.000600 0
535 203 553 222 0.000598 0
991 350 1008 388 0.000595 0
1079 335 1102 360 0.000590 0
819 456 832 472 0.000588 0
1181 344 1198 365 0.000585 0
1098 331 1105 344 0.000583 0
1184 444 1191 457 0.000580 0
1249 215 1277 242 0.000580 0
1011 360 1023 398 0.000571 0
1013 424 1024 439 0.000569 0
255 64 365 194 0.000569 0
1069 449 1103 472 0.000567 0
1187 489 1201 504 0.000567 0
922 439 933 455 0.000563 0
803 184 827 228 0.000562 0
670 208 682 233 0.000561 0
799 440 816 467 0.000557 0
687 199 701 234 0.000555 0
942 364 952 388 0.000554 0
1007 423 1023 440 0.000548 0
664 294 672 315 0.000548 0
657 451 680 462 0.000542 0
1161 485 1192 507 0.000542 0
208 184 233 234 0.000540 0
680 169 691 215 0.000539 0
946 344 992 427 0.000537 0
951 199 958 209 0.000537 0
823 420 837 436 0.000536 0
1249 351 1264 399 0.000536 0
799 440 817 473 0.000535 0
431 520 440 551 0.000535 0
575 423 592 438 0.000535 0
910 337 927 376 0.000534 0
1118 439 1158 470 0.000529 0
1089 181 1104 204 0.000528 0
736 464 745 472 0.000528 0
780 192 800 220 0.000526 0
104 249 128 264 0.000523 0
1079 696 1091 703 0.000522 0
1185 191 1223 231 0.000518 0
810 328 847 344 0.000518 0
986 451 1005 464 0.000516 0
781 229 813 278 0.000516 0
345 332 368 386 0.000513 0
367 207 378 222 0.000513 0
1258 485 1279 647 0.000513 0
1259 566 1279 640 0.000511 0
14 391 32 422 0.000506 0
180 198 193 216 0.000499 0
990 386 1009 423 0.000498 0
665 454 675 471 0.000497 0
361 64 496 241 0.000497 0
1129 188 1176 249 0.000497 0
909 336 925 365 0.000495 0
764 429 785 450 0.000493 0
1005 390 1024 424 0.000493 0
949 343 972 387 0.000491 0
909 337 925 386 0.000491 0
847 190 879 222 0.000490 0
812 210 838 241 0.000488 0
1085 401 1121 472 0.000485 0
1262 168 1279 233 0.000483 0
631 429 639 450 0.000482 0
311 183 334 197 0.000481 0
895 330 903 343 0.000480 0
670 547 681 581 0.000478 0
797 419 817 465 0.000476 0
640 449 648 459 0.000474 0
1084 345 1096 360 0.000474 0
1000 432 1008 440 0.000472 0
1042 279 1056 295 0.000472 0
773 423 785 445 0.000471 0
975 688 988 703 0.000471 0
453 183 482 291 0.000471 0
776 192 800 234 0.000470 0
613 424 624 433 0.000470 0
224 391 240 408 0.000468 0
1094 498 1105 511 0.000468 0
1015 319 1039 343 0.000468 0
1247 346 1266 378 0.000464 0
1110 327 1136 344 0.000464 0
647 408 657 423 0.000461 0
480 176 496 201 0.000460 0
1112 464 1123 473 0.000458 0
1223 163 1255 236 0.000454 0
630 446 640 461 0.000451 0
0 89 19 225 0.000449 0
1182 345 1211 397 0.000449 0
385 198 397 206 0.000447 0
157 72 216 231 0.000446 0
0 141 33 245 0.000445 0
1080 401 1088 410 0.000444 0
1008 406 1024 423 0.000444 0
336 312 368 385 0.000444 0
1078 394 1124 469 0.000444 0
809 205 856 244 0.000443 0
751 457 768 479 0.000441 0
680 452 697 466 0.000440 0
661 667 672 701 0.000438 0
1015 441 1025 452 0.000436 0
1267 570 1279 636 0.000435 0
943 361 959 416 0.000433 0
1150 446 1168 471 0.000431 0
607 448 624 470 0.000430 0
1167 342 1198 397 0.000430 0
645 456 656 472 0.000417 0
1196 370 1278 426 0.000414 0
0 64 254 298 0.000414 0
802 415 811 427 0.000413 0
1008 486 1015 493 0.000413 0
1257 575 1279 648 0.000412 0
1264 567 1279 642 0.000412 0
478 631 496 655 0.000411 0
1039 411 1051 430 0.000405 0
1072 434 1087 455 0.000404 0
669 452 691 471 0.000403 0
1133 441 1167 475 0.000403 0
1201 407 1216 438 0.000403 0
690 454 704 466 0.000403 0
1215 204 1276 262 0.000403 0
1094 328 1113 344 0.000401 0
655 555 667 576 0.000400 0
255 64 325 162 0.000399 0
1039 418 1049 435 0.000396 0
1213 451 1226 472 0.000391 0
952 373 1022 421 0.000389 0
779 193 807 225 0.000388 0
1072 478 1088 490 0.000387 0
207 182 225 225 0.000386 0
959 439 974 454 0.000386 0
1272 426 1279 441 0.000384 0
204 188 237 239 0.000383 0
803 412 816 427 0.000381 0
1081 404 1088 413 0.000380 0
647 409 658 423 0.000380 0
204 394 224 470 0.000378 0
969 205 987 229 0.000378 0
1150 327 1169 348 0.000377 0
1245 635 1279 703 0.000376 0
1249 513 1279 700 0.000374 0
62 64 134 203 0.000374 0
1039 278 1057 334 0.000374 0
943 366 958 425 0.000373 0
974 371 1000 421 0.000373 0
796 422 815 451 0.000372 0
351 345 368 385 0.000367 0
1010 425 1025 440 0.000365 0
1244 449 1267 480 0.000365 0
974 343 995 393 0.000363 0
1122 439 1153 469 0.000361 0
1155 65 1279 274 0.000359 0
952 362 1018 446 0.000359 0
1095 327 1119 344 0.000358 0
0 164 7 203 0.000357 0
1151 191 1180 225 0.000357 0
655 555 671 578 0.000357 0
0 140 32 315 0.000354 0
0 141 9 204 0.000354 0
1259 193 1279 240 0.000353 0
87 64 451 217 0.000353 0
735 428 746 457 0.000352 0
1247 422 1253 430 0.000351 0
424 64 497 250 0.000351 0
957 423 972 456 0.000350 0
879 440 900 462 0.000350 0
0 155 7 203 0.000349 0
264 214 275 232 0.000348 0
1216 487 1234 504 0.000347 0
1060 437 1098 473 0.000347 0
1094 321 1120 344 0.000347 0
1165 329 1174 339 0.000346 0
104 252 121 264 0.000346 0
751 462 763 478 0.000346 0
478 631 496 666 0.000345 0
314 198 334 232 0.000344 0
255 65 333 185 0.000342 0
1208 509 1216 533 0.000342 0
1248 623 1279 704 0.000342 0
231 181 332 375 0.000341 0
1148 316 1168 342 0.000340 0
899 325 914 344 0.000340 0
802 159 858 220 0.000339 0
1262 524 1279 641 0.000336 0
1083 405 1106 473 0.000336 0
1044 409 1055 422 0.000333 0
341 183 352 199 0.000333 0
783 316 833 344 0.000331 0
429 222 439 230 0.000331 0
608 434 624 462 0.000330 0
1076 428 1087 446 0.000329 0
896 440 905 456 0.000329 0
1087 429 1104 471 0.000327 0
1117 315 1138 343 0.000326 0
733 424 772 473 0.000326 0
1055 186 1064 203 0.000325 0
960 441 976 463 0.000325 0
662 425 672 435 0.000325 0
958 198 967 208 0.000323 0
787 266 848 344 0.000323 0
684 450 695 457 0.000322 0
1070 405 1108 471 0.000322 0
1055 680 1073 703 0.000321 0
970 192 999 240 0.000320 0
736 200 752 234 0.000319 0
1085 421 1105 472 0.000317 0
1142 166 1163 220 0.000316 0
1084 333 1106 360 0.000316 0
1169 456 1184 474 0.000316 0
900 461 929 489 0.000316 0
1112 185 1130 207 0.000316 0
1262 620 1279 703 0.000315 0
1103 312 1115 328 0.000315 0
1204 452 1219 471 0.000314 0
112 215 121 232 0.000313 0
978 350 1024 406 0.000313 0
960 336 969 344 0.000313 0
120 64 503 235 0.000312 0
1071 436 1086 456 0.000310 0
1097 399 1104 406 0.000310 0
1205 441 1259 474 0.000310 0
734 426 761 472 0.000308 0
1103 173 1121 204 0.000306 0
1146 454 1167 473 0.000305 0
264 207 277 232 0.000305 0
739 200 750 216 0.000304 0
493 175 561 252 0.000304 0
942 343 961 388 0.000304 0
1199 64 1208 75 0.000303 0
887 566 897 600 0.000302 0
55 64 126 163 0.000301 0
632 633 671 703 0.000301 0
799 442 829 473 0.000300 0
1261 573 1279 652 0.000300 0
932 436 944 453 0.000299 0
991 406 1002 425 0.000299 0
1246 678 1279 703 0.000297 0
928 184 945 202 0.000296 0
39 64 132 207 0.000295 0
663 177 673 217 0.000295 0
1072 398 1079 409 0.000294 0
0 64 176 305 0.000293 0
932 371 945 389 0.000293 0
1078 333 1107 346 0.000292 0
848 236 874 297 0.000291 0
51 64 129 197 0.000290 0
1102 312 1136 343 0.000289 0
765 231 829 333 0.000286 0
1239 422 1247 438 0.000286 0
388 185 400 205 0.000286 0
1084 442 1104 472 0.000284 0
863 314 901 341 0.000281 0
943 381 959 429 0.000281 0
690 459 704 470 0.000280 0
0 64 82 211 0.000280 0
680 456 704 471 0.000278 0
803 419 817 436 0.000278 0
1149 186 1189 222 0.000278 0
776 194 795 236 0.000276 0
823 417 846 440 0.000276 0
879 451 892 470 0.000275 0
1181 454 1197 472 0.000275 0
1219 442 1237 467 0.000274 0
1216 338 1264 424 0.000273 0
663 294 673 346 0.000273 0
932 448 944 460 0.000272 0
1007 346 1024 398 0.000272 0
1216 420 1224 434 0.000272 0
333 64 621 280 0.000272 0
1167 471 1188 480 0.000272 0
661 206 680 232 0.000271 0
503 579 512 615 0.000270 0
1239 425 1247 440 0.000270 0
437 193 445 205 0.000270 0
471 202 485 223 0.000270 0
173 206 184 218 0.000269 0
796 420 814 443 0.000268 0
112 64 352 104 0.000268 0
1262 515 1279 609 0.000268 0
136 64 470 199 0.000266 0
1221 477 1232 488 0.000265 0
1124 190 1166 233 0.000264 0
1267 564 1279 625 0.000264 0
399 184 408 203 0.000263 0
735 423 776 455 0.000263 0
1119 64 1139 75 0.000263 0
1167 453 1189 472 0.000262 0
1 64 292 276 0.000262 0
698 591 705 601 0.000261 0
895 417 905 438 0.000261 0
1110 444 1135 472 0.000260 0
568 64 664 213 0.000260 0
1200 457 1208 478 0.000259 0
0 95 69 224 0.000259 0
877 439 904 487 0.000259 0
1247 345 1278 414 0.000258 0
239 210 258 248 0.000257 0
927 352 944 381 0.000257 0
783 327 819 378 0.000257 0
1071 337 1091 406 0.000257 0
314 64 437 182 0.000256 0
1167 443 1186 458 0.000255 0
1032 372 1044 389 0.000254 0
480 192 539 252 0.000253 0
856 428 882 456 0.000253 0
992 446 1008 464 0.000253 0
1198 356 1279 475 0.000252 0
1112 324 1138 364 0.000252 0
164 64 328 97 0.000252 0
1256 592 1279 649 0.000252 0
1037 415 1055 463 0.000251 0
36 64 256 210 0.000250 0
1072 428 1084 446 0.000248 0
1008 462 1038 490 0.000247 0
1040 185 1063 226 0.000244 0
1083 186 1113 211 0.000243 0
1262 73 1279 172 0.000242 0
183 192 192 207 0.000242 0
327 64 680 210 0.000242 0
650 187 665 216 0.000241 0
1206 441 1235 467 0.000240 0
598 528 609 568 0.000239 0
615 464 624 484 0.000238 0
432 191 443 204 0.000238 0
256 64 340 170 0.000238 0
1142 389 1156 408 0.000238 0
1003 432 1025 457 0.000238 0
861 438 882 480 0.000237 0
1248 567 1279 702 0.000236 0
1220 421 1233 433 0.000235 0
671 487 680 502 0.000233 0
958 343 969 364 0.000233 0
932 342 1003 396 0.000232 0
1121 64 1152 83 0.000231 0
1049 434 1094 472 0.000231 0
6 510 48 567 0.000230 0
927 355 946 384 0.000230 0
776 409 783 416 0.000229 0
1208 454 1229 476 0.000229 0
599 560 608 569 0.000229 0
324 317 367 386 0.000228 0
602 150 637 174 0.000228 0
62 64 164 202 0.000228 0
154 202 164 231 0.000228 0
768 260 847 344 0.000228 0
935 426 944 444 0.000226 0
114 68 216 229 0.000226 0
1244 406 1254 429 0.000225 0
193 193 201 215 0.000225 0
1264 307 1279 362 0.000225 0
350 333 368 386 0.000225 0
781 421 814 449 0.000224 0
511 339 522 351 0.000224 0
1023 421 1033 440 0.000224 0
1274 160 1279 170 0.000224 0
1069 191 1082 206 0.000223 0
919 340 994 430 0.000223 0
1150 449 1168 474 0.000222 0
911 438 933 455 0.000221 0
1056 64 1280 274 0.000220 0
830 479 842 490 0.000218 0
1111 506 1120 520 0.000218 0
574 414 585 432 0.000218 0
935 376 946 391 0.000217 0
1107 324 1136 364 0.000217 0
159 64 294 231 0.000216 0
1029 417 1041 446 0.000216 0
355 212 371 276 0.000216 0
221 64 465 200 0.000216 0
789 330 810 357 0.000216 0
1141 393 1155 408 0.000215 0
992 440 1000 453 0.000214 0
1096 325 1136 363 0.000214 0
703 412 733 460 0.000214 0
1201 440 1233 462 0.000214 0
376 184 397 205 0.000213 0
858 225 911 343 0.000213 0
815 414 847 461 0.000213 0
1115 184 1148 227 0.000212 0
1014 382 1031 407 0.000212 0
1071 693 1090 703 0.000211 0
1088 340 1106 360 0.000210 0
640 430 652 439 0.000209 0
1235 393 1256 431 0.000209 0
799 589 809 616 0.000209 0
58 64 205 160 0.000208 0
613 145 637 170 0.000208 0
0 64 124 214 0.000208 0
879 469 900 489 0.000208 0
1115 183 1141 213 0.000208 0
944 386 975 456 0.000206 0
154 64 257 168 0.000206 0
0 67 63 277 0.000206 0
0 64 63 186 0.000206 0
910 336 927 391 0.000206 0
351 351 368 387 0.000205 0
704 439 722 464 0.000205 0
1254 473 1279 690 0.000204 0
931 189 959 209 0.000204 0
752 416 768 435 0.000203 0
1179 455 1199 478 0.000203 0
424 64 497 155 0.000203 0
1215 353 1280 437 0.000203 0
542 64 596 212 0.000202 0
1260 367 1279 439 0.000202 0
0 141 8 197 0.000202 0
1040 64 1147 219 0.000202 0
61 65 211 210 0.000202 0
702 320 725 376 0.000201 0
494 64 587 230 0.000201 0
879 432 888 455 0.000200 0
607 446 626 477 0.000200 0
1263 624 1279 691 0.000199 0
1135 400 1152 426 0.000199 0
799 681 840 703 0.000198 0
1240 479 1279 700 0.000198 0
1271 416 1279 440 0.000198 0
752 417 766 443 0.000197 0
116 64 429 128 0.000197 0
1081 696 1096 703 0.000197 0
703 310 720 376 0.000196 0
755 203 776 234 0.000196 0
801 685 818 703 0.000196 0
910 338 932 390 0.000196 0
813 688 840 703 0.000195 0
0 120 58 225 0.000195 0
575 595 585 616 0.000194 0
422 65 495 211 0.000194 0
591 528 601 561 0.000193 0
738 425 796 474 0.000192 0
496 64 672 214 0.000192 0
1098 497 1119 510 0.000192 0
1071 333 1089 346 0.000192 0
613 357 624 375 0.000191 0
682 170 704 215 0.000190 0
631 474 640 487 0.000190 0
105 65 213 197 0.000190 0
0 506 28 564 0.000188 0
1037 370 1053 413 0.000188 0
892 206 918 262 0.000188 0
1262 138 1279 182 0.000187 0
702 324 721 376 0.000187 0
552 64 647 223 0.000187 0
61 64 173 79 0.000187 0
1253 680 1279 703 0.000187 0
1030 427 1040 443 0.000187 0
664 205 676 219 0.000186 0
1054 426 1090 468 0.000185 0
0 507 20 564 0.000185 0
1072 338 1088 360 0.000185 0
1206 385 1259 438 0.000185 0
1114 176 1172 219 0.000185 0
672 571 680 581 0.000185 0
1109 184 1137 228 0.000184 0
345 64 496 163 0.000184 0
913 342 929 392 0.000184 0
1263 507 1279 624 0.000184 0
849 281 864 337 0.000184 0
1229 65 1280 276 0.000183 0
703 455 715 468 0.000183 0
648 479 656 487 0.000183 0
885 563 897 598 0.000183 0
816 415 847 446 0.000183 0
111 390 129 402 0.000183 0
895 415 912 438 0.000183 0
1009 324 1024 395 0.000182 0
1110 441 1122 469 0.000182 0
33 64 125 186 0.000182 0
493 64 584 148 0.000182 0
816 413 846 441 0.000182 0
957 422 975 455 0.000181 0
368 200 384 220 0.000181 0
1071 331 1122 406 0.000181 0
814 412 840 439 0.000181 0
249 64 318 99 0.000180 0
309 66 430 216 0.000180 0
1155 424 1168 448 0.000179 0
1258 630 1279 704 0.000179 0
947 343 990 391 0.000179 0
1262 368 1279 410 0.000178 0
1143 320 1165 343 0.000178 0
1057 410 1090 463 0.000178 0
939 331 997 391 0.000178 0
958 685 973 703 0.000177 0
1038 404 1052 419 0.000177 0
525 195 554 250 0.000177 0
1040 697 1051 703 0.000177 0
940 349 1014 403 0.000176 0
985 676 1024 703 0.000176 0
0 374 15 395 0.000175 0
1037 419 1056 460 0.000175 0
1086 498 1120 534 0.000173 0
1044 64 1158 153 0.000173 0
1021 383 1030 396 0.000173 0
1041 696 1057 703 0.000172 0
1075 178 1099 209 0.000172 0
878 455 898 486 0.000170 0
1051 64 1156 213 0.000170 0
765 245 795 318 0.000170 0
600 162 627 187 0.000170 0
648 656 671 702 0.000170 0
335 326 367 387 0.000169 0
948 443 963 464 0.000169 0
641 436 704 470 0.000168 0
267 194 287 221 0.000167 0
880 438 911 456 0.000166 0
967 173 1268 269 0.000166 0
855 280 864 295 0.000166 0
10 64 126 171 0.000166 0
1267 694 1279 703 0.000165 0
1214 64 1233 103 0.000165 0
631 202 658 222 0.000165 0
802 316 825 343 0.000164 0
1031 409 1042 436 0.000163 0
1216 65 1279 257 0.000163 0
348 343 368 385 0.000163 0
201 195 244 242 0.000162 0
344 64 497 142 0.000162 0
493 64 585 175 0.000161 0
1119 64 1152 76 0.000161 0
121 64 258 170 0.000161 0
703 445 723 470 0.000161 0
1123 345 1136 362 0.000160 0
1119 677 1152 703 0.000160 0
1200 456 1208 471 0.000159 0
1068 64 1081 71 0.000159 0
1118 344 1132 363 0.000159 0
631 473 639 482 0.000159 0
72 64 162 78 0.000158 0
289 214 323 314 0.000158 0
950 439 969 455 0.000156 0
817 345 825 361 0.000156 0
1206 481 1280 704 0.000156 0
958 696 975 703 0.000156 0
320 374 336 391 0.000156 0
1038 395 1050 412 0.000154 0
1069 483 1122 535 0.000154 0
271 385 287 398 0.000153 0
679 208 693 232 0.000153 0
1263 628 1279 649 0.000153 0
346 64 496 96 0.000152 0
670 455 682 485 0.000152 0
319 64 370 104 0.000152 0
456 159 554 299 0.000151 0
262 221 295 299 0.000150 0
239 225 257 299 0.000150 0
1035 371 1048 389 0.000150 0
598 140 640 171 0.000150 0
757 213 766 233 0.000150 0
1002 378 1039 424 0.000150 0
1266 627 1279 648 0.000150 0
1029 369 1044 396 0.000150 0
1031 334 1041 358 0.000150 0
917 374 928 407 0.000149 0
493 64 575 137 0.000149 0
903 585 911 600 0.000149 0
0 137 43 236 0.000149 0
149 210 165 235 0.000148 0
109 228 130 318 0.000148 0
125 64 259 92 0.000148 0
1224 423 1241 435 0.000148 0
975 318 987 344 0.000148 0
888 560 897 596 0.000148 0
835 493 848 506 0.000148 0
1176 406 1197 441 0.000147 0
903 575 912 600 0.000147 0
387 184 403 203 0.000147 0
952 204 981 253 0.000146 0
286 262 298 312 0.000146 0
808 689 836 703 0.000146 0
1041 391 1065 420 0.000146 0
798 412 851 444 0.000146 0
1065 64 1124 76 0.000145 0
819 408 834 423 0.000145 0
1051 393 1125 471 0.000145 0
1255 618 1265 649 0.000145 0
1270 139 1279 170 0.000145 0
319 207 368 385 0.000145 0
374 184 398 203 0.000145 0
942 343 955 358 0.000144 0
735 424 752 455 0.000144 0
426 64 497 132 0.000143 0
915 345 929 402 0.000143 0
1149 331 1212 360 0.000143 0
8 372 32 419 0.000143 0
1035 367 1054 395 0.000143 0
1119 64 1143 77 0.000143 0
191 196 203 220 0.000143 0
933 328 944 344 0.000142 0
1221 639 1279 704 0.000142 0
1053 406 1091 465 0.000142 0
766 243 839 322 0.000142 0
924 340 1013 392 0.000142 0
1142 376 1161 408 0.000141 0
257 225 294 300 0.000141 0
1135 394 1172 426 0.000141 0
856 496 863 503 0.000140 0
1199 448 1242 486 0.000140 0
241 194 273 236 0.000140 0
1020 427 1035 444 0.000140 0
302 524 318 551 0.000140 0
929 371 947 409 0.000140 0
155 113 234 234 0.000139 0
800 408 821 426 0.000139 0
1028 371 1044 407 0.000138 0
608 137 658 185 0.000137 0
662 295 679 349 0.000137 0
1144 506 1152 517 0.000137 0
687 447 703 461 0.000137 0
1074 335 1090 385 0.000137 0
892 418 911 457 0.000137 0
0 587 16 703 0.000136 0
608 580 624 617 0.000136 0
1156 475 1179 493 0.000136 0
66 67 219 236 0.000135 0
543 596 563 662 0.000135 0
6 64 187 114 0.000135 0
1072 506 1081 523 0.000135 0
607 454 621 485 0.000135 0
1262 680 1279 703 0.000135 0
1172 343 1214 388 0.000134 0
39 377 51 397 0.000134 0
1262 71 1279 120 0.000134 0
947 207 980 253 0.000134 0
930 327 944 344 0.000134 0
1 391 32 460 0.000134 0
1265 619 1279 647 0.000134 0
665 480 673 488 0.000134 0
787 333 824 371 0.000134 0
1155 411 1168 424 0.000133 0
735 459 764 472 0.000133 0
1036 391 1079 445 0.000133 0
1096 361 1127 408 0.000133 0
992 156 1055 263 0.000133 0
990 439 1092 488 0.000133 0
242 390 259 405 0.000133 0
516 392 528 421 0.000132 0
810 277 849 343 0.000132 0
1105 345 1121 362 0.000132 0
978 64 1087 211 0.000132 0
1135 397 1150 423 0.000132 0
67 65 147 206 0.000132 0
26 64 497 266 0.000132 0
925 349 947 391 0.000132 0
72 349 106 402 0.000131 0
636 64 663 105 0.000131 0
1141 384 1193 409 0.000131 0
765 233 853 338 0.000131 0
1235 128 1280 184 0.000131 0
1006 397 1035 429 0.000131 0
548 64 559 75 0.000131 0
979 440 993 454 0.000131 0
1266 545 1279 635 0.000131 0
216 191 247 222 0.000131 0
1024 277 1058 339 0.000130 0
926 343 947 383 0.000130 0
607 424 625 456 0.000130 0
695 456 716 470 0.000129 0
173 188 192 218 0.000129 0
665 485 673 496 0.000129 0
0 380 13 401 0.000129 0
799 362 809 385 0.000128 0
773 64 916 135 0.000128 0
947 419 971 457 0.000128 0
1261 127 1279 180 0.000128 0
1208 516 1216 534 0.000128 0
943 696 965 703 0.000127 0
975 326 991 344 0.000127 0
1030 341 1040 359 0.000127 0
666 543 682 580 0.000127 0
631 422 653 438 0.000127 0
1185 441 1199 459 0.000127 0
799 684 818 703 0.000127 0
147 83 214 236 0.000127 0
275 232 292 264 0.000126 0
286 234 299 310 0.000126 0
1039 390 1069 427 0.000126 0
973 326 993 391 0.000126 0
0 377 17 414 0.000126 0
1182 456 1200 476 0.000126 0
1069 116 1139 185 0.000126 0
644 648 661 703 0.000126 0
897 415 912 426 0.000126 0
767 280 849 344 0.000125 0
1244 66 1279 185 0.000125 0
1106 435 1131 471 0.000125 0
993 422 1020 442 0.000125 0
1092 361 1123 407 0.000124 0
223 65 325 174 0.000124 0
854 431 876 448 0.000124 0
1246 424 1265 454 0.000123 0
287 233 324 363 0.000123 0
960 684 987 703 0.000123 0
1086 341 1118 404 0.000123 0
111 381 129 403 0.000122 0
792 577 799 590 0.000121 0
1139 64 1279 179 0.000121 0
615 535 625 576 0.000121 0
655 453 678 487 0.000121 0
0 392 23 537 0.000120 0
204 81 284 232 0.000120 0
927 366 944 408 0.000119 0
776 194 805 259 0.000119 0
349 315 368 386 0.000118 0
999 419 1050 461 0.000118 0
1021 411 1036 437 0.000118 0
565 120 663 212 0.000118 0
1054 64 1137 116 0.000117 0
804 442 834 473 0.000117 0
783 333 832 388 0.000116 0
799 302 847 343 0.000116 0
1138 65 1235 229 0.000116 0
825 454 848 475 0.000116 0
1250 579 1280 650 0.000116 0
109 64 211 166 0.000116 0
1102 311 1136 336 0.000116 0
1244 541 1279 621 0.000115 0
854 396 865 408 0.000115 0
439 208 447 218 0.000115 0
991 414 1005 450 0.000115 0
302 110 312 123 0.000115 0
1172 393 1194 424 0.000115 0
287 273 297 311 0.000114 0
1140 408 1155 424 0.000114 0
0 64 16 134 0.000114 0
582 64 672 221 0.000114 0
303 110 381 277 0.000114 0
300 112 322 160 0.000114 0
0 461 16 521 0.000114 0
1223 64 1279 168 0.000113 0
1199 64 1209 81 0.000113 0
633 673 678 703 0.000112 0
1051 350 1128 470 0.000112 0
1197 541 1279 700 0.000112 0
1121 407 1128 424 0.000112 0
866 313 910 344 0.000112 0
527 495 536 512 0.000112 0
703 416 741 470 0.000112 0
1264 507 1279 542 0.000112 0
0 140 29 204 0.000111 0
8 368 32 413 0.000111 0
749 192 823 279 0.000111 0
595 137 667 213 0.000111 0
287 258 320 314 0.000111 0
1075 325 1131 361 0.000111 0
1120 395 1128 410 0.000111 0
153 192 172 227 0.000111 0
1029 358 1057 391 0.000111 0
787 329 828 367 0.000110 0
894 335 925 372 0.000110 0
596 662 671 703 0.000110 0
1182 424 1193 440 0.000110 0
931 392 944 409 0.000110 0
832 493 847 511 0.000110 0
1055 419 1089 449 0.000110 0
0 140 8 172 0.000110 0
820 318 848 344 0.000109 0
1099 434 1118 464 0.000109 0
347 349 368 387 0.000109 0
445 170 490 288 0.000109 0
354 64 372 72 0.000109 0
1014 64 1151 156 0.000109 0
1198 406 1261 469 0.000109 0
899 325 931 347 0.000109 0
1057 64 1161 139 0.000109 0
696 590 705 609 0.000109 0
927 332 998 389 0.000109 0
77 64 505 319 0.000109 0
0 64 176 145 0.000109 0
306 78 335 160 0.000109 0
67 268 202 400 0.000108 0
1218 627 1279 703 0.000108 0
1090 400 1105 422 0.000108 0
1036 374 1068 418 0.000108 0
78 349 108 404 0.000108 0
1068 402 1095 424 0.000108 0
341 64 371 87 0.000108 0
880 416 942 487 0.000108 0
359 64 437 89 0.000108 0
890 414 917 461 0.000107 0
839 311 866 342 0.000107 0
1254 625 1279 672 0.000107 0
1250 392 1279 426 0.000106 0
1075 384 1129 456 0.000106 0
155 186 183 230 0.000105 0
290 222 338 375 0.000105 0
282 95 608 355 0.000105 0
917 342 950 383 0.000105 0
1054 399 1105 457 0.000105 0
311 64 338 137 0.000105 0
1204 622 1279 703 0.000105 0
1055 64 1280 169 0.000105 0
591 590 600 615 0.000105 0
544 64 584 109 0.000105 0
1072 342 1081 361 0.000105 0
935 419 944 441 0.000104 0
274 232 293 274 0.000104 0
1058 338 1091 407 0.000104 0
1150 585 1168 632 0.000103 0
877 426 941 484 0.000103 0
1136 64 1275 236 0.000103 0
1258 113 1279 172 0.000103 0
1074 406 1092 425 0.000103 0
882 416 896 440 0.000103 0
155 125 271 234 0.000102 0
1242 570 1280 646 0.000102 0
235 197 369 382 0.000102 0
251 385 271 403 0.000102 0
760 405 792 442 0.000102 0
1014 425 1052 464 0.000102 0
974 411 995 452 0.000102 0
1025 352 1057 392 0.000101 0
1253 605 1275 649 0.000101 0
542 64 626 163 0.000101 0
615 470 624 487 0.000101 0
543 599 561 646 0.000101 0
258 64 320 127 0.000101 0
1174 401 1249 463 0.000100 0
970 438 1141 484 0.000100 0
1012 277 1058 333 0.000100 0
78 510 95 573 0.000100 0
1071 64 1124 75 0.000100 0
996 220 1060 272 0.656927 1
1138 212 1171 253 0.492443 1
766 219 855 281 0.270578 1
766 232 854 280 0.232569 1
860 230 895 276 0.100614 1
869 229 894 273 0.081514 1
919 226 943 264 0.056527 1
1026 214 1060 263 0.054650 1
856 228 899 283 0.050230 1
913 230 942 264 0.049138 1
865 232 894 278 0.047734 1
996 221 1040 272 0.044771 1
996 228 1044 272 0.043022 1
766 247 808 279 0.042176 1
1008 223 1060 263 0.041380 1
926 227 945 264 0.040647 1
918 198 943 264 0.039351 1
866 230 890 273 0.038285 1
765 247 797 279 0.037044 1
858 232 883 279 0.035806 1
1025 222 1061 263 0.032843 1
872 232 895 274 0.031613 1
1035 222 1063 262 0.030877 1
867 232 886 274 0.029882 1
875 232 895 270 0.028943 1
998 220 1031 269 0.027613 1
862 230 901 285 0.024224 1
766 245 817 280 0.023199 1
913 210 942 265 0.022188 1
1042 223 1065 263 0.020523 1
928 219 946 256 0.020283 1
928 229 945 257 0.020206 1
1002 209 1055 269 0.018229 1
865 233 890 281 0.017585 1
923 230 944 264 0.016449 1
862 231 878 271 0.016109 1
996 229 1034 271 0.015079 1
1112 209 1171 250 0.014702 1
1136 210 1193 253 0.012755 1
850 231 880 281 0.012432 1
1110 216 1156 251 0.011739 1
1112 214 1168 248 0.011736 1
1045 219 1094 263 0.011477 1
861 231 876 267 0.011338 1
1050 219 1093 248 0.010519 1
1139 214 1187 253 0.010226 1
842 224 897 281 0.009941 1
1041 221 1063 259 0.009617 1
1137 227 1161 253 0.009580 1
762 222 900 289 0.009122 1
1005 213 1029 261 0.008735 1
927 234 960 261 0.008617 1
927 207 959 261 0.008551 1
1044 220 1075 263 0.008435 1
1068 214 1093 246 0.008411 1
1049 221 1065 248 0.007828 1
850 227 876 278 0.007593 1
766 215 854 338 0.007348 1
975 225 1006 259 0.007252 1
1062 216 1093 246 0.007045 1
1051 220 1065 245 0.006323 1
981 239 997 258 0.006183 1
850 210 873 277 0.006102 1
996 227 1019 270 0.006051 1
862 226 945 290 0.005591 1
49 229 96 256 0.005450 1
876 225 914 272 0.005388 1
1007 212 1044 265 0.005116 1
977 231 1004 261 0.004941 1
1122 216 1166 252 0.004928 1
871 235 912 287 0.004600 1
1044 236 1060 262 0.004527 1
909 233 942 296 0.004408 1
1121 232 1138 250 0.004405 1
47 236 73 256 0.004296 1
1153 209 1186 248 0.004120 1
971 227 998 257 0.003974 1
1052 211 1093 246 0.003896 1
877 232 936 293 0.003782 1
996 228 1017 260 0.003748 1
998 224 1022 259 0.003654 1
48 233 100 258 0.003522 1
980 237 1001 261 0.003424 1
874 231 916 281 0.003373 1
1069 213 1095 238 0.003312 1
1042 224 1073 264 0.003303 1
17 224 72 258 0.003185 1
1068 214 1105 247 0.003182 1
996 219 1073 274 0.003155 1
53 224 95 255 0.003016 1
886 220 942 268 0.002936 1
54 223 95 241 0.002914 1
978 207 1004 258 0.002868 1
889 264 923 291 0.002857 1
1156 212 1189 249 0.002853 1
912 237 937 265 0.002739 1
851 235 876 283 0.002737 1
61 226 95 254 0.002674 1
66 224 96 237 0.002634 1
861 199 883 270 0.002553 1
5 231 72 258 0.002545 1
47 225 73 256 0.002468 1
910 230 944 289 0.002430 1
969 223 1002 258 0.002413 1
765 249 824 279 0.002379 1
996 235 1017 271 0.002358 1
1139 219 1170 254 0.002353 1
910 267 928 296 0.002320 1
889 264 927 296 0.002262 1
17 215 43 258 0.002169 1
22 220 71 257 0.002099 1
767 239 809 278 0.002070 1
1160 213 1190 247 0.002028 1
20 216 64 259 0.002023 1
867 193 945 269 0.001967 1
1070 214 1097 239 0.001946 1
1138 220 1196 256 0.001893 1
1138 231 1155 253 0.001890 1
1012 221 1069 264 0.001890 1
23 215 42 257 0.001884 1
911 212 924 265 0.001834 1
765 245 818 310 0.001805 1
1110 228 1138 253 0.001724 1
909 263 945 297 0.001698 1
863 243 907 289 0.001682 1
856 235 907 296 0.001660 1
813 233 856 281 0.001638 1
1155 218 1188 250 0.001632 1
950 274 960 292 0.001626 1
1002 227 1065 273 0.001612 1
1153 205 1185 245 0.001609 1
1183 207 1230 266 0.001553 1
874 260 913 289 0.001532 1
1122 233 1138 253 0.001474 1
1051 215 1068 243 0.001394 1
1180 162 1228 264 0.001393 1
916 234 962 263 0.001390 1
60 232 97 254 0.001381 1
910 244 926 295 0.001347 1
1133 190 1187 249 0.001299 1
1168 212 1189 232 0.001282 1
0 231 57 259 0.001251 1
766 246 834 294 0.001237 1
926 221 962 255 0.001206 1
162 223 226 258 0.001114 1
0 233 44 267 0.001069 1
932 273 960 296 0.001015 1
881 228 947 300 0.001011 1
892 265 910 287 0.000948 1
877 224 945 290 0.000947 1
847 234 903 297 0.000909 1
194 225 226 256 0.000905 1
1068 218 1110 257 0.000877 1
762 246 793 280 0.000856 1
765 246 794 301 0.000845 1
979 198 1041 264 0.000831 1
949 274 961 299 0.000803 1
925 274 961 303 0.000755 1
1179 174 1227 222 0.000738 1
1068 207 1093 236 0.000733 1
918 254 944 295 0.000712 1
1067 211 1137 252 0.000705 1
199 207 225 253 0.000690 1
191 230 230 260 0.000670 1
937 239 993 261 0.000661 1
765 253 854 280 0.000653 1
1015 228 1070 273 0.000622 1
38 235 74 270 0.000614 1
980 233 1016 267 0.000608 1
646 264 1185 373 0.000603 1
1179 167 1229 218 0.000586 1
1178 207 1193 218 0.000565 1
915 230 946 289 0.000545 1
1209 199 1257 234 0.000538 1
913 194 960 264 0.000529 1
1112 201 1169 247 0.000525 1
950 234 1005 262 0.000522 1
925 274 949 296 0.000477 1
197 219 228 255 0.000465 1
915 244 996 263 0.000463 1
909 268 947 297 0.000457 1
1121 212 1239 273 0.000444 1
677 198 864 279 0.000416 1
187 232 259 263 0.000392 1
760 224 913 342 0.000361 1
49 235 83 264 0.000346 1
906 209 1065 288 0.000335 1
902 202 1018 292 0.000307 1
54 216 95 238 0.000304 1
1136 218 1207 271 0.000301 1
880 211 926 268 0.000300 1
178 234 227 261 0.000298 1
924 243 992 262 0.000295 1
949 246 959 254 0.000293 1
858 226 938 303 0.000278 1
765 243 814 324 0.000277 1
948 274 961 303 0.000269 1
1048 199 1088 244 0.000265 1
908 234 968 299 0.000235 1
856 227 912 331 0.000232 1
988 211 1116 278 0.000222 1
893 265 918 296 0.000213 1
982 239 1008 271 0.000206 1
652 219 860 337 0.000203 1
205 237 227 257 0.000200 1
941 271 961 298 0.000199 1
665 211 859 282 0.000190 1
185 238 242 264 0.000189 1
929 278 954 299 0.000188 1
23 215 67 244 0.000187 1
1134 218 1184 271 0.000180 1
11 210 81 258 0.000177 1
906 248 929 298 0.000160 1
988 236 1016 271 0.000158 1
855 263 917 297 0.000155 1
994 218 1062 298 0.000154 1
1056 207 1233 283 0.000146 1
944 245 989 262 0.000145 1
1023 227 1073 273 0.000140 1
948 274 970 300 0.000134 1
18 212 71 258 0.000132 1
926 278 965 311 0.000130 1
992 215 1081 304 0.000127 1
53 217 66 238 0.000121 1
911 241 993 294 0.000113 1
769 235 804 277 0.000109 1
993 229 1052 296 0.000109 1
691 205 728 236 0.038080 2
866 176 941 203 0.034302 2
484 200 515 217 0.030595 2
305 187 322 198 0.028392 2
822 330 847 344 0.027459 2
488 199 513 216 0.020036 2
587 184 622 208 0.018316 2
1112 217 1150 249 0.017998 2
483 198 517 217 0.016440 2
586 184 652 215 0.016233 2
1104 487 1119 497 0.016040 2
587 183 622 202 0.015473 2
1112 218 1136 248 0.015023 2
864 179 944 245 0.014687 2
1111 214 1169 249 0.013459 2
481 188 517 217 0.013329 2
864 176 939 216 0.012785 2
862 176 941 230 0.012267 2
586 184 621 214 0.012083 2
982 456 995 464 0.012015 2
1113 215 1142 242 0.010670 2
595 196 652 216 0.010509 2
698 159 954 252 0.010203 2
1067 208 1136 247 0.009234 2
606 200 650 216 0.009202 2
431 423 463 441 0.008556 2
668 453 686 463 0.008491 2
633 382 657 396 0.007680 2
592 448 608 459 0.007537 2
596 463 608 471 0.007177 2
1113 216 1137 236 0.007172 2
690 202 753 235 0.007105 2
529 197 553 218 0.006951 2
696 202 728 234 0.006512 2
1022 456 1031 464 0.006383 2
631 381 657 396 0.006330 2
1222 503 1233 511 0.006307 2
933 194 955 210 0.006196 2
866 176 949 210 0.006117 2
1111 214 1137 242 0.005968 2
820 169 956 253 0.005820 2
1060 215 1093 246 0.005707 2
870 178 956 259 0.005588 2
989 455 999 463 0.005454 2
1040 322 1055 334 0.005452 2
648 455 656 461 0.005401 2
662 269 769 346 0.005395 2
479 172 517 216 0.005294 2
831 471 841 478 0.005053 2
690 199 731 233 0.004961 2
246 413 264 423 0.004959 2
159 416 170 423 0.004950 2
535 202 553 218 0.004915 2
641 688 672 703 0.004759 2
975 455 985 463 0.004726 2
925 455 937 463 0.004703 2
534 203 547 218 0.004700 2
158 410 176 424 0.004522 2
606 447 624 462 0.004515 2
1208 501 1233 512 0.004513 2
485 190 527 217 0.004426 2
1083 209 1141 245 0.004361 2
0 393 17 422 0.004297 2
592 423 608 434 0.004297 2
479 180 521 217 0.004168 2
580 184 621 205 0.004158 2
665 453 674 463 0.004137 2
691 199 727 230 0.004089 2
1213 495 1227 504 0.003968 2
884 200 902 235 0.003933 2
575 445 593 457 0.003930 2
834 470 848 478 0.003915 2
1097 214 1137 248 0.003886 2
456 205 465 216 0.003734 2
208 399 223 413 0.003643 2
704 209 727 234 0.003571 2
460 420 540 448 0.003374 2
529 248 601 281 0.003273 2
632 202 650 216 0.003264 2
0 399 17 423 0.003264 2
495 239 532 251 0.003203 2
599 319 608 329 0.003171 2
641 680 672 703 0.003051 2
676 451 688 463 0.003018 2
1263 249 1279 270 0.002989 2
939 455 968 464 0.002955 2
528 203 545 217 0.002946 2
553 176 580 202 0.002869 2
656 454 667 462 0.002848 2
47 408 64 424 0.002750 2
1203 495 1216 504 0.002710 2
592 183 623 201 0.002686 2
1225 503 1239 510 0.002679 2
293 177 312 198 0.002583 2
357 216 368 228 0.002575 2
1213 495 1235 510 0.002509 2
885 203 900 234 0.002507 2
821 471 834 478 0.002447 2
452 205 466 222 0.002444 2
265 194 272 203 0.002432 2
582 184 620 213 0.002385 2
914 191 957 261 0.002345 2
0 560 88 601 0.002309 2
591 462 608 472 0.002296 2
970 219 989 248 0.002269 2
1070 213 1098 235 0.002228 2
658 269 865 344 0.002227 2
511 186 554 217 0.002155 2
883 199 895 214 0.002118 2
1226 196 1257 233 0.002108 2
1263 349 1279 365 0.001937 2
854 463 865 474 0.001931 2
1015 337 1024 344 0.001930 2
1180 165 1202 219 0.001929 2
319 218 331 231 0.001917 2
307 184 329 199 0.001903 2
299 175 317 196 0.001894 2
294 176 307 196 0.001880 2
598 450 608 461 0.001829 2
462 419 503 443 0.001823 2
1102 222 1128 249 0.001798 2
606 201 619 215 0.001756 2
455 421 498 445 0.001749 2
1263 349 1279 369 0.001746 2
879 188 957 258 0.001733 2
662 450 689 463 0.001714 2
432 421 493 443 0.001653 2
696 209 753 235 0.001642 2
1179 164 1229 218 0.001632 2
319 205 331 231 0.001629 2
599 363 623 376 0.001623 2
460 413 522 446 0.001622 2
815 472 827 478 0.001622 2
1263 234 1279 270 0.001617 2
847 463 858 475 0.001598 2
944 456 961 466 0.001583 2
1049 217 1094 255 0.001579 2
634 206 653 216 0.001559 2
871 176 939 200 0.001542 2
620 191 639 203 0.001537 2
1147 471 1165 479 0.001527 2
901 456 913 463 0.001477 2
958 482 972 487 0.001429 2
358 216 368 231 0.001402 2
462 420 514 446 0.001383 2
935 455 942 464 0.001380 2
1205 240 1280 269 0.001369 2
430 419 501 443 0.001353 2
632 267 958 349 0.001344 2
1263 253 1279 271 0.001343 2
462 417 514 443 0.001337 2
1026 320 1090 341 0.001323 2
581 432 591 439 0.001322 2
896 473 913 484 0.001321 2
835 465 848 473 0.001305 2
960 480 975 487 0.001276 2
1090 207 1129 227 0.001274 2
110 398 178 425 0.001260 2
111 401 165 426 0.001226 2
861 191 927 273 0.001225 2
111 411 127 425 0.001225 2
389 422 429 437 0.001215 2
481 183 510 214 0.001213 2
460 422 529 448 0.001213 2
1206 253 1226 267 0.001195 2
503 318 516 336 0.001177 2
1030 312 1082 335 0.001175 2
861 464 873 477 0.001164 2
1196 233 1279 268 0.001139 2
111 409 139 426 0.001135 2
592 450 608 460 0.001116 2
32 439 48 446 0.001115 2
631 374 657 396 0.001100 2
246 408 264 422 0.001098 2
912 472 943 484 0.001093 2
523 183 550 204 0.001088 2
1168 262 1279 358 0.001073 2
537 169 577 216 0.001064 2
822 330 847 350 0.001061 2
1263 168 1279 180 0.001040 2
623 320 665 364 0.001038 2
975 481 986 487 0.001037 2
777 167 962 261 0.001030 2
640 456 651 462 0.001025 2
1022 320 1056 342 0.001024 2
461 416 536 442 0.001020 2
1120 64 1152 76 0.001002 2
1256 213 1274 234 0.000980 2
654 449 686 463 0.000979 2
1064 209 1132 254 0.000965 2
449 416 507 443 0.000964 2
1253 210 1278 242 0.000931 2
650 201 729 235 0.000929 2
1068 199 1133 235 0.000927 2
557 179 582 202 0.000925 2
1151 448 1163 458 0.000907 2
1055 465 1070 471 0.000907 2
260 195 272 202 0.000901 2
878 178 934 248 0.000888 2
1104 230 1122 249 0.000886 2
368 453 402 471 0.000884 2
1109 160 1203 217 0.000883 2
1200 254 1225 267 0.000872 2
737 156 959 251 0.000869 2
1200 472 1216 482 0.000868 2
687 180 732 236 0.000866 2
431 423 464 446 0.000865 2
128 408 144 425 0.000855 2
973 209 987 227 0.000854 2
1229 249 1279 268 0.000853 2
1024 319 1053 335 0.000839 2
815 329 847 344 0.000838 2
462 409 514 443 0.000832 2
329 199 377 232 0.000831 2
152 401 177 423 0.000828 2
85 403 154 425 0.000816 2
704 302 768 329 0.000815 2
639 462 649 472 0.000812 2
864 174 959 245 0.000811 2
1070 207 1098 233 0.000798 2
623 321 661 372 0.000794 2
625 322 673 369 0.000789 2
550 202 562 216 0.000785 2
503 312 529 336 0.000782 2
519 174 578 217 0.000774 2
1097 208 1138 232 0.000771 2
699 201 750 234 0.000770 2
189 392 224 415 0.000768 2
658 181 692 218 0.000762 2
821 329 869 344 0.000755 2
447 199 466 222 0.000755 2
1241 248 1279 268 0.000750 2
388 420 435 438 0.000746 2
225 441 272 465 0.000733 2
1019 319 1040 336 0.000731 2
923 274 1155 335 0.000731 2
1263 169 1279 213 0.000725 2
573 424 609 454 0.000722 2
173 392 214 418 0.000722 2
191 392 214 415 0.000718 2
1199 472 1211 482 0.000713 2
1199 249 1249 267 0.000713 2
909 202 998 259 0.000702 2
1151 446 1168 458 0.000690 2
643 454 656 460 0.000684 2
495 238 539 254 0.000682 2
1016 319 1041 344 0.000672 2
1259 347 1279 391 0.000666 2
1152 471 1168 479 0.000666 2
935 199 959 250 0.000654 2
1111 471 1123 478 0.000646 2
503 314 529 343 0.000645 2
191 392 213 407 0.000644 2
185 392 222 418 0.000642 2
158 398 187 423 0.000638 2
624 315 686 366 0.000637 2
912 181 941 202 0.000637 2
576 185 620 215 0.000628 2
391 429 416 437 0.000620 2
273 185 295 195 0.000616 2
293 175 309 197 0.000611 2
302 536 320 551 0.000599 2
1255 630 1264 649 0.000596 2
630 454 639 461 0.000592 2
1183 164 1202 188 0.000589 2
1263 168 1279 234 0.000586 2
1144 326 1169 345 0.000584 2
1264 366 1279 376 0.000583 2
1243 179 1279 235 0.000577 2
299 538 320 552 0.000577 2
1111 207 1148 234 0.000577 2
586 175 698 217 0.000576 2
1247 344 1262 356 0.000574 2
386 198 398 206 0.000567 2
1263 169 1279 193 0.000567 2
1256 348 1279 409 0.000566 2
191 444 224 475 0.000562 2
1018 320 1095 349 0.000560 2
709 212 752 234 0.000560 2
978 456 1024 472 0.000559 2
712 301 768 327 0.000555 2
953 457 970 469 0.000551 2
330 203 372 233 0.000551 2
363 416 432 438 0.000551 2
975 456 1013 471 0.000546 2
272 177 313 199 0.000541 2
318 202 347 232 0.000541 2
639 179 692 215 0.000539 2
319 408 340 413 0.000533 2
1134 471 1165 479 0.000532 2
503 310 524 336 0.000532 2
359 409 368 415 0.000531 2
1219 248 1280 282 0.000531 2
301 187 334 234 0.000531 2
1146 322 1168 343 0.000530 2
463 408 517 435 0.000528 2
354 188 369 199 0.000527 2
592 463 608 473 0.000526 2
709 194 738 218 0.000524 2
294 199 333 233 0.000521 2
191 392 213 412 0.000520 2
804 169 857 233 0.000519 2
0 263 317 400 0.000518 2
1070 203 1119 232 0.000517 2
1262 278 1279 296 0.000515 2
1202 253 1280 293 0.000504 2
222 408 264 426 0.000500 2
321 408 343 414 0.000499 2
1 513 48 535 0.000497 2
1144 324 1166 343 0.000497 2
680 196 848 240 0.000496 2
1259 277 1279 297 0.000491 2
474 199 518 223 0.000484 2
318 408 337 413 0.000481 2
1024 305 1096 335 0.000478 2
230 444 272 465 0.000478 2
995 503 1013 518 0.000478 2
495 239 522 253 0.000475 2
822 329 847 363 0.000472 2
1065 176 1143 248 0.000470 2
271 184 314 203 0.000469 2
1116 324 1163 344 0.000467 2
1222 161 1276 218 0.000467 2
499 233 541 254 0.000467 2
1016 440 1041 455 0.000465 2
1000 507 1016 520 0.000464 2
388 421 464 442 0.000460 2
994 503 1017 520 0.000458 2
1248 347 1261 360 0.000446 2
1136 335 1182 360 0.000445 2
879 527 892 535 0.000444 2
1170 246 1279 365 0.000438 2
691 212 728 237 0.000435 2
1029 202 1090 254 0.000434 2
1097 153 1217 221 0.000429 2
462 430 490 447 0.000428 2
819 331 892 345 0.000426 2
1171 227 1279 303 0.000425 2
1110 325 1174 344 0.000424 2
1135 340 1184 360 0.000422 2
696 303 768 337 0.000419 2
1183 471 1200 480 0.000415 2
315 184 343 199 0.000415 2
391 421 449 439 0.000415 2
1046 455 1077 468 0.000414 2
332 212 354 232 0.000413 2
832 504 842 511 0.000410 2
947 457 973 469 0.000407 2
606 449 641 468 0.000405 2
449 206 466 223 0.000404 2
1050 186 1144 249 0.000403 2
999 505 1010 521 0.000402 2
1016 315 1057 341 0.000401 2
267 195 279 213 0.000401 2
295 192 333 234 0.000400 2
268 192 280 206 0.000398 2
1200 250 1280 285 0.000397 2
63 508 78 521 0.000395 2
502 437 528 448 0.000395 2
1050 198 1067 231 0.000393 2
1219 249 1279 296 0.000387 2
1182 207 1279 277 0.000385 2
1196 272 1280 297 0.000385 2
503 284 533 337 0.000381 2
624 321 678 377 0.000378 2
1100 197 1121 209 0.000378 2
1224 162 1279 187 0.000378 2
602 263 957 357 0.000377 2
707 205 752 234 0.000376 2
1171 275 1238 286 0.000374 2
690 194 720 232 0.000374 2
592 424 608 438 0.000373 2
1062 316 1122 345 0.000372 2
1016 320 1057 346 0.000369 2
1247 199 1269 233 0.000369 2
157 240 239 264 0.000368 2
1263 365 1279 406 0.000368 2
1 254 372 394 0.000368 2
156 395 217 424 0.000367 2
838 503 848 511 0.000366 2
326 450 368 471 0.000365 2
271 389 288 399 0.000364 2
233 439 272 464 0.000364 2
1045 196 1081 224 0.000358 2
1077 198 1094 211 0.000354 2
63 506 83 521 0.000354 2
1181 255 1280 292 0.000352 2
496 435 525 448 0.000352 2
0 505 95 598 0.000351 2
7 397 31 423 0.000350 2
1178 471 1200 480 0.000350 2
354 198 385 231 0.000348 2
1225 162 1270 182 0.000341 2
31 439 52 447 0.000338 2
581 181 731 236 0.000335 2
880 528 896 535 0.000334 2
1135 343 1192 361 0.000334 2
1203 254 1226 272 0.000333 2
350 198 386 228 0.000332 2
1050 197 1066 218 0.000331 2
596 359 623 376 0.000330 2
1049 455 1095 472 0.000326 2
601 359 623 374 0.000324 2
481 200 517 222 0.000324 2
239 230 256 248 0.000320 2
1201 285 1280 353 0.000320 2
495 182 547 252 0.000317 2
607 448 625 470 0.000315 2
20 200 35 206 0.000315 2
445 422 492 448 0.000314 2
1260 628 1279 648 0.000313 2
29 256 57 281 0.000312 2
991 503 1008 518 0.000312 2
1234 344 1258 355 0.000311 2
574 241 590 248 0.000310 2
1247 346 1269 365 0.000309 2
20 405 63 424 0.000308 2
304 179 324 198 0.000308 2
348 411 426 474 0.000307 2
504 314 529 351 0.000306 2
657 429 676 440 0.000306 2
555 178 598 216 0.000305 2
1016 331 1035 344 0.000300 2
730 184 796 234 0.000299 2
1026 314 1094 344 0.000298 2
79 517 95 535 0.000298 2
928 283 1009 313 0.000295 2
320 442 372 472 0.000295 2
427 409 505 443 0.000294 2
605 424 622 433 0.000293 2
573 422 609 463 0.000292 2
645 447 656 461 0.000291 2
1068 196 1081 213 0.000291 2
1264 312 1279 366 0.000289 2
1168 262 1184 269 0.000289 2
188 392 224 455 0.000289 2
809 329 847 365 0.000288 2
484 408 516 424 0.000285 2
332 454 368 471 0.000285 2
1223 166 1261 235 0.000283 2
1120 64 1152 80 0.000282 2
1185 239 1279 303 0.000276 2
205 398 224 425 0.000275 2
471 190 481 203 0.000274 2
982 200 1069 259 0.000274 2
196 180 257 237 0.000273 2
850 439 869 455 0.000272 2
270 387 288 399 0.000272 2
0 559 71 600 0.000272 2
1070 170 1141 231 0.000271 2
910 186 937 226 0.000269 2
205 396 224 452 0.000266 2
17 391 32 403 0.000266 2
182 395 224 431 0.000264 2
1189 249 1279 369 0.000264 2
9 506 83 535 0.000263 2
204 439 272 466 0.000263 2
1 510 48 531 0.000262 2
1 282 24 295 0.000261 2
465 408 536 437 0.000259 2
1263 252 1279 293 0.000257 2
1151 161 1203 216 0.000256 2
1193 275 1280 308 0.000256 2
326 197 385 226 0.000255 2
910 175 943 197 0.000255 2
374 415 434 438 0.000255 2
1198 251 1269 275 0.000254 2
1191 351 1265 383 0.000252 2
843 454 869 474 0.000251 2
567 201 584 216 0.000251 2
944 327 982 345 0.000251 2
271 446 319 469 0.000250 2
634 379 661 395 0.000249 2
1033 275 1151 345 0.000249 2
855 440 868 455 0.000248 2
1025 301 1057 335 0.000248 2
624 319 691 382 0.000247 2
164 393 222 424 0.000245 2
1256 364 1279 410 0.000244 2
294 543 313 551 0.000244 2
559 241 593 249 0.000242 2
926 277 1009 313 0.000242 2
1167 269 1273 302 0.000241 2
1182 351 1265 422 0.000241 2
1172 274 1268 288 0.000240 2
247 446 318 469 0.000239 2
353 405 434 439 0.000239 2
495 228 539 252 0.000238 2
656 171 729 236 0.000237 2
1167 273 1222 285 0.000237 2
929 275 1148 348 0.000235 2
1134 177 1196 241 0.000234 2
176 408 266 426 0.000233 2
63 468 79 482 0.000232 2
191 445 221 468 0.000231 2
670 270 769 322 0.000230 2
437 406 518 436 0.000229 2
0 508 47 553 0.000229 2
491 408 512 419 0.000229 2
851 136 940 172 0.000228 2
184 438 273 468 0.000228 2
456 407 515 432 0.000228 2
198 444 224 475 0.000228 2
1056 311 1125 343 0.000227 2
211 406 315 458 0.000227 2
234 209 267 249 0.000226 2
150 392 225 456 0.000226 2
683 270 768 331 0.000225 2
589 363 624 391 0.000224 2
1036 295 1057 335 0.000223 2
975 453 1004 469 0.000222 2
373 452 416 472 0.000219 2
950 196 1065 266 0.000216 2
830 454 870 475 0.000216 2
1106 171 1181 250 0.000215 2
698 187 731 220 0.000214 2
363 186 376 200 0.000212 2
1192 251 1280 282 0.000212 2
976 448 991 463 0.000212 2
417 404 518 438 0.000211 2
1168 262 1251 285 0.000211 2
1184 274 1279 313 0.000210 2
1021 439 1041 452 0.000208 2
657 262 835 336 0.000207 2
87 404 142 426 0.000207 2
653 428 692 440 0.000207 2
31 272 49 295 0.000206 2
1054 289 1141 341 0.000206 2
1163 274 1280 314 0.000205 2
1172 271 1280 297 0.000204 2
219 441 290 467 0.000202 2
1067 324 1088 338 0.000202 2
303 194 383 232 0.000199 2
159 238 213 265 0.000198 2
1225 345 1268 370 0.000197 2
1021 322 1074 345 0.000196 2
700 178 1125 278 0.000196 2
251 215 268 235 0.000196 2
129 413 144 430 0.000196 2
822 328 861 344 0.000195 2
583 200 666 227 0.000195 2
498 237 546 276 0.000194 2
75 569 96 588 0.000193 2
475 235 559 275 0.000193 2
746 275 912 344 0.000191 2
575 446 593 460 0.000190 2
574 444 594 469 0.000190 2
696 311 754 345 0.000188 2
1 210 485 391 0.000188 2
1262 299 1279 360 0.000187 2
1001 276 1142 347 0.000187 2
623 313 673 361 0.000187 2
623 321 688 368 0.000187 2
777 470 795 476 0.000186 2
587 426 608 459 0.000186 2
802 178 855 230 0.000186 2
661 273 690 283 0.000185 2
1142 338 1181 360 0.000183 2
989 481 1001 487 0.000183 2
700 309 760 333 0.000182 2
1073 325 1089 340 0.000182 2
321 430 384 472 0.000181 2
1152 251 1280 291 0.000181 2
462 408 515 428 0.000181 2
624 299 693 379 0.000181 2
1250 678 1279 703 0.000180 2
721 460 746 471 0.000180 2
629 379 651 395 0.000179 2
248 207 273 235 0.000179 2
944 454 976 473 0.000177 2
318 201 335 232 0.000175 2
1174 255 1241 285 0.000175 2
739 185 802 235 0.000175 2
664 269 768 306 0.000172 2
1222 144 1280 184 0.000172 2
1198 286 1276 310 0.000172 2
300 407 368 436 0.000171 2
1214 297 1279 359 0.000171 2
587 171 620 201 0.000171 2
698 309 762 341 0.000170 2
1057 312 1114 336 0.000169 2
647 439 703 462 0.000169 2
4 263 438 395 0.000169 2
1149 440 1192 468 0.000168 2
1149 272 1280 299 0.000168 2
600 200 666 225 0.000167 2
137 244 195 276 0.000167 2
431 413 467 442 0.000166 2
1034 311 1091 336 0.000166 2
1070 314 1123 343 0.000165 2
482 200 527 223 0.000165 2
611 270 697 381 0.000165 2
1199 301 1234 311 0.000164 2
235 233 269 261 0.000162 2
1135 228 1217 269 0.000161 2
111 407 144 437 0.000161 2
947 207 1145 313 0.000161 2
1164 273 1235 286 0.000160 2
641 168 675 216 0.000159 2
635 449 680 473 0.000159 2
379 416 447 438 0.000158 2
284 175 315 197 0.000158 2
714 328 733 344 0.000158 2
1053 298 1144 338 0.000158 2
1026 191 1091 257 0.000157 2
62 503 82 521 0.000157 2
659 170 691 216 0.000157 2
245 412 264 429 0.000156 2
642 199 663 217 0.000156 2
679 213 694 233 0.000155 2
1143 271 1222 283 0.000155 2
0 510 48 566 0.000154 2
177 406 270 444 0.000154 2
935 288 1007 313 0.000153 2
202 445 224 476 0.000153 2
693 307 762 346 0.000153 2
63 425 72 432 0.000152 2
1051 311 1098 335 0.000151 2
221 405 310 462 0.000151 2
333 425 384 471 0.000151 2
1047 278 1145 337 0.000151 2
1215 312 1250 344 0.000150 2
450 303 529 346 0.000150 2
958 224 1150 307 0.000149 2
1162 273 1223 284 0.000148 2
991 278 1057 296 0.000147 2
214 406 308 431 0.000147 2
1220 278 1279 313 0.000147 2
709 299 772 332 0.000146 2
328 446 377 466 0.000145 2
46 568 96 591 0.000144 2
963 198 986 211 0.000144 2
1 505 95 578 0.000144 2
191 392 224 476 0.000143 2
1101 306 1169 344 0.000143 2
1127 168 1204 219 0.000143 2
154 406 292 450 0.000143 2
0 508 27 560 0.000143 2
218 197 256 239 0.000143 2
589 267 711 380 0.000142 2
618 206 895 348 0.000142 2
430 422 463 451 0.000142 2
460 291 530 348 0.000141 2
711 325 749 345 0.000141 2
592 462 608 480 0.000140 2
160 243 191 275 0.000140 2
645 429 656 439 0.000139 2
1043 279 1075 295 0.000139 2
1189 281 1280 313 0.000138 2
375 408 385 414 0.000138 2
1259 276 1279 320 0.000137 2
167 402 270 440 0.000137 2
362 207 378 232 0.000137 2
631 371 689 396 0.000136 2
1138 344 1202 366 0.000135 2
305 407 357 435 0.000135 2
291 199 335 270 0.000134 2
653 210 728 236 0.000134 2
366 430 384 471 0.000134 2
289 175 309 198 0.000134 2
588 357 624 386 0.000133 2
1223 172 1274 218 0.000133 2
528 249 589 281 0.000133 2
210 407 317 469 0.000132 2
989 356 1024 403 0.000132 2
1161 285 1280 349 0.000132 2
1 505 76 535 0.000131 2
302 407 369 448 0.000129 2
78 572 94 592 0.000129 2
393 400 517 442 0.000128 2
1046 280 1066 295 0.000128 2
702 320 747 344 0.000128 2
656 430 695 440 0.000127 2
398 194 408 205 0.000127 2
182 393 224 476 0.000127 2
824 134 946 198 0.000127 2
298 481 328 499 0.000126 2
1240 440 1279 482 0.000125 2
76 571 96 592 0.000124 2
605 457 641 471 0.000124 2
221 405 311 446 0.000123 2
0 508 17 556 0.000123 2
154 191 299 269 0.000123 2
621 268 708 380 0.000123 2
78 408 117 425 0.000123 2
137 200 151 213 0.000123 2
914 444 974 465 0.000122 2
1139 442 1204 473 0.000120 2
956 201 982 245 0.000120 2
639 437 651 452 0.000119 2
477 239 529 251 0.000119 2
818 439 877 462 0.000119 2
798 672 839 703 0.000119 2
1199 439 1260 473 0.000119 2
603 455 668 474 0.000118 2
197 406 264 426 0.000118 2
1034 326 1095 348 0.000118 2
143 401 286 457 0.000118 2
308 406 369 459 0.000118 2
1047 203 1237 288 0.000118 2
817 328 896 363 0.000117 2
1041 278 1060 295 0.000117 2
72 569 96 579 0.000117 2
450 267 534 345 0.000117 2
1026 280 1117 337 0.000116 2
485 304 529 352 0.000114 2
270 172 314 197 0.000113 2
278 447 320 478 0.000113 2
576 270 695 385 0.000111 2
1045 279 1108 296 0.000110 2
607 448 641 465 0.000109 2
702 452 760 471 0.000109 2
306 408 321 415 0.000109 2
711 274 780 332 0.000108 2
627 336 662 400 0.000108 2
830 164 1073 265 0.000107 2
147 244 175 264 0.000107 2
813 317 848 343 0.000106 2
573 351 624 393 0.000106 2
532 629 545 640 0.000106 2
1186 254 1261 282 0.000106 2
736 199 782 234 0.000106 2
598 318 608 341 0.000106 2
181 407 273 471 0.000106 2
32 438 66 447 0.000106 2
24 516 81 535 0.000106 2
857 261 913 346 0.000106 2
1198 293 1275 314 0.000106 2
619 271 678 356 0.000105 2
0 277 15 295 0.000105 2
62 510 82 531 0.000104 2
297 479 328 492 0.000104 2
636 202 817 280 0.000103 2
1166 295 1274 351 0.000103 2
924 278 1024 333 0.000102 2
393 453 416 464 0.000101 2
610 265 668 313 0.000101 2
320 407 357 417 0.000101 2
510 472 522 487 0.000101 2
1252 290 1279 356 0.000101 2
638 273 657 287 0.000100 2
935 327 981 346 0.000100 2
1167 262 1211 270 0.000100 2
586 362 624 399 0.000100 2
769 214 855 280 0.300982 3
799 214 855 280 0.032937 3
1110 224 1136 250 0.009154 3
1111 219 1136 248 0.007659 3
689 206 727 238 0.001673 3
650 245 949 358 0.000649 3
642 231 1095 358 0.000436 3
706 207 1063 320 0.000283 3
479 167 582 216 0.009855 5
1180 163 1279 268 0.007960 5
445 166 581 217 0.003730 5
480 171 551 216 0.003527 5
443 170 521 217 0.003241 5
479 170 521 217 0.002782 5
444 165 532 217 0.002010 5
447 148 525 171 0.001170 5
825 135 939 164 0.001140 5
447 154 522 170 0.001008 5
480 172 511 208 0.000708 5
447 153 525 210 0.000629 5
460 150 525 170 0.000509 5
471 144 524 172 0.000272 5
461 143 526 164 0.000225 5
1158 276 1280 313 0.000224 5
1175 282 1280 314 0.000184 5
1203 282 1280 327 0.000152 5
1225 161 1255 229 0.000122 5
640 258 1277 498 0.154496 6
641 268 1273 397 0.067466 6
698 151 952 247 0.042071 6
641 267 1253 457 0.033615 6
648 264 1277 372 0.026926 6
923 271 1279 420 0.024182 6
923 270 1279 358 0.022226 6
640 226 1274 380 0.020166 6
642 250 1276 386 0.015598 6
676 267 1278 355 0.011302 6
458 165 581 212 0.009016 6
447 155 582 215 0.006680 6
746 271 1279 496 0.006324 6
660 268 1279 426 0.006048 6
648 298 1276 508 0.005457 6
895 272 1278 494 0.004691 6
1045 273 1280 351 0.004656 6
640 268 1117 485 0.004082 6
1026 471 1278 514 0.003870 6
478 167 578 210 0.003714 6
1047 275 1279 498 0.003290 6
826 135 938 166 0.003230 6
482 160 581 205 0.003156 6
645 389 1179 490 0.002653 6
324 417 705 463 0.002620 6
741 437 941 484 0.002563 6
658 422 1270 503 0.002558 6
641 269 1170 370 0.002526 6
648 375 1247 497 0.002393 6
640 268 1046 366 0.002390 6
1028 432 1279 512 0.002367 6
1114 437 1279 475 0.002329 6
643 175 1267 351 0.002206 6
1118 419 1279 477 0.002149 6
754 434 880 478 0.001945 6
648 423 1166 491 0.001944 6
744 420 938 480 0.001919 6
669 451 1274 508 0.001825 6
920 248 1279 347 0.001824 6
658 439 1270 519 0.001812 6
823 135 939 198 0.001707 6
922 227 1279 351 0.001561 6
644 420 1097 486 0.001536 6
741 410 943 485 0.001418 6
1107 416 1280 472 0.001400 6
697 135 953 237 0.001326 6
1122 389 1279 473 0.001281 6
749 424 881 477 0.001277 6
451 408 955 480 0.001277 6
336 417 766 467 0.001208 6
443 163 523 217 0.001178 6
643 399 1034 486 0.001161 6
325 405 713 477 0.001044 6
1060 412 1277 474 0.001032 6
629 265 959 399 0.000945 6
1099 156 1279 269 0.000942 6
9 433 319 476 0.000931 6
640 268 984 484 0.000919 6
774 422 1279 511 0.000847 6
1045 394 1280 473 0.000818 6
714 209 1277 339 0.000805 6
630 266 958 373 0.000792 6
190 442 273 467 0.000782 6
649 431 1267 535 0.000743 6
825 134 939 160 0.000705 6
330 414 930 475 0.000697 6
802 142 941 223 0.000634 6
641 416 1009 485 0.000619 6
813 451 1022 488 0.000577 6
489 423 703 464 0.000564 6
387 251 944 481 0.000555 6
444 151 673 219 0.000512 6
543 258 956 409 0.000484 6
407 249 947 435 0.000481 6
316 65 631 217 0.000480 6
471 260 956 485 0.000459 6
830 447 1049 488 0.000435 6
841 452 1089 489 0.000417 6
1201 438 1277 479 0.000394 6
746 414 929 474 0.000390 6
491 154 664 211 0.000366 6
819 129 939 164 0.000356 6
1018 468 1278 540 0.000355 6
1 67 448 391 0.000349 6
625 280 957 485 0.000341 6
742 416 883 473 0.000333 6
647 426 1222 552 0.000330 6
345 66 625 218 0.000326 6
905 179 1280 352 0.000325 6
328 64 682 227 0.000305 6
433 159 675 223 0.000298 6
1137 374 1279 475 0.000292 6
778 130 960 252 0.000285 6
470 256 944 400 0.000273 6
1066 140 1278 258 0.000272 6
597 423 701 463 0.000251 6
1200 373 1278 482 0.000241 6
404 72 617 217 0.000223 6
1044 401 1255 477 0.000219 6
452 155 580 258 0.000214 6
1097 430 1179 473 0.000208 6
520 66 678 221 0.000205 6
643 413 1131 563 0.000203 6
1052 148 1269 246 0.000202 6
968 490 1249 533 0.000200 6
741 354 947 475 0.000197 6
1071 336 1249 415 0.000196 6
919 196 1279 316 0.000193 6
473 64 945 243 0.000193 6
435 74 651 218 0.000191 6
467 65 671 221 0.000190 6
348 255 897 469 0.000189 6
1042 338 1270 473 0.000183 6
187 175 263 225 0.000181 6
39 433 266 476 0.000170 6
588 149 684 217 0.000168 6
460 143 580 209 0.000168 6
659 443 1268 583 0.000168 6
154 171 266 227 0.000167 6
1099 160 1218 216 0.000166 6
682 449 1273 541 0.000163 6
0 64 356 394 0.000161 6
1 131 424 390 0.000154 6
331 281 714 465 0.000146 6
368 156 408 185 0.000138 6
1064 338 1204 402 0.000138 6
759 338 952 452 0.000137 6
703 334 934 414 0.000130 6
444 179 483 217 0.000127 6
1076 361 1274 469 0.000127 6
452 241 925 392 0.000126 6
921 296 1030 399 0.000124 6
1156 439 1263 474 0.000123 6
505 136 835 226 0.000121 6
441 164 500 217 0.000120 6
926 324 1010 394 0.000120 6
744 374 946 469 0.000119 6
644 440 1249 610 0.000112 6
726 340 945 436 0.000107 6
368 161 409 188 0.000106 6
1028 437 1166 489 0.000104 6
723 343 936 421 0.000104 6
415 64 682 226 0.000103 6
1024 335 1215 402 0.000101 6
1058 337 1262 458 0.000100 6
696 153 953 235 0.197659 7
701 153 864 236 0.122369 7
701 153 816 235 0.048181 7
866 176 944 241 0.027792 7
586 184 622 213 0.014717 7
587 184 656 216 0.014325 7
1184 184 1279 267 0.011583 7
1184 224 1279 267 0.010006 7
1181 165 1279 268 0.008901 7
695 153 807 221 0.007678 7
859 176 943 206 0.006858 7
1184 212 1279 267 0.006005 7
1047 273 1280 350 0.005064 7
479 168 579 212 0.004797 7
693 160 840 236 0.004545 7
503 171 580 205 0.004234 7
543 172 579 203 0.003590 7
588 152 662 217 0.003369 7
795 176 943 220 0.003259 7
663 270 768 344 0.002910 7
1181 167 1280 233 0.002738 7
804 153 858 224 0.002623 7
707 163 956 260 0.002076 7
1205 171 1279 242 0.002038 7
1182 166 1260 266 0.001800 7
911 474 929 487 0.001798 7
1048 274 1280 380 0.001712 7
292 198 386 276 0.001654 7
754 163 943 217 0.001641 7
868 177 944 262 0.001596 7
708 153 812 217 0.001212 7
656 270 862 346 0.001144 7
1182 223 1279 278 0.001114 7
679 157 793 234 0.000975 7
799 164 900 247 0.000972 7
724 152 806 221 0.000949 7
174 392 215 418 0.000927 7
718 152 940 218 0.000921 7
706 138 868 224 0.000882 7
479 169 518 216 0.000864 7
878 439 916 487 0.000787 7
531 167 663 213 0.000778 7
533 177 654 215 0.000764 7
1041 274 1278 416 0.000749 7
293 198 384 239 0.000747 7
295 199 333 233 0.000685 7
1262 168 1279 241 0.000673 7
803 142 941 223 0.000668 7
1179 161 1276 224 0.000658 7
1230 179 1279 235 0.000640 7
1045 271 1280 325 0.000628 7
1045 275 1193 345 0.000602 7
586 162 691 217 0.000548 7
455 151 540 211 0.000539 7
1102 164 1149 209 0.000530 7
716 152 807 208 0.000528 7
1262 168 1279 221 0.000520 7
747 182 867 273 0.000519 7
730 157 806 231 0.000504 7
740 152 807 224 0.000483 7
1201 297 1280 356 0.000455 7
736 152 806 207 0.000440 7
764 125 937 223 0.000434 7
1221 176 1277 237 0.000426 7
494 170 582 220 0.000388 7
1101 164 1150 223 0.000374 7
751 143 858 218 0.000366 7
1043 273 1150 339 0.000364 7
1048 273 1171 341 0.000358 7
1223 163 1280 217 0.000350 7
1241 439 1279 488 0.000339 7
718 162 808 228 0.000338 7
696 132 951 237 0.000338 7
665 144 805 226 0.000321 7
1213 304 1274 356 0.000318 7
655 272 853 377 0.000314 7
570 151 668 218 0.000313 7
801 158 858 204 0.000307 7
477 139 942 235 0.000304 7
923 275 1115 355 0.000302 7
1267 169 1279 240 0.000289 7
857 137 947 208 0.000277 7
919 455 1027 488 0.000273 7
698 121 859 223 0.000270 7
1226 177 1280 218 0.000266 7
919 276 1119 393 0.000256 7
659 271 769 375 0.000245 7
798 449 831 473 0.000232 7
1131 275 1229 341 0.000230 7
690 126 834 221 0.000228 7
425 147 937 241 0.000216 7
669 77 946 237 0.000212 7
445 178 468 217 0.000208 7
1100 162 1221 216 0.000190 7
500 177 672 220 0.000186 7
1161 302 1269 359 0.000186 7
2 184 464 384 0.000181 7
36 400 121 429 0.000180 7
747 152 816 215 0.000177 7
827 439 875 456 0.000176 7
1209 304 1261 356 0.000175 7
818 439 877 462 0.000174 7
270 183 307 234 0.000165 7
1209 159 1279 234 0.000164 7
515 65 950 238 0.000164 7
391 124 947 355 0.000162 7
753 275 915 346 0.000160 7
650 158 933 281 0.000157 7
1212 313 1271 363 0.000156 7
711 151 820 189 0.000150 7
835 439 882 479 0.000146 7
694 182 734 214 0.000141 7
1103 164 1160 220 0.000140 7
739 155 803 214 0.000132 7
884 437 939 463 0.000131 7
700 164 805 228 0.000127 7
1125 274 1238 323 0.000126 7
1050 273 1139 335 0.000126 7
740 152 808 191 0.000117 7
748 152 810 204 0.000117 7
578 201 951 360 0.000116 7
921 279 1026 386 0.000116 7
539 150 954 296 0.000110 7
1219 304 1280 367 0.000104 7
1089 150 1103 177 0.555674 9
512 151 524 180 0.185168 9
239 178 247 190 0.070526 9
1088 150 1103 184 0.062485 9
449 157 490 170 0.045215 9
894 156 906 177 0.040265 9
512 151 525 182 0.040243 9
372 169 381 184 0.037277 9
366 167 373 188 0.035412 9
552 172 572 200 0.031018 9
554 173 570 201 0.029527 9
1197 384 1207 413 0.022937 9
1207 169 1215 186 0.022754 9
558 182 568 196 0.021995 9
1014 136 1025 168 0.021790 9
1197 383 1206 404 0.021756 9
550 172 576 201 0.019606 9
879 154 893 169 0.019566 9
224 183 231 195 0.017404 9
550 172 580 203 0.017397 9
1207 167 1216 186 0.016833 9
895 152 909 177 0.016784 9
1215 167 1223 183 0.016756 9
257 142 268 160 0.014426 9
119 64 159 78 0.013895 9
362 167 369 189 0.011304 9
523 183 536 196 0.010721 9
880 153 895 171 0.010389 9
449 158 486 171 0.010251 9
1089 151 1105 179 0.009877 9
553 175 580 202 0.009232 9
313 151 342 194 0.008893 9
372 167 380 186 0.008888 9
555 176 576 201 0.008626 9
239 176 250 193 0.008605 9
814 145 823 159 0.008567 9
991 679 1004 700 0.007537 9
865 443 873 455 0.007313 9
517 170 546 185 0.007229 9
172 64 202 91 0.007138 9
836 686 850 703 0.007058 9
515 168 548 188 0.007057 9
513 154 542 191 0.007047 9
814 144 823 157 0.006638 9
681 167 688 184 0.006437 9
217 186 223 205 0.006409 9
844 151 858 166 0.006391 9
927 151 937 169 0.006339 9
695 177 704 199 0.006178 9
514 167 547 184 0.006167 9
991 679 1008 703 0.006158 9
665 180 671 197 0.005937 9
863 166 869 183 0.005858 9
1192 385 1204 401 0.005685 9
865 439 874 455 0.005655 9
543 168 573 201 0.005443 9
1197 383 1219 417 0.005406 9
448 157 490 177 0.005208 9
534 168 578 201 0.005191 9
800 143 811 157 0.005176 9
878 153 895 176 0.005129 9
871 163 881 177 0.005124 9
215 184 224 202 0.005104 9
545 167 553 190 0.005080 9
681 168 688 192 0.005062 9
951 351 960 381 0.005053 9
694 178 703 199 0.005030 9
882 153 897 176 0.005015 9
1005 136 1014 172 0.004736 9
1192 384 1206 401 0.004662 9
546 171 577 202 0.004569 9
1200 387 1216 418 0.004563 9
519 180 550 200 0.004549 9
864 165 871 182 0.004495 9
364 167 374 189 0.004428 9
1196 383 1261 425 0.004364 9
801 144 812 158 0.004311 9
871 688 884 703 0.004269 9
904 66 928 119 0.004246 9
869 152 881 176 0.004175 9
119 64 201 88 0.004164 9
1227 165 1248 181 0.004140 9
952 345 960 368 0.004097 9
1097 133 1106 165 0.004089 9
155 64 202 91 0.004060 9
951 351 961 388 0.004043 9
876 688 888 703 0.003864 9
848 180 858 201 0.003781 9
118 64 185 79 0.003692 9
586 171 593 185 0.003623 9
1188 383 1209 415 0.003579 9
866 152 884 173 0.003569 9
257 179 262 191 0.003538 9
1003 135 1014 174 0.003525 9
313 143 340 192 0.003416 9
638 168 658 202 0.003403 9
865 152 875 170 0.003365 9
1020 129 1040 164 0.003358 9
544 165 579 204 0.003177 9
361 167 369 190 0.003166 9
1005 135 1024 172 0.003026 9
119 64 179 78 0.002950 9
312 80 371 198 0.002863 9
815 150 859 184 0.002856 9
240 210 254 240 0.002854 9
1104 170 1120 202 0.002835 9
1005 136 1017 172 0.002775 9
245 176 257 192 0.002766 9
870 666 880 691 0.002753 9
680 168 690 205 0.002749 9
1013 133 1025 170 0.002607 9
1195 382 1234 425 0.002565 9
999 134 1011 176 0.002550 9
166 64 178 76 0.002545 9
1014 131 1040 168 0.002542 9
1198 382 1211 428 0.002517 9
223 183 231 199 0.002514 9
634 181 641 195 0.002511 9
693 177 700 197 0.002484 9
974 189 981 201 0.002409 9
521 181 538 199 0.002366 9
587 168 593 184 0.002346 9
665 170 672 195 0.002342 9
463 168 472 183 0.002305 9
638 167 654 193 0.002276 9
965 360 979 387 0.002266 9
1089 149 1110 179 0.002228 9
690 168 698 182 0.002208 9
1098 134 1110 158 0.002190 9
1103 678 1121 703 0.002184 9
800 143 817 159 0.002162 9
1204 409 1216 424 0.002142 9
569 179 582 201 0.002112 9
698 131 705 152 0.002096 9
111 151 128 164 0.002086 9
1183 345 1193 392 0.002047 9
1207 168 1216 199 0.002034 9
1100 136 1110 157 0.002002 9
312 142 356 198 0.001991 9
94 153 104 176 0.001985 9
839 151 858 164 0.001971 9
835 685 856 703 0.001917 9
512 151 543 185 0.001913 9
446 157 490 183 0.001888 9
159 64 183 84 0.001885 9
1221 404 1232 424 0.001868 9
845 688 856 703 0.001868 9
213 187 224 207 0.001820 9
847 169 859 188 0.001803 9
809 156 858 184 0.001794 9
445 150 581 216 0.001753 9
864 151 880 169 0.001745 9
121 64 184 87 0.001738 9
1189 165 1201 186 0.001732 9
1169 377 1207 413 0.001717 9
484 173 496 187 0.001683 9
159 64 182 91 0.001662 9
163 64 184 75 0.001648 9
1181 380 1192 392 0.001645 9
665 180 671 205 0.001632 9
1180 384 1205 412 0.001625 9
240 165 248 188 0.001616 9
809 159 859 190 0.001598 9
1191 370 1264 425 0.001596 9
801 144 815 159 0.001592 9
1047 157 1056 180 0.001586 9
1088 141 1104 177 0.001565 9
572 161 581 178 0.001557 9
1048 157 1056 174 0.001540 9
522 183 540 199 0.001539 9
951 344 959 359 0.001538 9
926 148 944 179 0.001520 9
568 160 580 179 0.001511 9
310 92 387 197 0.001486 9
993 134 1003 170 0.001463 9
993 137 1001 168 0.001419 9
449 154 491 171 0.001416 9
1187 166 1201 186 0.001415 9
1166 380 1208 409 0.001409 9
687 170 694 192 0.001384 9
219 176 248 195 0.001379 9
1177 381 1185 392 0.001368 9
1154 160 1168 184 0.001356 9
159 64 174 75 0.001353 9
1058 679 1072 703 0.001351 9
223 179 238 196 0.001331 9
484 151 524 198 0.001320 9
1106 679 1120 701 0.001315 9
312 103 368 195 0.001308 9
927 146 944 171 0.001293 9
374 184 385 200 0.001276 9
580 64 596 92 0.001265 9
463 252 478 304 0.001246 9
997 134 1011 174 0.001236 9
663 153 671 173 0.001234 9
1039 671 1048 679 0.001228 9
969 176 976 187 0.001224 9
995 130 1010 173 0.001195 9
992 356 1008 387 0.001189 9
1199 374 1229 420 0.001168 9
1075 147 1103 187 0.001161 9
1050 119 1057 133 0.001157 9
847 166 870 203 0.001135 9
587 165 603 185 0.001133 9
1225 161 1248 181 0.001130 9
1088 187 1096 206 0.001129 9
1055 113 1070 143 0.001116 9
372 153 381 185 0.001084 9
1056 374 1065 391 0.001083 9
566 161 580 180 0.001078 9
1212 373 1223 386 0.001072 9
1180 387 1202 417 0.001069 9
119 64 190 91 0.001061 9
961 340 968 352 0.001052 9
807 155 859 219 0.001046 9
663 168 681 214 0.001045 9
254 177 262 191 0.001041 9
1168 383 1198 410 0.001031 9
223 176 241 195 0.001009 9
448 156 492 207 0.000998 9
830 688 842 703 0.000987 9
1204 389 1260 425 0.000983 9
623 263 640 284 0.000977 9
821 151 859 175 0.000972 9
977 691 987 703 0.000967 9
1224 164 1244 181 0.000951 9
832 686 845 703 0.000934 9
479 153 579 210 0.000934 9
511 172 528 203 0.000926 9
474 150 524 180 0.000919 9
1210 167 1225 209 0.000919 9
562 174 582 202 0.000915 9
927 70 944 119 0.000911 9
256 129 268 160 0.000907 9
701 118 718 128 0.000898 9
1050 117 1058 137 0.000895 9
352 160 366 195 0.000894 9
847 151 871 190 0.000892 9
1182 345 1211 408 0.000870 9
841 118 868 136 0.000869 9
959 664 967 680 0.000865 9
831 138 892 169 0.000863 9
942 168 960 185 0.000859 9
662 169 690 215 0.000855 9
991 359 1004 388 0.000855 9
840 149 867 170 0.000852 9
1097 127 1105 155 0.000846 9
1022 139 1040 163 0.000838 9
976 158 986 169 0.000811 9
991 352 1008 388 0.000808 9
1088 149 1104 207 0.000803 9
318 182 338 195 0.000792 9
1011 135 1026 177 0.000791 9
799 135 813 156 0.000788 9
800 131 816 158 0.000770 9
1164 379 1202 408 0.000761 9
846 118 866 136 0.000760 9
693 122 706 154 0.000751 9
636 159 644 170 0.000750 9
445 156 493 218 0.000746 9
475 144 525 181 0.000743 9
1183 352 1220 419 0.000739 9
1168 381 1179 393 0.000737 9
1015 145 1032 169 0.000723 9
874 687 889 703 0.000721 9
828 135 861 167 0.000718 9
239 179 256 217 0.000713 9
1014 335 1023 345 0.000709 9
1051 110 1083 145 0.000707 9
183 196 192 207 0.000705 9
840 119 862 135 0.000696 9
869 670 879 695 0.000696 9
651 170 661 201 0.000690 9
838 119 855 135 0.000686 9
809 166 818 181 0.000684 9
866 672 873 685 0.000683 9
1107 165 1147 185 0.000679 9
256 143 268 175 0.000675 9
256 86 262 98 0.000668 9
1206 157 1225 190 0.000658 9
664 166 671 175 0.000653 9
432 171 446 193 0.000649 9
636 167 656 202 0.000645 9
68 170 80 200 0.000645 9
95 183 101 200 0.000641 9
685 168 703 200 0.000640 9
1211 341 1264 426 0.000640 9
1247 358 1263 376 0.000637 9
350 165 370 199 0.000631 9
1185 159 1202 187 0.000629 9
993 133 1020 173 0.000626 9
863 672 873 691 0.000615 9
959 664 970 680 0.000603 9
847 170 872 215 0.000603 9
1222 388 1259 426 0.000597 9
1075 128 1106 178 0.000595 9
961 664 976 680 0.000594 9
351 160 369 197 0.000594 9
1216 406 1224 425 0.000594 9
1184 165 1217 190 0.000593 9
993 132 1005 171 0.000593 9
999 127 1007 135 0.000592 9
810 159 857 182 0.000591 9
479 150 524 176 0.000588 9
1126 369 1136 390 0.000584 9
1220 408 1232 424 0.000584 9
493 169 515 200 0.000574 9
657 151 671 174 0.000571 9
1102 163 1149 186 0.000571 9
1138 164 1154 185 0.000568 9
703 168 711 179 0.000567 9
1135 615 1152 647 0.000556 9
1138 339 1190 393 0.000550 9
652 151 671 174 0.000546 9
825 135 922 169 0.000544 9
1180 166 1220 203 0.000540 9
983 352 1008 390 0.000540 9
1100 164 1150 211 0.000537 9
1188 378 1265 423 0.000535 9
693 121 710 178 0.000533 9
1073 149 1081 167 0.000531 9
920 683 929 703 0.000527 9
950 349 980 401 0.000525 9
925 146 949 184 0.000521 9
861 112 869 119 0.000516 9
1044 157 1057 186 0.000512 9
1160 380 1211 423 0.000511 9
211 166 218 176 0.000508 9
222 168 231 176 0.000507 9
1102 166 1124 200 0.000505 9
976 166 992 186 0.000501 9
1077 149 1102 181 0.000500 9
1091 374 1104 403 0.000500 9
68 169 80 177 0.000499 9
831 371 847 393 0.000499 9
1071 133 1102 209 0.000493 9
1137 342 1196 385 0.000488 9
1040 157 1058 184 0.000487 9
1089 151 1105 204 0.000486 9
596 64 625 93 0.000485 9
975 168 989 187 0.000484 9
255 112 263 128 0.000482 9
169 64 233 91 0.000481 9
1139 380 1203 410 0.000481 9
575 273 607 338 0.000480 9
830 151 849 164 0.000479 9
905 127 912 136 0.000477 9
111 138 128 165 0.000475 9
406 180 418 203 0.000474 9
849 113 870 136 0.000471 9
1074 684 1089 702 0.000468 9
1016 684 1040 703 0.000467 9
338 166 352 196 0.000465 9
586 125 600 163 0.000464 9
959 135 976 160 0.000463 9
312 126 359 197 0.000463 9
1199 404 1209 432 0.000460 9
896 136 938 155 0.000460 9
575 128 581 153 0.000459 9
854 677 865 695 0.000455 9
849 136 938 157 0.000454 9
838 687 857 703 0.000452 9
690 168 707 183 0.000445 9
898 145 931 179 0.000444 9
975 159 992 187 0.000444 9
827 135 861 155 0.000443 9
1189 356 1210 388 0.000442 9
836 120 850 136 0.000442 9
836 679 849 702 0.000435 9
6 392 32 423 0.000434 9
1039 682 1054 697 0.000429 9
577 290 594 323 0.000427 9
318 151 357 198 0.000426 9
415 176 421 203 0.000422 9
1074 134 1103 181 0.000422 9
575 277 598 347 0.000422 9
1261 370 1279 409 0.000421 9
543 160 581 187 0.000419 9
343 176 352 198 0.000415 9
846 136 938 169 0.000414 9
1261 369 1279 424 0.000413 9
976 679 1009 703 0.000410 9
809 379 814 391 0.000410 9
581 64 624 94 0.000409 9
697 152 707 175 0.000408 9
977 692 1002 703 0.000407 9
687 118 705 162 0.000406 9
1247 350 1264 399 0.000405 9
1039 673 1053 697 0.000402 9
1262 405 1274 424 0.000402 9
984 680 1039 703 0.000400 9
1118 684 1128 703 0.000399 9
807 154 855 179 0.000396 9
1182 354 1228 418 0.000394 9
693 121 714 181 0.000394 9
802 145 853 193 0.000392 9
700 151 711 178 0.000392 9
445 146 526 175 0.000390 9
650 155 669 182 0.000389 9
801 122 824 157 0.000389 9
1069 120 1126 184 0.000388 9
310 123 390 198 0.000387 9
881 135 939 179 0.000386 9
512 145 525 181 0.000385 9
664 322 676 348 0.000384 9
689 119 705 171 0.000383 9
1041 157 1056 174 0.000383 9
712 597 720 611 0.000383 9
1207 156 1228 185 0.000380 9
168 64 255 91 0.000380 9
1095 117 1137 170 0.000380 9
208 181 224 203 0.000380 9
1169 349 1199 393 0.000378 9
836 119 864 136 0.000375 9
1056 679 1071 702 0.000374 9
855 682 864 695 0.000374 9
1081 173 1091 184 0.000374 9
302 73 360 197 0.000372 9
585 120 599 162 0.000371 9
315 89 332 158 0.000368 9
451 182 468 211 0.000367 9
373 150 382 178 0.000367 9
479 631 496 653 0.000366 9
1071 149 1097 203 0.000362 9
853 136 938 153 0.000362 9
1224 341 1264 424 0.000362 9
309 90 334 172 0.000361 9
119 64 172 90 0.000360 9
735 424 752 457 0.000359 9
907 86 928 120 0.000359 9
587 171 604 186 0.000358 9
810 134 826 159 0.000358 9
915 151 929 172 0.000355 9
959 134 979 162 0.000353 9
1227 387 1261 424 0.000352 9
470 162 514 209 0.000351 9
976 163 992 186 0.000347 9
1071 682 1090 703 0.000343 9
870 657 880 691 0.000343 9
212 164 225 178 0.000343 9
350 148 384 190 0.000342 9
768 97 784 136 0.000341 9
111 203 121 227 0.000339 9
664 167 684 204 0.000338 9
544 265 559 281 0.000337 9
650 170 668 202 0.000334 9
573 128 581 163 0.000330 9
824 677 832 687 0.000330 9
1074 378 1088 402 0.000327 9
45 321 57 344 0.000326 9
1087 660 1103 701 0.000325 9
57 126 64 144 0.000324 9
1171 378 1261 424 0.000324 9
694 171 711 198 0.000322 9
1186 151 1220 191 0.000320 9
1157 367 1176 390 0.000320 9
648 155 658 175 0.000319 9
980 677 1007 703 0.000318 9
1110 158 1118 168 0.000318 9
1073 149 1082 168 0.000318 9
348 147 377 192 0.000317 9
399 184 408 202 0.000316 9
1182 157 1202 188 0.000315 9
893 136 939 175 0.000313 9
468 145 580 210 0.000311 9
69 173 80 199 0.000311 9
1056 184 1064 198 0.000311 9
247 163 257 175 0.000307 9
1137 341 1187 407 0.000305 9
782 115 834 155 0.000301 9
254 95 269 128 0.000300 9
898 439 912 456 0.000299 9
1040 159 1055 188 0.000298 9
586 120 599 156 0.000298 9
1030 670 1041 685 0.000297 9
576 279 595 326 0.000296 9
592 64 641 105 0.000296 9
1193 356 1209 384 0.000295 9
1148 343 1202 392 0.000294 9
1099 127 1135 166 0.000294 9
688 119 707 176 0.000293 9
1209 164 1240 211 0.000292 9
1165 369 1189 394 0.000292 9
309 110 324 159 0.000292 9
822 135 943 172 0.000286 9
1089 264 1098 270 0.000285 9
1118 683 1131 703 0.000285 9
1049 111 1079 149 0.000284 9
700 116 720 158 0.000282 9
1073 132 1101 173 0.000280 9
583 121 600 164 0.000280 9
566 143 581 176 0.000275 9
1044 151 1056 166 0.000274 9
1072 387 1079 405 0.000273 9
624 64 638 73 0.000271 9
591 161 603 179 0.000271 9
988 679 1027 703 0.000270 9
257 142 273 175 0.000270 9
1087 375 1102 402 0.000270 9
406 176 418 200 0.000268 9
1098 125 1112 159 0.000267 9
1187 350 1265 423 0.000266 9
45 325 57 344 0.000266 9
1007 682 1040 703 0.000263 9
1123 142 1136 153 0.000263 9
767 73 785 137 0.000262 9
1055 153 1064 168 0.000261 9
742 363 751 374 0.000260 9
687 118 712 152 0.000259 9
1071 676 1090 702 0.000258 9
1150 158 1198 186 0.000256 9
1214 366 1224 378 0.000254 9
735 423 779 458 0.000253 9
1006 614 1027 650 0.000253 9
432 170 447 184 0.000253 9
977 158 992 170 0.000252 9
1085 139 1132 182 0.000250 9
1231 389 1260 427 0.000249 9
175 186 183 204 0.000249 9
859 161 938 203 0.000249 9
662 300 680 350 0.000248 9
1037 156 1064 199 0.000246 9
701 121 719 156 0.000244 9
1072 152 1103 207 0.000244 9
587 129 601 165 0.000244 9
260 165 272 179 0.000243 9
214 161 225 176 0.000240 9
1036 658 1056 697 0.000239 9
817 681 840 703 0.000238 9
936 167 961 184 0.000238 9
1039 679 1056 697 0.000237 9
1150 152 1199 185 0.000237 9
1060 121 1105 200 0.000237 9
1127 375 1135 390 0.000235 9
964 136 991 167 0.000235 9
1137 164 1154 204 0.000235 9
826 135 839 154 0.000234 9
1197 147 1208 189 0.000234 9
564 138 581 164 0.000233 9
1088 665 1104 701 0.000233 9
308 109 328 165 0.000231 9
212 174 237 202 0.000230 9
95 155 110 177 0.000229 9
1108 143 1125 167 0.000229 9
664 315 680 347 0.000229 9
911 164 921 179 0.000227 9
1055 152 1063 164 0.000227 9
450 179 482 211 0.000227 9
594 64 633 93 0.000226 9
1202 158 1244 182 0.000225 9
700 126 716 166 0.000225 9
1263 407 1272 424 0.000224 9
983 667 993 681 0.000223 9
822 135 855 163 0.000223 9
787 138 813 156 0.000223 9
1089 679 1104 702 0.000223 9
95 151 111 176 0.000221 9
1210 342 1280 429 0.000219 9
902 136 938 153 0.000219 9
684 118 710 180 0.000218 9
671 167 690 215 0.000218 9
373 162 408 185 0.000216 9
567 137 581 175 0.000216 9
680 132 691 160 0.000216 9
972 167 990 205 0.000215 9
193 186 202 215 0.000215 9
350 151 371 197 0.000214 9
988 131 1011 184 0.000214 9
208 123 266 233 0.000213 9
806 145 858 171 0.000212 9
1140 342 1208 387 0.000211 9
1104 134 1137 167 0.000211 9
926 139 945 169 0.000210 9
959 132 995 162 0.000210 9
742 360 752 374 0.000209 9
808 541 816 558 0.000209 9
312 64 337 165 0.000209 9
1139 344 1186 360 0.000207 9
1211 153 1223 163 0.000206 9
159 65 178 93 0.000204 9
784 114 839 160 0.000203 9
256 67 268 99 0.000203 9
1139 377 1214 409 0.000202 9
808 168 816 192 0.000202 9
170 147 178 165 0.000201 9
1071 380 1087 403 0.000201 9
1056 671 1066 686 0.000201 9
980 142 993 164 0.000200 9
783 116 829 137 0.000199 9
527 625 538 642 0.000199 9
597 147 628 170 0.000199 9
1050 109 1071 138 0.000198 9
840 115 871 137 0.000198 9
860 678 872 697 0.000198 9
311 94 362 166 0.000195 9
238 161 254 183 0.000194 9
1203 151 1227 190 0.000194 9
1144 160 1172 185 0.000193 9
891 439 911 456 0.000193 9
574 64 597 100 0.000193 9
1081 357 1124 404 0.000193 9
914 150 935 182 0.000193 9
403 182 418 205 0.000191 9
704 124 720 155 0.000190 9
922 167 961 185 0.000190 9
832 679 845 702 0.000190 9
1087 674 1102 703 0.000189 9
1072 379 1089 408 0.000188 9
1103 364 1121 394 0.000186 9
1150 159 1188 218 0.000184 9
633 148 660 174 0.000183 9
1155 150 1203 187 0.000183 9
1114 142 1136 164 0.000182 9
17 157 25 178 0.000182 9
360 148 371 169 0.000181 9
543 159 577 175 0.000181 9
246 161 256 175 0.000180 9
609 149 658 185 0.000179 9
576 80 586 104 0.000179 9
119 64 160 88 0.000179 9
447 512 456 527 0.000179 9
1088 235 1103 270 0.000177 9
384 149 401 161 0.000177 9
1101 153 1139 184 0.000176 9
207 111 297 238 0.000175 9
1060 117 1139 184 0.000174 9
1075 345 1117 405 0.000173 9
16 157 26 183 0.000173 9
782 114 835 140 0.000173 9
1142 362 1197 408 0.000173 9
596 139 609 163 0.000172 9
936 583 944 600 0.000172 9
990 116 999 131 0.000171 9
1143 373 1156 393 0.000170 9
358 148 375 178 0.000169 9
255 74 272 128 0.000168 9
309 101 334 181 0.000168 9
1060 668 1072 682 0.000168 9
1118 679 1152 703 0.000168 9
783 121 805 137 0.000167 9
578 125 603 182 0.000167 9
415 171 445 204 0.000167 9
989 118 1001 158 0.000167 9
1076 121 1140 208 0.000166 9
759 534 769 565 0.000166 9
1183 380 1217 426 0.000166 9
1061 130 1104 190 0.000166 9
1013 130 1026 159 0.000165 9
1137 131 1203 193 0.000165 9
511 153 560 184 0.000165 9
922 144 967 186 0.000164 9
1136 353 1181 385 0.000163 9
596 135 606 146 0.000162 9
1135 381 1219 423 0.000162 9
1072 133 1091 168 0.000162 9
257 128 272 161 0.000162 9
679 150 690 188 0.000160 9
1179 403 1196 424 0.000159 9
828 416 847 441 0.000159 9
479 332 496 356 0.000159 9
1072 119 1107 175 0.000159 9
49 184 64 206 0.000158 9
314 124 345 178 0.000157 9
752 77 768 121 0.000157 9
969 119 986 131 0.000156 9
692 176 710 204 0.000156 9
1042 645 1057 697 0.000156 9
822 378 831 393 0.000155 9
680 143 690 164 0.000155 9
32 533 48 565 0.000155 9
1176 615 1182 622 0.000154 9
208 66 227 87 0.000154 9
776 511 784 523 0.000154 9
66 167 81 181 0.000153 9
367 164 408 187 0.000153 9
1184 149 1213 188 0.000153 9
575 81 583 98 0.000153 9
1055 126 1113 222 0.000152 9
1107 161 1139 185 0.000152 9
255 88 272 128 0.000152 9
578 64 598 105 0.000152 9
687 141 709 185 0.000151 9
313 64 356 170 0.000151 9
1150 586 1168 632 0.000150 9
977 138 993 162 0.000149 9
856 692 874 703 0.000148 9
1022 157 1041 169 0.000148 9
1016 167 1033 189 0.000148 9
766 99 785 152 0.000147 9
463 187 480 214 0.000147 9
959 157 991 170 0.000147 9
416 174 426 204 0.000146 9
958 159 993 189 0.000145 9
0 511 49 566 0.000144 9
1083 374 1105 404 0.000144 9
1013 156 1043 186 0.000144 9
799 536 807 543 0.000143 9
256 162 267 182 0.000142 9
1086 646 1104 702 0.000142 9
845 678 858 698 0.000142 9
1140 389 1197 409 0.000141 9
897 439 913 459 0.000141 9
998 137 1011 210 0.000141 9
579 64 599 114 0.000141 9
575 80 584 106 0.000140 9
1055 390 1064 404 0.000139 9
380 148 401 161 0.000139 9
1140 368 1175 409 0.000139 9
261 179 272 197 0.000139 9
685 118 706 146 0.000139 9
852 694 870 703 0.000136 9
970 122 983 136 0.000135 9
478 631 496 664 0.000135 9
1143 135 1202 188 0.000134 9
222 182 240 200 0.000134 9
996 649 1026 702 0.000133 9
1019 677 1040 703 0.000133 9
83 158 110 204 0.000132 9
1048 109 1085 158 0.000132 9
585 119 598 135 0.000131 9
1040 177 1063 200 0.000130 9
1040 183 1052 200 0.000130 9
680 122 691 164 0.000129 9
1052 391 1065 414 0.000129 9
875 116 925 144 0.000128 9
443 159 485 215 0.000128 9
432 171 446 202 0.000128 9
583 159 607 186 0.000127 9
1101 156 1156 187 0.000127 9
206 142 266 223 0.000126 9
218 164 247 189 0.000126 9
1226 163 1248 199 0.000126 9
969 177 979 195 0.000126 9
825 135 922 155 0.000125 9
468 177 487 206 0.000124 9
1169 149 1190 171 0.000123 9
1122 363 1136 389 0.000123 9
1008 156 1059 186 0.000122 9
782 113 846 148 0.000122 9
1106 360 1121 394 0.000122 9
259 170 272 193 0.000122 9
959 121 997 163 0.000121 9
717 116 732 129 0.000121 9
991 669 1002 698 0.000121 9
766 133 801 154 0.000121 9
764 125 823 155 0.000120 9
258 138 320 160 0.000120 9
17 166 26 184 0.000120 9
750 544 760 569 0.000120 9
254 95 272 128 0.000119 9
763 133 812 154 0.000119 9
575 278 596 317 0.000118 9
164 64 203 99 0.000118 9
543 673 553 703 0.000118 9
847 254 864 338 0.000117 9
1033 106 1118 249 0.000117 9
63 151 79 168 0.000117 9
1152 94 1203 137 0.000117 9
1119 366 1136 391 0.000117 9
923 139 963 180 0.000116 9
596 137 631 172 0.000116 9
960 158 983 169 0.000115 9
446 142 497 172 0.000115 9
1015 337 1024 351 0.000114 9
1006 159 1053 203 0.000114 9
904 673 913 681 0.000114 9
1029 146 1058 170 0.000114 9
749 363 759 375 0.000114 9
1011 660 1024 691 0.000114 9
799 537 808 555 0.000113 9
208 66 253 89 0.000113 9
767 133 794 153 0.000112 9
1132 155 1177 186 0.000112 9
1204 126 1234 186 0.000112 9
830 416 846 433 0.000111 9
599 154 631 185 0.000111 9
1142 629 1168 681 0.000111 9
622 104 640 121 0.000111 9
64 148 80 177 0.000111 9
190 179 231 230 0.000110 9
879 670 887 683 0.000110 9
1058 105 1076 132 0.000110 9
879 677 889 694 0.000110 9
1135 133 1206 181 0.000109 9
1071 157 1097 205 0.000109 9
325 96 340 129 0.000108 9
191 171 232 204 0.000108 9
805 362 817 392 0.000107 9
856 110 870 130 0.000107 9
703 81 721 94 0.000106 9
714 64 754 123 0.000105 9
99 177 109 201 0.000105 9
780 137 815 155 0.000105 9
596 289 608 329 0.000105 9
185 178 233 221 0.000104 9
760 133 824 154 0.000103 9
748 543 761 568 0.000103 9
1033 103 1109 238 0.000103 9
228 130 241 145 0.000103 9
316 65 362 145 0.000103 9
887 667 897 680 0.000102 9
999 181 1009 209 0.000102 9
992 116 1007 135 0.000102 9
362 150 409 186 0.000102 9
702 126 720 157 0.000101 9
849 166 879 211 0.000101 9
830 415 847 439 0.000101 9
853 671 870 691 0.000100 9
971 163 995 208 0.000100 9
1051 110 1083 147 0.008753 11
516 191 527 202 0.007002 11
1180 191 1198 216 0.006160 11
1179 187 1201 216 0.003488 11
1179 174 1201 217 0.003414 11
531 249 593 281 0.000324 11
