687 196 717 286 0.816480 0
1102 200 1162 341 0.798840 0
1147 192 1171 254 0.738768 0
876 189 903 262 0.666363 0
493 191 516 247 0.557250 0
486 191 517 252 0.362432 0
1066 195 1088 250 0.194372 0
251 200 265 241 0.192341 0
1062 194 1089 253 0.186590 0
879 190 906 247 0.125057 0
1216 191 1227 232 0.064474 0
718 210 728 234 0.059478 0
876 205 902 263 0.055929 0
633 202 643 216 0.046585 0
784 197 793 215 0.045556 0
493 190 512 243 0.042679 0
717 201 728 234 0.041473 0
911 448 928 486 0.038610 0
248 200 265 241 0.032405 0
1163 213 1178 251 0.029095 0
1216 191 1226 214 0.028362 0
438 193 447 205 0.027866 0
1057 215 1083 257 0.022471 0
497 203 516 242 0.022246 0
847 202 863 242 0.020757 0
1069 210 1090 248 0.020204 0
864 438 880 477 0.020025 0
464 200 478 250 0.019190 0
1038 197 1051 230 0.019189 0
784 194 794 214 0.018637 0
495 195 517 239 0.018570 0
515 190 527 214 0.018515 0
1038 202 1050 230 0.018199 0
1068 194 1084 220 0.017461 0
510 199 518 217 0.016540 0
789 329 809 344 0.016462 0
846 202 859 242 0.016333 0
1070 196 1086 221 0.015787 0
252 202 266 246 0.015680 0
1000 384 1009 399 0.014409 0
847 200 857 224 0.013664 0
925 202 946 252 0.013247 0
496 196 516 220 0.013164 0
632 201 648 216 0.012879 0
956 368 978 459 0.012546 0
247 198 261 237 0.012247 0
213 192 224 230 0.011835 0
951 361 982 485 0.011604 0
738 201 744 214 0.011446 0
846 203 856 241 0.011405 0
862 425 884 479 0.011243 0
884 202 907 252 0.010933 0
718 196 729 234 0.009964 0
1208 194 1216 214 0.009902 0
1065 194 1085 221 0.009884 0
1211 190 1229 266 0.009591 0
951 363 981 466 0.009289 0
495 190 515 220 0.009161 0
1072 485 1080 502 0.009120 0
839 469 848 479 0.008900 0
512 191 523 205 0.008879 0
957 370 979 426 0.008854 0
847 199 865 240 0.008853 0
515 190 528 229 0.008831 0
712 211 727 242 0.008785 0
846 210 856 242 0.008761 0
863 439 876 457 0.008467 0
1241 197 1254 233 0.007937 0
803 184 816 216 0.007890 0
999 383 1021 400 0.007681 0
716 214 725 245 0.007529 0
513 189 530 245 0.007450 0
910 442 929 486 0.007403 0
639 199 653 216 0.007207 0
846 204 855 223 0.007061 0
804 184 815 209 0.007047 0
831 470 840 480 0.006934 0
484 202 511 249 0.006744 0
885 190 904 224 0.006725 0
670 207 678 230 0.006723 0
1015 383 1024 400 0.006663 0
1060 214 1079 252 0.006503 0
956 367 987 424 0.006348 0
831 465 840 476 0.006315 0
213 191 226 238 0.006205 0
1015 386 1022 400 0.006118 0
1072 487 1080 503 0.006086 0
958 368 985 415 0.005995 0
713 207 728 236 0.005977 0
874 189 907 266 0.005958 0
876 192 900 248 0.005954 0
1211 207 1228 266 0.005861 0
1112 194 1120 202 0.005733 0
1016 203 1024 225 0.005686 0
516 190 528 206 0.005656 0
1164 213 1183 253 0.005648 0
933 347 982 471 0.005648 0
437 192 449 221 0.005618 0
937 204 944 216 0.005382 0
914 473 928 487 0.005351 0
1037 187 1051 228 0.005236 0
213 195 223 227 0.005100 0
242 200 265 241 0.005064 0
243 205 254 240 0.004980 0
784 197 794 219 0.004965 0
1087 192 1094 209 0.004958 0
1071 456 1094 471 0.004954 0
1055 487 1066 497 0.004931 0
503 190 528 243 0.004872 0
1242 197 1256 233 0.004844 0
607 201 616 215 0.004811 0
838 465 848 478 0.004736 0
889 414 923 478 0.004502 0
1134 446 1142 463 0.004452 0
957 375 976 464 0.004416 0
895 416 905 440 0.004407 0
465 196 481 252 0.004331 0
1127 446 1136 468 0.004284 0
1063 193 1100 255 0.004155 0
1108 209 1160 266 0.004134 0
632 202 646 221 0.004086 0
1137 446 1143 457 0.004068 0
895 415 905 428 0.003984 0
865 434 891 481 0.003929 0
1081 193 1089 208 0.003906 0
471 197 480 216 0.003882 0
319 203 331 231 0.003876 0
716 214 727 237 0.003864 0
1038 193 1053 229 0.003841 0
346 186 353 199 0.003837 0
883 189 901 221 0.003779 0
1271 199 1279 236 0.003704 0
1207 504 1216 512 0.003702 0
878 437 899 486 0.003692 0
242 197 253 239 0.003682 0
879 415 935 486 0.003638 0
225 183 232 199 0.003614 0
947 353 989 473 0.003606 0
1009 209 1024 229 0.003566 0
930 438 944 459 0.003527 0
1169 456 1184 472 0.003515 0
464 197 472 216 0.003506 0
1075 439 1086 455 0.003485 0
802 184 815 221 0.003368 0
891 414 915 457 0.003341 0
490 189 526 224 0.003300 0
894 414 914 444 0.003298 0
877 190 901 228 0.003222 0
1072 462 1080 471 0.003217 0
1237 197 1256 233 0.003211 0
830 469 847 522 0.003183 0
550 202 561 216 0.003179 0
789 328 811 391 0.003163 0
7 64 340 218 0.003144 0
242 197 250 218 0.003142 0
1200 503 1209 512 0.003097 0
953 368 994 445 0.003084 0
216 186 224 204 0.003080 0
1127 446 1136 463 0.003075 0
1006 383 1024 422 0.003039 0
926 444 933 456 0.003021 0
883 415 916 457 0.003021 0
465 200 474 219 0.002997 0
1153 191 1169 217 0.002974 0
1153 216 1173 252 0.002936 0
831 473 848 513 0.002905 0
741 199 746 214 0.002902 0
1093 455 1105 471 0.002890 0
1272 200 1279 242 0.002826 0
551 200 562 216 0.002812 0
0 64 70 216 0.002804 0
1176 495 1185 511 0.002800 0
480 188 494 210 0.002773 0
645 192 654 208 0.002754 0
814 328 844 344 0.002746 0
895 416 905 449 0.002731 0
1046 484 1057 497 0.002725 0
878 437 888 457 0.002691 0
639 688 671 703 0.002680 0
242 203 251 239 0.002670 0
1073 424 1082 439 0.002571 0
628 190 637 201 0.002571 0
832 467 849 479 0.002539 0
879 440 889 457 0.002514 0
996 382 1023 422 0.002509 0
862 432 872 451 0.002507 0
252 198 267 241 0.002505 0
1039 454 1048 464 0.002487 0
790 329 816 344 0.002451 0
1094 453 1105 471 0.002425 0
881 416 911 458 0.002417 0
951 359 989 455 0.002415 0
464 197 481 277 0.002409 0
687 198 698 216 0.002399 0
433 192 447 205 0.002379 0
784 196 794 232 0.002378 0
241 215 252 240 0.002363 0
1111 194 1121 207 0.002351 0
478 194 494 217 0.002327 0
1072 439 1087 456 0.002318 0
933 436 944 455 0.002317 0
470 203 479 216 0.002310 0
1150 99 1165 135 0.002284 0
213 185 231 233 0.002266 0
1151 440 1159 451 0.002260 0
1095 440 1104 457 0.002259 0
1076 435 1083 443 0.002221 0
692 190 702 200 0.002210 0
847 463 857 475 0.002166 0
853 463 864 475 0.002147 0
1182 344 1195 387 0.002117 0
1147 192 1167 226 0.002093 0
1231 459 1240 471 0.002086 0
983 205 994 227 0.002048 0
1083 191 1099 240 0.002030 0
1152 196 1181 254 0.002027 0
1123 438 1146 471 0.002009 0
386 198 396 206 0.001990 0
1151 442 1163 462 0.001959 0
1272 199 1279 259 0.001958 0
1173 213 1202 252 0.001950 0
790 328 829 344 0.001949 0
863 413 930 486 0.001948 0
801 184 816 234 0.001944 0
1211 204 1232 266 0.001933 0
815 472 825 478 0.001918 0
1074 443 1088 456 0.001917 0
879 441 897 485 0.001915 0
728 205 737 219 0.001909 0
1182 222 1201 264 0.001905 0
1117 440 1130 471 0.001901 0
1178 344 1191 359 0.001900 0
1166 213 1186 246 0.001884 0
1047 481 1056 490 0.001871 0
253 202 271 240 0.001870 0
883 463 896 487 0.001857 0
265 198 273 233 0.001856 0
930 345 986 458 0.001851 0
924 203 955 253 0.001849 0
1151 448 1160 469 0.001839 0
367 208 376 221 0.001833 0
785 326 817 393 0.001830 0
916 191 950 252 0.001828 0
783 328 809 344 0.001818 0
942 370 978 460 0.001813 0
1073 425 1081 441 0.001781 0
911 447 927 473 0.001774 0
1180 344 1195 358 0.001763 0
689 192 700 210 0.001759 0
1046 410 1056 423 0.001755 0
1218 193 1257 233 0.001750 0
884 318 896 343 0.001739 0
956 387 975 459 0.001737 0
878 431 889 455 0.001727 0
367 208 376 231 0.001724 0
242 196 255 230 0.001697 0
1178 215 1201 261 0.001695 0
1071 445 1083 456 0.001692 0
751 463 762 472 0.001689 0
1212 247 1226 266 0.001687 0
823 458 833 473 0.001687 0
334 183 343 199 0.001675 0
1176 494 1185 505 0.001660 0
860 353 1017 487 0.001643 0
1072 482 1080 499 0.001640 0
1209 251 1226 266 0.001633 0
1209 214 1234 266 0.001633 0
1088 192 1103 231 0.001616 0
1102 201 1164 265 0.001612 0
893 423 904 456 0.001603 0
725 205 736 234 0.001581 0
1009 429 1015 440 0.001570 0
349 187 357 199 0.001562 0
1 64 206 214 0.001560 0
560 201 569 215 0.001555 0
942 363 980 450 0.001553 0
684 201 692 217 0.001526 0
1024 449 1041 464 0.001495 0
926 438 934 455 0.001490 0
1110 193 1120 203 0.001471 0
866 209 874 228 0.001456 0
1149 446 1167 475 0.001449 0
895 415 921 449 0.001442 0
512 182 526 203 0.001441 0
1057 216 1069 242 0.001434 0
1077 427 1086 442 0.001428 0
1147 195 1161 246 0.001416 0
821 470 832 478 0.001413 0
465 194 481 232 0.001398 0
250 211 271 243 0.001397 0
1183 348 1193 383 0.001397 0
1180 344 1195 366 0.001391 0
1271 195 1279 267 0.001391 0
889 439 904 456 0.001386 0
1023 447 1040 464 0.001370 0
575 383 592 436 0.001366 0
1134 439 1144 464 0.001361 0
831 415 849 451 0.001354 0
1150 447 1164 476 0.001349 0
909 448 944 486 0.001347 0
989 206 997 226 0.001340 0
481 188 496 205 0.001330 0
886 318 894 338 0.001327 0
864 429 937 485 0.001323 0
1231 458 1240 469 0.001320 0
784 197 797 215 0.001309 0
1192 212 1201 227 0.001305 0
1126 445 1137 473 0.001300 0
863 414 881 466 0.001296 0
1144 194 1183 246 0.001295 0
882 437 904 456 0.001272 0
893 417 928 458 0.001265 0
895 413 919 443 0.001260 0
991 378 1023 444 0.001251 0
991 215 997 225 0.001248 0
1042 420 1056 452 0.001245 0
1141 442 1152 462 0.001240 0
1007 455 1025 468 0.001236 0
1109 205 1122 229 0.001231 0
1043 412 1056 439 0.001222 0
935 427 944 444 0.001222 0
1146 219 1160 249 0.001217 0
882 441 900 456 0.001210 0
1145 191 1199 256 0.001210 0
556 196 574 215 0.001197 0
956 397 976 466 0.001197 0
991 372 1011 407 0.001186 0
1186 356 1212 415 0.001185 0
1238 456 1262 471 0.001181 0
1151 446 1166 457 0.001179 0
902 414 913 425 0.001171 0
740 200 746 221 0.001170 0
1198 496 1212 506 0.001164 0
788 322 817 345 0.001157 0
1111 440 1121 459 0.001150 0
757 201 768 231 0.001150 0
1191 497 1200 504 0.001147 0
925 418 940 456 0.001145 0
688 199 706 218 0.001145 0
633 191 655 215 0.001144 0
242 204 267 247 0.001143 0
974 368 995 422 0.001139 0
920 206 935 247 0.001132 0
784 192 798 216 0.001130 0
973 374 1024 425 0.001123 0
331 185 343 199 0.001112 0
1146 192 1165 220 0.001109 0
1160 194 1175 231 0.001108 0
886 471 896 492 0.001100 0
1118 441 1129 469 0.001098 0
880 318 887 340 0.001094 0
1244 459 1260 472 0.001094 0
80 64 341 211 0.001087 0
824 205 856 241 0.001087 0
895 154 908 177 0.001075 0
1076 189 1102 244 0.001075 0
500 181 535 218 0.001073 0
1184 354 1211 409 0.001073 0
1090 193 1102 214 0.001067 0
926 423 940 456 0.001066 0
1231 467 1244 484 0.001064 0
626 190 635 200 0.001052 0
841 202 856 240 0.001048 0
982 201 994 226 0.001046 0
878 444 897 481 0.001034 0
199 211 208 226 0.001033 0
1111 451 1122 471 0.001031 0
210 195 224 229 0.001029 0
934 419 945 442 0.001024 0
781 195 794 237 0.001018 0
1 64 150 220 0.001012 0
1126 497 1137 509 0.001012 0
935 455 942 464 0.001005 0
879 318 887 343 0.001003 0
209 192 225 230 0.001002 0
873 321 881 342 0.000999 0
739 200 749 215 0.000996 0
574 367 592 437 0.000995 0
1037 446 1049 464 0.000989 0
866 334 883 343 0.000986 0
572 390 609 438 0.000986 0
967 456 976 462 0.000981 0
1182 343 1210 397 0.000975 0
663 293 682 348 0.000975 0
315 64 427 225 0.000964 0
758 201 768 228 0.000963 0
0 64 24 212 0.000960 0
865 209 876 235 0.000959 0
574 364 626 439 0.000959 0
951 456 960 464 0.000950 0
918 204 941 251 0.000944 0
787 315 811 345 0.000944 0
1038 422 1047 437 0.000944 0
988 369 1016 423 0.000943 0
718 207 736 235 0.000943 0
818 328 847 345 0.000942 0
947 390 976 458 0.000929 0
864 211 880 241 0.000927 0
1247 471 1264 484 0.000914 0
1183 353 1216 417 0.000914 0
1004 381 1023 434 0.000910 0
654 199 662 216 0.000908 0
1202 496 1216 505 0.000905 0
1211 193 1273 267 0.000903 0
1111 463 1124 473 0.000898 0
861 420 880 449 0.000898 0
1139 440 1153 457 0.000897 0
1134 446 1145 473 0.000896 0
1089 206 1104 234 0.000895 0
1184 501 1201 513 0.000895 0
1177 344 1194 361 0.000893 0
1172 485 1185 504 0.000892 0
973 209 985 231 0.000892 0
1152 211 1179 254 0.000868 0
1039 426 1047 440 0.000866 0
430 216 439 228 0.000864 0
910 436 931 456 0.000862 0
1183 348 1193 391 0.000861 0
31 513 48 567 0.000860 0
244 209 279 263 0.000860 0
1008 422 1022 440 0.000852 0
481 197 497 231 0.000850 0
568 385 609 447 0.000849 0
224 184 233 204 0.000843 0
814 277 849 344 0.000837 0
1202 255 1225 266 0.000836 0
974 206 984 222 0.000833 0
463 208 479 272 0.000831 0
1111 441 1122 467 0.000831 0
1108 222 1160 291 0.000819 0
1014 423 1024 438 0.000815 0
1093 439 1114 460 0.000810 0
1180 343 1198 358 0.000806 0
111 202 120 234 0.000805 0
915 423 928 453 0.000802 0
808 209 827 238 0.000794 0
1141 391 1152 408 0.000793 0
998 374 1023 400 0.000793 0
1015 444 1025 461 0.000788 0
184 197 191 206 0.000779 0
1201 189 1215 217 0.000778 0
1167 456 1185 476 0.000776 0
1039 410 1048 426 0.000770 0
882 324 897 344 0.000768 0
863 335 874 343 0.000768 0
213 187 239 244 0.000766 0
639 676 672 703 0.000761 0
574 369 610 437 0.000759 0
157 64 269 239 0.000757 0
1113 463 1128 473 0.000750 0
926 359 1011 487 0.000749 0
879 336 886 343 0.000743 0
1075 424 1087 440 0.000742 0
1013 402 1023 423 0.000737 0
313 64 484 320 0.000731 0
929 200 953 214 0.000730 0
1105 606 1111 614 0.000730 0
1258 200 1279 268 0.000730 0
1007 446 1023 466 0.000724 0
328 64 434 218 0.000723 0
128 64 335 236 0.000721 0
534 205 547 220 0.000721 0
894 407 914 435 0.000720 0
814 308 847 344 0.000718 0
272 190 293 239 0.000717 0
1233 469 1248 488 0.000716 0
857 399 863 411 0.000713 0
1208 249 1235 267 0.000712 0
1138 449 1152 468 0.000709 0
1001 431 1008 440 0.000708 0
0 64 32 213 0.000708 0
1237 457 1259 472 0.000706 0
156 64 355 216 0.000705 0
313 64 497 221 0.000703 0
1205 254 1226 273 0.000702 0
1087 189 1103 208 0.000701 0
814 440 824 455 0.000696 0
1031 494 1039 503 0.000694 0
1037 187 1056 229 0.000694 0
959 455 969 464 0.000691 0
959 432 968 455 0.000688 0
898 407 913 425 0.000684 0
779 326 820 391 0.000681 0
816 441 824 455 0.000679 0
268 186 279 209 0.000677 0
873 317 883 338 0.000676 0
303 67 440 242 0.000672 0
333 64 459 216 0.000671 0
1072 505 1081 512 0.000671 0
919 423 926 434 0.000660 0
0 64 343 367 0.000657 0
884 412 911 452 0.000656 0
1013 424 1025 441 0.000653 0
429 222 439 239 0.000652 0
909 456 938 486 0.000650 0
785 196 800 233 0.000650 0
0 155 7 203 0.000650 0
681 199 688 216 0.000646 0
495 181 513 201 0.000644 0
1040 425 1056 459 0.000643 0
886 476 896 495 0.000641 0
1039 439 1049 454 0.000641 0
924 454 944 484 0.000641 0
1179 176 1243 264 0.000639 0
998 360 1024 403 0.000638 0
868 289 910 342 0.000637 0
1166 343 1197 391 0.000635 0
1232 456 1261 471 0.000635 0
1032 421 1041 441 0.000634 0
877 154 893 174 0.000632 0
919 688 928 703 0.000631 0
1023 481 1032 492 0.000627 0
376 186 385 201 0.000626 0
1008 454 1025 469 0.000626 0
833 408 930 484 0.000624 0
273 190 288 237 0.000623 0
799 440 816 455 0.000623 0
1038 477 1067 499 0.000622 0
990 381 1011 422 0.000620 0
1020 447 1038 463 0.000615 0
1181 210 1196 230 0.000612 0
1071 442 1095 470 0.000612 0
159 64 262 215 0.000611 0
669 205 689 231 0.000609 0
801 440 816 456 0.000609 0
519 197 542 246 0.000607 0
655 674 672 703 0.000606 0
582 391 609 433 0.000601 0
103 249 129 264 0.000594 0
214 194 244 264 0.000591 0
789 329 810 353 0.000590 0
1216 496 1232 507 0.000589 0
751 201 764 231 0.000589 0
184 193 191 206 0.000581 0
911 186 952 248 0.000580 0
1231 469 1257 504 0.000577 0
1176 377 1184 391 0.000577 0
222 376 240 408 0.000577 0
1020 196 1082 251 0.000576 0
317 64 369 182 0.000575 0
1174 348 1213 416 0.000571 0
1121 64 1153 77 0.000571 0
1133 427 1143 440 0.000567 0
462 198 481 304 0.000566 0
317 65 469 358 0.000565 0
1111 200 1138 233 0.000562 0
268 193 279 211 0.000562 0
751 456 769 472 0.000560 0
1177 176 1208 259 0.000557 0
907 335 921 346 0.000556 0
896 324 904 343 0.000555 0
1054 199 1087 243 0.000554 0
711 193 730 235 0.000554 0
847 426 857 448 0.000549 0
942 371 978 419 0.000545 0
1200 191 1213 217 0.000543 0
1097 398 1103 407 0.000543 0
904 198 936 252 0.000539 0
268 191 282 235 0.000537 0
833 417 857 453 0.000536 0
902 199 935 270 0.000535 0
574 354 594 439 0.000534 0
346 181 357 199 0.000532 0
155 64 376 244 0.000524 0
1213 64 1234 127 0.000523 0
1153 457 1168 479 0.000523 0
665 181 673 216 0.000523 0
1160 502 1172 511 0.000522 0
943 362 956 429 0.000518 0
1007 427 1026 461 0.000518 0
984 215 1007 245 0.000513 0
799 452 831 472 0.000508 0
325 231 335 249 0.000505 0
950 420 970 458 0.000505 0
326 64 675 229 0.000500 0
436 202 449 222 0.000499 0
1112 202 1135 230 0.000496 0
1236 478 1251 496 0.000496 0
0 64 46 213 0.000495 0
1196 191 1216 224 0.000490 0
222 208 245 263 0.000485 0
383 184 396 205 0.000483 0
1119 64 1135 77 0.000483 0
968 237 985 257 0.000482 0
1030 425 1039 442 0.000479 0
2 65 399 393 0.000479 0
863 326 879 343 0.000478 0
932 415 944 432 0.000477 0
1 64 344 305 0.000476 0
749 202 760 222 0.000474 0
811 194 859 238 0.000473 0
1208 508 1216 518 0.000470 0
454 200 478 250 0.000470 0
1247 470 1267 485 0.000469 0
202 390 224 409 0.000469 0
1185 456 1207 473 0.000469 0
1072 334 1091 405 0.000460 0
926 411 942 454 0.000459 0
0 64 66 370 0.000458 0
877 455 896 493 0.000457 0
662 424 671 436 0.000457 0
785 327 839 391 0.000456 0
1156 192 1174 223 0.000454 0
1145 439 1167 457 0.000451 0
576 588 585 617 0.000449 0
215 373 240 409 0.000448 0
134 411 144 430 0.000448 0
1166 471 1185 497 0.000445 0
1108 491 1120 509 0.000443 0
194 187 201 201 0.000443 0
1103 443 1162 471 0.000440 0
240 198 270 264 0.000439 0
1250 215 1264 233 0.000437 0
1199 456 1207 471 0.000436 0
1016 447 1043 463 0.000436 0
1109 201 1141 237 0.000436 0
0 68 19 212 0.000434 0
1263 64 1279 168 0.000433 0
914 200 942 249 0.000433 0
1214 495 1228 504 0.000430 0
756 200 769 216 0.000430 0
682 203 689 218 0.000429 0
1094 496 1117 534 0.000427 0
589 390 608 429 0.000426 0
1087 440 1114 469 0.000424 0
815 409 833 446 0.000423 0
415 248 420 269 0.000423 0
666 207 677 227 0.000422 0
578 589 593 615 0.000422 0
629 664 672 703 0.000421 0
989 194 1008 225 0.000419 0
1023 423 1035 440 0.000419 0
611 446 624 462 0.000418 0
4 511 48 567 0.000418 0
1191 458 1200 473 0.000418 0
889 448 930 487 0.000415 0
923 202 969 254 0.000414 0
815 418 833 455 0.000412 0
609 455 624 465 0.000410 0
894 459 908 484 0.000403 0
219 214 243 264 0.000400 0
574 359 613 435 0.000400 0
767 197 782 228 0.000399 0
1184 444 1192 456 0.000397 0
1080 405 1087 414 0.000395 0
1184 168 1247 228 0.000393 0
204 196 224 229 0.000393 0
311 64 368 198 0.000392 0
903 335 922 346 0.000391 0
653 199 662 217 0.000390 0
1250 210 1269 234 0.000389 0
214 174 328 382 0.000388 0
831 496 847 528 0.000388 0
959 433 968 461 0.000388 0
814 270 845 345 0.000387 0
1119 395 1127 411 0.000385 0
1062 422 1072 436 0.000384 0
751 424 777 445 0.000381 0
895 327 903 343 0.000381 0
911 270 928 312 0.000380 0
892 185 952 248 0.000379 0
432 192 449 226 0.000379 0
79 64 347 268 0.000376 0
339 71 504 221 0.000375 0
1029 481 1048 496 0.000373 0
240 186 250 216 0.000373 0
576 392 593 441 0.000372 0
895 263 915 296 0.000371 0
1039 470 1059 498 0.000371 0
415 640 426 679 0.000370 0
953 371 1002 430 0.000370 0
782 421 801 450 0.000368 0
3 64 521 391 0.000368 0
862 406 881 456 0.000367 0
856 230 878 280 0.000366 0
672 423 689 438 0.000366 0
1075 393 1088 411 0.000365 0
991 397 1003 437 0.000365 0
1095 188 1178 256 0.000364 0
246 194 255 212 0.000362 0
646 404 657 424 0.000362 0
1063 415 1072 423 0.000362 0
1182 455 1196 472 0.000361 0
930 201 954 225 0.000360 0
1073 334 1092 385 0.000360 0
576 64 654 218 0.000359 0
666 207 679 230 0.000358 0
152 64 395 204 0.000356 0
578 389 608 429 0.000354 0
1015 319 1039 344 0.000353 0
567 64 662 206 0.000350 0
1169 441 1184 459 0.000350 0
1033 412 1040 425 0.000350 0
1024 426 1031 441 0.000350 0
1215 454 1223 470 0.000349 0
681 384 688 394 0.000346 0
255 64 358 200 0.000346 0
335 551 344 584 0.000345 0
335 64 435 194 0.000344 0
657 669 672 703 0.000343 0
730 323 744 339 0.000342 0
1039 408 1052 423 0.000341 0
30 231 49 295 0.000341 0
1165 347 1185 392 0.000340 0
856 226 876 270 0.000340 0
208 399 224 457 0.000340 0
1221 472 1232 484 0.000340 0
544 64 651 218 0.000338 0
367 90 501 227 0.000337 0
385 90 498 214 0.000337 0
935 412 967 458 0.000336 0
882 342 1000 478 0.000336 0
1214 64 1233 116 0.000336 0
1071 335 1089 387 0.000335 0
1108 200 1137 230 0.000334 0
254 65 340 214 0.000333 0
1036 362 1052 410 0.000332 0
1027 370 1043 409 0.000332 0
0 64 81 314 0.000332 0
365 207 378 232 0.000330 0
1027 375 1042 408 0.000329 0
857 232 871 267 0.000329 0
917 344 994 454 0.000327 0
614 424 624 434 0.000327 0
584 661 672 703 0.000327 0
1168 388 1180 423 0.000326 0
207 397 224 448 0.000326 0
1073 384 1088 408 0.000325 0
1039 322 1056 335 0.000325 0
1120 396 1128 423 0.000324 0
272 184 291 236 0.000324 0
358 86 507 248 0.000321 0
363 201 383 221 0.000321 0
905 467 944 487 0.000320 0
1071 389 1082 407 0.000320 0
1263 366 1279 499 0.000320 0
209 183 223 222 0.000319 0
302 64 471 212 0.000319 0
1077 334 1095 360 0.000317 0
1039 500 1049 521 0.000316 0
906 335 923 350 0.000316 0
1054 420 1075 465 0.000315 0
799 424 813 446 0.000314 0
983 447 992 455 0.000313 0
0 391 32 419 0.000312 0
151 64 260 186 0.000311 0
799 421 819 453 0.000311 0
718 191 728 230 0.000310 0
1038 376 1049 408 0.000310 0
815 406 833 440 0.000310 0
623 685 671 703 0.000309 0
1176 343 1213 391 0.000309 0
994 421 1011 440 0.000309 0
583 64 672 223 0.000308 0
846 179 899 239 0.000307 0
1151 392 1158 404 0.000307 0
648 409 657 424 0.000306 0
318 64 376 191 0.000306 0
822 305 848 343 0.000306 0
688 207 702 247 0.000305 0
826 278 850 341 0.000305 0
66 64 130 198 0.000305 0
896 439 918 459 0.000304 0
866 310 909 344 0.000304 0
787 327 831 361 0.000302 0
1222 452 1232 471 0.000301 0
192 369 240 411 0.000301 0
767 202 779 228 0.000301 0
1260 178 1279 237 0.000301 0
931 458 944 484 0.000299 0
1016 441 1024 450 0.000298 0
825 279 849 311 0.000297 0
464 191 480 216 0.000297 0
946 369 1026 456 0.000296 0
1055 197 1065 222 0.000296 0
306 64 608 360 0.000293 0
1058 424 1072 442 0.000293 0
1166 370 1182 392 0.000293 0
771 326 815 361 0.000293 0
465 366 684 460 0.000292 0
215 185 240 234 0.000289 0
936 363 1023 424 0.000286 0
925 454 939 464 0.000286 0
155 71 210 230 0.000286 0
913 328 928 348 0.000285 0
911 408 929 449 0.000285 0
1021 382 1029 393 0.000285 0
615 357 624 375 0.000284 0
254 65 328 175 0.000284 0
274 190 288 247 0.000283 0
576 427 592 457 0.000280 0
1047 456 1055 465 0.000277 0
1089 441 1167 476 0.000277 0
1216 445 1225 456 0.000276 0
943 397 956 431 0.000275 0
802 206 846 240 0.000275 0
255 65 344 244 0.000275 0
581 364 638 435 0.000274 0
848 395 857 409 0.000274 0
605 361 624 376 0.000273 0
857 404 863 414 0.000273 0
1041 439 1055 464 0.000271 0
893 451 930 488 0.000270 0
227 213 279 264 0.000269 0
1014 381 1034 407 0.000269 0
911 268 928 341 0.000268 0
853 231 877 292 0.000268 0
766 197 789 235 0.000268 0
862 406 881 445 0.000267 0
1045 278 1059 312 0.000264 0
308 151 341 228 0.000263 0
689 233 712 284 0.000263 0
1214 457 1240 472 0.000263 0
1061 121 1280 287 0.000263 0
847 437 857 451 0.000263 0
798 411 834 450 0.000263 0
720 322 744 358 0.000262 0
654 666 672 704 0.000262 0
1198 382 1214 425 0.000262 0
128 64 544 255 0.000262 0
316 64 429 191 0.000260 0
765 420 797 441 0.000260 0
1101 421 1114 440 0.000260 0
1119 387 1130 413 0.000260 0
1157 426 1167 440 0.000260 0
782 419 801 442 0.000259 0
849 196 906 279 0.000257 0
269 235 290 294 0.000255 0
819 278 849 312 0.000255 0
98 64 454 284 0.000254 0
1118 301 1172 389 0.000253 0
930 422 966 456 0.000253 0
105 67 211 222 0.000252 0
1015 477 1024 488 0.000251 0
774 265 847 345 0.000251 0
529 258 624 442 0.000251 0
664 207 680 231 0.000250 0
1135 390 1151 408 0.000250 0
1041 140 1117 255 0.000250 0
1056 229 1084 287 0.000250 0
597 364 640 434 0.000249 0
688 424 695 434 0.000249 0
1092 451 1114 470 0.000247 0
1221 447 1232 456 0.000247 0
671 426 689 440 0.000246 0
191 187 201 215 0.000246 0
1065 173 1186 260 0.000246 0
573 363 678 448 0.000245 0
1029 160 1264 278 0.000245 0
703 410 734 470 0.000245 0
0 395 31 471 0.000245 0
960 479 976 487 0.000244 0
1029 356 1063 415 0.000244 0
1133 454 1167 475 0.000244 0
799 421 816 440 0.000244 0
725 198 749 234 0.000243 0
469 175 571 261 0.000243 0
943 416 956 445 0.000242 0
1152 478 1180 503 0.000242 0
543 64 588 205 0.000241 0
852 233 903 298 0.000241 0
1243 459 1276 483 0.000241 0
1139 491 1172 508 0.000241 0
67 64 128 163 0.000240 0
1135 382 1153 408 0.000239 0
766 195 793 237 0.000239 0
1125 428 1139 440 0.000238 0
1005 511 1018 525 0.000237 0
1264 307 1279 491 0.000237 0
999 514 1008 527 0.000236 0
1213 368 1224 385 0.000236 0
235 209 263 252 0.000236 0
797 417 834 460 0.000236 0
630 195 719 286 0.000236 0
1185 348 1215 403 0.000235 0
0 73 57 223 0.000234 0
53 428 80 469 0.000234 0
787 198 804 238 0.000234 0
1187 356 1217 412 0.000233 0
675 401 689 439 0.000233 0
1261 67 1279 260 0.000232 0
575 588 584 627 0.000232 0
1215 473 1225 486 0.000232 0
35 64 550 349 0.000232 0
230 189 335 380 0.000231 0
199 208 226 242 0.000229 0
620 662 669 703 0.000229 0
577 362 631 425 0.000227 0
1087 488 1097 501 0.000227 0
0 506 16 563 0.000227 0
583 365 635 421 0.000227 0
267 198 279 233 0.000226 0
1120 407 1127 424 0.000225 0
705 314 740 369 0.000225 0
875 407 894 456 0.000225 0
249 66 330 206 0.000223 0
991 418 1000 436 0.000223 0
1094 423 1105 433 0.000223 0
814 407 832 435 0.000221 0
324 233 339 270 0.000220 0
708 315 728 354 0.000220 0
1228 423 1249 440 0.000220 0
65 64 171 200 0.000220 0
959 440 976 466 0.000220 0
1069 440 1114 473 0.000219 0
631 440 638 450 0.000219 0
314 64 450 166 0.000218 0
181 197 192 216 0.000218 0
1072 393 1083 409 0.000218 0
589 361 627 409 0.000217 0
1084 412 1121 461 0.000217 0
998 511 1009 551 0.000217 0
386 185 398 206 0.000217 0
201 64 328 230 0.000217 0
1056 424 1063 436 0.000216 0
786 310 846 345 0.000214 0
519 392 535 427 0.000214 0
1011 482 1070 531 0.000214 0
0 132 14 212 0.000214 0
147 64 475 208 0.000214 0
908 335 924 380 0.000213 0
115 391 128 403 0.000213 0
1196 379 1227 411 0.000213 0
0 141 23 230 0.000212 0
576 296 593 321 0.000212 0
704 340 720 376 0.000211 0
801 369 812 392 0.000211 0
991 445 1002 456 0.000210 0
0 396 31 553 0.000209 0
1071 336 1117 398 0.000209 0
954 456 970 471 0.000208 0
913 473 928 495 0.000207 0
1246 420 1254 440 0.000207 0
0 135 31 320 0.000206 0
1167 64 1178 74 0.000206 0
31 247 49 294 0.000205 0
224 183 248 236 0.000204 0
160 64 319 187 0.000204 0
722 320 744 341 0.000204 0
602 358 621 371 0.000204 0
1071 454 1095 481 0.000203 0
815 406 832 424 0.000203 0
1263 421 1279 485 0.000203 0
726 418 736 438 0.000202 0
560 582 584 629 0.000202 0
1263 344 1279 493 0.000202 0
829 468 848 553 0.000202 0
822 454 850 476 0.000202 0
1163 64 1207 81 0.000202 0
922 371 952 456 0.000202 0
608 424 624 464 0.000202 0
831 444 841 458 0.000201 0
1101 421 1113 437 0.000200 0
224 207 244 241 0.000200 0
574 343 642 435 0.000200 0
1210 456 1228 472 0.000199 0
801 472 817 479 0.000199 0
586 361 632 412 0.000199 0
799 413 810 428 0.000199 0
1263 429 1279 477 0.000198 0
1164 455 1202 478 0.000198 0
1203 252 1236 277 0.000198 0
1119 292 1166 378 0.000197 0
438 178 501 309 0.000197 0
819 463 848 513 0.000197 0
198 249 214 279 0.000197 0
751 460 764 479 0.000196 0
756 207 767 232 0.000195 0
780 325 847 363 0.000195 0
1150 391 1169 410 0.000195 0
1138 371 1153 409 0.000195 0
0 256 32 433 0.000194 0
600 344 609 362 0.000194 0
1077 383 1088 402 0.000194 0
817 437 833 455 0.000193 0
330 64 502 204 0.000192 0
1186 441 1200 457 0.000191 0
846 379 1025 480 0.000191 0
950 429 966 469 0.000190 0
1003 374 1043 427 0.000190 0
65 64 211 202 0.000190 0
66 65 149 198 0.000189 0
467 364 629 443 0.000189 0
1187 64 1210 76 0.000189 0
1218 408 1231 424 0.000189 0
854 220 912 343 0.000188 0
1043 277 1059 328 0.000188 0
591 425 609 440 0.000188 0
1011 431 1049 464 0.000188 0
1073 334 1114 385 0.000188 0
353 188 368 199 0.000188 0
0 467 17 520 0.000188 0
1102 498 1120 519 0.000187 0
1233 218 1279 364 0.000186 0
576 295 594 345 0.000186 0
1215 424 1245 439 0.000185 0
863 442 896 494 0.000185 0
1058 464 1070 471 0.000185 0
803 410 816 436 0.000185 0
704 325 721 376 0.000185 0
909 462 929 498 0.000185 0
781 300 848 344 0.000185 0
271 181 318 239 0.000184 0
573 343 623 424 0.000184 0
852 305 864 335 0.000184 0
849 381 864 411 0.000184 0
521 393 540 408 0.000183 0
1014 64 1121 195 0.000183 0
0 237 26 407 0.000183 0
1112 103 1120 122 0.000183 0
1071 335 1089 373 0.000182 0
1104 600 1112 615 0.000182 0
980 439 1018 455 0.000181 0
678 399 688 439 0.000181 0
602 364 659 428 0.000181 0
399 91 517 226 0.000180 0
1117 412 1148 474 0.000180 0
1198 64 1218 127 0.000179 0
1167 64 1210 80 0.000178 0
948 453 978 487 0.000178 0
579 360 628 412 0.000177 0
333 209 353 256 0.000177 0
1099 297 1143 372 0.000176 0
949 454 977 482 0.000176 0
1170 440 1185 456 0.000176 0
1230 212 1279 304 0.000176 0
734 420 750 457 0.000176 0
1029 64 1277 299 0.000176 0
872 394 880 407 0.000175 0
599 363 624 376 0.000175 0
1165 64 1203 79 0.000174 0
263 206 279 235 0.000174 0
832 414 885 455 0.000174 0
704 336 732 376 0.000174 0
999 518 1008 537 0.000173 0
800 421 818 438 0.000173 0
1233 455 1270 476 0.000173 0
1072 333 1088 358 0.000173 0
1120 382 1138 429 0.000173 0
208 69 335 248 0.000173 0
192 191 204 216 0.000173 0
738 197 760 233 0.000173 0
659 412 672 436 0.000172 0
767 270 841 344 0.000172 0
1198 402 1212 438 0.000172 0
265 233 292 296 0.000172 0
1008 476 1016 489 0.000172 0
1188 97 1205 137 0.000171 0
1056 373 1064 387 0.000171 0
519 392 533 410 0.000171 0
600 367 640 420 0.000170 0
590 587 601 615 0.000169 0
848 385 862 410 0.000169 0
161 64 267 166 0.000169 0
653 422 669 438 0.000168 0
1167 442 1184 461 0.000167 0
1054 439 1066 455 0.000167 0
598 345 616 370 0.000167 0
541 64 584 184 0.000166 0
629 364 639 381 0.000166 0
1210 64 1234 102 0.000166 0
1165 98 1188 137 0.000166 0
919 338 927 350 0.000166 0
1157 376 1170 393 0.000165 0
335 551 344 569 0.000165 0
1175 496 1185 519 0.000165 0
267 66 358 215 0.000164 0
126 64 263 185 0.000164 0
776 398 784 414 0.000163 0
123 64 262 162 0.000163 0
752 78 785 140 0.000163 0
630 425 639 444 0.000163 0
1217 423 1250 440 0.000163 0
1120 381 1137 418 0.000162 0
1262 64 1279 79 0.000162 0
904 209 937 299 0.000162 0
257 64 343 176 0.000162 0
265 253 291 296 0.000161 0
865 177 910 234 0.000161 0
815 472 827 486 0.000161 0
904 377 946 460 0.000160 0
803 182 854 226 0.000160 0
197 196 210 223 0.000160 0
452 197 481 280 0.000159 0
734 188 745 214 0.000159 0
365 203 383 232 0.000159 0
622 686 657 703 0.000159 0
655 304 686 376 0.000159 0
859 279 912 344 0.000159 0
301 79 360 224 0.000159 0
205 362 240 410 0.000159 0
1193 372 1234 417 0.000158 0
1071 382 1087 402 0.000158 0
1101 411 1121 451 0.000157 0
191 371 225 413 0.000157 0
111 203 136 236 0.000157 0
1135 407 1150 424 0.000157 0
1016 64 1147 219 0.000157 0
1151 327 1168 353 0.000156 0
340 64 495 166 0.000156 0
543 647 558 700 0.000155 0
767 312 807 344 0.000155 0
987 178 1011 221 0.000153 0
543 632 560 692 0.000153 0
716 214 736 237 0.000153 0
1020 64 1136 200 0.000152 0
854 242 870 297 0.000152 0
660 305 691 376 0.000152 0
1103 256 1138 388 0.000152 0
853 321 863 337 0.000151 0
666 398 690 440 0.000151 0
977 530 989 538 0.000151 0
1184 506 1197 518 0.000150 0
1168 385 1187 423 0.000150 0
1061 64 1078 70 0.000150 0
1054 424 1069 444 0.000150 0
749 411 779 444 0.000149 0
1069 437 1117 466 0.000149 0
1263 423 1279 463 0.000149 0
305 135 395 311 0.000149 0
1110 184 1126 203 0.000149 0
713 334 743 370 0.000149 0
752 267 764 279 0.000148 0
1044 413 1071 424 0.000148 0
841 416 857 441 0.000148 0
268 179 314 249 0.000147 0
712 218 727 247 0.000147 0
661 290 704 373 0.000147 0
597 359 634 406 0.000147 0
1274 158 1279 170 0.000146 0
0 394 31 514 0.000146 0
831 487 846 544 0.000146 0
1000 178 1008 199 0.000146 0
660 292 704 351 0.000146 0
800 407 809 421 0.000146 0
725 400 772 463 0.000146 0
935 670 945 690 0.000146 0
1262 121 1279 179 0.000145 0
2 65 217 244 0.000145 0
620 374 665 427 0.000145 0
244 185 271 238 0.000145 0
0 91 65 223 0.000144 0
1087 259 1160 396 0.000144 0
0 136 33 288 0.000144 0
889 402 933 444 0.000144 0
1020 476 1067 506 0.000143 0
249 185 316 280 0.000142 0
749 67 785 151 0.000142 0
0 393 32 458 0.000142 0
1235 527 1247 546 0.000142 0
1116 257 1172 407 0.000142 0
830 64 839 69 0.000141 0
870 392 880 407 0.000141 0
869 191 900 234 0.000141 0
990 677 1012 703 0.000141 0
1031 321 1057 359 0.000141 0
725 421 736 441 0.000140 0
1198 64 1223 77 0.000140 0
1038 322 1057 359 0.000140 0
386 64 943 276 0.000139 0
1199 423 1270 474 0.000139 0
416 171 445 205 0.000139 0
64 385 85 402 0.000139 0
643 64 725 228 0.000139 0
0 324 34 426 0.000139 0
631 201 659 231 0.000139 0
738 279 755 301 0.000138 0
776 408 784 418 0.000138 0
910 327 927 343 0.000138 0
725 414 736 438 0.000138 0
1245 479 1280 699 0.000138 0
1062 64 1082 71 0.000138 0
906 467 931 524 0.000138 0
1134 425 1143 439 0.000137 0
1216 372 1231 392 0.000137 0
1152 386 1168 409 0.000136 0
499 64 687 230 0.000136 0
756 402 770 425 0.000136 0
847 219 864 246 0.000135 0
1099 330 1117 361 0.000135 0
564 586 596 666 0.000135 0
1228 64 1279 168 0.000135 0
576 683 671 703 0.000134 0
663 183 688 229 0.000134 0
1050 440 1070 464 0.000134 0
0 289 30 425 0.000134 0
1098 105 1137 165 0.000134 0
857 444 892 491 0.000134 0
814 281 830 310 0.000133 0
1049 440 1080 467 0.000133 0
349 64 498 96 0.000133 0
868 275 882 297 0.000132 0
365 186 376 200 0.000132 0
1073 440 1138 471 0.000132 0
592 64 707 227 0.000132 0
1272 136 1279 170 0.000131 0
717 431 727 440 0.000131 0
775 197 789 215 0.000131 0
687 204 708 281 0.000131 0
308 128 372 259 0.000130 0
807 498 816 520 0.000130 0
111 203 123 232 0.000130 0
150 64 322 92 0.000129 0
496 64 954 247 0.000129 0
545 630 560 677 0.000129 0
1092 454 1115 471 0.000128 0
847 284 864 341 0.000128 0
373 191 389 208 0.000127 0
373 64 689 222 0.000127 0
167 236 192 290 0.000127 0
157 202 170 226 0.000126 0
899 327 915 344 0.000126 0
744 204 771 233 0.000126 0
602 424 623 435 0.000126 0
669 452 693 488 0.000125 0
914 376 930 407 0.000125 0
705 419 739 460 0.000125 0
174 207 183 216 0.000125 0
517 201 546 247 0.000125 0
519 392 540 407 0.000124 0
976 65 1114 241 0.000124 0
1214 64 1233 94 0.000124 0
175 64 330 180 0.000123 0
424 64 497 95 0.000123 0
1076 334 1109 363 0.000123 0
284 234 302 305 0.000123 0
664 330 695 377 0.000123 0
990 185 1003 217 0.000123 0
214 234 245 297 0.000122 0
1178 407 1252 441 0.000122 0
694 442 722 470 0.000122 0
489 397 566 430 0.000122 0
1184 503 1201 518 0.000121 0
733 415 776 462 0.000121 0
804 407 817 423 0.000121 0
1264 86 1279 171 0.000121 0
751 291 768 343 0.000120 0
1182 436 1211 457 0.000120 0
741 278 755 301 0.000120 0
983 528 990 536 0.000120 0
1050 110 1083 147 0.000119 0
707 314 721 350 0.000119 0
298 64 369 191 0.000119 0
750 293 760 306 0.000119 0
1140 406 1155 424 0.000119 0
207 376 241 420 0.000119 0
33 527 48 567 0.000119 0
1041 647 1059 703 0.000119 0
340 64 503 146 0.000118 0
1096 407 1122 439 0.000118 0
1237 141 1280 182 0.000118 0
1262 101 1279 171 0.000118 0
997 64 1113 205 0.000118 0
0 382 18 412 0.000117 0
545 425 588 438 0.000117 0
814 275 832 309 0.000117 0
1247 423 1264 450 0.000117 0
0 268 46 429 0.000117 0
1254 301 1279 472 0.000117 0
541 658 555 703 0.000116 0
668 309 696 376 0.000115 0
1261 419 1279 469 0.000115 0
834 405 884 452 0.000115 0
33 64 135 207 0.000115 0
704 441 721 468 0.000115 0
715 334 753 379 0.000115 0
1119 594 1127 606 0.000114 0
259 64 317 129 0.000114 0
1141 356 1172 409 0.000114 0
541 639 562 699 0.000114 0
504 392 573 430 0.000114 0
755 415 769 426 0.000114 0
845 208 874 283 0.000114 0
774 216 791 237 0.000114 0
976 690 988 703 0.000113 0
1165 345 1194 365 0.000113 0
511 689 520 703 0.000113 0
1119 594 1127 609 0.000113 0
0 391 46 467 0.000113 0
220 64 463 336 0.000113 0
159 211 167 228 0.000113 0
999 537 1007 551 0.000113 0
575 292 593 320 0.000112 0
1072 506 1081 518 0.000112 0
111 456 128 526 0.000112 0
1243 411 1258 429 0.000112 0
422 177 833 279 0.000112 0
600 366 648 411 0.000112 0
1246 346 1271 390 0.000111 0
1199 442 1209 456 0.000111 0
1194 454 1264 472 0.000111 0
485 64 584 218 0.000111 0
719 456 736 471 0.000111 0
772 195 793 233 0.000110 0
619 359 640 379 0.000110 0
646 393 658 409 0.000110 0
1188 408 1201 424 0.000110 0
319 64 370 105 0.000110 0
829 275 864 338 0.000110 0
1022 407 1034 423 0.000110 0
1009 421 1063 500 0.000110 0
935 543 944 567 0.000109 0
347 313 390 378 0.000109 0
1248 422 1279 462 0.000109 0
717 425 738 459 0.000109 0
119 407 144 449 0.000108 0
526 393 546 410 0.000108 0
1054 188 1063 201 0.000108 0
1137 65 1279 240 0.000108 0
1171 333 1220 402 0.000108 0
858 401 913 447 0.000108 0
624 418 651 440 0.000107 0
1173 439 1203 457 0.000107 0
209 237 246 297 0.000107 0
1 64 132 201 0.000107 0
1067 179 1096 219 0.000107 0
134 65 482 364 0.000107 0
1198 258 1231 282 0.000107 0
1116 359 1164 414 0.000107 0
478 535 510 570 0.000107 0
899 394 913 414 0.000107 0
750 456 771 480 0.000106 0
1223 66 1279 248 0.000106 0
1044 382 1064 417 0.000106 0
914 477 944 486 0.000106 0
715 399 758 462 0.000106 0
285 247 300 310 0.000105 0
1098 410 1119 428 0.000105 0
532 64 585 167 0.000105 0
1264 423 1279 454 0.000105 0
724 336 762 405 0.000105 0
608 385 628 425 0.000105 0
862 393 872 411 0.000104 0
667 451 689 488 0.000104 0
0 257 50 399 0.000104 0
1167 64 1187 82 0.000104 0
739 207 756 234 0.000104 0
986 439 1006 455 0.000104 0
177 64 327 99 0.000104 0
974 64 1278 292 0.000104 0
1220 368 1280 461 0.000103 0
311 85 423 215 0.000103 0
774 190 794 222 0.000103 0
990 681 1006 703 0.000103 0
751 408 800 443 0.000103 0
355 65 500 197 0.000103 0
800 496 816 506 0.000102 0
47 401 75 426 0.000102 0
1204 96 1220 135 0.000102 0
320 64 332 72 0.000102 0
705 426 724 443 0.000102 0
756 381 769 424 0.000102 0
988 678 1039 703 0.000101 0
200 244 227 279 0.000101 0
1039 464 1055 472 0.000100 0
0 376 33 424 0.000100 0
1094 254 1169 351 0.868518 1
482 216 517 254 0.788262 1
868 223 904 273 0.257115 1
1054 219 1094 262 0.250906 1
1054 226 1093 261 0.119066 1
874 220 899 266 0.114375 1
17 224 72 257 0.094237 1
867 220 911 279 0.088321 1
1148 229 1164 252 0.077674 1
870 229 907 273 0.076576 1
875 214 903 265 0.076061 1
1054 233 1092 261 0.072155 1
869 222 899 271 0.070198 1
866 221 915 290 0.067708 1
0 226 72 258 0.066868 1
516 231 535 247 0.052252 1
1064 219 1095 261 0.049776 1
48 223 98 257 0.043541 1
1135 256 1170 350 0.039519 1
866 227 907 287 0.032379 1
522 231 537 247 0.031099 1
1150 223 1167 255 0.031069 1
1024 221 1094 262 0.026807 1
874 226 909 270 0.025821 1
1042 233 1090 261 0.023943 1
48 232 73 256 0.022620 1
1107 257 1171 349 0.022526 1
879 221 909 263 0.022222 1
48 226 73 256 0.021559 1
1141 228 1160 248 0.020279 1
868 222 886 263 0.019972 1
48 236 72 256 0.019103 1
19 219 68 259 0.018828 1
67 223 99 256 0.018392 1
1054 234 1085 261 0.017651 1
1053 222 1082 261 0.017217 1
516 231 530 247 0.017034 1
77 224 99 257 0.017001 1
1141 227 1162 253 0.016914 1
504 227 529 253 0.016876 1
1094 275 1121 342 0.016102 1
1025 236 1066 261 0.016088 1
1053 214 1100 264 0.014998 1
871 234 915 290 0.014609 1
1070 219 1098 263 0.012938 1
17 230 45 257 0.012729 1
1070 219 1092 247 0.012626 1
1150 230 1164 257 0.012616 1
503 219 531 248 0.012399 1
1153 227 1169 258 0.011521 1
1148 201 1171 256 0.011383 1
1071 241 1092 261 0.010901 1
51 222 93 254 0.010797 1
1080 220 1098 247 0.010158 1
1077 218 1098 247 0.009072 1
19 220 42 252 0.008601 1
9 230 42 257 0.008496 1
865 215 925 294 0.008424 1
879 232 920 292 0.008271 1
498 222 528 253 0.008085 1
482 220 512 254 0.007793 1
1070 204 1098 248 0.007356 1
880 231 919 281 0.007044 1
19 229 42 256 0.006534 1
513 203 534 247 0.006473 1
60 223 96 244 0.006383 1
515 217 537 247 0.006291 1
865 230 927 296 0.006054 1
78 236 99 257 0.006047 1
0 233 40 258 0.006046 1
864 214 907 272 0.005929 1
1096 278 1135 343 0.005767 1
77 224 116 258 0.005571 1
49 223 100 267 0.005474 1
888 237 921 294 0.005422 1
893 231 910 256 0.005093 1
870 220 883 243 0.005025 1
1093 288 1118 343 0.004958 1
1085 222 1108 268 0.004490 1
1096 261 1113 278 0.004426 1
860 223 884 271 0.004197 1
77 231 181 264 0.004108 1
15 224 73 279 0.004079 1
76 224 124 259 0.003976 1
77 235 115 258 0.003818 1
1103 284 1138 344 0.003745 1
950 273 960 295 0.003735 1
860 229 883 276 0.003733 1
1129 257 1169 347 0.003580 1
949 273 960 302 0.003363 1
105 235 159 263 0.003208 1
482 216 504 252 0.003102 1
1098 275 1125 343 0.003037 1
0 226 73 278 0.002941 1
1084 215 1109 255 0.002900 1
1054 219 1067 251 0.002765 1
100 226 151 265 0.002725 1
25 223 69 290 0.002662 1
1052 204 1094 259 0.002646 1
498 229 531 254 0.002544 1
24 222 100 268 0.002521 1
1117 256 1167 344 0.002509 1
520 231 544 248 0.002417 1
1099 281 1141 344 0.002279 1
1092 228 1107 267 0.002259 1
1110 289 1138 344 0.002236 1
75 222 178 263 0.002233 1
29 225 58 293 0.002227 1
522 231 543 247 0.002181 1
898 224 910 246 0.002112 1
510 217 531 247 0.002047 1
1046 278 1059 296 0.002044 1
1139 287 1169 351 0.002018 1
1111 280 1139 344 0.002007 1
1150 228 1168 263 0.001966 1
1100 287 1144 347 0.001954 1
891 252 923 296 0.001951 1
1046 278 1062 296 0.001950 1
110 219 147 257 0.001909 1
862 221 882 268 0.001898 1
1158 215 1178 255 0.001876 1
127 234 195 263 0.001802 1
895 213 921 274 0.001765 1
893 232 919 276 0.001748 1
1115 266 1142 342 0.001743 1
484 223 522 254 0.001739 1
1137 270 1169 351 0.001737 1
106 211 160 256 0.001720 1
34 233 73 264 0.001624 1
892 255 911 290 0.001606 1
108 234 193 264 0.001599 1
857 231 910 298 0.001563 1
1099 264 1135 333 0.001516 1
47 234 73 264 0.001500 1
116 213 159 257 0.001474 1
1138 228 1164 260 0.001435 1
77 236 129 264 0.001431 1
18 214 60 255 0.001430 1
74 216 96 237 0.001400 1
11 230 51 282 0.001390 1
0 240 9 257 0.001388 1
937 272 960 303 0.001349 1
482 225 497 254 0.001336 1
29 214 41 244 0.001330 1
857 230 892 283 0.001324 1
503 230 541 254 0.001305 1
861 182 939 290 0.001281 1
14 222 41 252 0.001279 1
53 216 96 240 0.001258 1
1117 285 1135 329 0.001234 1
1121 250 1162 279 0.001213 1
1027 221 1071 259 0.001209 1
514 222 539 247 0.001195 1
0 241 6 257 0.001189 1
1089 238 1101 266 0.001183 1
1139 234 1165 264 0.001168 1
1113 255 1150 340 0.001161 1
1115 282 1138 350 0.001143 1
34 234 193 266 0.001134 1
111 223 119 249 0.001126 1
129 213 149 237 0.001112 1
78 215 182 265 0.001111 1
15 211 43 252 0.001106 1
21 215 72 253 0.001104 1
0 239 32 258 0.001096 1
8 231 44 266 0.001088 1
78 235 100 264 0.001060 1
480 215 534 253 0.000999 1
1117 256 1163 331 0.000980 1
335 237 352 255 0.000973 1
0 133 70 266 0.000936 1
102 215 194 264 0.000931 1
159 237 194 262 0.000931 1
1042 252 1076 296 0.000918 1
943 272 960 300 0.000912 1
120 217 180 262 0.000895 1
1099 252 1139 326 0.000889 1
111 203 136 240 0.000873 1
197 220 244 265 0.000848 1
123 206 142 237 0.000847 1
135 217 154 238 0.000817 1
929 273 961 304 0.000805 1
111 220 119 237 0.000786 1
1068 215 1155 308 0.000783 1
194 218 229 260 0.000773 1
0 233 40 284 0.000755 1
494 230 539 251 0.000748 1
81 216 96 235 0.000747 1
1128 238 1165 273 0.000706 1
129 209 152 238 0.000706 1
52 217 70 248 0.000698 1
1118 254 1159 315 0.000697 1
55 216 79 239 0.000684 1
1098 250 1147 329 0.000670 1
1097 248 1154 315 0.000670 1
104 248 129 264 0.000648 1
27 216 175 260 0.000648 1
1155 222 1193 266 0.000616 1
849 217 908 285 0.000615 1
1049 209 1137 307 0.000608 1
1099 220 1114 248 0.000604 1
1116 278 1165 351 0.000587 1
209 232 242 264 0.000587 1
80 234 189 266 0.000577 1
1122 255 1143 266 0.000567 1
1068 235 1106 282 0.000564 1
792 216 914 326 0.000559 1
926 280 946 312 0.000551 1
908 242 920 279 0.000538 1
1122 255 1161 306 0.000538 1
142 238 193 264 0.000532 1
1023 262 1067 297 0.000517 1
191 223 236 261 0.000510 1
895 266 924 296 0.000506 1
133 217 170 246 0.000494 1
1022 230 1087 296 0.000484 1
50 234 75 264 0.000465 1
1177 207 1195 216 0.000460 1
910 250 921 292 0.000445 1
247 209 287 262 0.000443 1
1058 230 1096 283 0.000442 1
1117 255 1150 330 0.000435 1
0 231 19 291 0.000432 1
1083 230 1232 296 0.000431 1
1086 233 1141 319 0.000421 1
1140 304 1169 352 0.000397 1
234 211 291 266 0.000394 1
140 220 196 262 0.000394 1
1094 301 1116 343 0.000390 1
928 280 944 301 0.000377 1
216 237 242 266 0.000366 1
1022 233 1074 296 0.000365 1
1129 259 1158 338 0.000363 1
1093 253 1150 341 0.000362 1
1047 220 1058 232 0.000358 1
928 277 944 293 0.000354 1
1057 287 1120 349 0.000354 1
1118 285 1168 365 0.000352 1
1085 218 1188 270 0.000349 1
815 265 855 313 0.000348 1
253 217 289 258 0.000347 1
13 209 73 258 0.000338 1
160 218 246 264 0.000337 1
81 222 121 259 0.000334 1
125 207 136 230 0.000333 1
222 236 242 264 0.000332 1
1098 323 1117 343 0.000327 1
254 221 288 247 0.000321 1
1128 258 1158 320 0.000319 1
927 285 944 312 0.000316 1
1077 211 1216 270 0.000311 1
1042 237 1107 332 0.000310 1
251 223 289 265 0.000308 1
1086 259 1112 334 0.000297 1
1061 282 1113 339 0.000290 1
1142 313 1168 352 0.000286 1
1049 262 1074 296 0.000284 1
1041 213 1111 305 0.000283 1
0 64 110 282 0.000277 1
906 240 928 296 0.000276 1
0 225 71 293 0.000260 1
924 270 944 294 0.000258 1
819 266 850 312 0.000258 1
758 251 820 281 0.000256 1
1126 250 1165 277 0.000256 1
223 240 241 265 0.000251 1
1052 229 1101 297 0.000243 1
881 262 950 300 0.000240 1
0 179 188 308 0.000239 1
857 216 924 340 0.000237 1
1045 274 1065 327 0.000235 1
1126 255 1157 284 0.000230 1
9 224 149 292 0.000229 1
0 66 65 323 0.000224 1
949 205 1218 314 0.000224 1
1090 257 1113 304 0.000221 1
141 239 179 264 0.000219 1
911 269 928 301 0.000217 1
925 275 970 312 0.000217 1
455 208 588 287 0.000210 1
828 273 859 312 0.000209 1
1141 272 1169 342 0.000206 1
914 274 946 308 0.000199 1
918 271 944 297 0.000193 1
330 205 353 257 0.000193 1
1052 277 1071 296 0.000184 1
949 272 969 304 0.000181 1
1056 231 1074 296 0.000181 1
1054 235 1113 299 0.000169 1
1047 233 1120 332 0.000167 1
1047 249 1105 296 0.000166 1
522 239 545 253 0.000162 1
1090 254 1257 352 0.000160 1
1089 255 1112 326 0.000159 1
860 202 980 296 0.000156 1
12 204 92 258 0.000156 1
1040 278 1059 296 0.000155 1
827 266 862 311 0.000153 1
0 195 214 355 0.000153 1
1087 272 1106 332 0.000144 1
1027 219 1101 300 0.000143 1
262 203 288 250 0.000141 1
825 266 854 313 0.000138 1
0 68 233 297 0.000138 1
0 103 55 359 0.000130 1
1048 253 1113 298 0.000129 1
136 207 166 240 0.000128 1
38 204 102 257 0.000127 1
762 250 796 280 0.000126 1
1089 255 1171 409 0.000125 1
1131 258 1166 331 0.000122 1
763 252 814 281 0.000121 1
268 225 289 265 0.000119 1
1023 277 1060 332 0.000118 1
816 265 842 308 0.000117 1
0 202 72 260 0.000111 1
780 258 831 296 0.000111 1
909 238 945 297 0.000110 1
1165 260 1210 269 0.000109 1
1125 255 1165 303 0.000107 1
937 272 982 312 0.000107 1
1092 258 1259 405 0.000104 1
917 217 1278 355 0.000103 1
9 228 214 300 0.000103 1
275 232 288 250 0.000101 1
1025 299 1060 334 0.000101 1
1030 277 1060 327 0.000101 1
305 186 322 198 0.101333 2
865 176 953 218 0.081044 2
860 176 952 205 0.022367 2
597 199 650 215 0.021440 2
319 204 331 231 0.016186 2
609 201 646 215 0.016109 2
535 203 553 218 0.014456 2
319 210 331 231 0.014187 2
879 176 956 244 0.013631 2
631 376 658 396 0.012453 2
305 184 337 199 0.011456 2
530 198 553 218 0.011318 2
632 202 651 216 0.011135 2
1104 487 1115 495 0.010987 2
293 177 316 198 0.010802 2
532 207 545 218 0.009810 2
451 419 525 446 0.009707 2
535 204 547 218 0.009689 2
588 185 655 217 0.009417 2
157 416 167 423 0.009096 2
825 329 847 344 0.008396 2
319 202 335 231 0.007527 2
849 470 865 478 0.007312 2
1002 199 1027 226 0.007215 2
821 329 847 344 0.007053 2
453 416 514 442 0.006822 2
1000 201 1025 229 0.006517 2
294 177 307 197 0.006067 2
63 427 80 440 0.005633 2
452 420 511 442 0.005620 2
429 223 439 230 0.005358 2
590 198 652 217 0.005355 2
60 426 80 440 0.005139 2
447 424 462 443 0.005059 2
529 206 542 218 0.004999 2
111 412 137 425 0.004991 2
68 399 179 426 0.004946 2
1019 456 1032 464 0.004933 2
1133 215 1146 225 0.004569 2
532 201 554 218 0.004461 2
933 245 955 254 0.004435 2
1015 456 1025 465 0.004260 2
894 176 956 244 0.004183 2
461 419 524 440 0.003964 2
108 399 179 426 0.003941 2
932 244 950 253 0.003874 2
640 689 672 703 0.003697 2
1128 222 1161 257 0.003669 2
457 409 515 442 0.003372 2
453 204 465 218 0.003290 2
452 420 498 442 0.003126 2
831 481 840 486 0.003061 2
599 464 608 471 0.002967 2
1003 195 1048 228 0.002954 2
662 454 684 463 0.002919 2
47 428 80 450 0.002919 2
1 283 24 294 0.002895 2
274 183 294 192 0.002868 2
1006 199 1025 225 0.002812 2
831 503 847 510 0.002795 2
563 201 577 215 0.002795 2
980 205 1025 230 0.002765 2
984 203 1025 227 0.002724 2
1007 513 1016 520 0.002630 2
56 427 80 450 0.002602 2
1006 212 1024 229 0.002508 2
449 417 502 441 0.002468 2
93 400 176 424 0.002449 2
797 495 808 503 0.002440 2
861 176 943 202 0.002437 2
106 404 140 425 0.002429 2
992 200 1029 228 0.002406 2
111 402 145 426 0.002381 2
452 423 484 441 0.002309 2
1263 349 1279 368 0.002297 2
191 392 223 415 0.002274 2
1221 503 1233 511 0.002232 2
589 191 618 214 0.002136 2
191 392 213 409 0.002129 2
304 181 323 198 0.002118 2
1007 219 1024 230 0.002112 2
273 181 316 199 0.002084 2
323 187 339 199 0.002080 2
263 196 272 207 0.002068 2
1133 222 1144 233 0.002059 2
1263 350 1279 370 0.002025 2
448 420 487 443 0.002024 2
909 206 987 255 0.002020 2
503 313 512 335 0.002015 2
1224 196 1256 233 0.001999 2
491 422 581 439 0.001965 2
826 504 832 510 0.001947 2
1006 220 1023 230 0.001932 2
590 206 606 214 0.001907 2
1111 216 1147 232 0.001887 2
156 411 176 424 0.001872 2
497 433 528 448 0.001861 2
293 176 311 198 0.001859 2
110 409 143 426 0.001812 2
1120 64 1153 77 0.001791 2
865 176 941 208 0.001786 2
314 195 335 231 0.001782 2
448 422 478 443 0.001781 2
1015 339 1024 345 0.001772 2
838 503 847 510 0.001770 2
495 429 527 447 0.001752 2
656 453 686 464 0.001735 2
0 283 7 294 0.001662 2
452 204 465 222 0.001651 2
464 419 552 440 0.001643 2
1263 248 1279 271 0.001639 2
1192 276 1231 311 0.001609 2
1134 225 1157 257 0.001579 2
483 193 516 237 0.001569 2
191 391 221 410 0.001548 2
973 252 987 261 0.001487 2
0 280 8 294 0.001477 2
1011 195 1050 229 0.001453 2
463 408 517 437 0.001434 2
912 179 956 239 0.001428 2
961 206 985 222 0.001425 2
191 392 214 416 0.001413 2
1215 504 1224 512 0.001388 2
1265 353 1279 369 0.001377 2
1168 274 1232 312 0.001335 2
1 280 24 294 0.001319 2
51 427 81 445 0.001306 2
1198 277 1232 311 0.001306 2
925 211 947 253 0.001272 2
1098 205 1120 231 0.001265 2
909 177 955 209 0.001265 2
499 431 526 447 0.001258 2
635 380 657 398 0.001226 2
455 202 467 216 0.001225 2
927 243 936 253 0.001218 2
35 402 170 426 0.001206 2
508 434 527 448 0.001190 2
492 431 527 449 0.001177 2
902 177 953 208 0.001173 2
44 436 80 447 0.001173 2
358 218 368 231 0.001158 2
980 201 1037 233 0.001157 2
959 206 989 250 0.001152 2
319 200 354 233 0.001145 2
477 184 517 221 0.001131 2
1003 189 1046 225 0.001125 2
972 218 988 249 0.001116 2
1021 196 1051 229 0.001085 2
1263 360 1279 375 0.001077 2
633 375 661 396 0.001073 2
134 411 144 425 0.001054 2
1007 189 1054 229 0.001052 2
1017 208 1041 230 0.001051 2
518 186 553 218 0.001048 2
1096 208 1120 236 0.001047 2
442 198 464 222 0.001038 2
31 258 48 296 0.000996 2
46 425 80 448 0.000978 2
175 400 193 417 0.000957 2
42 404 146 427 0.000954 2
0 396 48 422 0.000951 2
208 398 223 409 0.000949 2
476 422 583 438 0.000947 2
592 423 609 434 0.000944 2
305 185 324 201 0.000931 2
930 240 958 254 0.000930 2
1149 471 1167 479 0.000929 2
356 217 368 230 0.000925 2
957 481 971 487 0.000921 2
879 476 892 487 0.000905 2
917 208 982 257 0.000901 2
583 432 591 439 0.000896 2
298 201 333 232 0.000881 2
1263 253 1279 272 0.000878 2
511 343 522 350 0.000876 2
1219 194 1256 234 0.000876 2
973 208 997 253 0.000873 2
1261 168 1279 180 0.000871 2
1263 196 1279 271 0.000864 2
1002 248 1009 260 0.000862 2
313 185 337 231 0.000861 2
274 184 289 194 0.000851 2
1247 344 1262 359 0.000846 2
655 452 670 463 0.000832 2
207 397 223 415 0.000831 2
323 199 385 233 0.000830 2
154 416 168 424 0.000828 2
532 203 554 221 0.000812 2
0 392 40 422 0.000811 2
1197 472 1209 480 0.000803 2
193 371 240 411 0.000791 2
866 176 936 216 0.000788 2
45 426 80 464 0.000780 2
317 198 373 234 0.000766 2
706 197 728 233 0.000759 2
263 193 272 205 0.000748 2
1167 471 1184 480 0.000746 2
592 447 608 458 0.000744 2
1264 365 1279 375 0.000736 2
431 421 453 441 0.000722 2
962 212 996 258 0.000720 2
448 423 466 445 0.000718 2
1262 231 1279 270 0.000716 2
0 505 49 567 0.000714 2
86 399 179 422 0.000709 2
1258 485 1279 500 0.000703 2
450 420 498 447 0.000698 2
470 191 481 210 0.000696 2
1024 210 1041 230 0.000690 2
0 392 32 422 0.000688 2
597 457 673 473 0.000683 2
655 449 692 467 0.000663 2
1002 250 1009 261 0.000659 2
447 203 465 222 0.000655 2
1263 340 1279 369 0.000650 2
1186 272 1232 312 0.000650 2
856 432 868 439 0.000648 2
926 197 954 209 0.000644 2
19 200 36 206 0.000642 2
431 416 451 440 0.000628 2
959 207 992 255 0.000615 2
466 408 576 438 0.000614 2
27 404 47 422 0.000611 2
152 401 176 423 0.000609 2
467 408 529 438 0.000605 2
999 510 1015 522 0.000601 2
981 183 1044 229 0.000595 2
793 495 808 504 0.000588 2
256 456 273 462 0.000574 2
725 200 739 221 0.000573 2
915 185 954 209 0.000572 2
503 311 527 337 0.000569 2
916 203 943 252 0.000569 2
302 186 329 232 0.000564 2
319 200 354 256 0.000562 2
645 455 656 461 0.000559 2
431 421 461 441 0.000556 2
1108 277 1279 357 0.000555 2
591 425 605 433 0.000551 2
39 412 47 422 0.000548 2
0 404 48 422 0.000548 2
1111 471 1123 477 0.000547 2
691 206 714 237 0.000531 2
1259 200 1279 237 0.000527 2
305 185 332 227 0.000526 2
529 428 590 439 0.000525 2
448 411 498 443 0.000524 2
687 454 704 469 0.000521 2
965 201 1014 256 0.000519 2
176 402 195 418 0.000519 2
992 208 1061 255 0.000509 2
1199 477 1214 487 0.000506 2
102 397 176 423 0.000506 2
1161 496 1179 506 0.000497 2
1198 472 1216 482 0.000492 2
749 439 778 451 0.000486 2
611 459 672 472 0.000485 2
824 280 849 311 0.000483 2
288 176 312 199 0.000480 2
143 401 176 424 0.000478 2
950 246 959 254 0.000472 2
993 199 1021 224 0.000472 2
959 207 982 219 0.000470 2
1263 348 1279 406 0.000466 2
962 199 988 217 0.000462 2
48 406 131 426 0.000461 2
432 411 460 441 0.000448 2
562 201 590 216 0.000447 2
917 201 981 251 0.000446 2
438 190 464 217 0.000444 2
622 375 659 398 0.000444 2
1018 319 1041 341 0.000437 2
892 197 912 232 0.000437 2
983 216 1018 251 0.000433 2
689 198 718 218 0.000433 2
745 200 763 215 0.000429 2
1264 359 1279 407 0.000429 2
192 371 229 414 0.000428 2
1262 250 1279 295 0.000424 2
853 435 869 453 0.000414 2
304 198 333 232 0.000405 2
578 442 592 459 0.000405 2
491 408 517 423 0.000402 2
1191 472 1201 479 0.000402 2
249 414 264 423 0.000400 2
971 206 1031 258 0.000395 2
359 409 367 415 0.000390 2
922 203 977 253 0.000390 2
69 393 223 424 0.000385 2
165 392 224 447 0.000383 2
352 199 386 232 0.000381 2
974 455 984 464 0.000380 2
1020 319 1054 339 0.000377 2
894 478 906 487 0.000374 2
1039 322 1056 335 0.000374 2
901 456 913 463 0.000374 2
1198 276 1231 318 0.000373 2
180 392 224 445 0.000373 2
273 183 298 206 0.000369 2
1163 272 1235 317 0.000366 2
1262 169 1279 183 0.000366 2
175 393 216 418 0.000364 2
129 396 176 422 0.000362 2
606 455 624 466 0.000360 2
33 439 70 446 0.000353 2
0 242 17 294 0.000351 2
683 451 704 469 0.000347 2
912 179 957 207 0.000339 2
581 453 592 461 0.000336 2
110 408 144 434 0.000334 2
639 455 664 468 0.000332 2
1032 318 1089 345 0.000330 2
966 200 986 220 0.000329 2
108 398 160 423 0.000328 2
0 239 20 293 0.000327 2
1225 163 1279 181 0.000326 2
1137 245 1279 359 0.000323 2
593 449 609 471 0.000323 2
48 427 80 461 0.000319 2
1104 195 1121 209 0.000317 2
674 459 690 470 0.000317 2
802 183 853 241 0.000315 2
1248 346 1268 360 0.000312 2
635 458 672 472 0.000312 2
630 390 692 431 0.000311 2
689 457 705 469 0.000311 2
319 204 334 251 0.000311 2
458 417 591 459 0.000310 2
248 412 263 423 0.000307 2
519 427 587 439 0.000305 2
1015 319 1041 344 0.000303 2
630 389 690 440 0.000300 2
1167 260 1233 347 0.000299 2
245 455 273 463 0.000298 2
1 181 508 390 0.000297 2
347 198 386 228 0.000296 2
939 455 963 464 0.000296 2
44 401 157 425 0.000294 2
581 202 605 215 0.000293 2
438 172 517 218 0.000291 2
1019 320 1043 344 0.000289 2
1055 465 1066 471 0.000288 2
1262 168 1279 241 0.000286 2
954 207 981 253 0.000285 2
602 342 658 378 0.000285 2
134 395 198 421 0.000284 2
809 504 832 512 0.000283 2
272 178 325 236 0.000283 2
624 375 654 393 0.000283 2
860 240 918 299 0.000282 2
1012 439 1041 459 0.000279 2
2 508 49 531 0.000278 2
930 207 977 255 0.000276 2
465 407 516 429 0.000272 2
1197 276 1232 333 0.000272 2
167 400 218 424 0.000272 2
601 322 660 376 0.000271 2
659 455 688 471 0.000271 2
671 425 688 439 0.000270 2
628 357 659 398 0.000268 2
492 408 511 420 0.000268 2
0 507 16 564 0.000268 2
624 662 672 704 0.000268 2
432 406 452 442 0.000268 2
50 424 80 444 0.000267 2
383 453 416 471 0.000266 2
154 399 218 425 0.000263 2
1104 186 1121 203 0.000261 2
952 480 970 486 0.000260 2
538 187 580 218 0.000260 2
2 508 49 526 0.000259 2
48 393 162 412 0.000259 2
59 408 145 438 0.000258 2
598 454 662 471 0.000253 2
1156 269 1270 355 0.000251 2
484 407 571 429 0.000251 2
1234 279 1279 364 0.000249 2
611 458 672 487 0.000247 2
638 390 687 426 0.000247 2
334 206 353 232 0.000246 2
343 198 386 225 0.000245 2
599 461 626 471 0.000241 2
605 201 659 224 0.000240 2
1213 249 1280 296 0.000240 2
751 425 773 444 0.000239 2
0 235 26 294 0.000236 2
1031 311 1091 335 0.000236 2
811 328 847 357 0.000235 2
521 424 581 436 0.000235 2
491 406 590 438 0.000234 2
1260 274 1279 297 0.000232 2
828 277 858 311 0.000227 2
678 447 701 463 0.000226 2
357 412 433 438 0.000226 2
1196 274 1231 306 0.000226 2
559 178 584 215 0.000225 2
1262 278 1279 295 0.000225 2
0 254 315 397 0.000225 2
165 393 220 425 0.000223 2
715 327 743 361 0.000222 2
350 212 376 231 0.000221 2
1248 292 1279 412 0.000221 2
383 454 410 471 0.000220 2
32 393 169 411 0.000218 2
12 508 49 546 0.000217 2
719 312 753 339 0.000216 2
0 393 27 416 0.000216 2
433 408 472 444 0.000213 2
265 181 322 239 0.000213 2
1246 197 1278 235 0.000213 2
714 301 768 340 0.000212 2
615 321 687 375 0.000210 2
432 407 448 441 0.000209 2
347 405 387 457 0.000209 2
1263 274 1279 295 0.000208 2
229 205 241 224 0.000207 2
654 427 688 440 0.000207 2
320 408 341 413 0.000207 2
718 318 746 348 0.000206 2
1031 311 1090 343 0.000206 2
820 329 847 351 0.000206 2
24 420 103 457 0.000205 2
595 201 664 224 0.000205 2
226 207 243 239 0.000204 2
1186 276 1233 328 0.000203 2
1163 471 1200 481 0.000203 2
975 300 992 312 0.000203 2
1182 274 1280 316 0.000202 2
591 461 608 472 0.000202 2
621 404 679 435 0.000201 2
861 253 909 297 0.000200 2
42 434 80 454 0.000199 2
152 394 224 450 0.000198 2
326 198 386 225 0.000197 2
717 336 736 360 0.000196 2
574 441 592 458 0.000195 2
601 458 627 471 0.000195 2
0 406 72 457 0.000194 2
261 179 328 246 0.000194 2
719 333 733 356 0.000193 2
1124 200 1156 244 0.000192 2
62 254 97 288 0.000190 2
601 343 650 377 0.000189 2
427 222 440 232 0.000189 2
685 444 703 461 0.000187 2
174 392 223 429 0.000187 2
161 393 224 459 0.000186 2
43 396 154 413 0.000185 2
600 331 656 375 0.000185 2
190 171 337 232 0.000184 2
59 248 98 268 0.000184 2
898 623 911 631 0.000184 2
342 404 434 461 0.000184 2
631 468 639 479 0.000184 2
385 453 416 468 0.000183 2
704 335 741 366 0.000183 2
619 321 684 367 0.000183 2
720 317 744 335 0.000179 2
459 307 514 353 0.000179 2
589 426 608 440 0.000178 2
1047 311 1090 336 0.000178 2
578 177 696 218 0.000176 2
313 183 372 227 0.000176 2
622 386 675 427 0.000176 2
642 390 689 419 0.000175 2
633 372 658 396 0.000175 2
1249 186 1274 224 0.000175 2
173 394 224 451 0.000175 2
1172 287 1279 436 0.000175 2
63 509 75 521 0.000174 2
912 206 944 256 0.000173 2
22 398 111 425 0.000173 2
1247 345 1279 376 0.000172 2
1160 276 1234 339 0.000172 2
614 322 667 367 0.000172 2
1156 232 1279 304 0.000171 2
918 196 980 214 0.000171 2
951 456 964 470 0.000170 2
632 409 680 439 0.000169 2
1006 513 1017 525 0.000169 2
1264 333 1279 370 0.000166 2
47 412 66 425 0.000166 2
1154 279 1257 356 0.000165 2
378 414 432 439 0.000165 2
1034 322 1087 366 0.000163 2
1222 175 1257 234 0.000163 2
31 440 50 446 0.000161 2
415 198 439 206 0.000161 2
639 430 650 439 0.000159 2
194 371 225 410 0.000159 2
644 429 656 439 0.000158 2
635 356 659 397 0.000157 2
599 320 608 328 0.000157 2
66 401 181 437 0.000155 2
1097 262 1248 355 0.000154 2
620 321 668 363 0.000154 2
526 430 592 457 0.000153 2
334 205 353 248 0.000153 2
303 479 320 495 0.000153 2
627 375 668 426 0.000151 2
659 457 672 471 0.000150 2
1216 423 1249 439 0.000150 2
751 272 850 349 0.000148 2
318 408 337 413 0.000147 2
976 528 989 536 0.000146 2
1102 239 1237 352 0.000146 2
1165 290 1233 348 0.000146 2
314 404 390 456 0.000146 2
503 312 528 347 0.000145 2
95 391 125 403 0.000144 2
973 205 1124 270 0.000144 2
590 450 608 463 0.000143 2
1048 454 1067 467 0.000142 2
325 407 352 446 0.000141 2
318 406 352 454 0.000141 2
349 403 386 473 0.000140 2
1230 274 1279 312 0.000139 2
53 395 220 506 0.000139 2
640 387 687 409 0.000139 2
521 427 591 455 0.000138 2
632 420 669 438 0.000137 2
895 624 905 630 0.000137 2
575 241 591 247 0.000137 2
574 448 592 472 0.000137 2
607 372 660 412 0.000137 2
468 391 521 432 0.000136 2
241 449 289 467 0.000135 2
1180 411 1198 423 0.000135 2
303 480 322 499 0.000135 2
630 458 672 486 0.000135 2
958 198 986 212 0.000134 2
716 303 762 338 0.000133 2
0 402 70 448 0.000133 2
0 393 103 422 0.000132 2
19 396 119 412 0.000132 2
657 428 676 440 0.000132 2
859 149 985 213 0.000132 2
46 421 77 445 0.000131 2
617 322 658 367 0.000131 2
1191 277 1232 337 0.000131 2
941 289 1002 321 0.000130 2
846 519 855 526 0.000129 2
750 291 767 338 0.000129 2
492 309 513 338 0.000129 2
503 405 581 433 0.000127 2
47 407 77 427 0.000126 2
375 414 434 446 0.000125 2
606 346 642 377 0.000123 2
333 407 352 451 0.000122 2
1042 465 1056 472 0.000122 2
603 447 624 463 0.000121 2
303 405 398 459 0.000121 2
268 173 315 195 0.000121 2
641 392 691 440 0.000120 2
43 248 94 283 0.000120 2
1219 275 1279 314 0.000120 2
0 249 196 397 0.000119 2
1165 294 1280 355 0.000118 2
354 410 434 472 0.000117 2
646 389 688 408 0.000117 2
708 303 761 341 0.000117 2
643 391 691 430 0.000117 2
998 176 1047 224 0.000116 2
859 263 912 346 0.000115 2
42 250 67 285 0.000115 2
41 252 95 288 0.000115 2
48 409 82 433 0.000114 2
591 455 673 484 0.000114 2
399 389 451 426 0.000113 2
920 285 1009 379 0.000113 2
321 407 348 414 0.000113 2
404 399 432 416 0.000112 2
6 505 56 526 0.000112 2
208 520 223 531 0.000112 2
1093 157 1228 251 0.000112 2
1025 310 1092 334 0.000112 2
259 408 288 425 0.000111 2
446 179 494 235 0.000110 2
1022 325 1071 387 0.000110 2
150 387 236 450 0.000109 2
385 410 433 440 0.000109 2
0 397 126 477 0.000109 2
600 344 636 373 0.000109 2
12 414 129 512 0.000109 2
47 399 110 426 0.000109 2
966 504 976 520 0.000108 2
371 452 406 471 0.000108 2
620 315 686 362 0.000108 2
642 409 673 433 0.000108 2
210 444 282 463 0.000107 2
383 447 416 470 0.000107 2
504 402 588 436 0.000106 2
1229 269 1280 298 0.000106 2
722 302 763 311 0.000105 2
655 440 703 459 0.000105 2
0 470 16 483 0.000105 2
913 242 985 294 0.000105 2
499 394 581 435 0.000105 2
31 256 67 292 0.000105 2
383 415 432 442 0.000105 2
1170 284 1280 336 0.000104 2
890 173 951 203 0.000104 2
509 336 527 351 0.000104 2
712 199 811 237 0.000104 2
399 393 433 421 0.000103 2
573 370 703 448 0.000103 2
1175 298 1232 352 0.000102 2
790 340 846 364 0.000102 2
227 445 286 463 0.000101 2
1181 165 1279 268 0.004474 5
1197 163 1279 234 0.002857 5
1133 164 1279 268 0.002371 5
1090 162 1279 280 0.001285 5
1087 142 1279 446 0.001270 5
480 174 496 201 0.001210 5
825 135 941 164 0.000969 5
1089 153 1279 362 0.000944 5
820 135 940 158 0.000697 5
483 178 514 203 0.000552 5
443 181 484 219 0.000499 5
1077 165 1278 408 0.000479 5
448 154 525 208 0.000429 5
673 166 1277 442 0.000291 5
1222 163 1279 214 0.000258 5
1221 176 1271 234 0.000245 5
1206 166 1230 231 0.000236 5
1219 162 1274 225 0.000197 5
765 188 1278 384 0.000137 5
912 205 1279 375 0.000129 5
673 272 1278 497 0.054091 6
640 260 1176 478 0.029526 6
640 128 1259 492 0.012170 6
697 313 1275 498 0.010228 6
640 185 1246 479 0.010038 6
640 278 1085 483 0.008299 6
1184 164 1279 268 0.006098 6
480 164 583 210 0.005980 6
640 341 1069 483 0.005847 6
1049 276 1279 498 0.005839 6
640 234 1241 492 0.004394 6
835 450 1024 486 0.003318 6
888 264 1279 485 0.002866 6
486 168 580 206 0.002537 6
667 383 1275 502 0.002271 6
1083 161 1279 270 0.002220 6
871 433 1026 486 0.001900 6
640 98 1238 434 0.001775 6
1000 274 1279 504 0.001541 6
1190 162 1279 234 0.001273 6
444 178 518 218 0.001241 6
701 133 955 240 0.001209 6
687 202 1279 494 0.001075 6
855 253 1279 445 0.001042 6
1039 376 1279 509 0.000998 6
750 438 910 478 0.000994 6
450 397 704 460 0.000888 6
708 339 1052 487 0.000820 6
727 423 1244 493 0.000815 6
1102 228 1279 475 0.000802 6
827 135 941 167 0.000778 6
719 334 1201 489 0.000765 6
825 134 941 159 0.000741 6
444 170 533 218 0.000734 6
1066 337 1279 510 0.000673 6
772 260 1279 475 0.000653 6
1127 279 1279 356 0.000649 6
647 432 1053 485 0.000612 6
738 414 925 478 0.000610 6
0 65 484 392 0.000591 6
810 376 1278 508 0.000582 6
640 393 1064 493 0.000562 6
419 227 951 470 0.000511 6
856 453 1026 487 0.000508 6
743 439 878 477 0.000505 6
697 150 1269 475 0.000502 6
452 382 705 458 0.000487 6
740 415 886 477 0.000461 6
0 65 361 394 0.000448 6
1019 464 1276 512 0.000411 6
334 450 407 471 0.000395 6
1215 161 1279 233 0.000389 6
470 177 576 215 0.000389 6
633 316 958 477 0.000384 6
1139 289 1279 418 0.000383 6
443 275 955 474 0.000368 6
576 254 960 476 0.000360 6
640 315 1001 482 0.000339 6
1098 64 1280 277 0.000334 6
753 339 1018 438 0.000313 6
457 165 684 211 0.000310 6
437 351 954 473 0.000299 6
1067 400 1248 475 0.000296 6
640 135 1207 416 0.000288 6
10 396 622 524 0.000266 6
753 339 963 471 0.000260 6
2 183 459 381 0.000256 6
778 406 940 474 0.000255 6
640 361 1077 506 0.000255 6
1122 342 1279 474 0.000245 6
445 172 960 471 0.000243 6
37 444 323 508 0.000239 6
752 338 1037 474 0.000235 6
154 167 277 233 0.000228 6
644 445 1067 704 0.000221 6
408 399 707 478 0.000206 6
391 64 664 218 0.000205 6
673 379 1274 544 0.000201 6
1062 386 1261 472 0.000199 6
348 158 472 206 0.000198 6
548 189 960 475 0.000198 6
640 149 978 415 0.000198 6
640 198 1067 696 0.000197 6
0 130 334 395 0.000195 6
335 64 703 235 0.000192 6
618 408 703 464 0.000179 6
719 445 1277 519 0.000177 6
700 409 1265 539 0.000175 6
160 172 269 220 0.000161 6
1178 64 1280 274 0.000159 6
355 154 529 207 0.000158 6
641 374 1070 704 0.000155 6
753 338 1024 390 0.000153 6
425 64 691 220 0.000152 6
773 351 1048 482 0.000151 6
1077 475 1280 704 0.000149 6
622 383 703 465 0.000146 6
1159 338 1279 440 0.000140 6
1157 345 1278 419 0.000139 6
477 158 658 212 0.000135 6
1066 343 1255 470 0.000127 6
362 158 485 207 0.000120 6
767 405 913 473 0.000116 6
1121 365 1279 478 0.000113 6
723 427 1126 533 0.000113 6
749 341 910 476 0.000112 6
898 413 1057 474 0.000111 6
890 378 1060 476 0.000110 6
1107 325 1280 510 0.000110 6
603 403 702 464 0.000107 6
836 453 1064 493 0.000107 6
853 409 1055 479 0.000102 6
866 176 955 239 0.101721 7
863 177 954 228 0.075614 7
588 183 621 214 0.072766 7
832 176 956 238 0.069935 7
588 184 652 216 0.044696 7
802 167 955 236 0.043368 7
810 174 956 233 0.041913 7
702 153 955 238 0.032124 7
864 176 986 251 0.027346 7
703 173 954 238 0.027190 7
720 153 858 239 0.011287 7
1194 169 1279 268 0.009386 7
806 175 972 259 0.009329 7
864 177 954 264 0.007481 7
717 153 809 236 0.006461 7
802 146 944 238 0.006415 7
803 155 858 239 0.005698 7
1210 166 1279 268 0.005439 7
864 176 975 230 0.003787 7
848 176 997 257 0.003446 7
516 172 581 205 0.003357 7
1203 166 1279 243 0.003337 7
1174 176 1280 268 0.002727 7
578 184 621 214 0.002675 7
506 170 580 210 0.002662 7
587 174 635 215 0.002563 7
541 172 580 203 0.002484 7
821 168 965 248 0.002338 7
802 181 855 242 0.002159 7
802 171 860 240 0.002066 7
1183 192 1279 268 0.001969 7
675 153 950 270 0.001955 7
492 171 579 212 0.001789 7
767 176 970 258 0.001701 7
866 175 939 212 0.001589 7
685 159 962 259 0.001555 7
820 134 950 241 0.001376 7
478 172 518 205 0.001268 7
719 153 830 236 0.001255 7
866 176 940 227 0.001233 7
521 175 631 214 0.001105 7
995 193 1056 228 0.001094 7
858 183 906 261 0.001048 7
986 194 1071 249 0.001025 7
1132 283 1279 417 0.000909 7
477 167 594 233 0.000867 7
518 172 634 211 0.000853 7
1174 219 1279 271 0.000785 7
1221 179 1279 225 0.000781 7
296 199 388 296 0.000763 7
860 136 954 227 0.000762 7
983 192 1061 228 0.000756 7
716 134 952 232 0.000679 7
1092 148 1280 467 0.000606 7
584 176 623 211 0.000585 7
1264 168 1279 241 0.000548 7
784 168 859 240 0.000545 7
1098 156 1280 380 0.000529 7
432 175 662 220 0.000524 7
865 171 936 218 0.000514 7
1221 170 1280 218 0.000495 7
587 170 660 216 0.000477 7
653 153 1136 314 0.000475 7
1263 210 1279 270 0.000445 7
579 181 716 222 0.000436 7
973 184 1059 229 0.000412 7
1254 170 1279 237 0.000411 7
664 158 1199 343 0.000410 7
1219 178 1279 235 0.000409 7
317 198 387 295 0.000396 7
578 161 666 217 0.000384 7
865 176 925 230 0.000370 7
939 206 975 253 0.000362 7
736 152 804 219 0.000342 7
689 152 811 234 0.000337 7
645 135 1148 370 0.000325 7
693 184 731 233 0.000302 7
1262 168 1279 225 0.000259 7
816 123 988 257 0.000248 7
953 168 1059 253 0.000240 7
847 170 913 237 0.000233 7
1236 282 1279 410 0.000225 7
1109 272 1244 419 0.000225 7
599 148 956 291 0.000224 7
691 174 1250 350 0.000201 7
785 172 1139 294 0.000199 7
473 163 532 204 0.000197 7
966 139 1063 239 0.000192 7
971 162 1066 233 0.000185 7
463 140 937 249 0.000175 7
726 164 789 225 0.000171 7
948 209 975 253 0.000169 7
1128 276 1256 420 0.000166 7
733 152 805 207 0.000156 7
752 270 905 345 0.000149 7
716 271 859 385 0.000141 7
295 199 331 233 0.000138 7
795 123 1122 266 0.000133 7
728 161 796 210 0.000129 7
524 123 876 242 0.000127 7
916 278 1098 387 0.000127 7
498 145 741 227 0.000126 7
962 162 1023 224 0.000124 7
548 133 960 439 0.000123 7
1165 300 1280 359 0.000118 7
502 186 674 219 0.000112 7
435 121 960 463 0.000112 7
530 65 682 223 0.000110 7
750 283 768 343 0.000109 7
937 163 1138 289 0.000104 7
1088 150 1103 177 0.655384 9
513 152 523 178 0.424648 9
1208 170 1215 187 0.153645 9
372 167 382 185 0.087524 9
366 167 374 185 0.084213 9
448 157 490 170 0.076268 9
964 372 980 396 0.066900 9
866 152 880 169 0.058076 9
513 152 524 184 0.052091 9
628 181 636 194 0.041389 9
553 173 569 199 0.039839 9
960 371 980 410 0.037901 9
1207 169 1215 192 0.037697 9
558 183 567 194 0.030017 9
963 372 980 408 0.028012 9
627 180 636 195 0.027063 9
313 151 341 185 0.026544 9
965 373 978 388 0.025640 9
895 154 907 176 0.024228 9
371 167 381 186 0.024137 9
1154 160 1167 183 0.024002 9
1198 383 1206 415 0.023207 9
965 371 981 391 0.023048 9
612 156 624 168 0.022872 9
239 179 247 191 0.020857 9
611 152 625 168 0.020642 9
362 166 368 187 0.019437 9
1088 150 1103 183 0.019431 9
665 181 671 196 0.017699 9
1215 167 1223 184 0.017603 9
552 174 581 204 0.017183 9
1013 136 1025 168 0.016107 9
863 166 869 183 0.013595 9
866 151 880 177 0.013546 9
225 183 231 195 0.012930 9
111 151 128 164 0.012908 9
1197 383 1206 401 0.012805 9
951 350 959 360 0.012499 9
1196 383 1206 415 0.012468 9
1089 150 1106 178 0.012417 9
1214 167 1224 186 0.012417 9
362 166 368 188 0.012288 9
961 372 979 405 0.012046 9
562 179 580 201 0.011879 9
680 167 686 183 0.011678 9
693 177 700 191 0.011178 9
448 157 490 180 0.011151 9
1230 166 1247 181 0.011141 9
567 179 581 202 0.010433 9
638 160 644 168 0.010267 9
627 176 636 195 0.010227 9
449 158 474 171 0.009845 9
510 156 551 193 0.009686 9
844 151 859 166 0.009661 9
977 368 986 389 0.009562 9
848 181 857 199 0.009423 9
627 171 636 194 0.009052 9
524 183 536 196 0.008393 9
95 152 105 176 0.008357 9
895 152 909 177 0.008297 9
1193 163 1201 186 0.008268 9
665 184 671 199 0.008109 9
976 368 985 390 0.007716 9
958 371 980 420 0.007664 9
801 140 811 156 0.007516 9
1190 385 1204 401 0.007395 9
695 177 702 186 0.006804 9
965 370 979 389 0.006781 9
767 103 784 136 0.006708 9
554 174 575 200 0.006506 9
1198 383 1216 415 0.006285 9
879 153 891 170 0.006285 9
545 168 552 189 0.006258 9
257 144 267 160 0.005970 9
982 373 990 392 0.005951 9
513 152 526 189 0.005930 9
981 371 991 392 0.005726 9
258 143 268 160 0.005533 9
696 177 704 198 0.005511 9
848 181 857 204 0.005424 9
463 167 473 184 0.005248 9
544 169 553 199 0.005245 9
364 167 372 183 0.005114 9
609 153 624 169 0.005078 9
1126 165 1146 185 0.005057 9
1090 153 1110 179 0.004784 9
1047 157 1056 172 0.004565 9
810 159 857 180 0.004553 9
1115 162 1129 183 0.004507 9
665 171 672 194 0.004462 9
551 170 570 201 0.004427 9
1115 164 1146 185 0.004337 9
607 170 614 183 0.004319 9
257 180 262 191 0.004214 9
560 178 581 202 0.004175 9
1102 155 1110 177 0.004131 9
628 169 637 184 0.004110 9
364 167 374 189 0.004056 9
951 345 960 386 0.003889 9
829 135 860 167 0.003858 9
606 167 619 183 0.003852 9
811 160 857 190 0.003837 9
1204 407 1215 415 0.003770 9
68 168 80 177 0.003714 9
542 169 564 201 0.003657 9
312 148 348 188 0.003638 9
313 157 342 186 0.003578 9
809 167 815 179 0.003566 9
821 152 859 181 0.003386 9
839 151 857 165 0.003350 9
801 139 812 158 0.003199 9
837 152 857 169 0.003193 9
1118 298 1137 387 0.003179 9
881 153 895 172 0.003148 9
552 178 580 202 0.003101 9
1224 164 1233 181 0.003075 9
951 344 960 361 0.003023 9
1111 162 1145 184 0.002981 9
358 168 368 189 0.002956 9
927 151 937 168 0.002944 9
960 369 981 400 0.002938 9
216 183 225 197 0.002920 9
1185 163 1203 192 0.002868 9
1178 381 1184 391 0.002867 9
587 171 596 185 0.002858 9
521 179 547 200 0.002851 9
550 172 575 201 0.002835 9
800 135 812 155 0.002825 9
610 153 624 181 0.002810 9
991 359 1008 392 0.002805 9
946 346 962 402 0.002713 9
950 345 961 397 0.002700 9
880 152 896 173 0.002680 9
814 144 822 152 0.002672 9
703 152 712 178 0.002643 9
690 168 697 180 0.002615 9
638 160 648 181 0.002556 9
956 365 990 419 0.002547 9
1006 135 1025 170 0.002544 9
991 360 1005 386 0.002523 9
704 166 712 179 0.002489 9
1040 155 1057 174 0.002478 9
1189 382 1208 416 0.002469 9
681 172 688 195 0.002463 9
587 173 602 185 0.002445 9
833 416 849 450 0.002444 9
1042 156 1057 175 0.002408 9
480 174 497 202 0.002394 9
927 148 938 168 0.002384 9
1181 163 1204 217 0.002377 9
1089 150 1111 178 0.002367 9
976 362 993 393 0.002346 9
612 174 623 191 0.002315 9
524 173 547 188 0.002312 9
588 166 603 184 0.002299 9
697 123 705 152 0.002245 9
587 167 595 184 0.002238 9
693 119 706 152 0.002234 9
1225 162 1248 181 0.002221 9
1167 384 1183 422 0.002204 9
832 176 839 190 0.002199 9
543 191 549 202 0.002195 9
662 153 671 174 0.002173 9
800 136 816 158 0.002145 9
509 171 549 198 0.002132 9
522 183 537 199 0.002108 9
339 163 352 185 0.002096 9
95 183 102 203 0.002094 9
652 151 671 175 0.002037 9
119 64 159 76 0.002024 9
167 64 176 76 0.002001 9
174 64 201 90 0.001999 9
1115 162 1142 185 0.001994 9
449 154 491 171 0.001992 9
1015 337 1023 345 0.001960 9
978 369 992 412 0.001910 9
653 154 666 174 0.001901 9
1187 384 1210 412 0.001898 9
447 156 492 215 0.001889 9
119 64 128 72 0.001865 9
846 166 859 187 0.001841 9
831 416 846 451 0.001829 9
503 313 513 335 0.001822 9
838 433 848 449 0.001775 9
156 64 201 90 0.001763 9
518 183 535 201 0.001760 9
962 357 990 393 0.001751 9
479 176 495 201 0.001738 9
1206 166 1217 189 0.001731 9
1187 380 1213 416 0.001729 9
491 156 581 206 0.001728 9
638 164 651 184 0.001725 9
988 359 1009 398 0.001677 9
513 167 549 187 0.001669 9
610 152 628 168 0.001636 9
580 64 596 92 0.001628 9
353 164 359 182 0.001628 9
1210 167 1225 201 0.001619 9
524 168 548 182 0.001606 9
988 354 1008 389 0.001601 9
1120 365 1136 388 0.001597 9
447 156 492 201 0.001583 9
695 120 705 152 0.001574 9
1184 164 1202 187 0.001557 9
570 166 579 177 0.001557 9
626 168 637 195 0.001545 9
1120 164 1153 185 0.001543 9
664 167 671 174 0.001537 9
690 118 704 152 0.001529 9
980 370 992 413 0.001528 9
309 183 339 197 0.001520 9
698 151 713 180 0.001497 9
1167 389 1181 422 0.001495 9
990 359 1024 401 0.001493 9
926 344 994 434 0.001476 9
617 176 625 196 0.001469 9
690 170 698 184 0.001467 9
370 158 381 185 0.001445 9
119 64 201 86 0.001439 9
245 177 258 193 0.001435 9
673 317 680 327 0.001418 9
1042 152 1056 173 0.001415 9
339 166 352 188 0.001414 9
111 203 120 225 0.001409 9
1040 154 1057 180 0.001397 9
846 151 862 167 0.001386 9
161 64 177 80 0.001377 9
1186 356 1212 411 0.001375 9
751 88 784 137 0.001374 9
388 198 396 206 0.001366 9
996 359 1024 399 0.001360 9
448 158 484 177 0.001356 9
569 136 581 161 0.001334 9
848 118 867 136 0.001330 9
926 343 995 405 0.001327 9
475 150 529 179 0.001300 9
690 118 701 149 0.001289 9
386 199 397 206 0.001288 9
415 176 421 203 0.001277 9
872 153 893 176 0.001273 9
222 176 247 192 0.001256 9
119 64 167 78 0.001253 9
970 176 976 185 0.001249 9
729 119 754 155 0.001245 9
1101 133 1110 154 0.001222 9
1097 131 1105 168 0.001204 9
580 64 625 93 0.001204 9
1101 138 1110 155 0.001203 9
841 150 867 172 0.001193 9
240 166 247 181 0.001190 9
694 160 710 183 0.001182 9
111 140 128 165 0.001181 9
840 119 854 134 0.001181 9
1088 145 1103 177 0.001141 9
842 118 867 136 0.001132 9
566 139 581 161 0.001130 9
112 201 120 221 0.001123 9
118 64 186 79 0.001107 9
1042 156 1056 172 0.001106 9
1118 354 1136 388 0.001100 9
244 176 259 192 0.001098 9
801 138 817 159 0.001094 9
976 351 998 393 0.001087 9
596 64 625 92 0.001086 9
697 152 709 177 0.001069 9
760 100 784 136 0.001064 9
223 180 234 196 0.001037 9
974 143 990 153 0.001032 9
432 171 446 192 0.001018 9
808 382 814 391 0.001013 9
882 153 897 176 0.001013 9
1167 388 1184 423 0.001010 9
512 145 525 176 0.001010 9
1079 151 1102 183 0.000998 9
159 64 195 91 0.000990 9
209 167 218 176 0.000981 9
664 295 681 349 0.000979 9
948 379 960 399 0.000969 9
962 354 996 394 0.000969 9
513 151 542 189 0.000956 9
1013 132 1040 169 0.000946 9
1184 167 1200 184 0.000945 9
850 153 867 186 0.000940 9
365 166 385 197 0.000937 9
223 176 244 194 0.000932 9
256 144 268 173 0.000930 9
132 64 181 83 0.000928 9
826 135 861 153 0.000923 9
119 64 191 82 0.000918 9
1219 164 1237 185 0.000915 9
801 440 817 455 0.000908 9
994 361 1012 399 0.000906 9
1180 381 1191 391 0.000898 9
602 166 623 184 0.000898 9
974 141 992 161 0.000892 9
1193 164 1214 190 0.000888 9
1081 173 1088 183 0.000884 9
848 172 866 208 0.000878 9
918 342 1008 403 0.000873 9
432 170 446 200 0.000869 9
664 323 678 349 0.000859 9
848 165 868 197 0.000853 9
827 136 939 169 0.000849 9
980 322 992 343 0.000845 9
840 119 864 135 0.000843 9
990 368 1009 400 0.000839 9
566 144 580 162 0.000817 9
159 64 170 72 0.000816 9
783 332 817 392 0.000815 9
1167 382 1179 392 0.000807 9
1107 160 1129 184 0.000806 9
1181 383 1209 414 0.000800 9
825 135 840 152 0.000798 9
937 339 980 409 0.000796 9
1104 166 1127 203 0.000794 9
1015 146 1034 168 0.000793 9
1225 163 1273 181 0.000791 9
831 418 842 451 0.000786 9
1184 159 1202 187 0.000774 9
159 64 185 90 0.000765 9
125 64 200 90 0.000765 9
1119 292 1137 365 0.000761 9
1109 158 1120 171 0.000760 9
991 680 1001 703 0.000759 9
1012 134 1025 169 0.000757 9
586 166 624 204 0.000755 9
984 351 992 359 0.000750 9
942 358 962 400 0.000750 9
0 145 7 202 0.000742 9
989 343 1008 392 0.000733 9
975 142 993 155 0.000727 9
251 177 263 192 0.000725 9
814 149 823 160 0.000723 9
650 161 656 176 0.000722 9
691 118 705 151 0.000715 9
703 173 711 184 0.000713 9
977 328 992 344 0.000710 9
650 157 656 174 0.000706 9
1092 152 1119 196 0.000706 9
571 165 581 178 0.000705 9
1182 382 1205 409 0.000700 9
928 146 944 168 0.000699 9
119 64 178 78 0.000685 9
256 85 262 98 0.000682 9
684 167 703 200 0.000680 9
446 146 526 175 0.000674 9
312 101 367 194 0.000673 9
944 383 951 393 0.000671 9
594 64 640 96 0.000671 9
447 154 519 171 0.000670 9
527 183 550 214 0.000669 9
574 136 581 153 0.000667 9
702 154 714 177 0.000665 9
1188 355 1210 392 0.000662 9
664 319 680 348 0.000660 9
817 163 857 190 0.000658 9
803 134 825 157 0.000657 9
979 313 993 337 0.000657 9
162 64 184 76 0.000654 9
95 200 104 209 0.000654 9
1097 128 1105 145 0.000649 9
377 162 408 184 0.000643 9
67 169 80 183 0.000635 9
999 330 1008 343 0.000631 9
639 163 656 184 0.000625 9
1213 370 1223 386 0.000622 9
1077 334 1090 361 0.000616 9
593 64 640 106 0.000614 9
935 345 965 402 0.000608 9
999 325 1008 343 0.000608 9
677 166 688 197 0.000603 9
764 102 785 153 0.000600 9
1171 149 1184 163 0.000598 9
1116 288 1172 407 0.000592 9
1024 151 1040 159 0.000591 9
751 98 784 145 0.000591 9
974 168 991 187 0.000590 9
1006 358 1024 391 0.000588 9
906 342 1027 408 0.000587 9
809 155 855 183 0.000586 9
352 159 361 187 0.000584 9
1167 376 1196 423 0.000576 9
1106 182 1122 203 0.000576 9
502 312 511 336 0.000573 9
804 158 858 220 0.000572 9
664 312 681 348 0.000566 9
1160 377 1166 383 0.000562 9
1112 159 1169 185 0.000559 9
665 169 677 196 0.000559 9
312 150 342 209 0.000558 9
699 120 714 153 0.000558 9
947 344 968 362 0.000554 9
808 169 816 188 0.000543 9
1000 134 1009 184 0.000542 9
1020 150 1040 166 0.000539 9
312 81 367 191 0.000536 9
479 335 498 355 0.000533 9
68 170 80 200 0.000531 9
1117 299 1137 363 0.000530 9
1207 159 1216 188 0.000518 9
1038 151 1057 176 0.000517 9
816 359 832 377 0.000516 9
310 128 388 194 0.000511 9
1149 314 1169 404 0.000509 9
595 64 630 93 0.000508 9
928 358 938 370 0.000506 9
119 64 158 79 0.000505 9
905 126 912 137 0.000504 9
590 64 625 92 0.000503 9
638 146 648 168 0.000501 9
1110 360 1117 370 0.000501 9
568 161 580 177 0.000501 9
1150 100 1168 136 0.000499 9
485 149 524 175 0.000493 9
990 345 1007 384 0.000490 9
1078 146 1103 182 0.000488 9
853 113 869 136 0.000486 9
1025 359 1053 381 0.000485 9
488 154 524 195 0.000484 9
352 165 361 188 0.000482 9
944 376 959 405 0.000482 9
830 147 854 165 0.000477 9
825 135 920 171 0.000475 9
1194 154 1207 189 0.000474 9
1112 152 1119 163 0.000471 9
32 525 48 567 0.000465 9
1031 341 1043 359 0.000464 9
689 118 706 161 0.000463 9
1204 408 1215 423 0.000458 9
208 181 217 198 0.000456 9
861 112 869 118 0.000455 9
492 171 516 198 0.000453 9
1026 359 1052 377 0.000449 9
95 152 110 177 0.000449 9
913 355 1024 416 0.000449 9
364 159 382 187 0.000447 9
992 144 1000 164 0.000446 9
699 120 715 158 0.000443 9
815 359 832 394 0.000443 9
1042 154 1057 185 0.000442 9
405 179 419 204 0.000441 9
976 326 989 344 0.000440 9
999 134 1008 178 0.000439 9
70 179 79 199 0.000438 9
1107 359 1121 386 0.000435 9
1015 319 1027 345 0.000429 9
604 155 642 197 0.000422 9
638 139 657 165 0.000422 9
1044 342 1056 360 0.000421 9
754 134 765 152 0.000421 9
664 169 683 202 0.000419 9
415 174 424 204 0.000419 9
879 407 888 426 0.000418 9
549 140 580 160 0.000415 9
259 178 272 200 0.000413 9
895 119 905 137 0.000413 9
1191 165 1216 195 0.000405 9
927 147 944 171 0.000404 9
1002 135 1019 179 0.000403 9
856 283 863 295 0.000402 9
997 130 1008 173 0.000399 9
1025 358 1056 387 0.000398 9
879 408 888 430 0.000396 9
944 367 1021 414 0.000396 9
257 143 270 174 0.000390 9
592 159 603 181 0.000389 9
789 137 800 153 0.000389 9
1102 165 1122 204 0.000387 9
959 344 968 354 0.000386 9
1151 329 1169 398 0.000386 9
1019 128 1040 160 0.000385 9
559 505 568 528 0.000385 9
371 163 410 185 0.000385 9
1199 136 1205 159 0.000384 9
1199 141 1205 173 0.000382 9
449 149 523 171 0.000378 9
1088 149 1116 179 0.000377 9
476 152 517 170 0.000377 9
596 134 605 144 0.000375 9
1222 162 1279 213 0.000369 9
783 359 817 392 0.000368 9
903 536 912 546 0.000367 9
1056 151 1064 161 0.000367 9
1001 169 1008 187 0.000366 9
933 376 944 389 0.000365 9
1087 147 1124 179 0.000362 9
259 174 272 199 0.000361 9
1045 343 1056 362 0.000358 9
912 169 921 179 0.000356 9
95 151 128 178 0.000355 9
945 168 960 183 0.000355 9
764 134 788 153 0.000355 9
1025 126 1040 159 0.000354 9
935 544 944 567 0.000353 9
701 118 716 128 0.000352 9
1219 406 1231 423 0.000350 9
416 170 448 203 0.000348 9
46 318 56 340 0.000348 9
910 270 928 312 0.000348 9
1087 152 1102 207 0.000347 9
713 133 720 153 0.000347 9
247 279 256 295 0.000346 9
223 169 231 177 0.000346 9
931 392 944 409 0.000344 9
994 136 1001 164 0.000343 9
815 115 827 128 0.000343 9
312 130 366 194 0.000342 9
445 180 485 217 0.000342 9
1206 116 1232 167 0.000342 9
734 342 754 376 0.000341 9
974 188 982 201 0.000340 9
1218 162 1248 182 0.000340 9
377 173 419 201 0.000337 9
1026 356 1058 389 0.000337 9
928 97 951 140 0.000335 9
1207 166 1230 228 0.000333 9
6 509 48 567 0.000333 9
1165 98 1186 136 0.000331 9
248 167 257 175 0.000329 9
1140 299 1170 401 0.000329 9
938 97 960 147 0.000328 9
575 64 588 95 0.000327 9
121 64 186 92 0.000325 9
1105 161 1148 197 0.000325 9
961 343 996 394 0.000325 9
627 174 653 205 0.000323 9
486 149 522 170 0.000322 9
992 682 1007 703 0.000322 9
369 165 397 185 0.000321 9
479 93 488 103 0.000321 9
1151 333 1168 366 0.000321 9
820 359 832 375 0.000320 9
1196 165 1217 219 0.000320 9
624 64 637 72 0.000319 9
1142 375 1152 388 0.000319 9
1080 337 1118 387 0.000318 9
1021 321 1041 345 0.000315 9
404 182 417 205 0.000315 9
574 64 592 92 0.000315 9
1151 328 1168 362 0.000314 9
212 165 224 178 0.000314 9
606 141 626 170 0.000314 9
680 156 688 183 0.000313 9
1030 358 1053 376 0.000313 9
593 151 628 186 0.000310 9
374 161 432 197 0.000310 9
972 168 991 202 0.000307 9
805 365 815 392 0.000307 9
975 328 988 344 0.000304 9
1106 361 1125 391 0.000304 9
375 157 409 184 0.000304 9
931 377 944 392 0.000303 9
862 136 918 171 0.000299 9
1021 153 1040 168 0.000299 9
1029 343 1042 361 0.000297 9
1046 646 1056 693 0.000296 9
833 367 848 392 0.000293 9
1082 133 1140 192 0.000291 9
853 136 939 169 0.000291 9
586 64 634 106 0.000291 9
640 142 658 172 0.000290 9
943 369 958 422 0.000290 9
937 340 996 398 0.000287 9
663 295 672 313 0.000284 9
817 362 832 397 0.000279 9
1039 166 1052 185 0.000278 9
550 135 581 161 0.000278 9
1039 183 1048 196 0.000277 9
209 175 246 199 0.000276 9
443 159 506 218 0.000275 9
349 148 377 188 0.000275 9
259 166 271 179 0.000273 9
310 152 384 194 0.000270 9
1088 150 1110 204 0.000269 9
317 89 334 156 0.000268 9
853 136 940 158 0.000267 9
602 138 627 171 0.000265 9
974 136 993 157 0.000265 9
1010 135 1026 177 0.000263 9
626 158 645 169 0.000261 9
126 175 132 187 0.000260 9
1024 339 1055 382 0.000259 9
28 519 48 567 0.000257 9
1056 152 1065 171 0.000255 9
45 314 57 340 0.000252 9
934 167 961 198 0.000250 9
960 134 992 161 0.000249 9
1120 366 1136 393 0.000248 9
1061 392 1072 402 0.000247 9
544 150 567 161 0.000246 9
1030 343 1057 383 0.000245 9
1100 130 1137 167 0.000244 9
972 310 1003 343 0.000243 9
992 133 1004 175 0.000242 9
1153 155 1197 184 0.000241 9
578 299 593 317 0.000239 9
478 141 580 208 0.000237 9
929 343 952 374 0.000237 9
1176 383 1209 422 0.000237 9
232 130 241 146 0.000236 9
383 149 395 161 0.000236 9
1072 141 1098 199 0.000235 9
1165 150 1197 183 0.000233 9
1103 162 1133 205 0.000231 9
1035 337 1051 359 0.000231 9
95 174 106 205 0.000230 9
549 144 571 161 0.000229 9
958 162 992 188 0.000229 9
246 279 259 295 0.000228 9
627 64 639 74 0.000228 9
1190 151 1204 187 0.000228 9
701 152 717 181 0.000226 9
172 64 243 91 0.000226 9
1061 392 1072 412 0.000226 9
357 149 372 174 0.000226 9
1103 363 1114 386 0.000226 9
666 166 684 192 0.000226 9
172 64 259 90 0.000225 9
903 536 913 552 0.000225 9
256 129 268 161 0.000224 9
569 159 581 179 0.000223 9
700 150 718 183 0.000223 9
926 355 945 393 0.000221 9
814 150 847 163 0.000220 9
544 140 553 158 0.000220 9
1152 149 1176 184 0.000220 9
673 164 689 193 0.000219 9
651 171 666 200 0.000218 9
853 135 940 154 0.000218 9
928 374 945 409 0.000218 9
1192 383 1233 421 0.000216 9
1085 126 1105 178 0.000216 9
1097 110 1137 170 0.000216 9
975 307 995 336 0.000215 9
688 158 705 186 0.000215 9
702 117 720 128 0.000214 9
805 627 816 656 0.000213 9
938 108 960 149 0.000213 9
1148 157 1204 193 0.000211 9
1072 140 1098 185 0.000211 9
110 124 128 165 0.000209 9
1015 320 1042 345 0.000207 9
928 389 938 407 0.000207 9
802 364 816 392 0.000206 9
861 156 900 199 0.000205 9
446 145 512 171 0.000205 9
1210 157 1227 177 0.000205 9
1076 340 1119 394 0.000205 9
689 155 698 174 0.000204 9
775 135 793 154 0.000204 9
588 155 667 207 0.000203 9
1192 106 1232 186 0.000203 9
577 64 598 100 0.000203 9
743 150 753 157 0.000201 9
199 256 208 279 0.000200 9
595 150 609 165 0.000200 9
736 358 753 375 0.000200 9
101 151 128 168 0.000198 9
638 64 663 81 0.000197 9
398 184 408 204 0.000197 9
888 347 895 361 0.000196 9
911 327 928 345 0.000196 9
1119 366 1136 408 0.000196 9
256 165 269 179 0.000196 9
66 168 80 185 0.000195 9
939 343 962 377 0.000193 9
485 144 525 173 0.000193 9
848 280 864 337 0.000193 9
645 139 672 177 0.000192 9
1031 342 1054 369 0.000191 9
864 406 880 422 0.000191 9
681 328 689 345 0.000190 9
1209 97 1233 163 0.000188 9
108 150 129 174 0.000188 9
1210 149 1223 162 0.000187 9
369 152 410 185 0.000186 9
685 115 717 218 0.000186 9
841 270 865 338 0.000185 9
1159 157 1202 185 0.000184 9
975 312 994 344 0.000184 9
906 136 938 154 0.000184 9
1039 148 1065 190 0.000183 9
914 168 928 181 0.000183 9
63 147 79 172 0.000183 9
1042 124 1106 193 0.000183 9
1114 151 1129 163 0.000182 9
791 363 815 392 0.000182 9
1064 118 1125 182 0.000181 9
927 378 942 392 0.000180 9
310 64 339 168 0.000180 9
936 350 959 381 0.000179 9
799 85 808 100 0.000179 9
119 64 204 93 0.000179 9
927 100 944 136 0.000178 9
312 90 335 165 0.000178 9
1170 141 1185 161 0.000178 9
600 344 609 360 0.000177 9
227 174 264 195 0.000176 9
927 285 944 344 0.000176 9
789 135 803 153 0.000176 9
960 136 972 157 0.000175 9
751 94 779 137 0.000175 9
49 184 64 206 0.000174 9
589 129 602 153 0.000173 9
599 560 608 569 0.000173 9
753 124 765 152 0.000173 9
696 178 711 199 0.000172 9
967 310 1009 344 0.000171 9
1024 119 1041 160 0.000171 9
1150 334 1178 401 0.000171 9
901 143 934 181 0.000169 9
1085 345 1115 384 0.000169 9
826 276 861 316 0.000169 9
379 148 405 181 0.000169 9
847 172 868 234 0.000168 9
432 171 447 205 0.000168 9
311 105 341 191 0.000168 9
670 153 677 167 0.000168 9
1167 149 1187 168 0.000168 9
1074 334 1118 384 0.000167 9
383 184 395 203 0.000167 9
64 150 80 177 0.000166 9
1050 137 1104 190 0.000166 9
1107 162 1152 212 0.000166 9
1101 127 1111 153 0.000166 9
993 343 1008 363 0.000166 9
704 129 720 155 0.000166 9
240 99 248 115 0.000166 9
718 159 728 181 0.000165 9
923 344 948 375 0.000165 9
750 79 784 156 0.000165 9
577 297 594 323 0.000165 9
244 130 255 144 0.000165 9
1183 590 1192 611 0.000165 9
1102 135 1136 163 0.000164 9
74 150 106 177 0.000164 9
622 98 639 121 0.000163 9
314 108 375 196 0.000163 9
1137 351 1162 399 0.000163 9
918 343 1002 427 0.000162 9
1146 341 1170 405 0.000162 9
942 113 960 147 0.000162 9
56 160 63 167 0.000161 9
430 170 479 207 0.000161 9
992 133 1019 171 0.000160 9
753 131 762 152 0.000159 9
992 304 1008 342 0.000159 9
967 507 976 521 0.000159 9
576 71 586 101 0.000159 9
513 149 543 183 0.000158 9
929 356 946 373 0.000158 9
947 114 960 142 0.000158 9
991 290 1008 343 0.000158 9
1206 150 1223 171 0.000158 9
588 108 669 215 0.000157 9
594 125 670 207 0.000157 9
999 127 1006 136 0.000157 9
66 169 87 177 0.000157 9
1015 339 1024 350 0.000157 9
1230 93 1261 163 0.000156 9
0 141 8 193 0.000155 9
256 78 267 98 0.000155 9
928 311 944 344 0.000154 9
208 67 223 87 0.000154 9
255 102 267 126 0.000154 9
358 148 374 180 0.000154 9
652 175 670 201 0.000154 9
928 392 941 409 0.000152 9
585 158 608 185 0.000152 9
926 347 960 396 0.000152 9
924 136 945 167 0.000150 9
969 176 986 205 0.000150 9
1206 124 1233 180 0.000149 9
389 160 439 203 0.000149 9
936 342 965 375 0.000148 9
647 128 672 174 0.000148 9
990 130 1009 213 0.000148 9
978 299 1005 337 0.000147 9
314 64 350 172 0.000146 9
824 549 832 583 0.000146 9
835 374 848 392 0.000146 9
577 64 603 105 0.000145 9
542 160 582 185 0.000145 9
1151 390 1170 413 0.000144 9
444 141 502 173 0.000144 9
631 168 659 205 0.000143 9
761 131 800 154 0.000143 9
578 64 643 98 0.000142 9
247 161 256 175 0.000142 9
588 125 608 164 0.000142 9
585 119 601 157 0.000142 9
126 176 133 201 0.000141 9
700 117 721 154 0.000141 9
831 341 848 393 0.000141 9
1151 151 1168 183 0.000141 9
719 157 727 169 0.000140 9
852 166 875 222 0.000140 9
1038 109 1125 201 0.000140 9
844 257 913 344 0.000139 9
884 120 897 137 0.000139 9
1021 323 1071 387 0.000139 9
1115 326 1178 399 0.000138 9
591 531 607 569 0.000138 9
413 166 447 203 0.000138 9
317 95 358 164 0.000137 9
1102 305 1122 390 0.000137 9
951 180 961 206 0.000137 9
830 117 843 132 0.000137 9
1197 104 1207 154 0.000136 9
1007 173 1015 185 0.000136 9
926 101 938 130 0.000135 9
254 96 268 126 0.000134 9
595 140 608 158 0.000134 9
323 95 342 145 0.000134 9
899 326 1078 406 0.000133 9
918 292 1016 394 0.000133 9
780 115 831 157 0.000132 9
309 134 407 197 0.000132 9
972 139 993 161 0.000132 9
663 317 680 351 0.000132 9
479 89 520 104 0.000131 9
887 393 896 409 0.000131 9
382 149 406 166 0.000131 9
959 336 972 344 0.000131 9
618 77 641 122 0.000130 9
1072 147 1090 179 0.000130 9
617 148 645 169 0.000130 9
62 149 79 169 0.000130 9
928 134 944 149 0.000130 9
1107 137 1137 167 0.000129 9
1052 390 1065 403 0.000129 9
814 359 833 385 0.000128 9
801 621 816 658 0.000128 9
594 148 603 164 0.000127 9
1024 340 1045 363 0.000127 9
0 142 25 204 0.000127 9
50 258 64 286 0.000127 9
656 64 668 71 0.000126 9
935 670 945 688 0.000126 9
993 132 1004 167 0.000126 9
1225 110 1261 185 0.000125 9
971 167 992 207 0.000124 9
1086 153 1139 209 0.000124 9
1230 99 1263 169 0.000122 9
816 115 834 131 0.000122 9
16 157 25 178 0.000122 9
699 132 721 183 0.000122 9
452 144 525 172 0.000122 9
479 82 493 103 0.000122 9
1115 358 1166 409 0.000122 9
783 115 838 159 0.000122 9
372 148 433 198 0.000121 9
855 261 912 346 0.000119 9
17 157 26 183 0.000118 9
963 137 996 183 0.000117 9
120 64 167 95 0.000117 9
218 165 248 183 0.000117 9
591 531 615 569 0.000117 9
1035 150 1065 201 0.000117 9
468 182 485 208 0.000116 9
911 142 935 182 0.000116 9
958 150 995 189 0.000116 9
177 169 230 201 0.000115 9
310 108 323 160 0.000114 9
623 67 641 105 0.000114 9
1244 356 1263 376 0.000114 9
110 134 128 165 0.000113 9
931 343 944 360 0.000113 9
662 289 704 359 0.000113 9
880 120 892 137 0.000113 9
680 149 690 163 0.000112 9
1051 391 1069 417 0.000111 9
1039 645 1057 696 0.000111 9
681 295 704 344 0.000111 9
443 179 473 216 0.000110 9
1179 150 1196 168 0.000109 9
914 285 1091 396 0.000109 9
568 535 576 548 0.000109 9
1050 120 1061 137 0.000109 9
686 126 706 174 0.000108 9
1017 117 1129 243 0.000108 9
911 523 928 536 0.000108 9
113 154 128 178 0.000108 9
67 152 106 178 0.000108 9
478 326 500 357 0.000108 9
1101 341 1116 369 0.000107 9
1060 393 1072 422 0.000107 9
351 158 423 194 0.000107 9
559 503 569 531 0.000107 9
552 137 579 148 0.000106 9
186 149 199 168 0.000106 9
1030 324 1074 386 0.000105 9
96 178 109 206 0.000105 9
960 127 991 162 0.000105 9
916 397 929 408 0.000105 9
681 186 690 215 0.000104 9
1009 99 1044 168 0.000104 9
894 116 907 137 0.000104 9
215 161 224 176 0.000104 9
985 344 1008 360 0.000103 9
1016 323 1047 360 0.000103 9
523 152 544 177 0.000103 9
668 150 679 168 0.000103 9
373 150 383 183 0.000102 9
308 105 324 160 0.000102 9
208 65 249 86 0.000102 9
1098 154 1235 236 0.000101 9
911 95 921 109 0.000101 9
575 276 600 331 0.000101 9
734 356 750 376 0.000100 9
824 80 861 135 0.000100 9
1182 193 1198 216 0.011485 11
1183 209 1195 216 0.006048 11
1239 197 1256 233 0.003516 11
1181 190 1200 215 0.003266 11
1051 111 1083 147 0.002053 11
1184 202 1199 217 0.001308 11
312 148 342 188 0.001282 11
1055 116 1068 136 0.000912 11
1052 115 1075 144 0.000594 11
1178 193 1198 216 0.000411 11
325 111 366 164 0.000171 11
1178 189 1201 217 0.000141 11
