942 190 971 264 0.749678 0
942 189 971 263 0.685247 0
811 192 835 272 0.618253 0
810 191 835 272 0.516755 0
811 191 835 270 0.454322 0
943 191 971 263 0.438782 0
733 200 770 289 0.425360 0
738 200 770 289 0.423582 0
732 200 770 294 0.406865 0
1169 185 1200 253 0.374647 0
733 207 762 299 0.371902 0
942 190 969 261 0.345834 0
732 201 769 297 0.331959 0
732 201 767 297 0.324582 0
782 198 798 249 0.316909 0
782 198 797 249 0.294053 0
799 208 815 252 0.250440 0
943 208 970 262 0.250027 0
812 192 834 245 0.249298 0
734 201 770 274 0.236077 0
812 192 835 258 0.232414 0
1170 184 1200 251 0.230702 0
782 198 800 251 0.226827 0
809 191 835 279 0.210781 0
730 201 767 290 0.207361 0
799 205 815 253 0.206733 0
798 208 815 253 0.201031 0
782 197 800 250 0.181937 0
942 190 967 252 0.172911 0
943 211 970 263 0.168484 0
799 200 815 255 0.165729 0
798 210 815 253 0.161473 0
1170 189 1198 251 0.151836 0
717 212 727 234 0.142914 0
945 212 970 263 0.141963 0
812 195 834 270 0.138781 0
798 209 815 251 0.138371 0
750 201 770 256 0.132772 0
782 198 796 248 0.131652 0
812 192 832 232 0.130075 0
716 213 727 234 0.128065 0
942 192 970 263 0.121853 0
729 202 747 235 0.119565 0
799 208 815 253 0.109972 0
799 197 815 248 0.107498 0
783 198 801 251 0.104540 0
942 188 972 264 0.094774 0
783 197 797 247 0.094188 0
739 199 770 286 0.091134 0
749 201 770 252 0.087256 0
729 203 749 236 0.085998 0
745 201 770 254 0.085924 0
727 205 741 234 0.085672 0
727 205 740 234 0.082348 0
633 201 644 218 0.080198 0
945 207 971 263 0.079107 0
1170 186 1198 252 0.077878 0
633 202 644 218 0.075345 0
812 192 834 232 0.074256 0
1170 197 1191 250 0.072815 0
798 194 816 257 0.071411 0
732 201 768 275 0.071163 0
782 204 798 250 0.071137 0
812 192 834 231 0.069243 0
944 215 971 263 0.066560 0
798 211 815 253 0.065364 0
733 202 762 289 0.065272 0
812 192 832 230 0.063432 0
811 195 834 270 0.057064 0
1170 193 1194 251 0.056985 0
784 197 794 231 0.056966 0
1170 185 1199 254 0.055186 0
1073 212 1088 256 0.054236 0
733 201 747 234 0.053562 0
1084 218 1096 237 0.052718 0
727 203 742 234 0.050854 0
1084 217 1096 234 0.049984 0
1171 184 1200 249 0.049038 0
752 201 770 246 0.045128 0
536 182 565 254 0.043034 0
799 195 814 217 0.041569 0
709 212 726 234 0.041384 0
799 192 815 247 0.041063 0
957 213 969 235 0.040166 0
645 199 653 214 0.039680 0
731 202 750 244 0.039670 0
1070 207 1086 254 0.038157 0
536 179 565 254 0.038030 0
1068 203 1085 253 0.037289 0
799 194 816 248 0.035688 0
1074 215 1094 255 0.034605 0
1082 218 1095 256 0.034273 0
812 213 834 275 0.033613 0
1170 203 1191 250 0.032753 0
708 211 726 234 0.032270 0
713 204 728 234 0.031928 0
757 203 769 251 0.030227 0
537 196 565 254 0.029362 0
798 204 819 257 0.028309 0
784 197 800 238 0.028159 0
732 203 751 249 0.027760 0
948 274 961 300 0.027753 0
693 209 702 232 0.027593 0
632 200 647 217 0.027405 0
723 204 730 234 0.027386 0
755 201 770 240 0.026448 0
1073 209 1089 253 0.026434 0
948 275 961 302 0.026249 0
1076 216 1093 256 0.026124 0
539 184 563 254 0.026083 0
1080 218 1095 261 0.025863 0
1072 215 1092 257 0.025621 0
740 201 750 215 0.025357 0
1069 210 1087 256 0.024703 0
942 191 967 247 0.024656 0
521 193 527 208 0.024432 0
800 191 815 227 0.023603 0
512 193 520 210 0.023585 0
1067 199 1083 251 0.023386 0
802 186 815 212 0.023138 0
1038 200 1050 230 0.023120 0
967 214 981 260 0.023067 0
642 200 654 216 0.022758 0
733 201 750 235 0.022319 0
1076 216 1093 259 0.022188 0
968 227 981 258 0.022074 0
730 205 771 292 0.020772 0
805 181 816 200 0.020606 0
967 223 980 258 0.020559 0
670 210 680 233 0.020136 0
800 191 814 215 0.019650 0
963 372 980 391 0.019216 0
732 215 755 264 0.019153 0
865 208 876 237 0.018686 0
1119 312 1129 333 0.018243 0
671 210 680 232 0.017831 0
813 191 828 218 0.017466 0
732 242 763 299 0.017369 0
1070 213 1089 258 0.017280 0
693 211 702 235 0.017211 0
632 201 646 218 0.016484 0
943 190 963 228 0.016476 0
948 277 960 302 0.016090 0
1069 206 1088 255 0.016011 0
1061 212 1075 253 0.015858 0
633 202 645 220 0.015468 0
947 190 962 217 0.015265 0
1062 218 1074 255 0.014584 0
693 203 702 231 0.014455 0
515 190 524 214 0.013446 0
1064 207 1074 248 0.013350 0
670 210 680 232 0.013327 0
733 206 751 242 0.013315 0
750 201 768 215 0.013235 0
693 185 702 227 0.013224 0
306 184 324 199 0.013160 0
1171 200 1185 233 0.013107 0
755 201 769 218 0.013094 0
866 208 874 234 0.013062 0
771 199 792 240 0.013040 0
747 201 769 236 0.013016 0
1038 198 1050 230 0.013007 0
864 207 877 239 0.012976 0
1061 221 1073 258 0.012828 0
967 215 982 260 0.012557 0
813 191 834 229 0.012510 0
1079 218 1100 263 0.012505 0
782 198 808 251 0.012351 0
732 203 758 251 0.012129 0
522 182 540 215 0.011590 0
962 372 982 392 0.011559 0
539 187 564 217 0.010936 0
724 205 740 234 0.010890 0
522 184 532 204 0.010865 0
967 218 981 260 0.010818 0
306 185 324 199 0.010761 0
961 372 980 400 0.010533 0
512 187 522 210 0.010265 0
1037 201 1051 230 0.009553 0
1065 200 1075 233 0.009434 0
1069 196 1081 218 0.009265 0
524 186 540 218 0.008895 0
934 274 961 302 0.008819 0
545 201 565 217 0.008792 0
865 444 877 455 0.008712 0
519 193 527 217 0.008637 0
643 197 652 214 0.008495 0
772 200 792 237 0.008481 0
942 192 961 223 0.008346 0
554 198 567 216 0.008334 0
991 211 997 226 0.008118 0
1272 199 1279 236 0.007963 0
1220 196 1227 231 0.007446 0
511 193 520 216 0.007426 0
1060 217 1081 255 0.007401 0
1072 202 1086 248 0.007386 0
140 460 176 487 0.007292 0
716 196 729 229 0.007287 0
1273 200 1279 244 0.007222 0
1238 197 1248 230 0.007156 0
214 194 224 226 0.007120 0
1172 184 1201 245 0.007003 0
1080 217 1102 249 0.006882 0
1182 170 1201 215 0.006827 0
774 200 794 246 0.006803 0
213 193 223 226 0.006793 0
1055 221 1070 245 0.006789 0
866 211 879 239 0.006760 0
1172 163 1202 255 0.006732 0
534 179 566 250 0.006548 0
966 211 986 260 0.006170 0
1056 221 1068 239 0.006120 0
1069 194 1085 243 0.006043 0
1177 344 1187 359 0.006034 0
213 191 223 226 0.006008 0
1182 164 1201 215 0.005776 0
141 460 177 484 0.005698 0
536 187 564 254 0.005671 0
764 201 778 237 0.005634 0
535 182 564 254 0.005580 0
771 200 782 240 0.005504 0
1215 191 1226 213 0.005435 0
963 212 980 258 0.005379 0
307 183 325 199 0.005374 0
1273 199 1279 256 0.005359 0
960 372 980 403 0.005156 0
332 185 343 198 0.005086 0
961 372 982 395 0.005006 0
950 274 961 292 0.004852 0
1071 485 1080 500 0.004728 0
140 461 173 480 0.004721 0
1215 193 1228 230 0.004640 0
384 197 395 206 0.004570 0
991 208 997 223 0.004557 0
943 189 967 227 0.004491 0
942 190 963 218 0.004490 0
1239 197 1248 231 0.004438 0
865 208 879 237 0.004343 0
766 206 776 238 0.004301 0
1219 213 1229 232 0.004242 0
1218 204 1228 231 0.004168 0
307 182 325 199 0.004161 0
1065 195 1078 224 0.004160 0
1079 218 1103 256 0.004063 0
755 201 778 244 0.003963 0
989 212 1004 242 0.003952 0
533 191 543 217 0.003925 0
806 174 817 199 0.003913 0
534 188 545 220 0.003789 0
943 275 961 302 0.003697 0
140 458 187 496 0.003681 0
1205 409 1216 422 0.003679 0
780 204 838 271 0.003579 0
785 195 795 218 0.003462 0
728 226 771 292 0.003407 0
1170 191 1190 234 0.003394 0
1217 214 1227 233 0.003343 0
1268 198 1279 253 0.003332 0
212 194 225 226 0.003331 0
1183 163 1201 216 0.003275 0
572 180 581 200 0.003270 0
212 192 228 225 0.003184 0
788 192 814 217 0.003178 0
1239 196 1250 231 0.003171 0
959 372 980 406 0.003139 0
979 212 995 236 0.003133 0
1183 164 1201 213 0.003129 0
724 202 767 297 0.003093 0
693 218 708 237 0.003015 0
634 199 654 218 0.002988 0
943 200 968 241 0.002877 0
531 182 563 249 0.002852 0
1218 199 1230 230 0.002849 0
139 460 178 488 0.002824 0
666 206 677 231 0.002822 0
859 213 878 243 0.002791 0
1218 192 1227 225 0.002784 0
1204 408 1216 421 0.002731 0
717 194 728 217 0.002709 0
515 190 526 217 0.002612 0
1219 203 1229 231 0.002567 0
1231 196 1246 230 0.002555 0
141 458 183 491 0.002540 0
1246 196 1259 232 0.002492 0
140 458 198 492 0.002476 0
209 439 264 475 0.002429 0
202 437 282 487 0.002330 0
338 186 353 198 0.002324 0
1180 163 1203 218 0.002282 0
1070 193 1084 216 0.002281 0
879 200 902 244 0.002240 0
804 181 826 204 0.002240 0
1210 189 1223 217 0.002232 0
200 436 265 488 0.002214 0
666 187 672 226 0.002211 0
864 441 877 455 0.002208 0
693 177 702 202 0.002197 0
565 201 577 216 0.002143 0
1219 193 1230 222 0.002101 0
213 187 224 226 0.002088 0
531 180 566 254 0.002084 0
218 185 232 219 0.002082 0
866 221 879 242 0.002078 0
1273 202 1279 258 0.002072 0
839 208 873 240 0.002056 0
735 199 793 273 0.002049 0
801 183 817 209 0.002016 0
646 193 657 213 0.002008 0
753 200 781 237 0.001970 0
123 461 177 488 0.001943 0
236 441 261 467 0.001933 0
141 460 175 488 0.001899 0
1000 187 1008 211 0.001896 0
665 209 679 231 0.001879 0
693 191 703 218 0.001874 0
848 199 856 221 0.001865 0
874 204 892 237 0.001821 0
1234 196 1251 230 0.001800 0
515 193 530 244 0.001795 0
1072 195 1085 216 0.001785 0
134 456 206 502 0.001782 0
328 186 343 198 0.001732 0
350 187 358 198 0.001732 0
951 184 962 202 0.001729 0
1117 312 1129 342 0.001711 0
202 437 264 492 0.001655 0
878 204 892 232 0.001652 0
1210 190 1226 217 0.001642 0
1240 197 1257 232 0.001626 0
632 201 648 221 0.001604 0
135 456 207 505 0.001594 0
654 202 662 215 0.001532 0
1168 164 1202 254 0.001527 0
204 441 287 498 0.001526 0
535 189 596 258 0.001522 0
1242 197 1257 231 0.001482 0
691 183 703 215 0.001481 0
210 195 222 224 0.001480 0
199 436 258 488 0.001472 0
735 212 797 272 0.001414 0
126 460 168 480 0.001408 0
986 257 998 270 0.001390 0
729 204 744 246 0.001354 0
306 178 324 199 0.001317 0
847 201 858 237 0.001317 0
959 371 981 407 0.001313 0
136 456 177 479 0.001298 0
882 200 904 245 0.001289 0
240 442 261 464 0.001288 0
756 209 847 281 0.001283 0
632 184 641 199 0.001283 0
224 194 239 233 0.001258 0
236 440 264 467 0.001252 0
878 200 894 233 0.001198 0
226 208 239 235 0.001191 0
142 471 174 488 0.001190 0
538 201 566 253 0.001188 0
811 219 852 271 0.001168 0
210 196 222 227 0.001142 0
517 193 527 239 0.001133 0
199 433 263 488 0.001133 0
140 457 178 478 0.001124 0
226 210 239 237 0.001100 0
865 207 881 237 0.001090 0
1223 191 1230 208 0.001085 0
208 435 290 487 0.001082 0
535 187 565 254 0.001080 0
949 188 965 219 0.001053 0
322 230 356 318 0.001017 0
535 184 587 234 0.001001 0
216 189 237 223 0.001000 0
1081 222 1115 260 0.000987 0
1071 482 1079 494 0.000978 0
1229 199 1245 231 0.000974 0
0 532 50 630 0.000959 0
630 188 643 206 0.000958 0
200 437 258 489 0.000956 0
375 181 392 203 0.000946 0
349 186 359 198 0.000925 0
0 523 50 626 0.000922 0
216 190 239 228 0.000913 0
141 456 206 502 0.000911 0
879 198 905 244 0.000909 0
1266 197 1279 263 0.000901 0
323 228 358 318 0.000890 0
1201 406 1216 420 0.000890 0
143 469 174 488 0.000885 0
878 199 902 238 0.000867 0
143 475 174 488 0.000853 0
1046 482 1055 493 0.000850 0
140 456 208 502 0.000849 0
687 191 701 221 0.000830 0
209 196 223 226 0.000815 0
508 175 530 210 0.000808 0
132 456 207 506 0.000788 0
1044 219 1064 236 0.000779 0
201 432 270 484 0.000767 0
226 201 240 224 0.000764 0
534 180 599 277 0.000761 0
140 456 199 499 0.000742 0
574 297 595 378 0.000742 0
1260 202 1279 254 0.000740 0
216 193 238 232 0.000730 0
950 201 1001 263 0.000709 0
407 179 419 205 0.000701 0
1064 192 1081 220 0.000693 0
937 200 952 239 0.000679 0
523 187 541 230 0.000662 0
375 183 393 204 0.000660 0
575 279 596 346 0.000659 0
1168 184 1216 254 0.000644 0
409 179 419 204 0.000643 0
142 456 207 504 0.000601 0
1201 407 1216 422 0.000597 0
848 184 857 213 0.000596 0
1229 196 1252 230 0.000596 0
200 443 255 486 0.000590 0
0 363 25 384 0.000586 0
639 682 675 703 0.000578 0
508 192 531 250 0.000571 0
959 373 979 407 0.000568 0
415 250 421 270 0.000563 0
1230 197 1248 230 0.000553 0
175 189 182 204 0.000552 0
199 440 261 484 0.000552 0
354 185 369 199 0.000537 0
319 228 353 322 0.000523 0
0 543 50 633 0.000520 0
0 356 59 393 0.000512 0
201 433 274 508 0.000502 0
634 192 657 215 0.000497 0
114 458 209 507 0.000496 0
737 193 990 284 0.000494 0
573 297 596 389 0.000486 0
88 459 178 488 0.000479 0
207 435 292 501 0.000477 0
679 179 692 216 0.000475 0
651 189 661 213 0.000474 0
0 536 50 626 0.000471 0
225 213 241 243 0.000462 0
928 189 971 262 0.000456 0
882 199 904 239 0.000454 0
931 202 961 248 0.000451 0
224 211 239 237 0.000450 0
992 198 1003 218 0.000427 0
1170 173 1201 219 0.000427 0
0 526 49 624 0.000423 0
1191 384 1213 413 0.000416 0
1217 215 1230 234 0.000414 0
1189 384 1208 406 0.000412 0
208 439 285 505 0.000406 0
680 198 691 215 0.000404 0
158 455 210 505 0.000403 0
100 458 167 482 0.000401 0
573 294 596 388 0.000401 0
208 188 227 224 0.000399 0
371 168 383 196 0.000394 0
852 221 871 281 0.000386 0
365 166 378 200 0.000382 0
854 222 876 256 0.000381 0
318 202 352 262 0.000380 0
575 279 595 338 0.000377 0
852 224 870 280 0.000377 0
540 198 567 228 0.000375 0
0 540 34 634 0.000374 0
1212 166 1227 216 0.000371 0
321 229 354 318 0.000368 0
217 425 292 497 0.000365 0
1218 223 1231 242 0.000362 0
0 528 27 633 0.000361 0
0 556 46 633 0.000336 0
1112 312 1133 344 0.000334 0
324 229 357 315 0.000330 0
1013 456 1024 466 0.000329 0
574 292 596 373 0.000328 0
110 454 178 480 0.000326 0
600 343 611 361 0.000315 0
1210 406 1228 424 0.000314 0
58 329 81 345 0.000312 0
1077 218 1104 269 0.000307 0
355 204 378 231 0.000305 0
1008 454 1019 466 0.000304 0
223 429 286 479 0.000303 0
199 204 207 216 0.000301 0
196 428 268 479 0.000295 0
238 227 248 239 0.000294 0
215 182 230 209 0.000290 0
865 234 884 265 0.000288 0
513 192 526 234 0.000287 0
201 437 266 500 0.000284 0
163 455 212 504 0.000284 0
1233 191 1260 258 0.000281 0
1196 369 1230 416 0.000281 0
575 278 596 359 0.000277 0
0 550 33 633 0.000271 0
655 230 964 358 0.000266 0
573 301 597 391 0.000260 0
718 198 775 261 0.000256 0
817 214 862 276 0.000255 0
319 230 349 321 0.000254 0
1208 164 1228 215 0.000253 0
854 226 878 278 0.000253 0
351 190 383 296 0.000248 0
0 355 44 382 0.000247 0
637 178 651 204 0.000246 0
203 445 252 487 0.000245 0
321 237 331 276 0.000245 0
657 219 981 361 0.000241 0
212 201 229 240 0.000238 0
156 455 208 504 0.000234 0
0 542 12 626 0.000227 0
953 182 965 203 0.000220 0
0 544 49 625 0.000220 0
147 454 210 501 0.000219 0
199 421 284 472 0.000216 0
236 435 276 468 0.000205 0
0 544 16 632 0.000201 0
717 227 882 288 0.000200 0
307 184 325 206 0.000198 0
767 197 792 240 0.000196 0
665 194 698 232 0.000195 0
852 197 876 237 0.000193 0
0 521 49 611 0.000192 0
319 220 352 279 0.000192 0
0 301 65 634 0.000185 0
0 546 11 592 0.000184 0
865 226 887 246 0.000183 0
324 230 358 313 0.000183 0
228 426 283 468 0.000182 0
407 251 415 270 0.000182 0
77 453 211 511 0.000180 0
208 203 243 247 0.000179 0
137 456 187 479 0.000178 0
355 234 371 287 0.000177 0
408 250 416 272 0.000176 0
320 245 331 276 0.000176 0
0 562 12 630 0.000171 0
78 452 155 487 0.000171 0
320 235 357 317 0.000171 0
0 366 25 391 0.000170 0
576 277 592 296 0.000168 0
520 194 540 244 0.000167 0
238 218 251 238 0.000166 0
1184 385 1216 419 0.000157 0
474 178 602 279 0.000157 0
353 214 381 286 0.000154 0
319 219 340 323 0.000153 0
771 192 796 239 0.000149 0
76 442 288 533 0.000148 0
323 233 353 283 0.000146 0
1173 344 1199 372 0.000146 0
955 371 984 419 0.000145 0
500 184 567 251 0.000144 0
0 523 38 630 0.000143 0
1238 194 1269 252 0.000143 0
932 176 973 257 0.000143 0
319 243 342 318 0.000142 0
414 180 426 204 0.000139 0
72 431 300 535 0.000138 0
0 541 11 604 0.000137 0
211 440 292 506 0.000135 0
120 464 205 501 0.000131 0
353 195 385 313 0.000129 0
319 229 337 324 0.000129 0
1151 440 1161 452 0.000128 0
199 197 215 216 0.000128 0
76 451 272 526 0.000127 0
413 250 422 271 0.000127 0
406 177 419 204 0.000127 0
599 342 611 363 0.000126 0
91 456 162 485 0.000123 0
1054 245 1074 294 0.000123 0
76 448 229 519 0.000122 0
370 163 381 195 0.000121 0
414 249 422 272 0.000121 0
217 429 294 515 0.000120 0
0 368 17 379 0.000120 0
0 523 19 594 0.000118 0
0 142 7 205 0.000114 0
194 187 201 211 0.000111 0
853 442 879 472 0.000111 0
354 219 378 320 0.000110 0
353 206 385 317 0.000105 0
211 445 289 526 0.000104 0
0 354 90 396 0.000104 0
0 143 6 204 0.000102 0
266 216 279 233 0.000102 0
200 452 240 480 0.000101 0
733 245 757 298 0.221701 1
1167 227 1221 266 0.183137 1
733 252 755 298 0.161166 1
734 246 756 299 0.152668 1
1168 233 1187 262 0.142525 1
1168 223 1190 262 0.115461 1
1167 233 1186 262 0.114008 1
1167 231 1189 263 0.102926 1
735 265 754 299 0.098961 1
1167 233 1187 264 0.096682 1
1167 232 1217 265 0.095811 1
734 270 753 298 0.094133 1
1167 230 1223 266 0.092910 1
1166 227 1223 267 0.089015 1
733 243 757 297 0.088410 1
1168 221 1195 263 0.085814 1
799 218 817 257 0.075395 1
783 206 808 251 0.074347 1
1168 218 1190 262 0.068564 1
940 237 959 268 0.068030 1
942 237 968 265 0.064854 1
799 221 814 256 0.061273 1
733 241 757 297 0.051841 1
945 231 967 263 0.049305 1
810 217 832 268 0.048265 1
733 244 757 287 0.041441 1
1169 215 1193 261 0.040618 1
941 230 966 265 0.037979 1
1167 232 1222 268 0.037503 1
797 225 824 273 0.036413 1
1169 208 1191 261 0.032521 1
781 220 815 263 0.029356 1
782 225 818 272 0.029040 1
735 245 757 297 0.028530 1
914 239 955 266 0.027346 1
940 239 959 270 0.026560 1
769 221 790 246 0.026263 1
807 223 832 280 0.025158 1
768 230 793 249 0.024225 1
946 237 970 264 0.023058 1
738 246 758 294 0.018843 1
914 237 953 261 0.018069 1
1075 221 1092 259 0.016707 1
1069 221 1091 259 0.016539 1
733 232 758 291 0.015987 1
765 214 810 273 0.015985 1
806 224 832 282 0.015683 1
1158 234 1176 248 0.015517 1
793 227 831 280 0.015077 1
1166 226 1223 266 0.014434 1
766 230 793 272 0.013171 1
1167 237 1216 270 0.012819 1
808 264 832 282 0.011911 1
795 261 832 281 0.011771 1
735 247 757 299 0.011408 1
733 237 757 274 0.011354 1
742 245 758 288 0.010993 1
1144 308 1170 347 0.010580 1
781 232 822 278 0.010541 1
1185 222 1200 253 0.010319 1
915 240 957 271 0.010196 1
939 240 957 272 0.009648 1
1151 232 1175 246 0.009556 1
811 222 833 280 0.009388 1
1160 232 1184 262 0.009288 1
1167 224 1208 266 0.009026 1
915 240 950 254 0.009016 1
777 232 819 276 0.008792 1
1143 308 1171 348 0.008498 1
1167 234 1212 269 0.008460 1
930 275 961 302 0.008318 1
768 231 787 248 0.008076 1
938 237 965 271 0.007959 1
1143 309 1171 350 0.007929 1
939 230 1003 270 0.007869 1
762 230 789 272 0.007815 1
741 219 762 285 0.007581 1
930 275 962 302 0.007532 1
730 246 755 297 0.007289 1
811 224 832 282 0.006722 1
766 218 831 279 0.006634 1
760 229 830 279 0.006445 1
1167 224 1224 266 0.006171 1
1061 227 1073 259 0.005969 1
933 278 960 302 0.005947 1
785 256 829 281 0.005323 1
769 230 784 243 0.005295 1
773 198 797 249 0.005171 1
1187 214 1202 244 0.005130 1
956 235 998 266 0.004887 1
1033 223 1077 260 0.004374 1
1160 233 1184 263 0.003906 1
887 240 996 272 0.003900 1
815 265 832 282 0.003820 1
927 275 960 299 0.003597 1
925 240 954 272 0.003532 1
780 240 817 277 0.003478 1
765 228 817 278 0.003405 1
736 268 758 300 0.003405 1
914 210 952 254 0.003274 1
749 235 816 281 0.003045 1
753 229 770 259 0.002958 1
730 261 752 298 0.002955 1
1108 217 1224 261 0.002901 1
914 236 977 268 0.002854 1
767 232 789 275 0.002803 1
926 274 961 302 0.002646 1
873 262 910 286 0.002590 1
760 232 788 277 0.002540 1
744 234 782 279 0.002447 1
735 269 756 301 0.002392 1
1144 309 1170 346 0.002341 1
730 246 754 279 0.002316 1
929 279 960 301 0.002311 1
1034 224 1073 258 0.002220 1
1058 235 1091 262 0.002178 1
917 271 963 301 0.002102 1
913 213 946 253 0.002049 1
802 209 836 282 0.002043 1
929 281 960 303 0.001974 1
1193 212 1209 228 0.001970 1
1104 308 1171 348 0.001792 1
890 264 908 286 0.001720 1
1144 308 1174 349 0.001682 1
753 256 775 279 0.001650 1
821 264 852 282 0.001627 1
1073 236 1092 261 0.001624 1
1137 232 1173 247 0.001583 1
888 264 912 292 0.001535 1
815 255 857 282 0.001521 1
1182 186 1209 225 0.001489 1
929 273 962 298 0.001439 1
1044 228 1063 243 0.001421 1
767 237 813 279 0.001413 1
1143 310 1176 354 0.001372 1
1210 194 1225 218 0.001347 1
1103 307 1180 358 0.001270 1
1031 234 1075 264 0.001268 1
1101 224 1223 269 0.001229 1
732 270 757 303 0.001217 1
753 239 839 284 0.001209 1
803 204 857 281 0.001203 1
889 262 924 292 0.001200 1
870 262 897 286 0.001173 1
824 263 855 282 0.001157 1
919 213 937 242 0.001103 1
735 237 835 286 0.001059 1
872 261 931 286 0.001052 1
878 264 911 287 0.001030 1
767 248 790 278 0.001021 1
730 267 754 298 0.001011 1
920 210 940 242 0.001007 1
1193 222 1208 231 0.001001 1
759 245 787 279 0.000993 1
1024 241 1078 263 0.000981 1
730 246 744 270 0.000977 1
805 197 862 271 0.000969 1
1198 207 1227 228 0.000956 1
916 203 966 262 0.000940 1
1104 309 1171 343 0.000911 1
754 254 774 292 0.000893 1
1104 292 1170 347 0.000879 1
1144 314 1169 346 0.000862 1
1143 308 1174 350 0.000860 1
729 234 753 270 0.000843 1
887 262 943 294 0.000822 1
1167 226 1222 276 0.000819 1
782 256 812 280 0.000801 1
926 276 954 294 0.000753 1
575 293 596 358 0.000739 1
892 264 919 297 0.000735 1
831 263 855 282 0.000704 1
921 205 941 241 0.000696 1
1142 317 1181 360 0.000683 1
809 218 858 283 0.000679 1
716 214 727 236 0.000654 1
731 249 771 300 0.000653 1
728 240 834 293 0.000638 1
1164 171 1217 241 0.000603 1
861 261 895 285 0.000597 1
891 265 930 298 0.000596 1
1032 233 1083 270 0.000587 1
771 254 803 282 0.000555 1
724 228 763 298 0.000549 1
874 272 964 306 0.000535 1
1182 185 1207 219 0.000528 1
914 200 941 244 0.000500 1
794 254 860 283 0.000493 1
532 250 599 398 0.000489 1
574 297 595 359 0.000475 1
938 241 998 270 0.000469 1
1142 337 1177 359 0.000462 1
800 264 833 286 0.000453 1
1145 345 1182 359 0.000444 1
1090 309 1178 359 0.000437 1
958 370 1028 400 0.000426 1
1182 183 1209 220 0.000423 1
961 371 1010 395 0.000418 1
1182 165 1215 235 0.000415 1
1141 308 1170 347 0.000414 1
766 251 799 282 0.000399 1
574 282 596 380 0.000397 1
786 263 833 288 0.000377 1
1144 308 1173 347 0.000341 1
895 268 929 299 0.000339 1
1104 302 1171 345 0.000339 1
534 272 599 397 0.000334 1
1035 219 1100 269 0.000334 1
1108 310 1168 344 0.000323 1
876 264 896 287 0.000316 1
927 276 961 314 0.000313 1
1141 308 1193 358 0.000311 1
810 264 835 287 0.000310 1
755 252 785 282 0.000293 1
922 201 969 258 0.000285 1
927 284 940 307 0.000267 1
736 276 764 303 0.000263 1
750 260 772 302 0.000262 1
575 276 603 361 0.000256 1
1136 343 1197 367 0.000256 1
838 257 888 283 0.000249 1
894 272 911 300 0.000243 1
1143 308 1184 352 0.000242 1
1111 311 1168 346 0.000212 1
852 260 892 283 0.000211 1
574 280 610 374 0.000203 1
1108 312 1140 344 0.000200 1
1111 328 1198 368 0.000200 1
927 283 953 312 0.000199 1
1114 232 1216 271 0.000193 1
789 273 812 286 0.000191 1
1056 241 1074 282 0.000188 1
886 207 947 254 0.000187 1
1164 227 1223 286 0.000184 1
908 268 930 298 0.000183 1
1015 242 1079 279 0.000176 1
573 301 596 391 0.000172 1
919 241 995 299 0.000169 1
703 281 767 310 0.000142 1
824 267 852 287 0.000142 1
738 270 921 343 0.000137 1
825 270 857 288 0.000133 1
725 206 764 296 0.000133 1
743 275 879 342 0.000130 1
850 233 881 283 0.000130 1
893 271 932 314 0.000130 1
1087 309 1196 371 0.000129 1
1014 251 1077 296 0.000115 1
931 275 962 312 0.000110 1
1049 243 1097 275 0.000103 1
574 305 596 393 0.000102 1
957 366 1028 400 0.000101 1
925 275 972 303 0.000100 1
1 299 322 589 0.281911 2
830 216 854 241 0.164022 2
830 216 854 242 0.133598 2
831 218 854 242 0.121283 2
831 217 854 242 0.120666 2
523 183 537 196 0.089150 2
829 210 854 240 0.085794 2
830 217 856 242 0.084862 2
830 215 853 240 0.079213 2
831 220 856 242 0.062453 2
523 182 538 198 0.053774 2
825 330 847 343 0.050878 2
555 174 570 200 0.044999 2
1119 488 1136 496 0.042309 2
523 183 538 198 0.039926 2
930 225 1001 264 0.038664 2
824 329 847 344 0.035397 2
697 204 727 233 0.033946 2
935 230 1003 269 0.033897 2
553 173 578 202 0.032971 2
554 172 572 199 0.032450 2
1008 206 1042 229 0.030072 2
547 173 570 217 0.029948 2
696 202 726 230 0.029855 2
1002 236 1026 255 0.029590 2
1109 487 1137 497 0.028613 2
1011 214 1025 228 0.028344 2
483 200 516 217 0.028318 2
483 199 516 217 0.027122 2
1085 221 1121 246 0.027004 2
1002 234 1025 254 0.026743 2
522 183 542 196 0.026557 2
481 175 495 198 0.025775 2
1005 213 1025 228 0.025334 2
554 175 578 203 0.025077 2
553 173 578 214 0.023784 2
523 180 541 198 0.023381 2
481 175 494 197 0.022577 2
1003 232 1026 254 0.022220 2
1253 197 1276 221 0.021881 2
1003 230 1025 253 0.021850 2
481 173 496 199 0.021612 2
968 235 1003 269 0.021529 2
830 212 858 241 0.021179 2
483 198 513 217 0.020763 2
823 330 847 344 0.020062 2
1003 234 1025 254 0.019784 2
1101 225 1120 248 0.019598 2
1272 198 1279 222 0.019061 2
1258 198 1277 214 0.018762 2
1003 233 1032 255 0.018669 2
940 229 1003 270 0.018542 2
1105 486 1137 498 0.018377 2
1002 235 1027 255 0.017884 2
963 230 1002 266 0.017782 2
1095 220 1124 247 0.017116 2
825 206 850 233 0.016932 2
482 194 516 217 0.016451 2
481 174 503 199 0.016376 2
553 192 568 216 0.015702 2
965 233 1003 265 0.015657 2
1253 197 1277 229 0.015166 2
1020 203 1048 229 0.014942 2
696 201 725 231 0.014890 2
698 200 727 233 0.014501 2
705 204 727 233 0.014344 2
1000 231 1025 255 0.014300 2
554 174 577 201 0.013470 2
482 196 514 217 0.013452 2
1097 225 1121 248 0.013112 2
1004 207 1024 225 0.012680 2
957 219 1002 262 0.012520 2
480 176 497 203 0.012384 2
1004 216 1026 246 0.012128 2
1255 197 1279 229 0.011838 2
985 219 1026 254 0.011676 2
878 223 1001 263 0.011474 2
1102 227 1121 249 0.011397 2
1007 215 1025 234 0.011287 2
1102 228 1121 248 0.011142 2
556 196 580 216 0.011135 2
541 185 567 217 0.010933 2
481 171 515 209 0.010811 2
1104 487 1113 495 0.010559 2
831 215 878 242 0.010503 2
486 195 516 216 0.010368 2
1083 218 1121 243 0.010321 2
480 175 517 212 0.010177 2
481 171 515 204 0.009487 2
701 209 724 229 0.009395 2
586 184 644 217 0.009355 2
960 216 1026 257 0.009252 2
468 187 480 205 0.009210 2
826 205 853 240 0.009093 2
523 171 549 188 0.008962 2
1001 231 1040 255 0.008799 2
522 183 542 199 0.008693 2
586 184 621 215 0.008667 2
671 209 727 234 0.008436 2
993 217 1025 249 0.008398 2
395 200 409 205 0.008308 2
1271 198 1279 237 0.008250 2
472 189 508 216 0.008248 2
967 226 981 259 0.008149 2
697 205 728 234 0.007973 2
1083 215 1122 233 0.007953 2
304 179 324 199 0.007922 2
1028 243 1069 259 0.007655 2
305 180 324 199 0.007600 2
524 171 578 206 0.007584 2
1258 200 1278 227 0.007545 2
1012 205 1026 227 0.007466 2
292 177 323 199 0.007225 2
994 213 1023 232 0.007095 2
1005 210 1044 237 0.006957 2
386 199 397 206 0.006933 2
1028 241 1074 259 0.006858 2
480 186 517 217 0.006764 2
586 185 639 216 0.006645 2
1268 198 1279 234 0.006576 2
449 156 517 176 0.006505 2
1208 371 1226 388 0.006496 2
692 205 722 233 0.006415 2
968 233 1000 261 0.006311 2
671 211 699 232 0.006271 2
536 179 568 217 0.006245 2
1111 218 1135 246 0.006220 2
553 173 579 201 0.006187 2
1116 218 1132 236 0.006110 2
1001 239 1022 255 0.006102 2
481 176 516 216 0.006070 2
831 220 872 242 0.006014 2
563 183 621 216 0.005985 2
527 171 567 205 0.005884 2
1255 201 1277 229 0.005861 2
675 211 700 232 0.005823 2
824 330 847 345 0.005729 2
967 218 981 259 0.005724 2
831 217 873 241 0.005404 2
719 200 744 234 0.005373 2
564 195 582 216 0.005237 2
1209 371 1226 388 0.005162 2
458 183 480 206 0.004865 2
937 202 1002 266 0.004840 2
809 200 854 241 0.004594 2
810 194 853 249 0.004483 2
1243 181 1278 216 0.004383 2
922 185 941 201 0.004310 2
835 207 883 242 0.004308 2
292 176 324 199 0.004285 2
449 156 489 171 0.004279 2
1086 209 1133 240 0.004275 2
937 228 1004 268 0.004265 2
1001 227 1047 254 0.004264 2
454 203 467 216 0.004223 2
477 195 509 217 0.004190 2
522 175 545 196 0.004178 2
482 172 515 203 0.004070 2
489 171 515 198 0.003962 2
586 184 625 216 0.003945 2
499 187 515 204 0.003906 2
386 198 396 206 0.003877 2
453 197 472 216 0.003801 2
925 184 948 204 0.003753 2
458 182 481 214 0.003646 2
994 222 1039 255 0.003587 2
569 182 582 203 0.003522 2
1082 212 1127 236 0.003522 2
449 156 494 175 0.003406 2
534 170 560 199 0.003347 2
455 184 479 214 0.003251 2
291 176 320 198 0.003250 2
469 190 481 213 0.003245 2
830 219 855 245 0.003202 2
1080 216 1162 249 0.003196 2
917 186 944 211 0.003158 2
594 199 650 217 0.003148 2
523 170 548 185 0.003049 2
1083 220 1122 249 0.003029 2
544 161 571 175 0.003006 2
1119 218 1166 247 0.002971 2
454 202 473 216 0.002956 2
325 235 352 255 0.002933 2
1254 182 1279 215 0.002918 2
559 184 622 216 0.002865 2
1117 216 1167 247 0.002850 2
544 165 555 180 0.002827 2
1243 197 1256 231 0.002820 2
671 212 702 234 0.002720 2
1112 215 1133 234 0.002710 2
1013 238 1071 258 0.002668 2
463 253 478 271 0.002632 2
975 217 997 238 0.002606 2
1228 196 1277 232 0.002573 2
455 181 480 205 0.002557 2
465 180 481 204 0.002556 2
542 160 580 200 0.002532 2
1226 182 1279 230 0.002441 2
1264 193 1279 204 0.002439 2
864 177 943 208 0.002386 2
1120 214 1200 249 0.002327 2
961 208 977 225 0.002321 2
463 256 478 271 0.002180 2
910 182 944 211 0.002126 2
438 202 466 218 0.002122 2
963 205 993 234 0.002103 2
920 180 946 200 0.002097 2
326 235 353 255 0.002032 2
1020 208 1049 230 0.002024 2
433 172 445 194 0.001981 2
813 191 850 234 0.001978 2
1000 231 1070 257 0.001977 2
548 162 570 200 0.001966 2
872 178 944 221 0.001923 2
979 254 999 270 0.001908 2
1007 200 1033 215 0.001897 2
447 181 481 215 0.001865 2
844 144 901 171 0.001799 2
448 157 491 180 0.001791 2
998 207 1020 223 0.001790 2
497 237 530 251 0.001789 2
481 177 516 217 0.001782 2
822 330 847 349 0.001741 2
319 215 330 232 0.001723 2
1219 190 1279 230 0.001688 2
933 221 1056 262 0.001664 2
907 180 942 207 0.001641 2
1054 215 1068 232 0.001622 2
1034 196 1055 231 0.001613 2
791 330 847 347 0.001598 2
433 172 445 196 0.001586 2
1054 486 1066 497 0.001581 2
870 156 896 177 0.001576 2
543 160 572 176 0.001559 2
830 221 866 245 0.001547 2
1261 169 1279 185 0.001545 2
926 180 952 200 0.001536 2
1208 370 1226 388 0.001532 2
565 200 581 217 0.001519 2
871 195 945 243 0.001518 2
825 193 890 243 0.001517 2
496 237 530 251 0.001516 2
896 192 946 244 0.001512 2
872 153 893 172 0.001487 2
1208 370 1230 388 0.001480 2
982 206 995 227 0.001461 2
1106 220 1135 248 0.001449 2
1036 198 1055 230 0.001448 2
432 198 470 217 0.001446 2
1228 181 1279 199 0.001421 2
887 196 1001 264 0.001395 2
829 220 855 245 0.001380 2
681 206 701 231 0.001373 2
1118 215 1148 239 0.001369 2
1082 204 1097 218 0.001341 2
1208 370 1226 391 0.001335 2
1265 169 1279 179 0.001319 2
321 200 353 256 0.001283 2
606 202 650 218 0.001281 2
1057 211 1124 246 0.001262 2
1229 168 1247 182 0.001261 2
513 182 526 208 0.001252 2
1253 211 1271 232 0.001249 2
1058 201 1087 242 0.001237 2
449 158 491 176 0.001237 2
459 147 526 180 0.001226 2
1257 199 1279 234 0.001224 2
578 179 619 215 0.001205 2
1085 206 1125 232 0.001201 2
832 137 910 172 0.001193 2
929 195 949 215 0.001161 2
1206 371 1226 401 0.001151 2
605 183 643 205 0.001132 2
326 235 352 256 0.001127 2
953 214 1029 255 0.001121 2
876 197 944 242 0.001104 2
1035 195 1080 229 0.001095 2
463 251 478 271 0.001084 2
439 179 480 216 0.001074 2
917 186 950 245 0.001066 2
396 199 418 206 0.001050 2
323 205 353 256 0.001016 2
866 217 901 245 0.001014 2
912 178 940 201 0.001011 2
1263 169 1279 180 0.001011 2
437 204 453 219 0.001006 2
1093 207 1129 232 0.000983 2
355 215 370 229 0.000977 2
673 205 695 230 0.000967 2
828 223 1004 277 0.000966 2
449 160 500 201 0.000956 2
432 172 445 203 0.000951 2
1038 205 1060 230 0.000944 2
864 441 879 456 0.000931 2
823 330 847 349 0.000916 2
561 174 581 200 0.000904 2
319 199 356 256 0.000902 2
1256 171 1279 201 0.000900 2
320 198 356 255 0.000894 2
431 169 452 191 0.000888 2
1001 211 1092 255 0.000874 2
927 178 950 200 0.000874 2
469 195 481 217 0.000873 2
353 188 369 199 0.000847 2
857 177 941 203 0.000818 2
854 440 878 455 0.000808 2
1272 220 1279 262 0.000802 2
1073 202 1123 232 0.000799 2
377 182 398 205 0.000789 2
382 182 406 205 0.000786 2
373 198 393 206 0.000779 2
615 179 634 201 0.000764 2
1208 369 1231 388 0.000762 2
915 176 950 201 0.000758 2
449 181 479 207 0.000738 2
435 166 464 183 0.000734 2
645 198 663 215 0.000730 2
852 439 878 455 0.000725 2
432 167 466 185 0.000709 2
875 198 944 245 0.000688 2
1230 169 1278 188 0.000685 2
453 193 479 219 0.000681 2
1247 167 1279 181 0.000677 2
859 177 935 196 0.000670 2
962 200 991 216 0.000669 2
432 173 465 207 0.000659 2
928 224 1002 276 0.000618 2
872 198 945 246 0.000613 2
432 179 480 216 0.000595 2
702 302 770 336 0.000586 2
1083 199 1096 216 0.000575 2
414 203 453 222 0.000574 2
848 204 874 239 0.000571 2
463 249 478 271 0.000558 2
434 169 481 213 0.000551 2
1193 223 1225 232 0.000537 2
1203 195 1279 262 0.000530 2
320 198 364 253 0.000528 2
433 199 459 214 0.000524 2
431 194 452 208 0.000521 2
381 182 396 205 0.000518 2
957 199 989 221 0.000513 2
325 198 370 243 0.000511 2
434 176 479 208 0.000511 2
448 154 489 172 0.000505 2
1231 191 1255 231 0.000503 2
797 329 847 346 0.000503 2
1040 191 1083 224 0.000498 2
963 200 995 220 0.000494 2
451 200 478 219 0.000492 2
495 240 529 251 0.000481 2
1040 200 1071 231 0.000469 2
324 198 362 256 0.000465 2
345 200 371 229 0.000464 2
395 182 409 205 0.000464 2
354 199 385 229 0.000460 2
605 174 628 187 0.000459 2
574 274 602 340 0.000459 2
871 148 905 174 0.000458 2
633 207 725 232 0.000455 2
878 198 903 236 0.000451 2
412 172 446 203 0.000450 2
826 328 853 343 0.000449 2
353 197 389 212 0.000445 2
351 196 390 226 0.000439 2
122 225 135 235 0.000438 2
831 136 899 152 0.000433 2
326 204 354 256 0.000429 2
319 204 331 231 0.000424 2
325 234 352 256 0.000421 2
432 174 445 205 0.000415 2
575 272 603 345 0.000413 2
1265 235 1279 269 0.000412 2
290 176 319 198 0.000400 2
1242 167 1262 181 0.000400 2
1264 364 1279 375 0.000398 2
118 224 136 237 0.000396 2
979 207 1036 240 0.000393 2
865 179 972 250 0.000390 2
1206 370 1232 400 0.000387 2
1157 206 1173 217 0.000386 2
820 195 854 236 0.000374 2
316 202 352 256 0.000374 2
432 174 445 205 0.000370 2
223 196 240 218 0.000364 2
448 153 490 172 0.000363 2
1224 176 1274 208 0.000355 2
1189 374 1233 422 0.000354 2
452 202 471 222 0.000348 2
337 197 381 229 0.000347 2
1121 207 1209 242 0.000346 2
575 273 601 335 0.000346 2
910 177 933 190 0.000340 2
378 177 405 205 0.000338 2
58 329 79 343 0.000336 2
170 205 193 217 0.000333 2
1227 193 1244 211 0.000328 2
1099 192 1121 207 0.000327 2
319 199 358 251 0.000326 2
350 193 393 208 0.000321 2
358 202 384 221 0.000320 2
1188 367 1232 419 0.000318 2
825 328 855 344 0.000315 2
411 173 446 204 0.000315 2
365 187 376 201 0.000313 2
466 168 582 221 0.000311 2
58 329 80 344 0.000309 2
447 160 494 204 0.000308 2
1188 376 1226 420 0.000306 2
103 250 155 265 0.000305 2
203 223 240 254 0.000303 2
275 176 322 200 0.000295 2
361 201 386 219 0.000293 2
874 177 936 193 0.000293 2
211 188 239 226 0.000291 2
1156 183 1200 232 0.000289 2
831 224 870 251 0.000288 2
1041 193 1059 223 0.000288 2
732 202 864 275 0.000287 2
604 153 631 185 0.000285 2
841 137 905 152 0.000280 2
701 303 769 340 0.000274 2
575 276 596 328 0.000274 2
103 249 155 266 0.000273 2
0 300 104 395 0.000269 2
812 188 843 225 0.000262 2
1073 192 1118 235 0.000260 2
354 201 379 231 0.000254 2
932 179 959 212 0.000253 2
326 200 372 234 0.000246 2
857 177 932 186 0.000244 2
1190 391 1221 421 0.000243 2
327 187 390 229 0.000237 2
1103 165 1148 185 0.000236 2
393 181 409 204 0.000235 2
1154 183 1202 218 0.000234 2
1196 195 1278 247 0.000233 2
793 209 882 260 0.000232 2
1159 199 1170 214 0.000231 2
58 329 80 345 0.000230 2
442 204 468 223 0.000229 2
198 225 236 254 0.000225 2
1206 367 1251 390 0.000224 2
295 190 393 223 0.000220 2
0 299 265 442 0.000219 2
415 205 453 231 0.000216 2
1 299 102 386 0.000214 2
454 202 476 231 0.000212 2
0 571 42 633 0.000208 2
1187 372 1226 416 0.000203 2
1191 375 1222 408 0.000201 2
195 225 235 254 0.000198 2
1137 344 1183 363 0.000195 2
407 202 454 225 0.000194 2
199 229 233 254 0.000193 2
1182 383 1205 403 0.000192 2
423 206 453 226 0.000190 2
0 568 45 632 0.000187 2
521 147 567 181 0.000187 2
843 137 923 156 0.000184 2
847 194 870 237 0.000180 2
1187 357 1277 420 0.000179 2
1192 369 1229 414 0.000179 2
899 201 942 249 0.000176 2
659 186 699 229 0.000176 2
828 155 874 185 0.000175 2
696 184 729 214 0.000171 2
290 176 315 198 0.000170 2
432 160 468 182 0.000169 2
109 223 149 245 0.000168 2
576 278 593 303 0.000167 2
842 438 878 454 0.000166 2
1 299 110 395 0.000163 2
388 193 415 206 0.000162 2
111 224 158 242 0.000161 2
304 179 326 201 0.000159 2
103 244 160 265 0.000157 2
1137 340 1170 359 0.000154 2
1219 165 1260 207 0.000154 2
1196 369 1248 419 0.000153 2
0 566 41 632 0.000153 2
1134 202 1176 218 0.000150 2
90 459 184 487 0.000150 2
172 223 232 255 0.000149 2
104 251 158 266 0.000148 2
1202 357 1259 390 0.000147 2
1184 349 1274 418 0.000147 2
1179 348 1227 416 0.000145 2
412 201 433 205 0.000144 2
1189 355 1279 422 0.000142 2
196 229 232 254 0.000140 2
325 185 376 280 0.000139 2
1263 363 1279 386 0.000139 2
1186 367 1277 425 0.000139 2
1197 358 1232 389 0.000138 2
471 145 524 173 0.000138 2
838 143 869 169 0.000137 2
573 280 611 382 0.000136 2
1135 343 1179 364 0.000136 2
411 204 454 239 0.000135 2
1194 369 1267 408 0.000134 2
384 197 423 215 0.000131 2
118 236 171 260 0.000129 2
1150 183 1189 216 0.000125 2
82 453 162 487 0.000124 2
332 193 364 234 0.000124 2
102 249 175 269 0.000123 2
302 172 375 222 0.000121 2
389 198 440 214 0.000120 2
412 166 450 202 0.000120 2
54 328 80 344 0.000117 2
193 209 220 227 0.000117 2
104 247 156 266 0.000114 2
1003 189 1037 211 0.000113 2
215 181 258 218 0.000112 2
217 191 262 218 0.000112 2
416 200 439 206 0.000111 2
573 288 611 387 0.000111 2
196 222 235 246 0.000110 2
104 240 164 264 0.000109 2
697 183 730 216 0.000107 2
1189 358 1228 405 0.000107 2
672 211 1251 365 0.000105 2
803 176 856 228 0.000104 2
696 306 766 342 0.000104 2
695 177 713 200 0.000103 2
576 277 592 296 0.000102 2
1191 351 1254 390 0.000102 2
324 184 361 240 0.000102 2
164 200 206 219 0.000101 2
0 573 44 633 0.000101 2
668 204 1153 360 0.000100 2
811 136 939 240 0.065545 5
586 183 634 216 0.040771 5
586 184 622 216 0.040702 5
831 135 936 172 0.028496 5
830 136 937 174 0.023036 5
830 135 932 171 0.022583 5
806 135 941 239 0.018661 5
829 136 931 180 0.015728 5
830 135 899 168 0.015611 5
826 135 940 181 0.012590 5
586 184 621 213 0.012010 5
809 159 858 189 0.011968 5
809 159 858 191 0.011473 5
813 136 922 183 0.010674 5
808 159 858 190 0.010410 5
449 153 521 178 0.010403 5
828 135 910 169 0.010291 5
808 159 857 191 0.009754 5
808 160 856 219 0.008571 5
1219 168 1279 228 0.008116 5
827 136 937 173 0.008088 5
586 184 636 216 0.007854 5
1204 167 1279 229 0.007456 5
826 135 939 183 0.007294 5
541 160 580 205 0.006506 5
828 135 905 170 0.006065 5
546 161 580 202 0.006022 5
808 160 858 189 0.004595 5
810 159 858 182 0.004144 5
809 160 858 181 0.004069 5
810 136 908 182 0.004033 5
830 133 937 169 0.003885 5
811 159 858 181 0.003805 5
808 141 891 191 0.003146 5
1223 173 1279 229 0.002856 5
859 177 940 207 0.002840 5
811 135 1007 264 0.002749 5
585 182 622 216 0.002658 5
829 135 899 166 0.002476 5
1213 169 1279 228 0.002329 5
828 136 913 170 0.002067 5
829 132 937 170 0.001925 5
1246 168 1279 200 0.001857 5
1244 176 1279 204 0.001815 5
598 182 626 201 0.001750 5
1006 189 1051 231 0.001638 5
1252 172 1279 201 0.001572 5
831 134 946 221 0.001326 5
828 133 937 172 0.001267 5
1250 169 1279 201 0.001259 5
814 163 858 181 0.001216 5
810 160 858 177 0.001197 5
830 135 905 166 0.001190 5
828 128 938 170 0.001143 5
806 162 857 191 0.001064 5
813 133 1003 255 0.000958 5
831 136 885 166 0.000851 5
835 137 928 174 0.000739 5
814 164 858 186 0.000640 5
1167 169 1280 262 0.000387 5
1090 183 1171 233 0.000250 5
0 306 57 635 0.000231 5
1222 163 1273 220 0.000162 5
541 142 581 204 0.000152 5
1006 183 1055 222 0.000147 5
804 126 929 175 0.000147 5
313 195 384 265 0.000116 5
845 162 917 235 0.000114 5
574 159 624 217 0.000101 5
1006 197 1052 230 0.085704 7
1007 196 1052 230 0.080056 7
1007 196 1054 231 0.069897 7
847 177 944 240 0.061374 7
845 177 943 236 0.055782 7
806 135 940 238 0.051368 7
854 178 943 240 0.050942 7
1005 199 1051 230 0.049296 7
1005 196 1052 231 0.047430 7
840 177 943 240 0.044948 7
856 178 942 236 0.042310 7
838 177 944 242 0.041336 7
480 170 517 215 0.039486 7
864 178 944 239 0.035350 7
585 183 643 217 0.031200 7
1014 197 1050 229 0.030238 7
586 184 638 216 0.028786 7
1011 196 1051 230 0.026628 7
804 160 944 239 0.024921 7
859 178 944 244 0.023236 7
480 172 517 216 0.021789 7
832 177 944 242 0.021218 7
861 178 943 232 0.020905 7
1100 183 1184 245 0.020771 7
480 171 516 214 0.019410 7
586 184 622 216 0.019303 7
1007 198 1046 228 0.018571 7
586 184 621 215 0.017944 7
1010 197 1044 229 0.017764 7
1096 181 1184 245 0.016994 7
694 137 942 241 0.016742 7
586 183 647 218 0.016657 7
807 159 857 208 0.016402 7
1084 182 1182 247 0.014852 7
1121 216 1171 247 0.014390 7
1115 182 1185 246 0.013546 7
1092 175 1202 248 0.013520 7
1118 183 1198 246 0.013021 7
802 173 942 240 0.010088 7
1007 197 1066 234 0.009938 7
866 177 942 236 0.009080 7
836 181 945 249 0.008509 7
688 139 942 240 0.008450 7
443 152 518 185 0.008366 7
1094 173 1215 251 0.007520 7
688 201 736 232 0.007314 7
807 158 857 196 0.006696 7
1008 198 1040 222 0.006371 7
1082 178 1201 248 0.006361 7
1007 191 1055 231 0.006216 7
834 184 945 246 0.006088 7
810 153 1005 257 0.005814 7
672 201 727 231 0.005497 7
453 151 523 183 0.005308 7
860 177 942 213 0.005043 7
584 183 647 218 0.005024 7
715 158 944 245 0.004738 7
691 141 945 237 0.004637 7
449 155 517 201 0.004632 7
531 167 576 208 0.004620 7
805 162 857 202 0.004555 7
692 151 808 236 0.004269 7
1034 196 1051 230 0.004037 7
806 160 857 197 0.004016 7
821 179 995 265 0.003992 7
455 151 522 185 0.003990 7
1094 164 1216 248 0.003939 7
1081 216 1174 248 0.003891 7
801 159 858 237 0.003739 7
1009 193 1088 233 0.003685 7
692 196 728 232 0.003599 7
694 152 807 234 0.003059 7
713 152 807 222 0.002996 7
1092 165 1206 248 0.002901 7
479 166 515 202 0.002848 7
449 161 520 209 0.002838 7
702 151 806 235 0.002826 7
548 163 577 200 0.002822 7
1221 173 1279 230 0.002820 7
845 179 984 267 0.002797 7
823 191 1001 262 0.002733 7
842 187 1000 266 0.002651 7
714 172 934 241 0.002540 7
696 196 740 233 0.002477 7
449 155 489 173 0.002447 7
1086 197 1219 255 0.002432 7
1079 206 1138 248 0.002316 7
1104 177 1222 260 0.002313 7
802 156 858 202 0.002313 7
528 170 579 218 0.002299 7
1066 204 1219 255 0.002253 7
1128 223 1223 261 0.002238 7
1030 191 1095 242 0.002161 7
448 154 491 176 0.002151 7
808 170 855 242 0.002125 7
870 184 944 240 0.002108 7
867 177 940 216 0.002093 7
1184 170 1279 235 0.002068 7
804 166 857 201 0.002033 7
449 158 522 206 0.001897 7
722 200 830 238 0.001709 7
807 139 896 189 0.001650 7
449 147 522 177 0.001645 7
1005 176 1054 231 0.001615 7
865 177 951 219 0.001589 7
448 155 490 180 0.001558 7
1095 166 1183 244 0.001540 7
316 198 391 334 0.001532 7
444 148 520 180 0.001496 7
847 176 924 239 0.001476 7
755 182 992 268 0.001458 7
1120 215 1173 247 0.001392 7
318 199 391 326 0.001389 7
1120 182 1201 248 0.001356 7
717 151 861 232 0.001352 7
1264 191 1279 228 0.001347 7
449 155 493 181 0.001337 7
553 182 627 217 0.001331 7
522 156 579 200 0.001326 7
1120 215 1170 247 0.001321 7
688 157 810 234 0.001296 7
1227 170 1279 223 0.001215 7
1089 164 1278 249 0.001192 7
717 152 832 228 0.001185 7
450 147 524 178 0.001172 7
585 188 659 219 0.001154 7
999 214 1067 254 0.001141 7
540 182 655 221 0.001108 7
1094 164 1156 235 0.001104 7
971 206 1212 256 0.001093 7
1099 170 1204 247 0.001041 7
1007 177 1066 232 0.001010 7
585 182 642 217 0.000977 7
697 197 766 236 0.000940 7
680 125 941 245 0.000914 7
878 197 908 235 0.000893 7
709 150 851 241 0.000878 7
1124 183 1175 220 0.000869 7
695 187 731 231 0.000799 7
1005 190 1047 217 0.000733 7
1089 183 1171 241 0.000716 7
538 184 712 222 0.000687 7
967 210 1068 256 0.000682 7
662 73 943 242 0.000667 7
865 177 940 228 0.000663 7
787 203 1001 282 0.000659 7
550 176 624 216 0.000658 7
864 177 943 231 0.000653 7
688 174 725 231 0.000633 7
1075 153 1204 248 0.000632 7
532 171 663 220 0.000629 7
1027 193 1053 232 0.000628 7
588 172 670 217 0.000624 7
605 163 632 199 0.000611 7
380 177 445 206 0.000584 7
304 197 391 314 0.000581 7
317 198 388 328 0.000579 7
718 152 863 249 0.000560 7
1091 207 1141 235 0.000545 7
683 150 810 234 0.000537 7
666 186 730 232 0.000531 7
1001 174 1052 232 0.000527 7
604 166 632 192 0.000521 7
724 189 994 286 0.000519 7
1121 183 1182 219 0.000507 7
848 172 932 234 0.000489 7
547 191 730 228 0.000489 7
533 165 669 216 0.000466 7
877 198 917 236 0.000444 7
312 185 579 312 0.000437 7
454 162 579 211 0.000415 7
598 167 722 222 0.000409 7
341 199 391 319 0.000409 7
597 163 674 215 0.000408 7
726 159 801 211 0.000404 7
907 197 1069 252 0.000386 7
378 180 409 205 0.000381 7
1146 183 1188 218 0.000378 7
430 175 480 212 0.000358 7
1166 218 1279 267 0.000357 7
448 126 527 180 0.000355 7
726 161 804 211 0.000347 7
1108 183 1175 228 0.000345 7
446 168 533 220 0.000323 7
379 176 446 206 0.000323 7
1134 183 1190 221 0.000323 7
853 184 918 236 0.000321 7
1137 184 1183 218 0.000313 7
605 153 633 194 0.000312 7
844 170 915 239 0.000309 7
448 127 532 182 0.000303 7
788 141 861 197 0.000291 7
878 197 902 233 0.000287 7
693 182 724 231 0.000280 7
598 184 728 226 0.000268 7
1087 182 1154 235 0.000250 7
355 201 457 311 0.000237 7
804 133 1017 269 0.000237 7
1117 198 1174 245 0.000233 7
709 147 809 213 0.000227 7
685 147 909 231 0.000226 7
887 211 1256 360 0.000218 7
1007 129 1094 234 0.000217 7
712 193 743 233 0.000197 7
528 144 580 204 0.000195 7
1220 163 1279 229 0.000189 7
604 159 667 209 0.000187 7
297 197 367 321 0.000187 7
722 152 805 209 0.000182 7
392 203 457 296 0.000178 7
376 186 475 207 0.000176 7
660 64 931 235 0.000171 7
725 145 863 210 0.000168 7
604 152 630 183 0.000168 7
725 152 807 207 0.000166 7
532 160 708 222 0.000160 7
305 150 452 346 0.000156 7
1099 162 1155 185 0.000155 7
1112 183 1178 220 0.000154 7
545 160 605 213 0.000149 7
719 147 846 210 0.000147 7
1027 117 1098 240 0.000147 7
386 204 574 308 0.000134 7
1066 115 1222 249 0.000133 7
374 175 408 205 0.000132 7
446 134 524 207 0.000129 7
604 155 661 205 0.000128 7
729 152 809 206 0.000128 7
727 163 801 211 0.000124 7
546 148 741 226 0.000117 7
722 153 802 209 0.000115 7
671 172 720 220 0.000114 7
307 94 458 349 0.000113 7
485 169 697 381 0.000113 7
924 208 1257 326 0.000112 7
734 176 780 211 0.000111 7
1085 121 1271 249 0.000109 7
211 179 272 232 0.000107 7
847 175 868 234 0.000107 7
378 178 418 205 0.000100 7
1088 150 1103 179 0.432854 9
1089 150 1102 178 0.427641 9
1089 150 1103 177 0.304760 9
1088 150 1103 178 0.276960 9
513 151 524 176 0.270229 9
1089 150 1102 179 0.234897 9
513 151 523 176 0.219378 9
513 151 524 176 0.125974 9
1089 150 1103 179 0.079282 9
513 150 524 176 0.078736 9
1005 136 1015 173 0.060519 9
513 149 524 176 0.048169 9
1001 136 1013 175 0.041369 9
555 173 570 199 0.040975 9
1004 136 1014 173 0.040940 9
554 172 570 200 0.039339 9
1090 150 1102 184 0.031420 9
513 151 525 177 0.030075 9
693 186 702 204 0.028560 9
1002 136 1013 174 0.025063 9
1089 150 1102 185 0.024403 9
693 180 702 204 0.022208 9
1004 136 1014 173 0.017723 9
373 166 381 183 0.014809 9
367 166 375 187 0.013378 9
705 154 712 174 0.013072 9
1091 151 1110 176 0.012926 9
324 160 353 199 0.012384 9
170 64 203 91 0.012094 9
1050 110 1083 147 0.011839 9
1090 150 1110 177 0.011761 9
171 64 203 91 0.010953 9
1001 135 1013 174 0.010951 9
320 157 352 198 0.010803 9
173 64 202 91 0.010428 9
1015 147 1024 170 0.010229 9
894 156 905 171 0.010124 9
333 163 352 199 0.009886 9
1001 140 1009 176 0.009323 9
1014 135 1023 171 0.009071 9
313 151 343 197 0.008866 9
895 163 904 177 0.008567 9
315 152 345 198 0.008352 9
704 154 713 179 0.007555 9
332 184 345 199 0.007542 9
172 64 202 92 0.007320 9
879 155 893 173 0.006874 9
449 159 464 170 0.006854 9
1090 150 1111 180 0.006748 9
693 175 701 186 0.006697 9
1014 136 1024 155 0.006675 9
1003 136 1015 175 0.006657 9
1001 185 1008 209 0.006465 9
1111 193 1119 204 0.006144 9
366 166 375 187 0.006017 9
171 64 204 91 0.005852 9
1008 135 1022 174 0.005551 9
512 146 524 176 0.005512 9
1053 110 1083 147 0.005497 9
1214 190 1223 206 0.005468 9
1000 183 1008 200 0.005450 9
514 164 524 187 0.004993 9
596 129 605 144 0.004800 9
697 151 707 175 0.004768 9
587 173 594 185 0.004667 9
1090 132 1107 177 0.004304 9
1081 150 1101 183 0.004125 9
1081 150 1102 181 0.003948 9
332 166 352 198 0.003919 9
993 142 1000 168 0.003777 9
1015 136 1025 148 0.003693 9
336 163 352 198 0.003663 9
259 143 269 159 0.003555 9
701 97 716 129 0.003550 9
665 183 671 199 0.003486 9
893 153 906 168 0.003470 9
880 155 894 173 0.003433 9
322 160 352 199 0.003422 9
165 64 203 92 0.003362 9
1208 169 1217 195 0.003274 9
1212 168 1226 191 0.003194 9
701 151 713 174 0.003178 9
373 166 381 186 0.003175 9
702 115 714 130 0.003154 9
258 145 268 159 0.003116 9
993 138 1001 169 0.003091 9
311 150 343 198 0.003010 9
663 171 671 188 0.002994 9
320 154 349 198 0.002964 9
1211 167 1226 191 0.002949 9
1004 135 1020 175 0.002923 9
258 143 269 160 0.002859 9
689 169 702 201 0.002796 9
1130 165 1147 185 0.002730 9
1143 164 1154 185 0.002700 9
586 169 593 185 0.002675 9
362 165 373 188 0.002671 9
596 64 625 93 0.002644 9
1187 163 1201 187 0.002534 9
697 151 707 175 0.002489 9
324 165 344 198 0.002446 9
704 115 717 129 0.002438 9
889 137 933 169 0.002422 9
689 169 700 181 0.002419 9
596 117 605 144 0.002401 9
1141 164 1155 186 0.002396 9
312 148 344 196 0.002379 9
588 174 599 185 0.002379 9
587 118 598 141 0.002366 9
691 169 703 180 0.002322 9
1111 194 1120 206 0.002307 9
900 155 909 173 0.002194 9
874 155 898 177 0.002189 9
1192 384 1205 402 0.002159 9
1192 384 1205 402 0.002152 9
512 143 526 176 0.002139 9
1096 176 1103 197 0.002121 9
863 165 870 179 0.002120 9
689 173 702 206 0.002059 9
837 143 856 164 0.001997 9
702 173 712 184 0.001956 9
119 64 161 76 0.001906 9
869 154 893 175 0.001900 9
173 64 208 92 0.001888 9
1206 167 1219 192 0.001876 9
596 120 603 144 0.001858 9
581 64 596 93 0.001838 9
586 118 598 136 0.001837 9
596 64 624 92 0.001832 9
593 120 603 146 0.001808 9
596 64 625 91 0.001758 9
569 161 579 175 0.001751 9
312 151 328 198 0.001750 9
362 165 372 189 0.001749 9
680 179 688 197 0.001746 9
707 154 717 176 0.001735 9
118 64 156 77 0.001728 9
681 173 688 190 0.001711 9
702 113 716 129 0.001703 9
997 134 1017 175 0.001697 9
1211 167 1225 206 0.001690 9
612 152 625 168 0.001666 9
872 155 895 176 0.001661 9
258 144 269 159 0.001653 9
595 64 628 93 0.001632 9
666 188 671 204 0.001622 9
306 178 325 199 0.001601 9
1227 167 1248 182 0.001568 9
515 177 531 194 0.001556 9
560 161 580 200 0.001497 9
705 154 715 177 0.001455 9
833 136 859 166 0.001428 9
1087 188 1095 200 0.001413 9
678 65 694 119 0.001411 9
698 85 716 128 0.001410 9
522 169 539 178 0.001410 9
1081 170 1091 184 0.001408 9
586 120 598 136 0.001364 9
1057 108 1083 147 0.001363 9
993 141 1001 169 0.001357 9
448 159 466 177 0.001352 9
1087 184 1098 199 0.001345 9
580 64 597 94 0.001334 9
854 115 865 137 0.001332 9
1097 129 1109 149 0.001330 9
679 65 694 119 0.001250 9
1183 163 1201 190 0.001250 9
679 67 692 115 0.001248 9
1001 172 1008 189 0.001236 9
1004 136 1015 173 0.001230 9
594 64 656 94 0.001222 9
852 115 864 137 0.001217 9
662 170 671 187 0.001176 9
697 121 708 153 0.001175 9
806 162 858 199 0.001172 9
652 181 662 203 0.001171 9
1191 384 1204 402 0.001170 9
120 64 164 77 0.001157 9
312 149 327 195 0.001148 9
703 110 718 129 0.001147 9
678 66 692 120 0.001143 9
1209 168 1221 207 0.001121 9
581 64 597 95 0.001101 9
1229 169 1247 182 0.001091 9
697 70 711 120 0.001089 9
695 120 709 153 0.001068 9
681 165 689 184 0.001054 9
1098 130 1110 149 0.001044 9
997 133 1008 175 0.001024 9
902 160 910 178 0.001019 9
1074 190 1086 206 0.001004 9
1119 164 1150 186 0.000988 9
352 157 362 195 0.000984 9
699 122 714 154 0.000979 9
1227 167 1248 181 0.000974 9
1001 133 1024 174 0.000963 9
1097 187 1102 204 0.000955 9
339 159 360 198 0.000950 9
580 64 597 93 0.000944 9
698 70 720 129 0.000944 9
220 183 231 194 0.000938 9
586 117 598 134 0.000919 9
1187 162 1201 187 0.000906 9
879 137 937 156 0.000902 9
160 64 202 92 0.000892 9
505 150 524 178 0.000881 9
520 149 541 176 0.000877 9
952 173 962 201 0.000868 9
862 165 869 183 0.000857 9
161 64 202 91 0.000853 9
1098 163 1111 185 0.000851 9
697 65 709 119 0.000849 9
832 136 860 166 0.000845 9
889 137 937 155 0.000837 9
1102 188 1121 205 0.000834 9
699 88 715 117 0.000832 9
700 85 719 128 0.000825 9
570 161 580 178 0.000820 9
463 240 478 271 0.000815 9
678 67 692 121 0.000810 9
699 117 713 154 0.000797 9
695 113 717 161 0.000779 9
119 64 164 79 0.000771 9
706 154 717 181 0.000765 9
678 69 691 105 0.000744 9
596 115 625 165 0.000740 9
120 64 160 79 0.000739 9
637 162 649 189 0.000735 9
1094 129 1111 175 0.000729 9
869 122 880 136 0.000726 9
447 160 465 180 0.000721 9
642 165 660 192 0.000709 9
1097 129 1109 149 0.000709 9
697 74 714 124 0.000707 9
154 64 202 86 0.000702 9
699 123 714 157 0.000696 9
587 165 600 186 0.000679 9
120 64 164 79 0.000667 9
1076 142 1103 179 0.000662 9
838 119 852 135 0.000660 9
595 115 605 144 0.000659 9
1152 166 1165 185 0.000659 9
690 119 710 131 0.000656 9
505 150 524 177 0.000652 9
1088 150 1104 189 0.000651 9
839 117 852 135 0.000649 9
703 121 717 155 0.000649 9
832 148 849 166 0.000643 9
681 67 696 120 0.000641 9
1222 164 1236 183 0.000638 9
596 116 625 159 0.000628 9
109 149 127 166 0.000628 9
610 151 630 174 0.000623 9
611 153 626 170 0.000623 9
160 64 174 76 0.000622 9
1190 163 1208 187 0.000613 9
853 137 937 159 0.000613 9
881 137 937 156 0.000610 9
595 126 615 164 0.000606 9
493 162 522 191 0.000604 9
119 64 164 75 0.000597 9
357 219 370 230 0.000596 9
833 140 855 162 0.000595 9
843 149 858 167 0.000587 9
637 161 647 183 0.000582 9
648 169 665 202 0.000582 9
1105 163 1150 186 0.000574 9
523 146 543 175 0.000567 9
315 150 346 196 0.000558 9
845 116 862 136 0.000557 9
240 177 246 191 0.000554 9
1183 163 1211 215 0.000554 9
108 148 127 167 0.000551 9
581 77 600 138 0.000550 9
371 160 382 185 0.000547 9
157 64 172 74 0.000545 9
109 148 127 166 0.000543 9
567 161 581 189 0.000537 9
588 120 601 159 0.000535 9
707 84 719 114 0.000534 9
594 64 623 94 0.000533 9
1155 171 1167 184 0.000528 9
122 64 170 76 0.000523 9
697 68 719 121 0.000520 9
694 128 716 179 0.000516 9
702 116 717 155 0.000513 9
708 149 718 174 0.000510 9
726 96 738 106 0.000507 9
638 163 660 202 0.000506 9
1154 163 1167 184 0.000503 9
651 168 662 191 0.000502 9
608 152 625 166 0.000490 9
698 65 708 116 0.000485 9
644 178 660 203 0.000483 9
110 149 127 165 0.000481 9
865 122 871 136 0.000478 9
585 119 600 150 0.000475 9
159 64 203 93 0.000461 9
867 119 880 135 0.000458 9
446 161 470 188 0.000454 9
581 64 596 72 0.000449 9
462 204 477 271 0.000444 9
593 64 625 94 0.000443 9
239 175 246 190 0.000442 9
692 156 706 180 0.000431 9
726 96 738 115 0.000425 9
939 177 953 201 0.000418 9
1213 165 1248 191 0.000409 9
624 64 651 92 0.000405 9
887 137 937 154 0.000403 9
694 120 708 153 0.000403 9
604 118 625 157 0.000396 9
688 120 698 153 0.000394 9
1013 150 1026 175 0.000391 9
1098 172 1122 206 0.000389 9
891 137 930 152 0.000381 9
579 64 601 141 0.000381 9
1096 196 1102 209 0.000376 9
1098 177 1125 205 0.000373 9
172 64 210 92 0.000372 9
719 117 729 130 0.000370 9
257 143 270 180 0.000368 9
903 136 938 156 0.000367 9
1139 161 1154 167 0.000366 9
879 136 937 169 0.000364 9
184 144 199 168 0.000362 9
468 127 529 179 0.000362 9
803 156 860 197 0.000361 9
172 64 220 92 0.000358 9
132 64 174 80 0.000358 9
595 64 626 95 0.000346 9
848 181 858 200 0.000345 9
637 161 656 198 0.000345 9
596 116 625 149 0.000343 9
684 65 714 143 0.000342 9
119 64 189 79 0.000341 9
852 108 865 124 0.000337 9
1042 183 1050 196 0.000337 9
1087 135 1104 177 0.000336 9
688 120 697 155 0.000330 9
585 64 650 94 0.000328 9
597 146 616 164 0.000328 9
360 154 378 190 0.000325 9
694 64 722 128 0.000325 9
904 137 938 154 0.000321 9
1103 163 1151 186 0.000317 9
257 144 270 180 0.000316 9
1146 163 1161 185 0.000313 9
624 64 653 93 0.000307 9
1103 165 1149 185 0.000306 9
1020 138 1032 156 0.000306 9
1226 158 1250 182 0.000301 9
704 123 717 156 0.000300 9
907 136 938 155 0.000298 9
100 147 128 178 0.000297 9
597 130 626 166 0.000292 9
860 149 888 173 0.000292 9
680 148 690 170 0.000286 9
1225 158 1249 182 0.000286 9
685 130 696 176 0.000283 9
449 153 489 172 0.000280 9
697 95 715 128 0.000279 9
463 243 478 272 0.000277 9
599 117 626 150 0.000277 9
685 64 711 125 0.000276 9
96 181 104 202 0.000273 9
97 178 106 202 0.000272 9
993 136 1000 155 0.000267 9
910 136 937 150 0.000267 9
688 151 697 175 0.000266 9
685 113 713 174 0.000266 9
1048 165 1055 176 0.000266 9
831 136 880 166 0.000265 9
341 64 364 111 0.000263 9
339 64 363 111 0.000262 9
677 64 694 114 0.000262 9
121 64 168 79 0.000259 9
592 64 658 94 0.000258 9
686 64 707 121 0.000258 9
1050 112 1082 146 0.000255 9
678 64 695 114 0.000254 9
583 87 600 137 0.000254 9
981 144 997 166 0.000249 9
607 151 630 183 0.000248 9
1180 166 1211 220 0.000247 9
1204 159 1223 188 0.000247 9
0 143 7 196 0.000246 9
680 151 689 183 0.000246 9
415 64 434 127 0.000243 9
999 129 1007 136 0.000243 9
800 154 813 197 0.000240 9
579 64 598 147 0.000238 9
319 204 330 228 0.000237 9
340 64 364 111 0.000236 9
577 64 617 147 0.000233 9
98 177 110 203 0.000233 9
322 93 331 118 0.000232 9
584 67 604 146 0.000232 9
830 125 845 134 0.000231 9
415 64 433 124 0.000231 9
581 64 597 80 0.000230 9
1044 181 1060 198 0.000223 9
184 145 200 169 0.000223 9
1070 145 1096 195 0.000221 9
813 149 833 163 0.000220 9
1017 142 1034 164 0.000219 9
580 64 598 92 0.000219 9
831 136 862 166 0.000219 9
333 64 363 112 0.000218 9
714 98 729 131 0.000217 9
719 150 726 159 0.000216 9
463 226 477 265 0.000215 9
449 150 490 171 0.000213 9
643 161 659 189 0.000212 9
680 123 690 153 0.000209 9
709 80 723 108 0.000208 9
624 64 638 74 0.000207 9
995 132 1020 176 0.000205 9
1047 175 1057 193 0.000205 9
1190 159 1211 187 0.000202 9
688 119 699 153 0.000199 9
588 123 604 183 0.000198 9
991 187 1009 214 0.000198 9
608 162 645 200 0.000196 9
680 124 690 158 0.000196 9
699 76 738 129 0.000196 9
955 173 965 202 0.000194 9
1102 168 1138 186 0.000191 9
1105 152 1120 171 0.000191 9
1070 148 1094 203 0.000190 9
800 155 824 204 0.000190 9
653 179 693 218 0.000186 9
698 64 714 96 0.000184 9
637 121 652 163 0.000183 9
545 141 551 156 0.000183 9
1074 183 1096 203 0.000182 9
697 64 712 94 0.000182 9
649 121 660 160 0.000181 9
847 116 879 137 0.000179 9
168 64 254 91 0.000175 9
625 64 655 92 0.000175 9
647 120 659 163 0.000175 9
259 130 270 161 0.000174 9
578 64 601 146 0.000173 9
449 150 483 172 0.000173 9
1103 164 1151 185 0.000172 9
1183 161 1202 189 0.000171 9
169 64 263 99 0.000171 9
1206 157 1227 180 0.000170 9
264 68 273 82 0.000169 9
415 64 440 126 0.000168 9
800 150 810 159 0.000167 9
679 72 691 122 0.000167 9
637 86 659 104 0.000166 9
624 121 636 157 0.000166 9
579 64 600 119 0.000166 9
1210 163 1242 210 0.000166 9
607 152 628 175 0.000164 9
896 136 938 168 0.000163 9
629 64 659 93 0.000162 9
1065 109 1085 137 0.000162 9
339 64 365 112 0.000162 9
687 119 707 131 0.000161 9
698 64 714 88 0.000161 9
519 144 553 195 0.000160 9
415 64 443 129 0.000160 9
312 138 335 194 0.000159 9
755 132 765 151 0.000158 9
687 122 714 182 0.000156 9
800 155 820 200 0.000155 9
521 135 543 175 0.000153 9
522 146 544 174 0.000153 9
713 81 721 92 0.000152 9
255 83 267 97 0.000152 9
210 68 220 85 0.000148 9
680 124 689 152 0.000147 9
879 127 892 138 0.000146 9
1197 131 1214 187 0.000146 9
989 179 1005 210 0.000146 9
161 75 188 91 0.000146 9
973 190 983 202 0.000146 9
817 112 836 127 0.000145 9
223 110 266 130 0.000144 9
340 64 362 112 0.000144 9
625 141 632 160 0.000143 9
321 91 333 119 0.000143 9
107 147 128 181 0.000143 9
725 95 739 126 0.000139 9
0 141 7 206 0.000139 9
312 145 325 193 0.000139 9
568 145 579 168 0.000138 9
598 116 626 147 0.000138 9
661 168 689 193 0.000136 9
1031 149 1040 160 0.000136 9
827 116 851 135 0.000136 9
579 64 663 154 0.000135 9
642 120 658 164 0.000135 9
209 66 244 86 0.000134 9
579 64 600 143 0.000134 9
1000 181 1018 207 0.000134 9
753 138 761 152 0.000133 9
0 143 7 174 0.000132 9
606 139 625 167 0.000132 9
982 140 997 163 0.000131 9
578 66 589 95 0.000131 9
698 64 714 86 0.000131 9
1032 142 1040 156 0.000131 9
1051 108 1087 234 0.000130 9
1091 151 1115 178 0.000130 9
637 120 650 162 0.000129 9
716 153 726 174 0.000129 9
1051 111 1084 147 0.000125 9
242 130 257 146 0.000125 9
818 125 844 135 0.000125 9
1222 159 1236 178 0.000124 9
1122 160 1155 186 0.000124 9
1015 133 1031 157 0.000123 9
361 147 374 167 0.000123 9
983 152 996 168 0.000123 9
905 129 911 138 0.000120 9
697 74 740 150 0.000119 9
582 121 600 167 0.000119 9
814 111 828 123 0.000119 9
648 126 657 163 0.000119 9
1203 148 1221 177 0.000119 9
586 161 603 186 0.000118 9
579 64 602 142 0.000118 9
718 93 733 125 0.000118 9
358 149 375 190 0.000116 9
931 167 965 201 0.000116 9
1099 162 1155 185 0.000116 9
1108 151 1119 168 0.000114 9
545 112 551 136 0.000114 9
567 142 577 161 0.000113 9
1070 184 1089 210 0.000113 9
822 163 874 193 0.000113 9
1057 112 1098 179 0.000111 9
170 144 182 170 0.000111 9
522 144 544 174 0.000110 9
171 144 181 169 0.000109 9
578 72 586 100 0.000108 9
324 64 360 107 0.000107 9
307 143 365 199 0.000107 9
805 148 815 161 0.000106 9
1047 159 1055 175 0.000106 9
99 177 111 203 0.000106 9
992 155 1009 176 0.000105 9
323 64 363 112 0.000105 9
1098 129 1111 148 0.000104 9
1201 133 1213 186 0.000103 9
666 168 683 187 0.000103 9
742 151 751 159 0.000102 9
816 114 846 133 0.000101 9
753 131 763 152 0.000100 9
324 109 367 163 0.074276 11
1051 111 1082 147 0.065285 11
1051 112 1083 147 0.049906 11
1182 186 1200 214 0.034893 11
1051 109 1083 147 0.031085 11
1182 189 1199 215 0.022624 11
1182 184 1201 215 0.018761 11
1182 185 1200 215 0.016892 11
1051 110 1083 147 0.012575 11
539 203 564 254 0.001016 11
416 64 433 98 0.000510 11
415 64 434 121 0.000424 11
415 64 432 118 0.000322 11
415 64 432 98 0.000287 11
320 112 367 199 0.000161 11
1071 131 1090 152 0.000110 11
539 205 564 254 0.000106 11
351 127 366 159 0.000105 11
