5.51 0.78 -1.33 4.00 1.65 1.51 -1.883 0.99997 1
22.84 -2.77 -1.18 1.72 0.48 1.67 -2.802 0.95274 3
36.24 -4.60 -0.74 4.16 1.66 1.56 -1.641 0.36726 1
30.25 -3.75 -1.03 1.52 0.61 1.76 2.466 0.13546 3
14.68 2.32 -1.11 4.03 1.63 1.55 -2.867 0.11382 1
30.21 -3.76 -1.01 0.69 0.65 1.76 2.486 0.09451 2
34.34 2.49 -1.15 1.85 0.51 1.88 0.195 0.08782 3
58.69 15.11 -0.84 3.95 1.63 1.52 2.751 0.05002 1
33.21 -11.40 -0.25 4.01 1.67 1.58 -0.119 0.04254 1
37.00 -2.67 -0.69 3.98 1.63 1.54 -2.312 0.02349 1
33.30 -9.65 -1.21 3.87 1.66 1.79 -0.662 0.02029 1
14.79 5.30 -0.88 3.97 1.63 1.54 -2.347 0.01567 1
51.84 -11.34 -0.86 3.87 1.61 1.52 -2.565 0.00902 1
15.22 -3.88 -0.94 4.88 1.83 1.88 0.838 0.00899 1
14.26 -5.03 -1.12 4.29 1.58 1.53 1.139 0.00840 1
36.70 -4.03 -0.71 4.02 1.66 1.55 -1.335 0.00681 1
11.08 5.43 -0.76 4.18 1.64 1.55 -2.536 0.00590 1
50.27 -7.86 -0.82 3.83 1.71 1.60 -0.842 0.00550 1
34.32 2.37 -1.11 0.74 0.59 1.78 -0.182 0.00539 2
40.14 -10.21 -1.38 3.84 1.66 1.57 -0.400 0.00477 1
30.13 -9.00 -1.44 3.74 1.57 1.56 2.353 0.00467 1
33.27 -8.18 -1.29 3.45 1.81 1.98 0.415 0.00340 1
14.96 2.65 -1.05 3.75 1.61 1.62 2.408 0.00309 1
17.96 -3.17 -1.45 4.00 1.57 1.55 -3.177 0.00301 1
0.00 0.00 -0.56 0.00 0.00 0.00 0.047 0.00294 1
0.00 0.00 -0.56 0.00 0.00 0.00 0.047 0.00294 1
0.00 0.00 -0.56 0.00 0.00 0.00 0.047 0.00294 1
0.00 0.00 -0.56 0.00 0.00 0.00 0.047 0.00294 1
0.00 0.00 -0.56 0.00 0.00 0.00 0.047 0.00294 1
0.00 0.00 -0.56 0.00 0.00 0.00 0.047 0.00294 1
0.00 0.00 -0.56 0.00 0.00 0.00 0.047 0.00294 1
0.00 0.00 -0.56 0.00 0.00 0.00 0.047 0.00294 1
0.00 0.00 -0.56 0.00 0.00 0.00 0.047 0.00294 1
0.00 0.00 -0.56 0.00 0.00 0.00 0.047 0.00294 1
0.00 0.00 -0.56 0.00 0.00 0.00 0.047 0.00294 1
0.00 0.00 -0.56 0.00 0.00 0.00 0.047 0.00294 1
0.00 0.00 -0.56 0.00 0.00 0.00 0.047 0.00294 1
0.00 0.00 -0.56 0.00 0.00 0.00 0.047 0.00294 1
0.00 0.00 -0.56 0.00 0.00 0.00 0.047 0.00294 1
0.00 0.00 -0.56 0.00 0.00 0.00 0.047 0.00294 1
0.00 0.00 -0.56 0.00 0.00 0.00 0.047 0.00294 1
0.00 0.00 -0.56 0.00 0.00 0.00 0.047 0.00294 1
0.00 0.00 -0.56 0.00 0.00 0.00 0.047 0.00294 1
0.00 0.00 -0.56 0.00 0.00 0.00 0.047 0.00294 1
0.00 0.00 -0.56 0.00 0.00 0.00 0.047 0.00294 1
0.00 0.00 -0.56 0.00 0.00 0.00 0.047 0.00294 1
0.00 0.00 -0.56 0.00 0.00 0.00 0.047 0.00294 1
0.00 0.00 -0.56 0.00 0.00 0.00 0.047 0.00294 1
0.00 0.00 -0.56 0.00 0.00 0.00 0.047 0.00294 1
0.00 0.00 -0.56 0.00 0.00 0.00 0.047 0.00294 1
0.00 0.00 -0.56 0.00 0.00 0.00 0.047 0.00294 1
0.00 0.00 -0.56 0.00 0.00 0.00 0.047 0.00294 1
0.00 0.00 -0.56 0.00 0.00 0.00 0.047 0.00294 1
0.00 0.00 -0.56 0.00 0.00 0.00 0.047 0.00294 1
0.00 0.00 -0.56 0.00 0.00 0.00 0.047 0.00294 1
0.00 0.00 -0.56 0.00 0.00 0.00 0.047 0.00294 1
0.00 0.00 -0.56 0.00 0.00 0.00 0.047 0.00294 1
0.00 0.00 -0.56 0.00 0.00 0.00 0.047 0.00294 1
0.00 0.00 -0.56 0.00 0.00 0.00 0.047 0.00294 1
0.00 0.00 -0.56 0.00 0.00 0.00 0.047 0.00294 1
0.00 0.00 -0.56 0.00 0.00 0.00 0.047 0.00294 1
0.00 0.00 -0.56 0.00 0.00 0.00 0.047 0.00294 1
0.00 0.00 -0.56 0.00 0.00 0.00 0.047 0.00294 1
0.00 0.00 -0.56 0.00 0.00 0.00 0.047 0.00294 1
0.00 0.00 -0.56 0.00 0.00 0.00 0.047 0.00294 1
0.00 0.00 -0.56 0.00 0.00 0.00 0.047 0.00294 1
0.00 0.00 -0.56 0.00 0.00 0.00 0.047 0.00294 1
0.00 0.00 -0.56 0.00 0.00 0.00 0.047 0.00294 1
0.00 0.00 -0.56 0.00 0.00 0.00 0.047 0.00294 1
0.00 0.00 -0.56 0.00 0.00 0.00 0.047 0.00294 1
0.00 0.00 -0.56 0.00 0.00 0.00 0.047 0.00294 1
0.00 0.00 -0.56 0.00 0.00 0.00 0.047 0.00294 1
0.00 0.00 -0.56 0.00 0.00 0.00 0.047 0.00294 1
0.00 0.00 -0.56 0.00 0.00 0.00 0.047 0.00294 1
0.00 0.00 -0.56 0.00 0.00 0.00 0.047 0.00294 1
0.00 0.00 -0.56 0.00 0.00 0.00 0.047 0.00294 1
0.00 0.00 -0.56 0.00 0.00 0.00 0.047 0.00294 1
0.00 0.00 -0.56 0.00 0.00 0.00 0.047 0.00294 1
0.00 0.00 -0.56 0.00 0.00 0.00 0.047 0.00294 1
0.00 0.00 -0.56 0.00 0.00 0.00 0.047 0.00294 1
0.00 0.00 -0.56 0.00 0.00 0.00 0.047 0.00294 1
0.00 0.00 -0.56 0.00 0.00 0.00 0.047 0.00294 1
0.00 0.00 -0.56 0.00 0.00 0.00 0.047 0.00294 1
0.00 0.00 -0.56 0.00 0.00 0.00 0.047 0.00294 1
0.00 0.00 -0.56 0.00 0.00 0.00 0.047 0.00294 1
0.00 0.00 -0.56 0.00 0.00 0.00 0.047 0.00294 1
0.00 0.00 -0.56 0.00 0.00 0.00 0.047 0.00294 1
0.00 0.00 -0.56 0.00 0.00 0.00 0.047 0.00294 1
0.00 0.00 -0.56 0.00 0.00 0.00 0.047 0.00294 1
0.00 0.00 -0.56 0.00 0.00 0.00 0.047 0.00294 1
0.00 0.00 -0.56 0.00 0.00 0.00 0.047 0.00294 1
0.00 0.00 -0.56 0.00 0.00 0.00 0.047 0.00294 1
0.00 0.00 -0.56 0.00 0.00 0.00 0.047 0.00294 1
0.00 0.00 -0.56 0.00 0.00 0.00 0.047 0.00294 1
0.00 0.00 -0.56 0.00 0.00 0.00 0.047 0.00294 1
0.00 0.00 -0.56 0.00 0.00 0.00 0.047 0.00294 1
0.00 0.00 -0.56 0.00 0.00 0.00 0.047 0.00294 1
0.00 0.00 -0.56 0.00 0.00 0.00 0.047 0.00294 1
0.00 0.00 -0.56 0.00 0.00 0.00 0.047 0.00294 1
0.00 0.00 -0.56 0.00 0.00 0.00 0.047 0.00294 1
0.00 0.00 -0.56 0.00 0.00 0.00 0.047 0.00294 1
0.00 0.00 -0.56 0.00 0.00 0.00 0.047 0.00294 1
0.00 0.00 -0.56 0.00 0.00 0.00 0.047 0.00294 1
0.00 0.00 -0.56 0.00 0.00 0.00 0.047 0.00294 1
0.00 0.00 -0.56 0.00 0.00 0.00 0.047 0.00294 1
0.00 0.00 -0.56 0.00 0.00 0.00 0.047 0.00294 1
0.00 0.00 -0.56 0.00 0.00 0.00 0.047 0.00294 1
0.00 0.00 -0.56 0.00 0.00 0.00 0.047 0.00294 1
0.00 0.00 -0.56 0.00 0.00 0.00 0.047 0.00294 1
0.00 0.00 -0.56 0.00 0.00 0.00 0.047 0.00294 1
0.00 0.00 -0.56 0.00 0.00 0.00 0.047 0.00294 1
0.00 0.00 -0.56 0.00 0.00 0.00 0.047 0.00294 1
0.00 0.00 -0.56 0.00 0.00 0.00 0.047 0.00294 1
0.00 0.00 -0.56 0.00 0.00 0.00 0.047 0.00294 1
0.00 0.00 -0.56 0.00 0.00 0.00 0.047 0.00294 1
0.00 0.00 -0.56 0.00 0.00 0.00 0.047 0.00294 1
0.00 0.00 -0.56 0.00 0.00 0.00 0.047 0.00294 1
0.00 0.00 -0.56 0.00 0.00 0.00 0.047 0.00294 1
0.00 0.00 -0.56 0.00 0.00 0.00 0.047 0.00294 1
0.00 0.00 -0.56 0.00 0.00 0.00 0.047 0.00294 1
0.00 0.00 -0.56 0.00 0.00 0.00 0.047 0.00294 1
0.00 0.00 -0.56 0.00 0.00 0.00 0.047 0.00294 1
0.00 0.00 -0.56 0.00 0.00 0.00 0.047 0.00294 1
0.00 0.00 -0.56 0.00 0.00 0.00 0.047 0.00294 1
0.00 0.00 -0.56 0.00 0.00 0.00 0.047 0.00294 1
0.00 0.00 -0.56 0.00 0.00 0.00 0.047 0.00294 1
0.00 0.00 -0.56 0.00 0.00 0.00 0.047 0.00294 1
0.00 0.00 -0.56 0.00 0.00 0.00 0.047 0.00294 1
0.00 0.00 -0.56 0.00 0.00 0.00 0.047 0.00294 1
0.00 0.00 -0.56 0.00 0.00 0.00 0.047 0.00294 1
0.00 0.00 -0.56 0.00 0.00 0.00 0.047 0.00294 1
0.00 0.00 -0.56 0.00 0.00 0.00 0.047 0.00294 1
0.00 0.00 -0.56 0.00 0.00 0.00 0.047 0.00294 1
0.00 0.00 -0.56 0.00 0.00 0.00 0.047 0.00294 1
0.00 0.00 -0.56 0.00 0.00 0.00 0.047 0.00294 1
0.00 0.00 -0.56 0.00 0.00 0.00 0.047 0.00294 1
0.00 0.00 -0.56 0.00 0.00 0.00 0.047 0.00294 1
0.00 0.00 -0.56 0.00 0.00 0.00 0.047 0.00294 1
0.00 0.00 -0.56 0.00 0.00 0.00 0.047 0.00294 1
0.00 0.00 -0.56 0.00 0.00 0.00 0.047 0.00294 1
0.00 0.00 -0.56 0.00 0.00 0.00 0.047 0.00294 1
0.00 0.00 -0.56 0.00 0.00 0.00 0.047 0.00294 1
0.00 0.00 -0.56 0.00 0.00 0.00 0.047 0.00294 1
0.00 0.00 -0.56 0.00 0.00 0.00 0.047 0.00294 1
0.00 0.00 -0.56 0.00 0.00 0.00 0.047 0.00294 1
0.00 0.00 -0.56 0.00 0.00 0.00 0.047 0.00294 1
0.00 0.00 -0.56 0.00 0.00 0.00 0.047 0.00294 1
0.00 0.00 -0.56 0.00 0.00 0.00 0.047 0.00294 1
0.00 0.00 -0.56 0.00 0.00 0.00 0.047 0.00294 1
0.00 0.00 -0.56 0.00 0.00 0.00 0.047 0.00294 1
0.00 0.00 -0.56 0.00 0.00 0.00 0.047 0.00294 1
0.00 0.00 -0.56 0.00 0.00 0.00 0.047 0.00294 1
0.00 0.00 -0.56 0.00 0.00 0.00 0.047 0.00294 1
0.00 0.00 -0.56 0.00 0.00 0.00 0.047 0.00294 1
0.00 0.00 -0.56 0.00 0.00 0.00 0.047 0.00294 1
0.00 0.00 -0.56 0.00 0.00 0.00 0.047 0.00294 1
0.00 0.00 -0.56 0.00 0.00 0.00 0.047 0.00294 1
0.00 0.00 -0.56 0.00 0.00 0.00 0.047 0.00294 1
0.00 0.00 -0.56 0.00 0.00 0.00 0.047 0.00294 1
0.00 0.00 -0.56 0.00 0.00 0.00 0.047 0.00294 1
0.00 0.00 -0.56 0.00 0.00 0.00 0.047 0.00294 1
0.00 0.00 -0.56 0.00 0.00 0.00 0.047 0.00294 1
0.00 0.00 -0.56 0.00 0.00 0.00 0.047 0.00294 1
0.00 0.00 -0.56 0.00 0.00 0.00 0.047 0.00294 1
0.00 0.00 -0.56 0.00 0.00 0.00 0.047 0.00294 1
0.00 0.00 -0.56 0.00 0.00 0.00 0.047 0.00294 1
0.00 0.00 -0.56 0.00 0.00 0.00 0.047 0.00294 1
0.00 0.00 -0.56 0.00 0.00 0.00 0.047 0.00294 1
0.00 0.00 -0.56 0.00 0.00 0.00 0.047 0.00294 1
0.00 0.00 -0.56 0.00 0.00 0.00 0.047 0.00294 1
0.00 0.00 -0.56 0.00 0.00 0.00 0.047 0.00294 1
0.00 0.00 -0.56 0.00 0.00 0.00 0.047 0.00294 1
0.00 0.00 -0.56 0.00 0.00 0.00 0.047 0.00294 1
0.00 0.00 -0.56 0.00 0.00 0.00 0.047 0.00294 1
0.00 0.00 -0.56 0.00 0.00 0.00 0.047 0.00294 1
0.00 0.00 -0.56 0.00 0.00 0.00 0.047 0.00294 1
0.00 0.00 -0.56 0.00 0.00 0.00 0.047 0.00294 1
0.00 0.00 -0.56 0.00 0.00 0.00 0.047 0.00294 1
0.00 0.00 -0.56 0.00 0.00 0.00 0.047 0.00294 1
0.00 0.00 -0.56 0.00 0.00 0.00 0.047 0.00294 1
0.00 0.00 -0.56 0.00 0.00 0.00 0.047 0.00294 1
0.00 0.00 -0.56 0.00 0.00 0.00 0.047 0.00294 1
0.00 0.00 -0.56 0.00 0.00 0.00 0.047 0.00294 1
0.00 0.00 -0.56 0.00 0.00 0.00 0.047 0.00294 1
0.00 0.00 -0.56 0.00 0.00 0.00 0.047 0.00294 1
0.00 0.00 -0.56 0.00 0.00 0.00 0.047 0.00294 1
0.00 0.00 -0.56 0.00 0.00 0.00 0.047 0.00294 1
0.00 0.00 -0.56 0.00 0.00 0.00 0.047 0.00294 1
0.00 0.00 -0.56 0.00 0.00 0.00 0.047 0.00294 1
0.00 0.00 -0.56 0.00 0.00 0.00 0.047 0.00294 1
0.00 0.00 -0.56 0.00 0.00 0.00 0.047 0.00294 1
0.00 0.00 -0.56 0.00 0.00 0.00 0.047 0.00294 1
0.00 0.00 -0.56 0.00 0.00 0.00 0.047 0.00294 1
0.00 0.00 -0.56 0.00 0.00 0.00 0.047 0.00294 1
0.00 0.00 -0.56 0.00 0.00 0.00 0.047 0.00294 1
0.00 0.00 -0.56 0.00 0.00 0.00 0.047 0.00294 1
0.00 0.00 -0.56 0.00 0.00 0.00 0.047 0.00294 1
0.00 0.00 -0.56 0.00 0.00 0.00 0.047 0.00294 1
0.00 0.00 -0.56 0.00 0.00 0.00 0.047 0.00294 1
0.00 0.00 -0.56 0.00 0.00 0.00 0.047 0.00294 1
0.00 0.00 -0.56 0.00 0.00 0.00 0.047 0.00294 1
0.00 0.00 -0.56 0.00 0.00 0.00 0.047 0.00294 1
0.00 0.00 -0.56 0.00 0.00 0.00 0.047 0.00294 1
0.00 0.00 -0.56 0.00 0.00 0.00 0.047 0.00294 1
0.00 0.00 -0.56 0.00 0.00 0.00 0.047 0.00294 1
0.00 0.00 -0.56 0.00 0.00 0.00 0.047 0.00294 1
0.00 0.00 -0.56 0.00 0.00 0.00 0.047 0.00294 1
0.00 0.00 -0.56 0.00 0.00 0.00 0.047 0.00294 1
0.00 0.00 -0.56 0.00 0.00 0.00 0.047 0.00294 1
0.00 0.00 -0.56 0.00 0.00 0.00 0.047 0.00294 1
0.00 0.00 -0.56 0.00 0.00 0.00 0.047 0.00294 1
0.00 0.00 -0.56 0.00 0.00 0.00 0.047 0.00294 1
0.00 0.00 -0.56 0.00 0.00 0.00 0.047 0.00294 1
0.00 0.00 -0.56 0.00 0.00 0.00 0.047 0.00294 1
0.00 0.00 -0.56 0.00 0.00 0.00 0.047 0.00294 1
0.00 0.00 -0.56 0.00 0.00 0.00 0.047 0.00294 1
0.00 0.00 -0.56 0.00 0.00 0.00 0.047 0.00294 1
0.00 0.00 -0.56 0.00 0.00 0.00 0.047 0.00294 1
0.00 0.00 -0.56 0.00 0.00 0.00 0.047 0.00294 1
0.00 0.00 -0.56 0.00 0.00 0.00 0.047 0.00294 1
0.00 0.00 -0.56 0.00 0.00 0.00 0.047 0.00294 1
0.00 0.00 -0.56 0.00 0.00 0.00 0.047 0.00294 1
0.00 0.00 -0.56 0.00 0.00 0.00 0.047 0.00294 1
0.00 0.00 -0.56 0.00 0.00 0.00 0.047 0.00294 1
0.00 0.00 -0.56 0.00 0.00 0.00 0.047 0.00294 1
0.00 0.00 -0.56 0.00 0.00 0.00 0.047 0.00294 1
0.00 0.00 -0.56 0.00 0.00 0.00 0.047 0.00294 1
0.00 0.00 -0.56 0.00 0.00 0.00 0.047 0.00294 1
0.00 0.00 -0.56 0.00 0.00 0.00 0.047 0.00294 1
0.00 0.00 -0.56 0.00 0.00 0.00 0.047 0.00294 1
0.00 0.00 -0.56 0.00 0.00 0.00 0.047 0.00294 1
0.00 0.00 -0.56 0.00 0.00 0.00 0.047 0.00294 1
0.00 0.00 -0.56 0.00 0.00 0.00 0.047 0.00294 1
0.00 0.00 -0.56 0.00 0.00 0.00 0.047 0.00294 1
0.00 0.00 -0.56 0.00 0.00 0.00 0.047 0.00294 1
0.00 0.00 -0.56 0.00 0.00 0.00 0.047 0.00294 1
0.00 0.00 -0.56 0.00 0.00 0.00 0.047 0.00294 1
0.00 0.00 -0.56 0.00 0.00 0.00 0.047 0.00294 1
0.00 0.00 -0.56 0.00 0.00 0.00 0.047 0.00294 1
0.00 0.00 -0.56 0.00 0.00 0.00 0.047 0.00294 1
0.00 0.00 -0.56 0.00 0.00 0.00 0.047 0.00294 1
0.00 0.00 -0.56 0.00 0.00 0.00 0.047 0.00294 1
0.00 0.00 -0.56 0.00 0.00 0.00 0.047 0.00294 1
0.00 0.00 -0.56 0.00 0.00 0.00 0.047 0.00294 1
0.00 0.00 -0.56 0.00 0.00 0.00 0.047 0.00294 1
0.00 0.00 -0.56 0.00 0.00 0.00 0.047 0.00294 1
0.00 0.00 -0.56 0.00 0.00 0.00 0.047 0.00294 1
0.00 0.00 -0.56 0.00 0.00 0.00 0.047 0.00294 1
0.00 0.00 -0.56 0.00 0.00 0.00 0.047 0.00294 1
0.00 0.00 -0.56 0.00 0.00 0.00 0.047 0.00294 1
0.00 0.00 -0.56 0.00 0.00 0.00 0.047 0.00294 1
0.00 0.00 -0.56 0.00 0.00 0.00 0.047 0.00294 1
0.00 0.00 -0.56 0.00 0.00 0.00 0.047 0.00294 1
0.00 0.00 -0.56 0.00 0.00 0.00 0.047 0.00294 1
0.00 0.00 -0.56 0.00 0.00 0.00 0.047 0.00294 1
0.00 0.00 -0.56 0.00 0.00 0.00 0.047 0.00294 1
0.00 0.00 -0.56 0.00 0.00 0.00 0.047 0.00294 1
0.00 0.00 -0.56 0.00 0.00 0.00 0.047 0.00294 1
0.00 0.00 -0.56 0.00 0.00 0.00 0.047 0.00294 1
0.00 0.00 -0.56 0.00 0.00 0.00 0.047 0.00294 1
0.00 0.00 -0.56 0.00 0.00 0.00 0.047 0.00294 1
0.00 0.00 -0.56 0.00 0.00 0.00 0.047 0.00294 1
0.00 0.00 -0.56 0.00 0.00 0.00 0.047 0.00294 1
0.00 0.00 -0.56 0.00 0.00 0.00 0.047 0.00294 1
0.00 0.00 -0.56 0.00 0.00 0.00 0.047 0.00294 1
0.00 0.00 -0.56 0.00 0.00 0.00 0.047 0.00294 1
0.00 0.00 -0.56 0.00 0.00 0.00 0.047 0.00294 1
0.00 0.00 -0.56 0.00 0.00 0.00 0.047 0.00294 1
0.00 0.00 -0.56 0.00 0.00 0.00 0.047 0.00294 1
0.00 0.00 -0.56 0.00 0.00 0.00 0.047 0.00294 1
0.00 0.00 -0.56 0.00 0.00 0.00 0.047 0.00294 1
0.00 0.00 -0.56 0.00 0.00 0.00 0.047 0.00294 1
0.00 0.00 -0.56 0.00 0.00 0.00 0.047 0.00294 1
0.00 0.00 -0.56 0.00 0.00 0.00 0.047 0.00294 1
0.00 0.00 -0.56 0.00 0.00 0.00 0.047 0.00294 1
0.00 0.00 -0.56 0.00 0.00 0.00 0.047 0.00294 1
0.00 0.00 -0.56 0.00 0.00 0.00 0.047 0.00294 1
0.00 0.00 -0.56 0.00 0.00 0.00 0.047 0.00294 1
0.00 0.00 -0.56 0.00 0.00 0.00 0.047 0.00294 1
0.00 0.00 -0.56 0.00 0.00 0.00 0.047 0.00294 1
0.00 0.00 -0.56 0.00 0.00 0.00 0.047 0.00294 1
0.00 0.00 -0.56 0.00 0.00 0.00 0.047 0.00294 1
0.00 0.00 -0.56 0.00 0.00 0.00 0.047 0.00294 1
0.00 0.00 -0.56 0.00 0.00 0.00 0.047 0.00294 1
0.00 0.00 -0.56 0.00 0.00 0.00 0.047 0.00294 1
0.00 0.00 -0.56 0.00 0.00 0.00 0.047 0.00294 1
0.00 0.00 -0.56 0.00 0.00 0.00 0.047 0.00294 1
0.00 0.00 -0.56 0.00 0.00 0.00 0.047 0.00294 1
0.00 0.00 -0.56 0.00 0.00 0.00 0.047 0.00294 1
0.00 0.00 -0.56 0.00 0.00 0.00 0.047 0.00294 1
0.00 0.00 -0.56 0.00 0.00 0.00 0.047 0.00294 1
0.00 0.00 -0.56 0.00 0.00 0.00 0.047 0.00294 1
0.00 0.00 -0.56 0.00 0.00 0.00 0.047 0.00294 1
0.00 0.00 -0.56 0.00 0.00 0.00 0.047 0.00294 1
0.00 0.00 -0.56 0.00 0.00 0.00 0.047 0.00294 1
0.00 0.00 -0.56 0.00 0.00 0.00 0.047 0.00294 1
0.00 0.00 -0.56 0.00 0.00 0.00 0.047 0.00294 1
0.00 0.00 -0.56 0.00 0.00 0.00 0.047 0.00294 1
0.00 0.00 -0.56 0.00 0.00 0.00 0.047 0.00294 1
0.00 0.00 -0.56 0.00 0.00 0.00 0.047 0.00294 1
0.00 0.00 -0.56 0.00 0.00 0.00 0.047 0.00294 1
0.00 0.00 -0.56 0.00 0.00 0.00 0.047 0.00294 1
0.00 0.00 -0.56 0.00 0.00 0.00 0.047 0.00294 1
0.00 0.00 -0.56 0.00 0.00 0.00 0.047 0.00294 1
0.00 0.00 -0.56 0.00 0.00 0.00 0.047 0.00294 1
0.00 0.00 -0.56 0.00 0.00 0.00 0.047 0.00294 1
0.00 0.00 -0.56 0.00 0.00 0.00 0.047 0.00294 1
0.00 0.00 -0.56 0.00 0.00 0.00 0.047 0.00294 1
0.00 0.00 -0.56 0.00 0.00 0.00 0.047 0.00294 1
0.00 0.00 -0.56 0.00 0.00 0.00 0.047 0.00294 1
0.00 0.00 -0.56 0.00 0.00 0.00 0.047 0.00294 1
0.00 0.00 -0.56 0.00 0.00 0.00 0.047 0.00294 1
0.00 0.00 -0.56 0.00 0.00 0.00 0.047 0.00294 1
0.00 0.00 -0.56 0.00 0.00 0.00 0.047 0.00294 1
0.00 0.00 -0.56 0.00 0.00 0.00 0.047 0.00294 1
0.00 0.00 -0.56 0.00 0.00 0.00 0.047 0.00294 1
0.00 0.00 -0.56 0.00 0.00 0.00 0.047 0.00294 1
0.00 0.00 -0.56 0.00 0.00 0.00 0.047 0.00294 1
0.00 0.00 -0.56 0.00 0.00 0.00 0.047 0.00294 1
0.00 0.00 -0.56 0.00 0.00 0.00 0.047 0.00294 1
0.00 0.00 -0.56 0.00 0.00 0.00 0.047 0.00294 1
0.00 0.00 -0.56 0.00 0.00 0.00 0.047 0.00294 1
0.00 0.00 -0.56 0.00 0.00 0.00 0.047 0.00294 1
0.00 0.00 -0.56 0.00 0.00 0.00 0.047 0.00294 1
0.00 0.00 -0.56 0.00 0.00 0.00 0.047 0.00294 1
0.00 0.00 -0.56 0.00 0.00 0.00 0.047 0.00294 1
0.00 0.00 -0.56 0.00 0.00 0.00 0.047 0.00294 1
0.00 0.00 -0.56 0.00 0.00 0.00 0.047 0.00294 1
0.00 0.00 -0.56 0.00 0.00 0.00 0.047 0.00294 1
0.00 0.00 -0.56 0.00 0.00 0.00 0.047 0.00294 1
0.00 0.00 -0.56 0.00 0.00 0.00 0.047 0.00294 1
0.00 0.00 -0.56 0.00 0.00 0.00 0.047 0.00294 1
0.00 0.00 -0.56 0.00 0.00 0.00 0.047 0.00294 1
0.00 0.00 -0.56 0.00 0.00 0.00 0.047 0.00294 1
0.00 0.00 -0.56 0.00 0.00 0.00 0.047 0.00294 1
0.00 0.00 -0.56 0.00 0.00 0.00 0.047 0.00294 1
0.00 0.00 -0.56 0.00 0.00 0.00 0.047 0.00294 1
0.00 0.00 -0.56 0.00 0.00 0.00 0.047 0.00294 1
0.00 0.00 -0.56 0.00 0.00 0.00 0.047 0.00294 1
0.00 0.00 -0.56 0.00 0.00 0.00 0.047 0.00294 1
0.00 0.00 -0.56 0.00 0.00 0.00 0.047 0.00294 1
0.00 0.00 -0.56 0.00 0.00 0.00 0.047 0.00294 1
0.00 0.00 -0.56 0.00 0.00 0.00 0.047 0.00294 1
0.00 0.00 -0.56 0.00 0.00 0.00 0.047 0.00294 1
0.00 0.00 -0.56 0.00 0.00 0.00 0.047 0.00294 1
0.00 0.00 -0.56 0.00 0.00 0.00 0.047 0.00294 1
0.00 0.00 -0.56 0.00 0.00 0.00 0.047 0.00294 1
0.00 0.00 -0.56 0.00 0.00 0.00 0.047 0.00294 1
0.00 0.00 -0.56 0.00 0.00 0.00 0.047 0.00294 1
0.00 0.00 -0.56 0.00 0.00 0.00 0.047 0.00294 1
0.00 0.00 -0.56 0.00 0.00 0.00 0.047 0.00294 1
0.00 0.00 -0.56 0.00 0.00 0.00 0.047 0.00294 1
0.00 0.00 -0.56 0.00 0.00 0.00 0.047 0.00294 1
0.00 0.00 -0.56 0.00 0.00 0.00 0.047 0.00294 1
0.00 0.00 -0.56 0.00 0.00 0.00 0.047 0.00294 1
0.00 0.00 -0.56 0.00 0.00 0.00 0.047 0.00294 1
0.00 0.00 -0.56 0.00 0.00 0.00 0.047 0.00294 1
0.00 0.00 -0.56 0.00 0.00 0.00 0.047 0.00294 1
0.00 0.00 -0.56 0.00 0.00 0.00 0.047 0.00294 1
0.00 0.00 -0.56 0.00 0.00 0.00 0.047 0.00294 1
0.00 0.00 -0.56 0.00 0.00 0.00 0.047 0.00294 1
0.00 0.00 -0.56 0.00 0.00 0.00 0.047 0.00294 1
0.00 0.00 -0.56 0.00 0.00 0.00 0.047 0.00294 1
0.00 0.00 -0.56 0.00 0.00 0.00 0.047 0.00294 1
0.00 0.00 -0.56 0.00 0.00 0.00 0.047 0.00294 1
0.00 0.00 -0.56 0.00 0.00 0.00 0.047 0.00294 1
0.00 0.00 -0.56 0.00 0.00 0.00 0.047 0.00294 1
0.00 0.00 -0.56 0.00 0.00 0.00 0.047 0.00294 1
0.00 0.00 -0.56 0.00 0.00 0.00 0.047 0.00294 1
0.00 0.00 -0.56 0.00 0.00 0.00 0.047 0.00294 1
0.00 0.00 -0.56 0.00 0.00 0.00 0.047 0.00294 1
0.00 0.00 -0.56 0.00 0.00 0.00 0.047 0.00294 1
0.00 0.00 -0.56 0.00 0.00 0.00 0.047 0.00294 1
0.00 0.00 -0.56 0.00 0.00 0.00 0.047 0.00294 1
0.00 0.00 -0.56 0.00 0.00 0.00 0.047 0.00294 1
0.00 0.00 -0.56 0.00 0.00 0.00 0.047 0.00294 1
0.00 0.00 -0.56 0.00 0.00 0.00 0.047 0.00294 1
0.00 0.00 -0.56 0.00 0.00 0.00 0.047 0.00294 1
0.00 0.00 -0.56 0.00 0.00 0.00 0.047 0.00294 1
0.00 0.00 -0.56 0.00 0.00 0.00 0.047 0.00294 1
0.00 0.00 -0.56 0.00 0.00 0.00 0.047 0.00294 1
0.00 0.00 -0.56 0.00 0.00 0.00 0.047 0.00294 1
0.00 0.00 -0.56 0.00 0.00 0.00 0.047 0.00294 1
0.00 0.00 -0.56 0.00 0.00 0.00 0.047 0.00294 1
0.00 0.00 -0.56 0.00 0.00 0.00 0.047 0.00294 1
0.00 0.00 -0.56 0.00 0.00 0.00 0.047 0.00294 1
0.00 0.00 -0.56 0.00 0.00 0.00 0.047 0.00294 1
0.00 0.00 -0.56 0.00 0.00 0.00 0.047 0.00294 1
0.00 0.00 -0.56 0.00 0.00 0.00 0.047 0.00294 1
0.00 0.00 -0.56 0.00 0.00 0.00 0.047 0.00294 1
0.00 0.00 -0.56 0.00 0.00 0.00 0.047 0.00294 1
0.00 0.00 -0.56 0.00 0.00 0.00 0.047 0.00294 1
0.00 0.00 -0.56 0.00 0.00 0.00 0.047 0.00294 1
0.00 0.00 -0.56 0.00 0.00 0.00 0.047 0.00294 1
0.00 0.00 -0.56 0.00 0.00 0.00 0.047 0.00294 1
0.00 0.00 -0.56 0.00 0.00 0.00 0.047 0.00294 1
0.00 0.00 -0.56 0.00 0.00 0.00 0.047 0.00294 1
0.00 0.00 -0.56 0.00 0.00 0.00 0.047 0.00294 1
0.00 0.00 -0.56 0.00 0.00 0.00 0.047 0.00294 1
0.00 0.00 -0.56 0.00 0.00 0.00 0.047 0.00294 1
0.00 0.00 -0.56 0.00 0.00 0.00 0.047 0.00294 1
0.00 0.00 -0.56 0.00 0.00 0.00 0.047 0.00294 1
0.00 0.00 -0.56 0.00 0.00 0.00 0.047 0.00294 1
0.00 0.00 -0.56 0.00 0.00 0.00 0.047 0.00294 1
0.00 0.00 -0.56 0.00 0.00 0.00 0.047 0.00294 1
0.00 0.00 -0.56 0.00 0.00 0.00 0.047 0.00294 1
0.00 0.00 -0.56 0.00 0.00 0.00 0.047 0.00294 1
0.00 0.00 -0.56 0.00 0.00 0.00 0.047 0.00294 1
0.00 0.00 -0.56 0.00 0.00 0.00 0.047 0.00294 1
0.00 0.00 -0.56 0.00 0.00 0.00 0.047 0.00294 1
0.00 0.00 -0.56 0.00 0.00 0.00 0.047 0.00294 1
0.00 0.00 -0.56 0.00 0.00 0.00 0.047 0.00294 1
0.00 0.00 -0.56 0.00 0.00 0.00 0.047 0.00294 1
0.00 0.00 -0.56 0.00 0.00 0.00 0.047 0.00294 1
0.00 0.00 -0.56 0.00 0.00 0.00 0.047 0.00294 1
0.00 0.00 -0.56 0.00 0.00 0.00 0.047 0.00294 1
0.00 0.00 -0.56 0.00 0.00 0.00 0.047 0.00294 1
0.00 0.00 -0.56 0.00 0.00 0.00 0.047 0.00294 1
0.00 0.00 -0.56 0.00 0.00 0.00 0.047 0.00294 1
0.00 0.00 -0.56 0.00 0.00 0.00 0.047 0.00294 1
0.00 0.00 -0.56 0.00 0.00 0.00 0.047 0.00294 1
0.00 0.00 -0.56 0.00 0.00 0.00 0.047 0.00294 1
0.00 0.00 -0.56 0.00 0.00 0.00 0.047 0.00294 1
0.00 0.00 -0.56 0.00 0.00 0.00 0.047 0.00294 1
0.00 0.00 -0.56 0.00 0.00 0.00 0.047 0.00294 1
0.00 0.00 -0.56 0.00 0.00 0.00 0.047 0.00294 1
0.00 0.00 -0.56 0.00 0.00 0.00 0.047 0.00294 1
0.00 0.00 -0.56 0.00 0.00 0.00 0.047 0.00294 1
0.00 0.00 -0.56 0.00 0.00 0.00 0.047 0.00294 1
0.00 0.00 -0.56 0.00 0.00 0.00 0.047 0.00294 1
0.00 0.00 -0.56 0.00 0.00 0.00 0.047 0.00294 1
0.00 0.00 -0.56 0.00 0.00 0.00 0.047 0.00294 1
0.00 0.00 -0.56 0.00 0.00 0.00 0.047 0.00294 1
0.00 0.00 -0.56 0.00 0.00 0.00 0.047 0.00294 1
0.00 0.00 -0.56 0.00 0.00 0.00 0.047 0.00294 1
0.00 0.00 -0.56 0.00 0.00 0.00 0.047 0.00294 1
0.00 0.00 -0.56 0.00 0.00 0.00 0.047 0.00294 1
0.00 0.00 -0.56 0.00 0.00 0.00 0.047 0.00294 1
0.00 0.00 -0.56 0.00 0.00 0.00 0.047 0.00294 1
0.00 0.00 -0.56 0.00 0.00 0.00 0.047 0.00294 1
0.00 0.00 -0.56 0.00 0.00 0.00 0.047 0.00294 1
0.00 0.00 -0.56 0.00 0.00 0.00 0.047 0.00294 1
0.00 0.00 -0.56 0.00 0.00 0.00 0.047 0.00294 1
0.00 0.00 -0.56 0.00 0.00 0.00 0.047 0.00294 1
0.00 0.00 -0.56 0.00 0.00 0.00 0.047 0.00294 1
0.00 0.00 -0.56 0.00 0.00 0.00 0.047 0.00294 1
0.00 0.00 -0.56 0.00 0.00 0.00 0.047 0.00294 1
0.00 0.00 -0.56 0.00 0.00 0.00 0.047 0.00294 1
0.00 0.00 -0.56 0.00 0.00 0.00 0.047 0.00294 1
0.00 0.00 -0.56 0.00 0.00 0.00 0.047 0.00294 1
0.00 0.00 -0.56 0.00 0.00 0.00 0.047 0.00294 1
0.00 0.00 -0.56 0.00 0.00 0.00 0.047 0.00294 1
0.00 0.00 -0.56 0.00 0.00 0.00 0.047 0.00294 1
0.00 0.00 -0.56 0.00 0.00 0.00 0.047 0.00294 1
0.00 0.00 -0.56 0.00 0.00 0.00 0.047 0.00294 1
0.00 0.00 -0.56 0.00 0.00 0.00 0.047 0.00294 1
0.00 0.00 -0.56 0.00 0.00 0.00 0.047 0.00294 1
0.00 0.00 -0.56 0.00 0.00 0.00 0.047 0.00294 1
0.00 0.00 -0.56 0.00 0.00 0.00 0.047 0.00294 1
0.00 0.00 -0.56 0.00 0.00 0.00 0.047 0.00294 1
0.00 0.00 -0.56 0.00 0.00 0.00 0.047 0.00294 1
0.00 0.00 -0.56 0.00 0.00 0.00 0.047 0.00294 1
0.00 0.00 -0.56 0.00 0.00 0.00 0.047 0.00294 1
0.00 0.00 -0.56 0.00 0.00 0.00 0.047 0.00294 1
0.00 0.00 -0.56 0.00 0.00 0.00 0.047 0.00294 1
0.00 0.00 -0.56 0.00 0.00 0.00 0.047 0.00294 1
0.00 0.00 -0.56 0.00 0.00 0.00 0.047 0.00294 1
0.00 0.00 -0.56 0.00 0.00 0.00 0.047 0.00294 1
0.00 0.00 -0.56 0.00 0.00 0.00 0.047 0.00294 1
0.00 0.00 -0.56 0.00 0.00 0.00 0.047 0.00294 1
0.00 0.00 -0.56 0.00 0.00 0.00 0.047 0.00294 1
0.00 0.00 -0.56 0.00 0.00 0.00 0.047 0.00294 1
0.00 0.00 -0.56 0.00 0.00 0.00 0.047 0.00294 1
0.00 0.00 -0.56 0.00 0.00 0.00 0.047 0.00294 1
0.00 0.00 -0.56 0.00 0.00 0.00 0.047 0.00294 1
0.00 0.00 -0.56 0.00 0.00 0.00 0.047 0.00294 1
0.00 0.00 -0.56 0.00 0.00 0.00 0.047 0.00294 1
0.00 0.00 -0.56 0.00 0.00 0.00 0.047 0.00294 1
0.00 0.00 -0.56 0.00 0.00 0.00 0.047 0.00294 1
0.00 0.00 -0.56 0.00 0.00 0.00 0.047 0.00294 1
0.00 0.00 -0.56 0.00 0.00 0.00 0.047 0.00294 1
0.00 0.00 -0.56 0.00 0.00 0.00 0.047 0.00294 1
0.00 0.00 -0.56 0.00 0.00 0.00 0.047 0.00294 1
0.00 0.00 -0.56 0.00 0.00 0.00 0.047 0.00294 1
0.00 0.00 -0.56 0.00 0.00 0.00 0.047 0.00294 1
0.00 0.00 -0.56 0.00 0.00 0.00 0.047 0.00294 1
0.00 0.00 -0.56 0.00 0.00 0.00 0.047 0.00294 1
0.00 0.00 -0.56 0.00 0.00 0.00 0.047 0.00294 1
0.00 0.00 -0.56 0.00 0.00 0.00 0.047 0.00294 1
0.00 0.00 -0.56 0.00 0.00 0.00 0.047 0.00294 1
0.00 0.00 -0.56 0.00 0.00 0.00 0.047 0.00294 1
0.00 0.00 -0.56 0.00 0.00 0.00 0.047 0.00294 1
0.00 0.00 -0.56 0.00 0.00 0.00 0.047 0.00294 1
0.00 0.00 -0.56 0.00 0.00 0.00 0.047 0.00294 1
0.00 0.00 -0.56 0.00 0.00 0.00 0.047 0.00294 1
0.00 0.00 -0.56 0.00 0.00 0.00 0.047 0.00294 1
0.00 0.00 -0.56 0.00 0.00 0.00 0.047 0.00294 1
0.00 0.00 -0.56 0.00 0.00 0.00 0.047 0.00294 1
0.00 0.00 -0.56 0.00 0.00 0.00 0.047 0.00294 1
0.00 0.00 -0.56 0.00 0.00 0.00 0.047 0.00294 1
0.00 0.00 -0.56 0.00 0.00 0.00 0.047 0.00294 1
0.00 0.00 -0.56 0.00 0.00 0.00 0.047 0.00294 1
0.00 0.00 -0.56 0.00 0.00 0.00 0.047 0.00294 1
0.00 0.00 -0.56 0.00 0.00 0.00 0.047 0.00294 1
0.00 0.00 -0.56 0.00 0.00 0.00 0.047 0.00294 1
0.00 0.00 -0.56 0.00 0.00 0.00 0.047 0.00294 1
0.00 0.00 -0.56 0.00 0.00 0.00 0.047 0.00294 1
0.00 0.00 -0.56 0.00 0.00 0.00 0.047 0.00294 1
0.00 0.00 -0.56 0.00 0.00 0.00 0.047 0.00294 1
0.00 0.00 -0.56 0.00 0.00 0.00 0.047 0.00294 1
0.00 0.00 -0.56 0.00 0.00 0.00 0.047 0.00294 1
0.00 0.00 -0.56 0.00 0.00 0.00 0.047 0.00294 1
0.00 0.00 -0.56 0.00 0.00 0.00 0.047 0.00294 1
0.00 0.00 -0.56 0.00 0.00 0.00 0.047 0.00294 1
0.00 0.00 -0.56 0.00 0.00 0.00 0.047 0.00294 1
0.00 0.00 -0.56 0.00 0.00 0.00 0.047 0.00294 1
0.00 0.00 -0.56 0.00 0.00 0.00 0.047 0.00294 1
0.00 0.00 -0.56 0.00 0.00 0.00 0.047 0.00294 1
0.00 0.00 -0.56 0.00 0.00 0.00 0.047 0.00294 1
0.00 0.00 -0.56 0.00 0.00 0.00 0.047 0.00294 1
0.00 0.00 -0.56 0.00 0.00 0.00 0.047 0.00294 1
0.00 0.00 -0.56 0.00 0.00 0.00 0.047 0.00294 1
0.00 0.00 -0.56 0.00 0.00 0.00 0.047 0.00294 1
0.00 0.00 -0.56 0.00 0.00 0.00 0.047 0.00294 1
0.00 0.00 -0.56 0.00 0.00 0.00 0.047 0.00294 1
0.00 0.00 -0.56 0.00 0.00 0.00 0.047 0.00294 1
0.00 0.00 -0.56 0.00 0.00 0.00 0.047 0.00294 1
0.00 0.00 -0.56 0.00 0.00 0.00 0.047 0.00294 1
0.00 0.00 -0.56 0.00 0.00 0.00 0.047 0.00294 1
0.00 0.00 -0.56 0.00 0.00 0.00 0.047 0.00294 1
0.00 0.00 -0.56 0.00 0.00 0.00 0.047 0.00294 1
0.00 0.00 -0.56 0.00 0.00 0.00 0.047 0.00294 1
0.00 0.00 -0.56 0.00 0.00 0.00 0.047 0.00294 1
0.00 0.00 -0.56 0.00 0.00 0.00 0.047 0.00294 1
0.00 0.00 -0.56 0.00 0.00 0.00 0.047 0.00294 1
0.00 0.00 -0.56 0.00 0.00 0.00 0.047 0.00294 1
0.00 0.00 -0.56 0.00 0.00 0.00 0.047 0.00294 1
0.00 0.00 -0.56 0.00 0.00 0.00 0.047 0.00294 1
0.00 0.00 -0.56 0.00 0.00 0.00 0.047 0.00294 1
0.00 0.00 -0.56 0.00 0.00 0.00 0.047 0.00294 1
0.00 0.00 -0.56 0.00 0.00 0.00 0.047 0.00294 1
0.00 0.00 -0.56 0.00 0.00 0.00 0.047 0.00294 1
0.00 0.00 -0.56 0.00 0.00 0.00 0.047 0.00294 1
0.00 0.00 -0.56 0.00 0.00 0.00 0.047 0.00294 1
0.00 0.00 -0.56 0.00 0.00 0.00 0.047 0.00294 1
0.00 0.00 -0.56 0.00 0.00 0.00 0.047 0.00294 1
0.00 0.00 -0.56 0.00 0.00 0.00 0.047 0.00294 1
0.00 0.00 -0.56 0.00 0.00 0.00 0.047 0.00294 1
0.00 0.00 -0.56 0.00 0.00 0.00 0.047 0.00294 1
0.00 0.00 -0.56 0.00 0.00 0.00 0.047 0.00294 1
0.00 0.00 -0.56 0.00 0.00 0.00 0.047 0.00294 1
0.00 0.00 -0.56 0.00 0.00 0.00 0.047 0.00294 1
0.00 0.00 -0.56 0.00 0.00 0.00 0.047 0.00294 1
0.00 0.00 -0.56 0.00 0.00 0.00 0.047 0.00294 1
0.00 0.00 -0.56 0.00 0.00 0.00 0.047 0.00294 1
0.00 0.00 -0.56 0.00 0.00 0.00 0.047 0.00294 1
0.00 0.00 -0.56 0.00 0.00 0.00 0.047 0.00294 1
0.00 0.00 -0.56 0.00 0.00 0.00 0.047 0.00294 1
0.00 0.00 -0.56 0.00 0.00 0.00 0.047 0.00294 1
0.00 0.00 -0.56 0.00 0.00 0.00 0.047 0.00294 1
0.00 0.00 -0.56 0.00 0.00 0.00 0.047 0.00294 1
0.00 0.00 -0.56 0.00 0.00 0.00 0.047 0.00294 1
0.00 0.00 -0.56 0.00 0.00 0.00 0.047 0.00294 1
0.00 0.00 -0.56 0.00 0.00 0.00 0.047 0.00294 1
0.00 0.00 -0.56 0.00 0.00 0.00 0.047 0.00294 1
0.00 0.00 -0.56 0.00 0.00 0.00 0.047 0.00294 1
0.00 0.00 -0.56 0.00 0.00 0.00 0.047 0.00294 1
0.00 0.00 -0.56 0.00 0.00 0.00 0.047 0.00294 1
0.00 0.00 -0.56 0.00 0.00 0.00 0.047 0.00294 1
0.00 0.00 -0.56 0.00 0.00 0.00 0.047 0.00294 1
0.00 0.00 -0.56 0.00 0.00 0.00 0.047 0.00294 1
0.00 0.00 -0.56 0.00 0.00 0.00 0.047 0.00294 1
0.00 0.00 -0.56 0.00 0.00 0.00 0.047 0.00294 1
0.00 0.00 -0.56 0.00 0.00 0.00 0.047 0.00294 1
0.00 0.00 -0.56 0.00 0.00 0.00 0.047 0.00294 1
0.00 0.00 -0.56 0.00 0.00 0.00 0.047 0.00294 1
0.00 0.00 -0.56 0.00 0.00 0.00 0.047 0.00294 1
0.00 0.00 -0.56 0.00 0.00 0.00 0.047 0.00294 1
0.00 0.00 -0.56 0.00 0.00 0.00 0.047 0.00294 1
0.00 0.00 -0.56 0.00 0.00 0.00 0.047 0.00294 1
0.00 0.00 -0.56 0.00 0.00 0.00 0.047 0.00294 1
0.00 0.00 -0.56 0.00 0.00 0.00 0.047 0.00294 1
0.00 0.00 -0.56 0.00 0.00 0.00 0.047 0.00294 1
0.00 0.00 -0.56 0.00 0.00 0.00 0.047 0.00294 1
0.00 0.00 -0.56 0.00 0.00 0.00 0.047 0.00294 1
0.00 0.00 -0.56 0.00 0.00 0.00 0.047 0.00294 1
0.00 0.00 -0.56 0.00 0.00 0.00 0.047 0.00294 1
0.00 0.00 -0.56 0.00 0.00 0.00 0.047 0.00294 1
0.00 0.00 -0.56 0.00 0.00 0.00 0.047 0.00294 1
0.00 0.00 -0.56 0.00 0.00 0.00 0.047 0.00294 1
0.00 0.00 -0.56 0.00 0.00 0.00 0.047 0.00294 1
0.00 0.00 -0.56 0.00 0.00 0.00 0.047 0.00294 1
0.00 0.00 -0.56 0.00 0.00 0.00 0.047 0.00294 1
0.00 0.00 -0.56 0.00 0.00 0.00 0.047 0.00294 1
0.00 0.00 -0.56 0.00 0.00 0.00 0.047 0.00294 1
0.00 0.00 -0.56 0.00 0.00 0.00 0.047 0.00294 1
0.00 0.00 -0.56 0.00 0.00 0.00 0.047 0.00294 1
0.00 0.00 -0.56 0.00 0.00 0.00 0.047 0.00294 1
0.00 0.00 -0.56 0.00 0.00 0.00 0.047 0.00294 1
0.00 0.00 -0.56 0.00 0.00 0.00 0.047 0.00294 1
0.00 0.00 -0.56 0.00 0.00 0.00 0.047 0.00294 1
0.00 0.00 -0.56 0.00 0.00 0.00 0.047 0.00294 1
0.00 0.00 -0.56 0.00 0.00 0.00 0.047 0.00294 1
0.00 0.00 -0.56 0.00 0.00 0.00 0.047 0.00294 1
0.00 0.00 -0.56 0.00 0.00 0.00 0.047 0.00294 1
0.00 0.00 -0.56 0.00 0.00 0.00 0.047 0.00294 1
0.00 0.00 -0.56 0.00 0.00 0.00 0.047 0.00294 1
0.00 0.00 -0.56 0.00 0.00 0.00 0.047 0.00294 1
0.00 0.00 -0.56 0.00 0.00 0.00 0.047 0.00294 1
0.00 0.00 -0.56 0.00 0.00 0.00 0.047 0.00294 1
0.00 0.00 -0.56 0.00 0.00 0.00 0.047 0.00294 1
0.00 0.00 -0.56 0.00 0.00 0.00 0.047 0.00294 1
0.00 0.00 -0.56 0.00 0.00 0.00 0.047 0.00294 1
0.00 0.00 -0.56 0.00 0.00 0.00 0.047 0.00294 1
0.00 0.00 -0.56 0.00 0.00 0.00 0.047 0.00294 1
0.00 0.00 -0.56 0.00 0.00 0.00 0.047 0.00294 1
0.00 0.00 -0.56 0.00 0.00 0.00 0.047 0.00294 1
0.00 0.00 -0.56 0.00 0.00 0.00 0.047 0.00294 1
0.00 0.00 -0.56 0.00 0.00 0.00 0.047 0.00294 1
0.00 0.00 -0.56 0.00 0.00 0.00 0.047 0.00294 1
0.00 0.00 -0.56 0.00 0.00 0.00 0.047 0.00294 1
0.00 0.00 -0.56 0.00 0.00 0.00 0.047 0.00294 1
0.00 0.00 -0.56 0.00 0.00 0.00 0.047 0.00294 1
0.00 0.00 -0.56 0.00 0.00 0.00 0.047 0.00294 1
0.00 0.00 -0.56 0.00 0.00 0.00 0.047 0.00294 1
0.00 0.00 -0.56 0.00 0.00 0.00 0.047 0.00294 1
0.00 0.00 -0.56 0.00 0.00 0.00 0.047 0.00294 1
0.00 0.00 -0.56 0.00 0.00 0.00 0.047 0.00294 1
0.00 0.00 -0.56 0.00 0.00 0.00 0.047 0.00294 1
0.00 0.00 -0.56 0.00 0.00 0.00 0.047 0.00294 1
0.00 0.00 -0.56 0.00 0.00 0.00 0.047 0.00294 1
0.00 0.00 -0.56 0.00 0.00 0.00 0.047 0.00294 1
0.00 0.00 -0.56 0.00 0.00 0.00 0.047 0.00294 1
0.00 0.00 -0.56 0.00 0.00 0.00 0.047 0.00294 1
0.00 0.00 -0.56 0.00 0.00 0.00 0.047 0.00294 1
0.00 0.00 -0.56 0.00 0.00 0.00 0.047 0.00294 1
0.00 0.00 -0.56 0.00 0.00 0.00 0.047 0.00294 1
0.00 0.00 -0.56 0.00 0.00 0.00 0.047 0.00294 1
0.00 0.00 -0.56 0.00 0.00 0.00 0.047 0.00294 1
0.00 0.00 -0.56 0.00 0.00 0.00 0.047 0.00294 1
0.00 0.00 -0.56 0.00 0.00 0.00 0.047 0.00294 1
0.00 0.00 -0.56 0.00 0.00 0.00 0.047 0.00294 1
0.00 0.00 -0.56 0.00 0.00 0.00 0.047 0.00294 1
0.00 0.00 -0.56 0.00 0.00 0.00 0.047 0.00294 1
0.00 0.00 -0.56 0.00 0.00 0.00 0.047 0.00294 1
0.00 0.00 -0.56 0.00 0.00 0.00 0.047 0.00294 1
0.00 0.00 -0.56 0.00 0.00 0.00 0.047 0.00294 1
0.00 0.00 -0.56 0.00 0.00 0.00 0.047 0.00294 1
0.00 0.00 -0.56 0.00 0.00 0.00 0.047 0.00294 1
0.00 0.00 -0.56 0.00 0.00 0.00 0.047 0.00294 1
0.00 0.00 -0.56 0.00 0.00 0.00 0.047 0.00294 1
0.00 0.00 -0.56 0.00 0.00 0.00 0.047 0.00294 1
0.00 0.00 -0.56 0.00 0.00 0.00 0.047 0.00294 1
0.00 0.00 -0.56 0.00 0.00 0.00 0.047 0.00294 1
0.00 0.00 -0.56 0.00 0.00 0.00 0.047 0.00294 1
0.00 0.00 -0.56 0.00 0.00 0.00 0.047 0.00294 1
0.00 0.00 -0.56 0.00 0.00 0.00 0.047 0.00294 1
0.00 0.00 -0.56 0.00 0.00 0.00 0.047 0.00294 1
0.00 0.00 -0.56 0.00 0.00 0.00 0.047 0.00294 1
0.00 0.00 -0.56 0.00 0.00 0.00 0.047 0.00294 1
0.00 0.00 -0.56 0.00 0.00 0.00 0.047 0.00294 1
0.00 0.00 -0.56 0.00 0.00 0.00 0.047 0.00294 1
0.00 0.00 -0.56 0.00 0.00 0.00 0.047 0.00294 1
0.00 0.00 -0.56 0.00 0.00 0.00 0.047 0.00294 1
0.00 0.00 -0.56 0.00 0.00 0.00 0.047 0.00294 1
0.00 0.00 -0.56 0.00 0.00 0.00 0.047 0.00294 1
0.00 0.00 -0.56 0.00 0.00 0.00 0.047 0.00294 1
0.00 0.00 -0.56 0.00 0.00 0.00 0.047 0.00294 1
0.00 0.00 -0.56 0.00 0.00 0.00 0.047 0.00294 1
0.00 0.00 -0.56 0.00 0.00 0.00 0.047 0.00294 1
0.00 0.00 -0.56 0.00 0.00 0.00 0.047 0.00294 1
0.00 0.00 -0.56 0.00 0.00 0.00 0.047 0.00294 1
0.00 0.00 -0.56 0.00 0.00 0.00 0.047 0.00294 1
0.00 0.00 -0.56 0.00 0.00 0.00 0.047 0.00294 1
0.00 0.00 -0.56 0.00 0.00 0.00 0.047 0.00294 1
0.00 0.00 -0.56 0.00 0.00 0.00 0.047 0.00294 1
0.00 0.00 -0.56 0.00 0.00 0.00 0.047 0.00294 1
0.00 0.00 -0.56 0.00 0.00 0.00 0.047 0.00294 1
0.00 0.00 -0.56 0.00 0.00 0.00 0.047 0.00294 1
0.00 0.00 -0.56 0.00 0.00 0.00 0.047 0.00294 1
0.00 0.00 -0.56 0.00 0.00 0.00 0.047 0.00294 1
0.00 0.00 -0.56 0.00 0.00 0.00 0.047 0.00294 1
0.00 0.00 -0.56 0.00 0.00 0.00 0.047 0.00294 1
0.00 0.00 -0.56 0.00 0.00 0.00 0.047 0.00294 1
0.00 0.00 -0.56 0.00 0.00 0.00 0.047 0.00294 1
0.00 0.00 -0.56 0.00 0.00 0.00 0.047 0.00294 1
0.00 0.00 -0.56 0.00 0.00 0.00 0.047 0.00294 1
0.00 0.00 -0.56 0.00 0.00 0.00 0.047 0.00294 1
0.00 0.00 -0.56 0.00 0.00 0.00 0.047 0.00294 1
0.00 0.00 -0.56 0.00 0.00 0.00 0.047 0.00294 1
0.00 0.00 -0.56 0.00 0.00 0.00 0.047 0.00294 1
0.00 0.00 -0.56 0.00 0.00 0.00 0.047 0.00294 1
0.00 0.00 -0.56 0.00 0.00 0.00 0.047 0.00294 1
0.00 0.00 -0.56 0.00 0.00 0.00 0.047 0.00294 1
0.00 0.00 -0.56 0.00 0.00 0.00 0.047 0.00294 1
0.00 0.00 -0.56 0.00 0.00 0.00 0.047 0.00294 1
0.00 0.00 -0.56 0.00 0.00 0.00 0.047 0.00294 1
0.00 0.00 -0.56 0.00 0.00 0.00 0.047 0.00294 1
0.00 0.00 -0.56 0.00 0.00 0.00 0.047 0.00294 1
0.00 0.00 -0.56 0.00 0.00 0.00 0.047 0.00294 1
0.00 0.00 -0.56 0.00 0.00 0.00 0.047 0.00294 1
0.00 0.00 -0.56 0.00 0.00 0.00 0.047 0.00294 1
0.00 0.00 -0.56 0.00 0.00 0.00 0.047 0.00294 1
0.00 0.00 -0.56 0.00 0.00 0.00 0.047 0.00294 1
0.00 0.00 -0.56 0.00 0.00 0.00 0.047 0.00294 1
0.00 0.00 -0.56 0.00 0.00 0.00 0.047 0.00294 1
0.00 0.00 -0.56 0.00 0.00 0.00 0.047 0.00294 1
0.00 0.00 -0.56 0.00 0.00 0.00 0.047 0.00294 1
0.00 0.00 -0.56 0.00 0.00 0.00 0.047 0.00294 1
0.00 0.00 -0.56 0.00 0.00 0.00 0.047 0.00294 1
0.00 0.00 -0.56 0.00 0.00 0.00 0.047 0.00294 1
0.00 0.00 -0.56 0.00 0.00 0.00 0.047 0.00294 1
0.00 0.00 -0.56 0.00 0.00 0.00 0.047 0.00294 1
0.00 0.00 -0.56 0.00 0.00 0.00 0.047 0.00294 1
0.00 0.00 -0.56 0.00 0.00 0.00 0.047 0.00294 1
0.00 0.00 -0.56 0.00 0.00 0.00 0.047 0.00294 1
0.00 0.00 -0.56 0.00 0.00 0.00 0.047 0.00294 1
0.00 0.00 -0.56 0.00 0.00 0.00 0.047 0.00294 1
0.00 0.00 -0.56 0.00 0.00 0.00 0.047 0.00294 1
0.00 0.00 -0.56 0.00 0.00 0.00 0.047 0.00294 1
0.00 0.00 -0.56 0.00 0.00 0.00 0.047 0.00294 1
0.00 0.00 -0.56 0.00 0.00 0.00 0.047 0.00294 1
0.00 0.00 -0.56 0.00 0.00 0.00 0.047 0.00294 1
0.00 0.00 -0.56 0.00 0.00 0.00 0.047 0.00294 1
0.00 0.00 -0.56 0.00 0.00 0.00 0.047 0.00294 1
0.00 0.00 -0.56 0.00 0.00 0.00 0.047 0.00294 1
0.00 0.00 -0.56 0.00 0.00 0.00 0.047 0.00294 1
0.00 0.00 -0.56 0.00 0.00 0.00 0.047 0.00294 1
0.00 0.00 -0.56 0.00 0.00 0.00 0.047 0.00294 1
0.00 0.00 -0.56 0.00 0.00 0.00 0.047 0.00294 1
0.00 0.00 -0.56 0.00 0.00 0.00 0.047 0.00294 1
0.00 0.00 -0.56 0.00 0.00 0.00 0.047 0.00294 1
0.00 0.00 -0.56 0.00 0.00 0.00 0.047 0.00294 1
10.97 4.31 -0.83 4.36 1.50 1.52 -0.794 0.00291 1
40.10 -9.06 -1.37 3.76 1.61 1.53 0.487 0.00259 1
26.61 -3.83 -0.23 3.77 1.63 1.52 -3.075 0.00208 1
44.80 -9.53 -1.38 3.66 1.63 1.53 2.445 0.00199 1
11.20 -1.65 -1.58 3.79 1.59 1.46 -2.885 0.00192 1
14.95 5.15 -0.96 4.14 1.53 1.62 1.406 0.00175 1
19.60 10.77 -1.00 4.11 1.64 1.56 2.375 0.00153 1
23.37 2.61 0.12 0.88 0.40 1.90 1.867 0.00149 2
31.00 -15.34 -0.33 3.93 1.66 1.59 2.374 0.00146 1
31.25 -8.76 -1.22 1.18 0.43 1.93 2.420 0.00145 2
30.69 -14.96 -0.50 3.75 1.72 1.64 -2.697 0.00139 1
74.14 23.79 -1.18 4.08 1.76 1.62 -0.563 0.00136 1
24.67 -10.38 -1.53 4.03 1.40 1.52 3.141 0.00123 1
14.98 4.81 -0.79 3.85 1.56 1.60 -2.845 0.00114 1
17.94 -4.42 -1.23 3.87 1.56 1.50 3.162 0.00112 1
38.36 -17.86 -0.71 3.77 1.69 1.54 -1.015 0.00111 1
30.30 -14.48 -0.57 3.89 1.52 1.52 1.410 0.00100 1
15.00 4.75 -0.79 3.64 1.71 1.68 2.095 0.00097 1
23.31 2.55 0.01 0.91 0.45 1.80 -2.060 0.00096 2
17.69 -2.96 -0.43 3.43 1.78 1.65 1.940 0.00094 1
22.83 -2.79 -1.22 1.67 0.58 1.77 -1.829 0.00088 3
9.81 -2.17 -1.12 3.95 1.57 1.54 -2.493 0.00086 1
21.24 -1.48 -1.91 3.24 1.47 1.51 3.206 0.00086 1
18.66 3.13 0.58 4.41 1.59 1.46 2.891 0.00084 1
8.34 -4.65 -0.67 3.76 1.98 1.53 -2.738 0.00081 1
74.67 24.26 -1.14 4.18 1.80 1.70 -0.037 0.00074 1
39.41 -18.00 0.01 4.35 1.51 1.55 -3.059 0.00074 1
19.12 3.47 0.49 4.07 1.63 1.57 -2.932 0.00068 1
11.21 4.97 -0.56 1.75 0.67 1.71 -2.156 0.00063 3
18.06 11.37 -0.35 0.77 0.73 1.92 0.991 0.00062 2
14.31 2.51 -0.49 4.17 1.60 1.57 2.046 0.00060 1
44.21 -9.77 -1.51 3.48 1.50 1.49 -2.367 0.00059 1
30.04 1.37 -1.57 3.88 1.67 1.53 -0.947 0.00059 1
17.48 1.81 -1.32 3.82 1.50 1.45 -2.669 0.00057 1
17.30 -14.35 -1.41 3.97 1.81 1.74 2.729 0.00055 1
31.48 -8.77 -1.21 0.95 0.51 2.03 -0.603 0.00053 2
18.24 -13.98 -1.00 3.65 1.60 1.68 3.156 0.00045 1
36.15 -2.57 -0.64 4.33 1.94 1.52 -1.728 0.00045 1
11.61 -1.25 -0.90 3.97 1.41 1.58 -2.197 0.00037 1
10.50 -0.40 -1.05 4.45 1.78 1.54 2.692 0.00037 1
11.08 0.69 -1.40 3.74 1.63 1.63 -0.563 0.00036 1
13.73 -4.41 -0.65 0.90 0.91 2.03 1.198 0.00034 2
15.14 3.54 -1.08 4.20 1.73 1.60 1.985 0.00031 1
27.05 -18.40 0.12 3.86 1.50 1.56 -2.941 0.00028 1
18.06 11.42 0.00 1.62 0.58 1.90 1.218 0.00026 3
20.66 -1.05 -2.13 3.97 1.89 1.68 3.037 0.00026 1
26.12 -10.93 -1.59 3.97 1.23 1.49 3.210 0.00026 1
29.77 3.15 -1.55 4.20 1.63 1.46 -0.058 0.00025 1
26.84 -1.56 -1.43 4.72 1.82 1.63 -2.267 0.00022 1
29.50 0.18 -1.52 3.92 1.89 1.47 0.180 0.00022 1
26.62 -11.57 -1.55 4.07 1.63 1.48 -3.006 0.00021 1
32.54 -9.34 -1.25 3.77 1.35 1.78 -0.800 0.00021 1
44.37 -9.06 -1.48 3.72 1.46 1.49 -1.820 0.00021 1
44.88 -27.65 -0.47 4.09 1.54 1.52 3.343 0.00021 1
33.10 -8.82 -1.27 3.08 1.57 1.98 -0.164 0.00021 1
9.77 -4.18 -1.23 3.85 1.49 1.51 -2.425 0.00020 1
41.21 13.68 -1.45 3.87 1.53 1.55 3.329 0.00019 1
52.12 23.49 0.42 4.19 1.60 1.53 3.332 0.00019 1
41.08 5.75 1.11 3.85 1.53 1.55 3.322 0.00019 1
23.03 13.45 -0.81 3.85 1.48 1.56 -2.963 0.00018 1
18.10 3.82 0.55 4.17 1.86 1.58 -2.753 0.00018 1
15.16 13.81 -1.41 3.93 1.59 1.56 -2.941 0.00018 1
61.81 18.60 -0.58 4.29 1.64 1.55 -2.932 0.00018 1
26.67 -2.80 -1.37 4.67 1.71 1.54 0.274 0.00018 1
29.46 -23.83 0.60 3.83 1.54 1.56 3.319 0.00017 1
30.07 2.05 -1.50 4.17 1.66 1.58 -0.462 0.00017 1
6.75 -6.26 -1.56 4.00 1.51 1.55 3.236 0.00015 1
27.70 11.20 -0.43 3.83 1.56 1.57 3.317 0.00015 1
10.52 -4.65 -1.05 3.77 1.63 1.48 3.201 0.00015 1
9.77 -3.57 -1.31 3.57 1.41 1.43 -2.543 0.00014 1
12.59 -1.46 -1.03 3.63 1.50 1.48 -2.092 0.00014 1
9.98 -1.87 -1.04 3.36 1.59 1.52 -1.177 0.00013 1
20.70 15.87 -0.97 4.18 1.77 1.52 3.010 0.00013 1
14.36 -3.90 -0.57 3.38 2.48 1.85 0.785 0.00013 1
61.00 22.45 -0.54 4.25 1.68 1.55 3.322 0.00012 1
22.29 -11.22 -1.53 3.76 1.59 1.57 3.306 0.00012 1
12.04 -1.58 -1.11 3.75 1.57 1.54 -1.982 0.00012 1
31.41 -1.28 -1.46 4.20 1.59 1.50 -0.281 0.00011 1
26.49 -1.54 -1.42 4.12 1.86 1.57 -3.032 0.00011 1
27.95 -12.87 0.25 4.07 1.79 1.76 -2.883 0.00010 1
23.33 2.57 -0.26 1.70 0.64 1.85 -0.486 0.00010 3
26.81 -12.91 -0.11 3.64 1.24 1.51 3.274 0.00009 1
19.19 -3.46 -0.70 4.50 1.92 1.64 3.411 0.00008 1
29.49 2.47 -1.64 3.93 1.43 1.55 -2.982 0.00007 1
28.04 -2.27 -1.48 4.13 1.71 1.58 0.454 0.00007 1
16.09 -4.53 -1.31 3.69 1.81 1.47 3.071 0.00006 1
43.58 -9.69 -1.73 3.54 1.51 1.45 -2.653 0.00006 1
31.39 -8.93 -1.24 1.09 0.52 1.95 -1.209 0.00006 2
12.34 -1.91 -1.05 3.91 1.66 1.59 -2.761 0.00006 1
19.80 -14.27 -0.58 4.06 1.51 1.60 3.372 0.00005 1
34.52 -11.34 -0.35 3.91 1.83 1.60 3.220 0.00004 1
25.90 2.90 -1.67 4.56 1.89 1.62 3.130 0.00004 1
16.19 -1.01 -1.55 3.89 1.53 1.54 -2.906 0.00004 1
28.45 -8.23 -1.59 4.24 1.51 1.59 3.299 0.00004 1
27.07 -9.55 -1.54 3.89 1.66 1.68 3.412 0.00003 1
20.61 4.07 0.44 3.76 1.79 1.66 -2.784 0.00003 1
12.95 7.81 -0.76 3.85 2.18 1.84 -2.759 0.00002 1
32.76 -1.87 -1.69 3.83 1.62 1.49 -0.448 0.00002 1
21.53 2.67 0.95 4.13 2.36 1.88 3.330 0.00002 1
23.07 -2.01 -1.51 3.82 1.75 1.61 -2.813 0.00001 1
28.25 -5.97 -1.60 4.10 1.83 1.68 0.155 0.00001 1
