6.09 2.46 -1.37 3.86 1.61 1.41 -1.819 0.99998 1
30.63 -8.19 -1.16 1.87 0.62 1.75 -1.012 0.58298 3
30.77 -4.27 -1.24 0.95 0.67 1.60 0.493 0.30611 2
32.10 1.87 -0.98 0.88 0.59 1.94 0.723 0.26812 2
35.03 -4.12 -0.86 0.79 0.69 1.80 1.345 0.21521 2
30.73 -4.20 -1.17 0.98 0.53 1.82 2.469 0.18896 2
24.03 -2.40 -1.10 0.85 0.52 1.73 0.170 0.07572 2
16.46 4.77 -0.49 3.90 1.64 1.51 -2.595 0.06294 1
30.60 -8.14 -1.26 0.99 0.50 1.85 -1.088 0.05176 2
24.03 -2.47 -1.12 1.88 0.53 1.76 0.198 0.04707 3
24.10 -2.47 -1.14 1.85 0.55 1.77 2.915 0.04351 3
24.08 -2.51 -1.12 1.73 0.57 1.74 0.936 0.03576 3
40.25 -9.73 -0.94 3.81 1.61 1.54 -0.373 0.02828 1
14.74 2.70 -0.93 3.91 1.62 1.60 2.886 0.02692 1
35.59 19.51 -0.83 4.04 1.65 1.51 -3.090 0.02490 1
14.77 -2.17 -1.69 4.02 1.65 1.49 3.059 0.02456 1
31.75 -8.48 -1.23 3.23 1.63 1.84 -0.859 0.02231 1
35.91 -3.19 -0.79 4.14 1.92 1.75 1.306 0.01870 1
12.12 -0.01 -1.04 3.96 1.60 1.50 -0.411 0.01679 1
18.12 -14.24 -1.46 3.92 1.62 1.53 2.639 0.01547 1
18.16 11.20 -1.32 0.78 0.53 1.78 -1.006 0.01449 2
35.46 -11.91 -1.36 0.80 0.52 1.78 0.788 0.01071 2
14.89 -2.29 -1.45 4.01 1.65 1.49 -2.567 0.01051 1
36.53 -12.03 -1.31 3.54 1.65 1.51 2.126 0.01019 1
31.22 -7.67 -1.54 3.41 1.48 1.45 -0.962 0.00960 1
58.52 16.68 -1.21 1.62 0.44 1.65 0.199 0.00858 3
35.06 -4.04 -0.87 1.73 0.68 1.81 1.231 0.00732 3
9.68 -4.61 -1.00 3.98 1.64 1.52 -0.332 0.00727 1
36.83 -11.11 -1.37 3.24 1.35 1.59 0.592 0.00699 1
16.33 5.30 -0.40 3.70 1.58 1.56 -2.648 0.00609 1
46.94 -29.31 -0.20 4.02 1.65 1.52 -3.095 0.00607 1
58.30 16.68 -1.42 0.78 0.63 1.75 0.852 0.00599 2
31.01 -8.43 -1.29 4.24 1.69 1.65 -0.941 0.00598 1
27.76 -12.83 -0.74 4.26 1.73 1.57 -1.613 0.00561 1
42.10 -9.60 -0.68 3.91 1.61 1.48 -2.966 0.00510 1
40.23 -9.00 -0.91 4.04 1.60 1.53 -3.010 0.00379 1
25.91 -4.43 -1.15 4.06 1.65 1.55 -0.318 0.00366 1
17.88 -3.20 -0.37 0.88 0.66 1.77 0.142 0.00362 2
18.02 11.09 -1.20 0.86 0.41 1.74 -1.372 0.00360 2
10.49 -4.21 -1.18 3.74 1.60 1.47 -0.563 0.00306 1
18.94 3.01 0.66 4.20 1.72 1.67 1.322 0.00294 1
0.00 0.00 -0.56 0.00 0.00 0.00 0.047 0.00294 1
0.00 0.00 -0.56 0.00 0.00 0.00 0.047 0.00294 1
0.00 0.00 -0.56 0.00 0.00 0.00 0.047 0.00294 1
0.00 0.00 -0.56 0.00 0.00 0.00 0.047 0.00294 1
0.00 0.00 -0.56 0.00 0.00 0.00 0.047 0.00294 1
0.00 0.00 -0.56 0.00 0.00 0.00 0.047 0.00294 1
0.00 0.00 -0.56 0.00 0.00 0.00 0.047 0.00294 1
0.00 0.00 -0.56 0.00 0.00 0.00 0.047 0.00294 1
0.00 0.00 -0.56 0.00 0.00 0.00 0.047 0.00294 1
0.00 0.00 -0.56 0.00 0.00 0.00 0.047 0.00294 1
0.00 0.00 -0.56 0.00 0.00 0.00 0.047 0.00294 1
0.00 0.00 -0.56 0.00 0.00 0.00 0.047 0.00294 1
0.00 0.00 -0.56 0.00 0.00 0.00 0.047 0.00294 1
0.00 0.00 -0.56 0.00 0.00 0.00 0.047 0.00294 1
0.00 0.00 -0.56 0.00 0.00 0.00 0.047 0.00294 1
0.00 0.00 -0.56 0.00 0.00 0.00 0.047 0.00294 1
0.00 0.00 -0.56 0.00 0.00 0.00 0.047 0.00294 1
0.00 0.00 -0.56 0.00 0.00 0.00 0.047 0.00294 1
0.00 0.00 -0.56 0.00 0.00 0.00 0.047 0.00294 1
0.00 0.00 -0.56 0.00 0.00 0.00 0.047 0.00294 1
0.00 0.00 -0.56 0.00 0.00 0.00 0.047 0.00294 1
0.00 0.00 -0.56 0.00 0.00 0.00 0.047 0.00294 1
0.00 0.00 -0.56 0.00 0.00 0.00 0.047 0.00294 1
0.00 0.00 -0.56 0.00 0.00 0.00 0.047 0.00294 1
0.00 0.00 -0.56 0.00 0.00 0.00 0.047 0.00294 1
0.00 0.00 -0.56 0.00 0.00 0.00 0.047 0.00294 1
0.00 0.00 -0.56 0.00 0.00 0.00 0.047 0.00294 1
0.00 0.00 -0.56 0.00 0.00 0.00 0.047 0.00294 1
0.00 0.00 -0.56 0.00 0.00 0.00 0.047 0.00294 1
0.00 0.00 -0.56 0.00 0.00 0.00 0.047 0.00294 1
0.00 0.00 -0.56 0.00 0.00 0.00 0.047 0.00294 1
0.00 0.00 -0.56 0.00 0.00 0.00 0.047 0.00294 1
0.00 0.00 -0.56 0.00 0.00 0.00 0.047 0.00294 1
0.00 0.00 -0.56 0.00 0.00 0.00 0.047 0.00294 1
0.00 0.00 -0.56 0.00 0.00 0.00 0.047 0.00294 1
0.00 0.00 -0.56 0.00 0.00 0.00 0.047 0.00294 1
0.00 0.00 -0.56 0.00 0.00 0.00 0.047 0.00294 1
0.00 0.00 -0.56 0.00 0.00 0.00 0.047 0.00294 1
0.00 0.00 -0.56 0.00 0.00 0.00 0.047 0.00294 1
0.00 0.00 -0.56 0.00 0.00 0.00 0.047 0.00294 1
0.00 0.00 -0.56 0.00 0.00 0.00 0.047 0.00294 1
0.00 0.00 -0.56 0.00 0.00 0.00 0.047 0.00294 1
0.00 0.00 -0.56 0.00 0.00 0.00 0.047 0.00294 1
0.00 0.00 -0.56 0.00 0.00 0.00 0.047 0.00294 1
0.00 0.00 -0.56 0.00 0.00 0.00 0.047 0.00294 1
0.00 0.00 -0.56 0.00 0.00 0.00 0.047 0.00294 1
0.00 0.00 -0.56 0.00 0.00 0.00 0.047 0.00294 1
0.00 0.00 -0.56 0.00 0.00 0.00 0.047 0.00294 1
0.00 0.00 -0.56 0.00 0.00 0.00 0.047 0.00294 1
0.00 0.00 -0.56 0.00 0.00 0.00 0.047 0.00294 1
0.00 0.00 -0.56 0.00 0.00 0.00 0.047 0.00294 1
0.00 0.00 -0.56 0.00 0.00 0.00 0.047 0.00294 1
0.00 0.00 -0.56 0.00 0.00 0.00 0.047 0.00294 1
0.00 0.00 -0.56 0.00 0.00 0.00 0.047 0.00294 1
0.00 0.00 -0.56 0.00 0.00 0.00 0.047 0.00294 1
0.00 0.00 -0.56 0.00 0.00 0.00 0.047 0.00294 1
0.00 0.00 -0.56 0.00 0.00 0.00 0.047 0.00294 1
0.00 0.00 -0.56 0.00 0.00 0.00 0.047 0.00294 1
0.00 0.00 -0.56 0.00 0.00 0.00 0.047 0.00294 1
0.00 0.00 -0.56 0.00 0.00 0.00 0.047 0.00294 1
0.00 0.00 -0.56 0.00 0.00 0.00 0.047 0.00294 1
0.00 0.00 -0.56 0.00 0.00 0.00 0.047 0.00294 1
0.00 0.00 -0.56 0.00 0.00 0.00 0.047 0.00294 1
0.00 0.00 -0.56 0.00 0.00 0.00 0.047 0.00294 1
0.00 0.00 -0.56 0.00 0.00 0.00 0.047 0.00294 1
0.00 0.00 -0.56 0.00 0.00 0.00 0.047 0.00294 1
0.00 0.00 -0.56 0.00 0.00 0.00 0.047 0.00294 1
0.00 0.00 -0.56 0.00 0.00 0.00 0.047 0.00294 1
0.00 0.00 -0.56 0.00 0.00 0.00 0.047 0.00294 1
0.00 0.00 -0.56 0.00 0.00 0.00 0.047 0.00294 1
0.00 0.00 -0.56 0.00 0.00 0.00 0.047 0.00294 1
0.00 0.00 -0.56 0.00 0.00 0.00 0.047 0.00294 1
0.00 0.00 -0.56 0.00 0.00 0.00 0.047 0.00294 1
0.00 0.00 -0.56 0.00 0.00 0.00 0.047 0.00294 1
0.00 0.00 -0.56 0.00 0.00 0.00 0.047 0.00294 1
0.00 0.00 -0.56 0.00 0.00 0.00 0.047 0.00294 1
0.00 0.00 -0.56 0.00 0.00 0.00 0.047 0.00294 1
0.00 0.00 -0.56 0.00 0.00 0.00 0.047 0.00294 1
0.00 0.00 -0.56 0.00 0.00 0.00 0.047 0.00294 1
0.00 0.00 -0.56 0.00 0.00 0.00 0.047 0.00294 1
0.00 0.00 -0.56 0.00 0.00 0.00 0.047 0.00294 1
0.00 0.00 -0.56 0.00 0.00 0.00 0.047 0.00294 1
0.00 0.00 -0.56 0.00 0.00 0.00 0.047 0.00294 1
0.00 0.00 -0.56 0.00 0.00 0.00 0.047 0.00294 1
0.00 0.00 -0.56 0.00 0.00 0.00 0.047 0.00294 1
0.00 0.00 -0.56 0.00 0.00 0.00 0.047 0.00294 1
0.00 0.00 -0.56 0.00 0.00 0.00 0.047 0.00294 1
0.00 0.00 -0.56 0.00 0.00 0.00 0.047 0.00294 1
0.00 0.00 -0.56 0.00 0.00 0.00 0.047 0.00294 1
0.00 0.00 -0.56 0.00 0.00 0.00 0.047 0.00294 1
0.00 0.00 -0.56 0.00 0.00 0.00 0.047 0.00294 1
0.00 0.00 -0.56 0.00 0.00 0.00 0.047 0.00294 1
0.00 0.00 -0.56 0.00 0.00 0.00 0.047 0.00294 1
0.00 0.00 -0.56 0.00 0.00 0.00 0.047 0.00294 1
0.00 0.00 -0.56 0.00 0.00 0.00 0.047 0.00294 1
0.00 0.00 -0.56 0.00 0.00 0.00 0.047 0.00294 1
0.00 0.00 -0.56 0.00 0.00 0.00 0.047 0.00294 1
0.00 0.00 -0.56 0.00 0.00 0.00 0.047 0.00294 1
0.00 0.00 -0.56 0.00 0.00 0.00 0.047 0.00294 1
0.00 0.00 -0.56 0.00 0.00 0.00 0.047 0.00294 1
0.00 0.00 -0.56 0.00 0.00 0.00 0.047 0.00294 1
0.00 0.00 -0.56 0.00 0.00 0.00 0.047 0.00294 1
0.00 0.00 -0.56 0.00 0.00 0.00 0.047 0.00294 1
0.00 0.00 -0.56 0.00 0.00 0.00 0.047 0.00294 1
0.00 0.00 -0.56 0.00 0.00 0.00 0.047 0.00294 1
0.00 0.00 -0.56 0.00 0.00 0.00 0.047 0.00294 1
0.00 0.00 -0.56 0.00 0.00 0.00 0.047 0.00294 1
0.00 0.00 -0.56 0.00 0.00 0.00 0.047 0.00294 1
0.00 0.00 -0.56 0.00 0.00 0.00 0.047 0.00294 1
0.00 0.00 -0.56 0.00 0.00 0.00 0.047 0.00294 1
0.00 0.00 -0.56 0.00 0.00 0.00 0.047 0.00294 1
0.00 0.00 -0.56 0.00 0.00 0.00 0.047 0.00294 1
0.00 0.00 -0.56 0.00 0.00 0.00 0.047 0.00294 1
0.00 0.00 -0.56 0.00 0.00 0.00 0.047 0.00294 1
0.00 0.00 -0.56 0.00 0.00 0.00 0.047 0.00294 1
0.00 0.00 -0.56 0.00 0.00 0.00 0.047 0.00294 1
0.00 0.00 -0.56 0.00 0.00 0.00 0.047 0.00294 1
0.00 0.00 -0.56 0.00 0.00 0.00 0.047 0.00294 1
0.00 0.00 -0.56 0.00 0.00 0.00 0.047 0.00294 1
0.00 0.00 -0.56 0.00 0.00 0.00 0.047 0.00294 1
0.00 0.00 -0.56 0.00 0.00 0.00 0.047 0.00294 1
0.00 0.00 -0.56 0.00 0.00 0.00 0.047 0.00294 1
0.00 0.00 -0.56 0.00 0.00 0.00 0.047 0.00294 1
0.00 0.00 -0.56 0.00 0.00 0.00 0.047 0.00294 1
0.00 0.00 -0.56 0.00 0.00 0.00 0.047 0.00294 1
0.00 0.00 -0.56 0.00 0.00 0.00 0.047 0.00294 1
0.00 0.00 -0.56 0.00 0.00 0.00 0.047 0.00294 1
0.00 0.00 -0.56 0.00 0.00 0.00 0.047 0.00294 1
0.00 0.00 -0.56 0.00 0.00 0.00 0.047 0.00294 1
0.00 0.00 -0.56 0.00 0.00 0.00 0.047 0.00294 1
0.00 0.00 -0.56 0.00 0.00 0.00 0.047 0.00294 1
0.00 0.00 -0.56 0.00 0.00 0.00 0.047 0.00294 1
0.00 0.00 -0.56 0.00 0.00 0.00 0.047 0.00294 1
0.00 0.00 -0.56 0.00 0.00 0.00 0.047 0.00294 1
0.00 0.00 -0.56 0.00 0.00 0.00 0.047 0.00294 1
0.00 0.00 -0.56 0.00 0.00 0.00 0.047 0.00294 1
0.00 0.00 -0.56 0.00 0.00 0.00 0.047 0.00294 1
0.00 0.00 -0.56 0.00 0.00 0.00 0.047 0.00294 1
0.00 0.00 -0.56 0.00 0.00 0.00 0.047 0.00294 1
0.00 0.00 -0.56 0.00 0.00 0.00 0.047 0.00294 1
0.00 0.00 -0.56 0.00 0.00 0.00 0.047 0.00294 1
0.00 0.00 -0.56 0.00 0.00 0.00 0.047 0.00294 1
0.00 0.00 -0.56 0.00 0.00 0.00 0.047 0.00294 1
0.00 0.00 -0.56 0.00 0.00 0.00 0.047 0.00294 1
0.00 0.00 -0.56 0.00 0.00 0.00 0.047 0.00294 1
0.00 0.00 -0.56 0.00 0.00 0.00 0.047 0.00294 1
0.00 0.00 -0.56 0.00 0.00 0.00 0.047 0.00294 1
0.00 0.00 -0.56 0.00 0.00 0.00 0.047 0.00294 1
0.00 0.00 -0.56 0.00 0.00 0.00 0.047 0.00294 1
0.00 0.00 -0.56 0.00 0.00 0.00 0.047 0.00294 1
0.00 0.00 -0.56 0.00 0.00 0.00 0.047 0.00294 1
0.00 0.00 -0.56 0.00 0.00 0.00 0.047 0.00294 1
0.00 0.00 -0.56 0.00 0.00 0.00 0.047 0.00294 1
0.00 0.00 -0.56 0.00 0.00 0.00 0.047 0.00294 1
0.00 0.00 -0.56 0.00 0.00 0.00 0.047 0.00294 1
0.00 0.00 -0.56 0.00 0.00 0.00 0.047 0.00294 1
0.00 0.00 -0.56 0.00 0.00 0.00 0.047 0.00294 1
0.00 0.00 -0.56 0.00 0.00 0.00 0.047 0.00294 1
0.00 0.00 -0.56 0.00 0.00 0.00 0.047 0.00294 1
0.00 0.00 -0.56 0.00 0.00 0.00 0.047 0.00294 1
0.00 0.00 -0.56 0.00 0.00 0.00 0.047 0.00294 1
0.00 0.00 -0.56 0.00 0.00 0.00 0.047 0.00294 1
0.00 0.00 -0.56 0.00 0.00 0.00 0.047 0.00294 1
0.00 0.00 -0.56 0.00 0.00 0.00 0.047 0.00294 1
0.00 0.00 -0.56 0.00 0.00 0.00 0.047 0.00294 1
0.00 0.00 -0.56 0.00 0.00 0.00 0.047 0.00294 1
0.00 0.00 -0.56 0.00 0.00 0.00 0.047 0.00294 1
0.00 0.00 -0.56 0.00 0.00 0.00 0.047 0.00294 1
0.00 0.00 -0.56 0.00 0.00 0.00 0.047 0.00294 1
0.00 0.00 -0.56 0.00 0.00 0.00 0.047 0.00294 1
0.00 0.00 -0.56 0.00 0.00 0.00 0.047 0.00294 1
0.00 0.00 -0.56 0.00 0.00 0.00 0.047 0.00294 1
0.00 0.00 -0.56 0.00 0.00 0.00 0.047 0.00294 1
0.00 0.00 -0.56 0.00 0.00 0.00 0.047 0.00294 1
0.00 0.00 -0.56 0.00 0.00 0.00 0.047 0.00294 1
0.00 0.00 -0.56 0.00 0.00 0.00 0.047 0.00294 1
0.00 0.00 -0.56 0.00 0.00 0.00 0.047 0.00294 1
0.00 0.00 -0.56 0.00 0.00 0.00 0.047 0.00294 1
0.00 0.00 -0.56 0.00 0.00 0.00 0.047 0.00294 1
0.00 0.00 -0.56 0.00 0.00 0.00 0.047 0.00294 1
0.00 0.00 -0.56 0.00 0.00 0.00 0.047 0.00294 1
0.00 0.00 -0.56 0.00 0.00 0.00 0.047 0.00294 1
0.00 0.00 -0.56 0.00 0.00 0.00 0.047 0.00294 1
0.00 0.00 -0.56 0.00 0.00 0.00 0.047 0.00294 1
0.00 0.00 -0.56 0.00 0.00 0.00 0.047 0.00294 1
0.00 0.00 -0.56 0.00 0.00 0.00 0.047 0.00294 1
0.00 0.00 -0.56 0.00 0.00 0.00 0.047 0.00294 1
0.00 0.00 -0.56 0.00 0.00 0.00 0.047 0.00294 1
0.00 0.00 -0.56 0.00 0.00 0.00 0.047 0.00294 1
0.00 0.00 -0.56 0.00 0.00 0.00 0.047 0.00294 1
0.00 0.00 -0.56 0.00 0.00 0.00 0.047 0.00294 1
0.00 0.00 -0.56 0.00 0.00 0.00 0.047 0.00294 1
0.00 0.00 -0.56 0.00 0.00 0.00 0.047 0.00294 1
0.00 0.00 -0.56 0.00 0.00 0.00 0.047 0.00294 1
0.00 0.00 -0.56 0.00 0.00 0.00 0.047 0.00294 1
0.00 0.00 -0.56 0.00 0.00 0.00 0.047 0.00294 1
0.00 0.00 -0.56 0.00 0.00 0.00 0.047 0.00294 1
0.00 0.00 -0.56 0.00 0.00 0.00 0.047 0.00294 1
0.00 0.00 -0.56 0.00 0.00 0.00 0.047 0.00294 1
0.00 0.00 -0.56 0.00 0.00 0.00 0.047 0.00294 1
0.00 0.00 -0.56 0.00 0.00 0.00 0.047 0.00294 1
0.00 0.00 -0.56 0.00 0.00 0.00 0.047 0.00294 1
0.00 0.00 -0.56 0.00 0.00 0.00 0.047 0.00294 1
0.00 0.00 -0.56 0.00 0.00 0.00 0.047 0.00294 1
0.00 0.00 -0.56 0.00 0.00 0.00 0.047 0.00294 1
0.00 0.00 -0.56 0.00 0.00 0.00 0.047 0.00294 1
0.00 0.00 -0.56 0.00 0.00 0.00 0.047 0.00294 1
0.00 0.00 -0.56 0.00 0.00 0.00 0.047 0.00294 1
0.00 0.00 -0.56 0.00 0.00 0.00 0.047 0.00294 1
0.00 0.00 -0.56 0.00 0.00 0.00 0.047 0.00294 1
0.00 0.00 -0.56 0.00 0.00 0.00 0.047 0.00294 1
0.00 0.00 -0.56 0.00 0.00 0.00 0.047 0.00294 1
0.00 0.00 -0.56 0.00 0.00 0.00 0.047 0.00294 1
0.00 0.00 -0.56 0.00 0.00 0.00 0.047 0.00294 1
0.00 0.00 -0.56 0.00 0.00 0.00 0.047 0.00294 1
0.00 0.00 -0.56 0.00 0.00 0.00 0.047 0.00294 1
0.00 0.00 -0.56 0.00 0.00 0.00 0.047 0.00294 1
0.00 0.00 -0.56 0.00 0.00 0.00 0.047 0.00294 1
0.00 0.00 -0.56 0.00 0.00 0.00 0.047 0.00294 1
0.00 0.00 -0.56 0.00 0.00 0.00 0.047 0.00294 1
0.00 0.00 -0.56 0.00 0.00 0.00 0.047 0.00294 1
0.00 0.00 -0.56 0.00 0.00 0.00 0.047 0.00294 1
0.00 0.00 -0.56 0.00 0.00 0.00 0.047 0.00294 1
0.00 0.00 -0.56 0.00 0.00 0.00 0.047 0.00294 1
0.00 0.00 -0.56 0.00 0.00 0.00 0.047 0.00294 1
0.00 0.00 -0.56 0.00 0.00 0.00 0.047 0.00294 1
0.00 0.00 -0.56 0.00 0.00 0.00 0.047 0.00294 1
0.00 0.00 -0.56 0.00 0.00 0.00 0.047 0.00294 1
0.00 0.00 -0.56 0.00 0.00 0.00 0.047 0.00294 1
0.00 0.00 -0.56 0.00 0.00 0.00 0.047 0.00294 1
0.00 0.00 -0.56 0.00 0.00 0.00 0.047 0.00294 1
0.00 0.00 -0.56 0.00 0.00 0.00 0.047 0.00294 1
0.00 0.00 -0.56 0.00 0.00 0.00 0.047 0.00294 1
0.00 0.00 -0.56 0.00 0.00 0.00 0.047 0.00294 1
0.00 0.00 -0.56 0.00 0.00 0.00 0.047 0.00294 1
0.00 0.00 -0.56 0.00 0.00 0.00 0.047 0.00294 1
0.00 0.00 -0.56 0.00 0.00 0.00 0.047 0.00294 1
0.00 0.00 -0.56 0.00 0.00 0.00 0.047 0.00294 1
0.00 0.00 -0.56 0.00 0.00 0.00 0.047 0.00294 1
0.00 0.00 -0.56 0.00 0.00 0.00 0.047 0.00294 1
0.00 0.00 -0.56 0.00 0.00 0.00 0.047 0.00294 1
0.00 0.00 -0.56 0.00 0.00 0.00 0.047 0.00294 1
0.00 0.00 -0.56 0.00 0.00 0.00 0.047 0.00294 1
0.00 0.00 -0.56 0.00 0.00 0.00 0.047 0.00294 1
0.00 0.00 -0.56 0.00 0.00 0.00 0.047 0.00294 1
0.00 0.00 -0.56 0.00 0.00 0.00 0.047 0.00294 1
0.00 0.00 -0.56 0.00 0.00 0.00 0.047 0.00294 1
0.00 0.00 -0.56 0.00 0.00 0.00 0.047 0.00294 1
0.00 0.00 -0.56 0.00 0.00 0.00 0.047 0.00294 1
0.00 0.00 -0.56 0.00 0.00 0.00 0.047 0.00294 1
0.00 0.00 -0.56 0.00 0.00 0.00 0.047 0.00294 1
0.00 0.00 -0.56 0.00 0.00 0.00 0.047 0.00294 1
0.00 0.00 -0.56 0.00 0.00 0.00 0.047 0.00294 1
0.00 0.00 -0.56 0.00 0.00 0.00 0.047 0.00294 1
0.00 0.00 -0.56 0.00 0.00 0.00 0.047 0.00294 1
0.00 0.00 -0.56 0.00 0.00 0.00 0.047 0.00294 1
0.00 0.00 -0.56 0.00 0.00 0.00 0.047 0.00294 1
0.00 0.00 -0.56 0.00 0.00 0.00 0.047 0.00294 1
0.00 0.00 -0.56 0.00 0.00 0.00 0.047 0.00294 1
0.00 0.00 -0.56 0.00 0.00 0.00 0.047 0.00294 1
0.00 0.00 -0.56 0.00 0.00 0.00 0.047 0.00294 1
0.00 0.00 -0.56 0.00 0.00 0.00 0.047 0.00294 1
0.00 0.00 -0.56 0.00 0.00 0.00 0.047 0.00294 1
0.00 0.00 -0.56 0.00 0.00 0.00 0.047 0.00294 1
0.00 0.00 -0.56 0.00 0.00 0.00 0.047 0.00294 1
0.00 0.00 -0.56 0.00 0.00 0.00 0.047 0.00294 1
0.00 0.00 -0.56 0.00 0.00 0.00 0.047 0.00294 1
0.00 0.00 -0.56 0.00 0.00 0.00 0.047 0.00294 1
0.00 0.00 -0.56 0.00 0.00 0.00 0.047 0.00294 1
0.00 0.00 -0.56 0.00 0.00 0.00 0.047 0.00294 1
0.00 0.00 -0.56 0.00 0.00 0.00 0.047 0.00294 1
0.00 0.00 -0.56 0.00 0.00 0.00 0.047 0.00294 1
0.00 0.00 -0.56 0.00 0.00 0.00 0.047 0.00294 1
0.00 0.00 -0.56 0.00 0.00 0.00 0.047 0.00294 1
0.00 0.00 -0.56 0.00 0.00 0.00 0.047 0.00294 1
0.00 0.00 -0.56 0.00 0.00 0.00 0.047 0.00294 1
0.00 0.00 -0.56 0.00 0.00 0.00 0.047 0.00294 1
0.00 0.00 -0.56 0.00 0.00 0.00 0.047 0.00294 1
0.00 0.00 -0.56 0.00 0.00 0.00 0.047 0.00294 1
0.00 0.00 -0.56 0.00 0.00 0.00 0.047 0.00294 1
0.00 0.00 -0.56 0.00 0.00 0.00 0.047 0.00294 1
0.00 0.00 -0.56 0.00 0.00 0.00 0.047 0.00294 1
0.00 0.00 -0.56 0.00 0.00 0.00 0.047 0.00294 1
0.00 0.00 -0.56 0.00 0.00 0.00 0.047 0.00294 1
0.00 0.00 -0.56 0.00 0.00 0.00 0.047 0.00294 1
0.00 0.00 -0.56 0.00 0.00 0.00 0.047 0.00294 1
0.00 0.00 -0.56 0.00 0.00 0.00 0.047 0.00294 1
0.00 0.00 -0.56 0.00 0.00 0.00 0.047 0.00294 1
0.00 0.00 -0.56 0.00 0.00 0.00 0.047 0.00294 1
0.00 0.00 -0.56 0.00 0.00 0.00 0.047 0.00294 1
0.00 0.00 -0.56 0.00 0.00 0.00 0.047 0.00294 1
0.00 0.00 -0.56 0.00 0.00 0.00 0.047 0.00294 1
0.00 0.00 -0.56 0.00 0.00 0.00 0.047 0.00294 1
0.00 0.00 -0.56 0.00 0.00 0.00 0.047 0.00294 1
0.00 0.00 -0.56 0.00 0.00 0.00 0.047 0.00294 1
0.00 0.00 -0.56 0.00 0.00 0.00 0.047 0.00294 1
0.00 0.00 -0.56 0.00 0.00 0.00 0.047 0.00294 1
0.00 0.00 -0.56 0.00 0.00 0.00 0.047 0.00294 1
0.00 0.00 -0.56 0.00 0.00 0.00 0.047 0.00294 1
0.00 0.00 -0.56 0.00 0.00 0.00 0.047 0.00294 1
0.00 0.00 -0.56 0.00 0.00 0.00 0.047 0.00294 1
0.00 0.00 -0.56 0.00 0.00 0.00 0.047 0.00294 1
0.00 0.00 -0.56 0.00 0.00 0.00 0.047 0.00294 1
0.00 0.00 -0.56 0.00 0.00 0.00 0.047 0.00294 1
0.00 0.00 -0.56 0.00 0.00 0.00 0.047 0.00294 1
0.00 0.00 -0.56 0.00 0.00 0.00 0.047 0.00294 1
0.00 0.00 -0.56 0.00 0.00 0.00 0.047 0.00294 1
0.00 0.00 -0.56 0.00 0.00 0.00 0.047 0.00294 1
0.00 0.00 -0.56 0.00 0.00 0.00 0.047 0.00294 1
0.00 0.00 -0.56 0.00 0.00 0.00 0.047 0.00294 1
0.00 0.00 -0.56 0.00 0.00 0.00 0.047 0.00294 1
0.00 0.00 -0.56 0.00 0.00 0.00 0.047 0.00294 1
0.00 0.00 -0.56 0.00 0.00 0.00 0.047 0.00294 1
0.00 0.00 -0.56 0.00 0.00 0.00 0.047 0.00294 1
0.00 0.00 -0.56 0.00 0.00 0.00 0.047 0.00294 1
0.00 0.00 -0.56 0.00 0.00 0.00 0.047 0.00294 1
0.00 0.00 -0.56 0.00 0.00 0.00 0.047 0.00294 1
0.00 0.00 -0.56 0.00 0.00 0.00 0.047 0.00294 1
0.00 0.00 -0.56 0.00 0.00 0.00 0.047 0.00294 1
0.00 0.00 -0.56 0.00 0.00 0.00 0.047 0.00294 1
0.00 0.00 -0.56 0.00 0.00 0.00 0.047 0.00294 1
0.00 0.00 -0.56 0.00 0.00 0.00 0.047 0.00294 1
0.00 0.00 -0.56 0.00 0.00 0.00 0.047 0.00294 1
0.00 0.00 -0.56 0.00 0.00 0.00 0.047 0.00294 1
0.00 0.00 -0.56 0.00 0.00 0.00 0.047 0.00294 1
0.00 0.00 -0.56 0.00 0.00 0.00 0.047 0.00294 1
0.00 0.00 -0.56 0.00 0.00 0.00 0.047 0.00294 1
0.00 0.00 -0.56 0.00 0.00 0.00 0.047 0.00294 1
0.00 0.00 -0.56 0.00 0.00 0.00 0.047 0.00294 1
0.00 0.00 -0.56 0.00 0.00 0.00 0.047 0.00294 1
0.00 0.00 -0.56 0.00 0.00 0.00 0.047 0.00294 1
0.00 0.00 -0.56 0.00 0.00 0.00 0.047 0.00294 1
0.00 0.00 -0.56 0.00 0.00 0.00 0.047 0.00294 1
0.00 0.00 -0.56 0.00 0.00 0.00 0.047 0.00294 1
0.00 0.00 -0.56 0.00 0.00 0.00 0.047 0.00294 1
0.00 0.00 -0.56 0.00 0.00 0.00 0.047 0.00294 1
0.00 0.00 -0.56 0.00 0.00 0.00 0.047 0.00294 1
0.00 0.00 -0.56 0.00 0.00 0.00 0.047 0.00294 1
0.00 0.00 -0.56 0.00 0.00 0.00 0.047 0.00294 1
0.00 0.00 -0.56 0.00 0.00 0.00 0.047 0.00294 1
0.00 0.00 -0.56 0.00 0.00 0.00 0.047 0.00294 1
0.00 0.00 -0.56 0.00 0.00 0.00 0.047 0.00294 1
0.00 0.00 -0.56 0.00 0.00 0.00 0.047 0.00294 1
0.00 0.00 -0.56 0.00 0.00 0.00 0.047 0.00294 1
0.00 0.00 -0.56 0.00 0.00 0.00 0.047 0.00294 1
0.00 0.00 -0.56 0.00 0.00 0.00 0.047 0.00294 1
0.00 0.00 -0.56 0.00 0.00 0.00 0.047 0.00294 1
0.00 0.00 -0.56 0.00 0.00 0.00 0.047 0.00294 1
0.00 0.00 -0.56 0.00 0.00 0.00 0.047 0.00294 1
0.00 0.00 -0.56 0.00 0.00 0.00 0.047 0.00294 1
0.00 0.00 -0.56 0.00 0.00 0.00 0.047 0.00294 1
0.00 0.00 -0.56 0.00 0.00 0.00 0.047 0.00294 1
0.00 0.00 -0.56 0.00 0.00 0.00 0.047 0.00294 1
0.00 0.00 -0.56 0.00 0.00 0.00 0.047 0.00294 1
0.00 0.00 -0.56 0.00 0.00 0.00 0.047 0.00294 1
0.00 0.00 -0.56 0.00 0.00 0.00 0.047 0.00294 1
0.00 0.00 -0.56 0.00 0.00 0.00 0.047 0.00294 1
0.00 0.00 -0.56 0.00 0.00 0.00 0.047 0.00294 1
0.00 0.00 -0.56 0.00 0.00 0.00 0.047 0.00294 1
0.00 0.00 -0.56 0.00 0.00 0.00 0.047 0.00294 1
0.00 0.00 -0.56 0.00 0.00 0.00 0.047 0.00294 1
0.00 0.00 -0.56 0.00 0.00 0.00 0.047 0.00294 1
0.00 0.00 -0.56 0.00 0.00 0.00 0.047 0.00294 1
0.00 0.00 -0.56 0.00 0.00 0.00 0.047 0.00294 1
0.00 0.00 -0.56 0.00 0.00 0.00 0.047 0.00294 1
0.00 0.00 -0.56 0.00 0.00 0.00 0.047 0.00294 1
0.00 0.00 -0.56 0.00 0.00 0.00 0.047 0.00294 1
0.00 0.00 -0.56 0.00 0.00 0.00 0.047 0.00294 1
0.00 0.00 -0.56 0.00 0.00 0.00 0.047 0.00294 1
0.00 0.00 -0.56 0.00 0.00 0.00 0.047 0.00294 1
0.00 0.00 -0.56 0.00 0.00 0.00 0.047 0.00294 1
0.00 0.00 -0.56 0.00 0.00 0.00 0.047 0.00294 1
0.00 0.00 -0.56 0.00 0.00 0.00 0.047 0.00294 1
0.00 0.00 -0.56 0.00 0.00 0.00 0.047 0.00294 1
0.00 0.00 -0.56 0.00 0.00 0.00 0.047 0.00294 1
0.00 0.00 -0.56 0.00 0.00 0.00 0.047 0.00294 1
0.00 0.00 -0.56 0.00 0.00 0.00 0.047 0.00294 1
0.00 0.00 -0.56 0.00 0.00 0.00 0.047 0.00294 1
0.00 0.00 -0.56 0.00 0.00 0.00 0.047 0.00294 1
0.00 0.00 -0.56 0.00 0.00 0.00 0.047 0.00294 1
0.00 0.00 -0.56 0.00 0.00 0.00 0.047 0.00294 1
0.00 0.00 -0.56 0.00 0.00 0.00 0.047 0.00294 1
0.00 0.00 -0.56 0.00 0.00 0.00 0.047 0.00294 1
0.00 0.00 -0.56 0.00 0.00 0.00 0.047 0.00294 1
0.00 0.00 -0.56 0.00 0.00 0.00 0.047 0.00294 1
0.00 0.00 -0.56 0.00 0.00 0.00 0.047 0.00294 1
0.00 0.00 -0.56 0.00 0.00 0.00 0.047 0.00294 1
0.00 0.00 -0.56 0.00 0.00 0.00 0.047 0.00294 1
0.00 0.00 -0.56 0.00 0.00 0.00 0.047 0.00294 1
0.00 0.00 -0.56 0.00 0.00 0.00 0.047 0.00294 1
0.00 0.00 -0.56 0.00 0.00 0.00 0.047 0.00294 1
0.00 0.00 -0.56 0.00 0.00 0.00 0.047 0.00294 1
0.00 0.00 -0.56 0.00 0.00 0.00 0.047 0.00294 1
0.00 0.00 -0.56 0.00 0.00 0.00 0.047 0.00294 1
0.00 0.00 -0.56 0.00 0.00 0.00 0.047 0.00294 1
0.00 0.00 -0.56 0.00 0.00 0.00 0.047 0.00294 1
0.00 0.00 -0.56 0.00 0.00 0.00 0.047 0.00294 1
0.00 0.00 -0.56 0.00 0.00 0.00 0.047 0.00294 1
0.00 0.00 -0.56 0.00 0.00 0.00 0.047 0.00294 1
0.00 0.00 -0.56 0.00 0.00 0.00 0.047 0.00294 1
0.00 0.00 -0.56 0.00 0.00 0.00 0.047 0.00294 1
0.00 0.00 -0.56 0.00 0.00 0.00 0.047 0.00294 1
0.00 0.00 -0.56 0.00 0.00 0.00 0.047 0.00294 1
0.00 0.00 -0.56 0.00 0.00 0.00 0.047 0.00294 1
0.00 0.00 -0.56 0.00 0.00 0.00 0.047 0.00294 1
0.00 0.00 -0.56 0.00 0.00 0.00 0.047 0.00294 1
0.00 0.00 -0.56 0.00 0.00 0.00 0.047 0.00294 1
0.00 0.00 -0.56 0.00 0.00 0.00 0.047 0.00294 1
0.00 0.00 -0.56 0.00 0.00 0.00 0.047 0.00294 1
0.00 0.00 -0.56 0.00 0.00 0.00 0.047 0.00294 1
0.00 0.00 -0.56 0.00 0.00 0.00 0.047 0.00294 1
0.00 0.00 -0.56 0.00 0.00 0.00 0.047 0.00294 1
0.00 0.00 -0.56 0.00 0.00 0.00 0.047 0.00294 1
0.00 0.00 -0.56 0.00 0.00 0.00 0.047 0.00294 1
0.00 0.00 -0.56 0.00 0.00 0.00 0.047 0.00294 1
0.00 0.00 -0.56 0.00 0.00 0.00 0.047 0.00294 1
0.00 0.00 -0.56 0.00 0.00 0.00 0.047 0.00294 1
0.00 0.00 -0.56 0.00 0.00 0.00 0.047 0.00294 1
0.00 0.00 -0.56 0.00 0.00 0.00 0.047 0.00294 1
0.00 0.00 -0.56 0.00 0.00 0.00 0.047 0.00294 1
0.00 0.00 -0.56 0.00 0.00 0.00 0.047 0.00294 1
0.00 0.00 -0.56 0.00 0.00 0.00 0.047 0.00294 1
0.00 0.00 -0.56 0.00 0.00 0.00 0.047 0.00294 1
0.00 0.00 -0.56 0.00 0.00 0.00 0.047 0.00294 1
0.00 0.00 -0.56 0.00 0.00 0.00 0.047 0.00294 1
0.00 0.00 -0.56 0.00 0.00 0.00 0.047 0.00294 1
0.00 0.00 -0.56 0.00 0.00 0.00 0.047 0.00294 1
0.00 0.00 -0.56 0.00 0.00 0.00 0.047 0.00294 1
0.00 0.00 -0.56 0.00 0.00 0.00 0.047 0.00294 1
0.00 0.00 -0.56 0.00 0.00 0.00 0.047 0.00294 1
0.00 0.00 -0.56 0.00 0.00 0.00 0.047 0.00294 1
0.00 0.00 -0.56 0.00 0.00 0.00 0.047 0.00294 1
0.00 0.00 -0.56 0.00 0.00 0.00 0.047 0.00294 1
0.00 0.00 -0.56 0.00 0.00 0.00 0.047 0.00294 1
0.00 0.00 -0.56 0.00 0.00 0.00 0.047 0.00294 1
0.00 0.00 -0.56 0.00 0.00 0.00 0.047 0.00294 1
0.00 0.00 -0.56 0.00 0.00 0.00 0.047 0.00294 1
0.00 0.00 -0.56 0.00 0.00 0.00 0.047 0.00294 1
0.00 0.00 -0.56 0.00 0.00 0.00 0.047 0.00294 1
0.00 0.00 -0.56 0.00 0.00 0.00 0.047 0.00294 1
0.00 0.00 -0.56 0.00 0.00 0.00 0.047 0.00294 1
0.00 0.00 -0.56 0.00 0.00 0.00 0.047 0.00294 1
0.00 0.00 -0.56 0.00 0.00 0.00 0.047 0.00294 1
0.00 0.00 -0.56 0.00 0.00 0.00 0.047 0.00294 1
0.00 0.00 -0.56 0.00 0.00 0.00 0.047 0.00294 1
0.00 0.00 -0.56 0.00 0.00 0.00 0.047 0.00294 1
0.00 0.00 -0.56 0.00 0.00 0.00 0.047 0.00294 1
0.00 0.00 -0.56 0.00 0.00 0.00 0.047 0.00294 1
0.00 0.00 -0.56 0.00 0.00 0.00 0.047 0.00294 1
0.00 0.00 -0.56 0.00 0.00 0.00 0.047 0.00294 1
0.00 0.00 -0.56 0.00 0.00 0.00 0.047 0.00294 1
0.00 0.00 -0.56 0.00 0.00 0.00 0.047 0.00294 1
0.00 0.00 -0.56 0.00 0.00 0.00 0.047 0.00294 1
0.00 0.00 -0.56 0.00 0.00 0.00 0.047 0.00294 1
0.00 0.00 -0.56 0.00 0.00 0.00 0.047 0.00294 1
0.00 0.00 -0.56 0.00 0.00 0.00 0.047 0.00294 1
0.00 0.00 -0.56 0.00 0.00 0.00 0.047 0.00294 1
0.00 0.00 -0.56 0.00 0.00 0.00 0.047 0.00294 1
0.00 0.00 -0.56 0.00 0.00 0.00 0.047 0.00294 1
0.00 0.00 -0.56 0.00 0.00 0.00 0.047 0.00294 1
0.00 0.00 -0.56 0.00 0.00 0.00 0.047 0.00294 1
0.00 0.00 -0.56 0.00 0.00 0.00 0.047 0.00294 1
0.00 0.00 -0.56 0.00 0.00 0.00 0.047 0.00294 1
0.00 0.00 -0.56 0.00 0.00 0.00 0.047 0.00294 1
0.00 0.00 -0.56 0.00 0.00 0.00 0.047 0.00294 1
0.00 0.00 -0.56 0.00 0.00 0.00 0.047 0.00294 1
0.00 0.00 -0.56 0.00 0.00 0.00 0.047 0.00294 1
0.00 0.00 -0.56 0.00 0.00 0.00 0.047 0.00294 1
0.00 0.00 -0.56 0.00 0.00 0.00 0.047 0.00294 1
0.00 0.00 -0.56 0.00 0.00 0.00 0.047 0.00294 1
0.00 0.00 -0.56 0.00 0.00 0.00 0.047 0.00294 1
0.00 0.00 -0.56 0.00 0.00 0.00 0.047 0.00294 1
0.00 0.00 -0.56 0.00 0.00 0.00 0.047 0.00294 1
0.00 0.00 -0.56 0.00 0.00 0.00 0.047 0.00294 1
0.00 0.00 -0.56 0.00 0.00 0.00 0.047 0.00294 1
0.00 0.00 -0.56 0.00 0.00 0.00 0.047 0.00294 1
0.00 0.00 -0.56 0.00 0.00 0.00 0.047 0.00294 1
0.00 0.00 -0.56 0.00 0.00 0.00 0.047 0.00294 1
0.00 0.00 -0.56 0.00 0.00 0.00 0.047 0.00294 1
0.00 0.00 -0.56 0.00 0.00 0.00 0.047 0.00294 1
0.00 0.00 -0.56 0.00 0.00 0.00 0.047 0.00294 1
0.00 0.00 -0.56 0.00 0.00 0.00 0.047 0.00294 1
0.00 0.00 -0.56 0.00 0.00 0.00 0.047 0.00294 1
0.00 0.00 -0.56 0.00 0.00 0.00 0.047 0.00294 1
0.00 0.00 -0.56 0.00 0.00 0.00 0.047 0.00294 1
0.00 0.00 -0.56 0.00 0.00 0.00 0.047 0.00294 1
0.00 0.00 -0.56 0.00 0.00 0.00 0.047 0.00294 1
0.00 0.00 -0.56 0.00 0.00 0.00 0.047 0.00294 1
0.00 0.00 -0.56 0.00 0.00 0.00 0.047 0.00294 1
0.00 0.00 -0.56 0.00 0.00 0.00 0.047 0.00294 1
0.00 0.00 -0.56 0.00 0.00 0.00 0.047 0.00294 1
0.00 0.00 -0.56 0.00 0.00 0.00 0.047 0.00294 1
0.00 0.00 -0.56 0.00 0.00 0.00 0.047 0.00294 1
0.00 0.00 -0.56 0.00 0.00 0.00 0.047 0.00294 1
0.00 0.00 -0.56 0.00 0.00 0.00 0.047 0.00294 1
0.00 0.00 -0.56 0.00 0.00 0.00 0.047 0.00294 1
0.00 0.00 -0.56 0.00 0.00 0.00 0.047 0.00294 1
0.00 0.00 -0.56 0.00 0.00 0.00 0.047 0.00294 1
0.00 0.00 -0.56 0.00 0.00 0.00 0.047 0.00294 1
0.00 0.00 -0.56 0.00 0.00 0.00 0.047 0.00294 1
0.00 0.00 -0.56 0.00 0.00 0.00 0.047 0.00294 1
0.00 0.00 -0.56 0.00 0.00 0.00 0.047 0.00294 1
0.00 0.00 -0.56 0.00 0.00 0.00 0.047 0.00294 1
0.00 0.00 -0.56 0.00 0.00 0.00 0.047 0.00294 1
0.00 0.00 -0.56 0.00 0.00 0.00 0.047 0.00294 1
0.00 0.00 -0.56 0.00 0.00 0.00 0.047 0.00294 1
0.00 0.00 -0.56 0.00 0.00 0.00 0.047 0.00294 1
0.00 0.00 -0.56 0.00 0.00 0.00 0.047 0.00294 1
0.00 0.00 -0.56 0.00 0.00 0.00 0.047 0.00294 1
0.00 0.00 -0.56 0.00 0.00 0.00 0.047 0.00294 1
0.00 0.00 -0.56 0.00 0.00 0.00 0.047 0.00294 1
0.00 0.00 -0.56 0.00 0.00 0.00 0.047 0.00294 1
0.00 0.00 -0.56 0.00 0.00 0.00 0.047 0.00294 1
0.00 0.00 -0.56 0.00 0.00 0.00 0.047 0.00294 1
0.00 0.00 -0.56 0.00 0.00 0.00 0.047 0.00294 1
0.00 0.00 -0.56 0.00 0.00 0.00 0.047 0.00294 1
0.00 0.00 -0.56 0.00 0.00 0.00 0.047 0.00294 1
0.00 0.00 -0.56 0.00 0.00 0.00 0.047 0.00294 1
0.00 0.00 -0.56 0.00 0.00 0.00 0.047 0.00294 1
0.00 0.00 -0.56 0.00 0.00 0.00 0.047 0.00294 1
0.00 0.00 -0.56 0.00 0.00 0.00 0.047 0.00294 1
0.00 0.00 -0.56 0.00 0.00 0.00 0.047 0.00294 1
0.00 0.00 -0.56 0.00 0.00 0.00 0.047 0.00294 1
0.00 0.00 -0.56 0.00 0.00 0.00 0.047 0.00294 1
0.00 0.00 -0.56 0.00 0.00 0.00 0.047 0.00294 1
0.00 0.00 -0.56 0.00 0.00 0.00 0.047 0.00294 1
0.00 0.00 -0.56 0.00 0.00 0.00 0.047 0.00294 1
0.00 0.00 -0.56 0.00 0.00 0.00 0.047 0.00294 1
0.00 0.00 -0.56 0.00 0.00 0.00 0.047 0.00294 1
0.00 0.00 -0.56 0.00 0.00 0.00 0.047 0.00294 1
0.00 0.00 -0.56 0.00 0.00 0.00 0.047 0.00294 1
0.00 0.00 -0.56 0.00 0.00 0.00 0.047 0.00294 1
0.00 0.00 -0.56 0.00 0.00 0.00 0.047 0.00294 1
0.00 0.00 -0.56 0.00 0.00 0.00 0.047 0.00294 1
0.00 0.00 -0.56 0.00 0.00 0.00 0.047 0.00294 1
0.00 0.00 -0.56 0.00 0.00 0.00 0.047 0.00294 1
0.00 0.00 -0.56 0.00 0.00 0.00 0.047 0.00294 1
0.00 0.00 -0.56 0.00 0.00 0.00 0.047 0.00294 1
0.00 0.00 -0.56 0.00 0.00 0.00 0.047 0.00294 1
0.00 0.00 -0.56 0.00 0.00 0.00 0.047 0.00294 1
0.00 0.00 -0.56 0.00 0.00 0.00 0.047 0.00294 1
0.00 0.00 -0.56 0.00 0.00 0.00 0.047 0.00294 1
0.00 0.00 -0.56 0.00 0.00 0.00 0.047 0.00294 1
0.00 0.00 -0.56 0.00 0.00 0.00 0.047 0.00294 1
0.00 0.00 -0.56 0.00 0.00 0.00 0.047 0.00294 1
0.00 0.00 -0.56 0.00 0.00 0.00 0.047 0.00294 1
0.00 0.00 -0.56 0.00 0.00 0.00 0.047 0.00294 1
0.00 0.00 -0.56 0.00 0.00 0.00 0.047 0.00294 1
0.00 0.00 -0.56 0.00 0.00 0.00 0.047 0.00294 1
0.00 0.00 -0.56 0.00 0.00 0.00 0.047 0.00294 1
0.00 0.00 -0.56 0.00 0.00 0.00 0.047 0.00294 1
0.00 0.00 -0.56 0.00 0.00 0.00 0.047 0.00294 1
0.00 0.00 -0.56 0.00 0.00 0.00 0.047 0.00294 1
0.00 0.00 -0.56 0.00 0.00 0.00 0.047 0.00294 1
0.00 0.00 -0.56 0.00 0.00 0.00 0.047 0.00294 1
0.00 0.00 -0.56 0.00 0.00 0.00 0.047 0.00294 1
0.00 0.00 -0.56 0.00 0.00 0.00 0.047 0.00294 1
0.00 0.00 -0.56 0.00 0.00 0.00 0.047 0.00294 1
0.00 0.00 -0.56 0.00 0.00 0.00 0.047 0.00294 1
0.00 0.00 -0.56 0.00 0.00 0.00 0.047 0.00294 1
0.00 0.00 -0.56 0.00 0.00 0.00 0.047 0.00294 1
0.00 0.00 -0.56 0.00 0.00 0.00 0.047 0.00294 1
0.00 0.00 -0.56 0.00 0.00 0.00 0.047 0.00294 1
0.00 0.00 -0.56 0.00 0.00 0.00 0.047 0.00294 1
0.00 0.00 -0.56 0.00 0.00 0.00 0.047 0.00294 1
0.00 0.00 -0.56 0.00 0.00 0.00 0.047 0.00294 1
0.00 0.00 -0.56 0.00 0.00 0.00 0.047 0.00294 1
0.00 0.00 -0.56 0.00 0.00 0.00 0.047 0.00294 1
0.00 0.00 -0.56 0.00 0.00 0.00 0.047 0.00294 1
0.00 0.00 -0.56 0.00 0.00 0.00 0.047 0.00294 1
0.00 0.00 -0.56 0.00 0.00 0.00 0.047 0.00294 1
0.00 0.00 -0.56 0.00 0.00 0.00 0.047 0.00294 1
0.00 0.00 -0.56 0.00 0.00 0.00 0.047 0.00294 1
0.00 0.00 -0.56 0.00 0.00 0.00 0.047 0.00294 1
0.00 0.00 -0.56 0.00 0.00 0.00 0.047 0.00294 1
0.00 0.00 -0.56 0.00 0.00 0.00 0.047 0.00294 1
0.00 0.00 -0.56 0.00 0.00 0.00 0.047 0.00294 1
0.00 0.00 -0.56 0.00 0.00 0.00 0.047 0.00294 1
0.00 0.00 -0.56 0.00 0.00 0.00 0.047 0.00294 1
0.00 0.00 -0.56 0.00 0.00 0.00 0.047 0.00294 1
0.00 0.00 -0.56 0.00 0.00 0.00 0.047 0.00294 1
0.00 0.00 -0.56 0.00 0.00 0.00 0.047 0.00294 1
0.00 0.00 -0.56 0.00 0.00 0.00 0.047 0.00294 1
0.00 0.00 -0.56 0.00 0.00 0.00 0.047 0.00294 1
0.00 0.00 -0.56 0.00 0.00 0.00 0.047 0.00294 1
0.00 0.00 -0.56 0.00 0.00 0.00 0.047 0.00294 1
0.00 0.00 -0.56 0.00 0.00 0.00 0.047 0.00294 1
0.00 0.00 -0.56 0.00 0.00 0.00 0.047 0.00294 1
0.00 0.00 -0.56 0.00 0.00 0.00 0.047 0.00294 1
0.00 0.00 -0.56 0.00 0.00 0.00 0.047 0.00294 1
0.00 0.00 -0.56 0.00 0.00 0.00 0.047 0.00294 1
0.00 0.00 -0.56 0.00 0.00 0.00 0.047 0.00294 1
0.00 0.00 -0.56 0.00 0.00 0.00 0.047 0.00294 1
0.00 0.00 -0.56 0.00 0.00 0.00 0.047 0.00294 1
0.00 0.00 -0.56 0.00 0.00 0.00 0.047 0.00294 1
0.00 0.00 -0.56 0.00 0.00 0.00 0.047 0.00294 1
0.00 0.00 -0.56 0.00 0.00 0.00 0.047 0.00294 1
0.00 0.00 -0.56 0.00 0.00 0.00 0.047 0.00294 1
0.00 0.00 -0.56 0.00 0.00 0.00 0.047 0.00294 1
0.00 0.00 -0.56 0.00 0.00 0.00 0.047 0.00294 1
0.00 0.00 -0.56 0.00 0.00 0.00 0.047 0.00294 1
0.00 0.00 -0.56 0.00 0.00 0.00 0.047 0.00294 1
0.00 0.00 -0.56 0.00 0.00 0.00 0.047 0.00294 1
0.00 0.00 -0.56 0.00 0.00 0.00 0.047 0.00294 1
0.00 0.00 -0.56 0.00 0.00 0.00 0.047 0.00294 1
0.00 0.00 -0.56 0.00 0.00 0.00 0.047 0.00294 1
0.00 0.00 -0.56 0.00 0.00 0.00 0.047 0.00294 1
0.00 0.00 -0.56 0.00 0.00 0.00 0.047 0.00294 1
0.00 0.00 -0.56 0.00 0.00 0.00 0.047 0.00294 1
0.00 0.00 -0.56 0.00 0.00 0.00 0.047 0.00294 1
0.00 0.00 -0.56 0.00 0.00 0.00 0.047 0.00294 1
0.00 0.00 -0.56 0.00 0.00 0.00 0.047 0.00294 1
0.00 0.00 -0.56 0.00 0.00 0.00 0.047 0.00294 1
0.00 0.00 -0.56 0.00 0.00 0.00 0.047 0.00294 1
0.00 0.00 -0.56 0.00 0.00 0.00 0.047 0.00294 1
0.00 0.00 -0.56 0.00 0.00 0.00 0.047 0.00294 1
0.00 0.00 -0.56 0.00 0.00 0.00 0.047 0.00294 1
0.00 0.00 -0.56 0.00 0.00 0.00 0.047 0.00294 1
0.00 0.00 -0.56 0.00 0.00 0.00 0.047 0.00294 1
0.00 0.00 -0.56 0.00 0.00 0.00 0.047 0.00294 1
0.00 0.00 -0.56 0.00 0.00 0.00 0.047 0.00294 1
0.00 0.00 -0.56 0.00 0.00 0.00 0.047 0.00294 1
0.00 0.00 -0.56 0.00 0.00 0.00 0.047 0.00294 1
0.00 0.00 -0.56 0.00 0.00 0.00 0.047 0.00294 1
0.00 0.00 -0.56 0.00 0.00 0.00 0.047 0.00294 1
0.00 0.00 -0.56 0.00 0.00 0.00 0.047 0.00294 1
0.00 0.00 -0.56 0.00 0.00 0.00 0.047 0.00294 1
0.00 0.00 -0.56 0.00 0.00 0.00 0.047 0.00294 1
0.00 0.00 -0.56 0.00 0.00 0.00 0.047 0.00294 1
0.00 0.00 -0.56 0.00 0.00 0.00 0.047 0.00294 1
0.00 0.00 -0.56 0.00 0.00 0.00 0.047 0.00294 1
0.00 0.00 -0.56 0.00 0.00 0.00 0.047 0.00294 1
0.00 0.00 -0.56 0.00 0.00 0.00 0.047 0.00294 1
0.00 0.00 -0.56 0.00 0.00 0.00 0.047 0.00294 1
0.00 0.00 -0.56 0.00 0.00 0.00 0.047 0.00294 1
0.00 0.00 -0.56 0.00 0.00 0.00 0.047 0.00294 1
0.00 0.00 -0.56 0.00 0.00 0.00 0.047 0.00294 1
0.00 0.00 -0.56 0.00 0.00 0.00 0.047 0.00294 1
0.00 0.00 -0.56 0.00 0.00 0.00 0.047 0.00294 1
0.00 0.00 -0.56 0.00 0.00 0.00 0.047 0.00294 1
0.00 0.00 -0.56 0.00 0.00 0.00 0.047 0.00294 1
0.00 0.00 -0.56 0.00 0.00 0.00 0.047 0.00294 1
0.00 0.00 -0.56 0.00 0.00 0.00 0.047 0.00294 1
0.00 0.00 -0.56 0.00 0.00 0.00 0.047 0.00294 1
0.00 0.00 -0.56 0.00 0.00 0.00 0.047 0.00294 1
0.00 0.00 -0.56 0.00 0.00 0.00 0.047 0.00294 1
0.00 0.00 -0.56 0.00 0.00 0.00 0.047 0.00294 1
0.00 0.00 -0.56 0.00 0.00 0.00 0.047 0.00294 1
0.00 0.00 -0.56 0.00 0.00 0.00 0.047 0.00294 1
0.00 0.00 -0.56 0.00 0.00 0.00 0.047 0.00294 1
0.00 0.00 -0.56 0.00 0.00 0.00 0.047 0.00294 1
0.00 0.00 -0.56 0.00 0.00 0.00 0.047 0.00294 1
0.00 0.00 -0.56 0.00 0.00 0.00 0.047 0.00294 1
0.00 0.00 -0.56 0.00 0.00 0.00 0.047 0.00294 1
0.00 0.00 -0.56 0.00 0.00 0.00 0.047 0.00294 1
0.00 0.00 -0.56 0.00 0.00 0.00 0.047 0.00294 1
0.00 0.00 -0.56 0.00 0.00 0.00 0.047 0.00294 1
0.00 0.00 -0.56 0.00 0.00 0.00 0.047 0.00294 1
0.00 0.00 -0.56 0.00 0.00 0.00 0.047 0.00294 1
0.00 0.00 -0.56 0.00 0.00 0.00 0.047 0.00294 1
0.00 0.00 -0.56 0.00 0.00 0.00 0.047 0.00294 1
0.00 0.00 -0.56 0.00 0.00 0.00 0.047 0.00294 1
0.00 0.00 -0.56 0.00 0.00 0.00 0.047 0.00294 1
0.00 0.00 -0.56 0.00 0.00 0.00 0.047 0.00294 1
0.00 0.00 -0.56 0.00 0.00 0.00 0.047 0.00294 1
0.00 0.00 -0.56 0.00 0.00 0.00 0.047 0.00294 1
0.00 0.00 -0.56 0.00 0.00 0.00 0.047 0.00294 1
0.00 0.00 -0.56 0.00 0.00 0.00 0.047 0.00294 1
0.00 0.00 -0.56 0.00 0.00 0.00 0.047 0.00294 1
0.00 0.00 -0.56 0.00 0.00 0.00 0.047 0.00294 1
0.00 0.00 -0.56 0.00 0.00 0.00 0.047 0.00294 1
0.00 0.00 -0.56 0.00 0.00 0.00 0.047 0.00294 1
0.00 0.00 -0.56 0.00 0.00 0.00 0.047 0.00294 1
0.00 0.00 -0.56 0.00 0.00 0.00 0.047 0.00294 1
0.00 0.00 -0.56 0.00 0.00 0.00 0.047 0.00294 1
0.00 0.00 -0.56 0.00 0.00 0.00 0.047 0.00294 1
0.00 0.00 -0.56 0.00 0.00 0.00 0.047 0.00294 1
0.00 0.00 -0.56 0.00 0.00 0.00 0.047 0.00294 1
0.00 0.00 -0.56 0.00 0.00 0.00 0.047 0.00294 1
0.00 0.00 -0.56 0.00 0.00 0.00 0.047 0.00294 1
0.00 0.00 -0.56 0.00 0.00 0.00 0.047 0.00294 1
0.00 0.00 -0.56 0.00 0.00 0.00 0.047 0.00294 1
0.00 0.00 -0.56 0.00 0.00 0.00 0.047 0.00294 1
0.00 0.00 -0.56 0.00 0.00 0.00 0.047 0.00294 1
0.00 0.00 -0.56 0.00 0.00 0.00 0.047 0.00294 1
0.00 0.00 -0.56 0.00 0.00 0.00 0.047 0.00294 1
0.00 0.00 -0.56 0.00 0.00 0.00 0.047 0.00294 1
0.00 0.00 -0.56 0.00 0.00 0.00 0.047 0.00294 1
0.00 0.00 -0.56 0.00 0.00 0.00 0.047 0.00294 1
0.00 0.00 -0.56 0.00 0.00 0.00 0.047 0.00294 1
0.00 0.00 -0.56 0.00 0.00 0.00 0.047 0.00294 1
0.00 0.00 -0.56 0.00 0.00 0.00 0.047 0.00294 1
29.20 0.06 -1.28 3.83 1.78 1.48 0.044 0.00279 1
31.93 1.70 -1.08 0.84 0.56 1.89 0.141 0.00240 2
29.07 0.70 -1.26 3.67 1.79 1.45 -0.190 0.00238 1
31.16 -1.32 -1.37 4.22 1.67 1.50 -0.006 0.00225 1
7.20 -7.65 -1.60 4.13 1.60 1.50 -0.132 0.00214 1
11.67 -0.62 -1.11 3.90 1.59 1.46 -0.978 0.00210 1
13.61 -4.77 -0.93 5.22 2.42 1.86 0.564 0.00208 1
24.77 3.93 0.01 4.05 1.68 1.56 -2.727 0.00190 1
18.40 -14.82 -1.09 4.03 1.52 1.58 2.766 0.00184 1
62.75 18.38 -1.14 1.46 0.46 1.74 -0.007 0.00169 3
14.12 -4.90 -1.14 4.11 1.60 1.58 0.111 0.00168 1
36.61 -10.58 -1.35 3.77 1.24 1.62 0.757 0.00160 1
12.91 -2.71 -1.03 3.55 1.42 1.56 2.686 0.00152 1
24.04 -2.35 -1.10 1.71 0.55 1.73 -0.678 0.00140 3
16.86 1.08 -1.20 3.93 1.88 1.58 3.213 0.00135 1
33.02 -0.16 -1.58 4.15 1.70 1.45 -0.334 0.00121 1
62.35 18.44 -1.22 0.73 0.52 1.70 0.404 0.00121 2
43.53 25.09 0.17 3.72 1.57 1.58 3.080 0.00114 1
14.60 4.65 -0.92 3.74 1.28 1.59 -2.614 0.00107 1
15.38 -0.38 -1.43 4.16 1.73 1.54 3.229 0.00103 1
29.33 1.99 -1.36 4.21 1.50 1.46 -0.145 0.00081 1
13.82 -3.81 -0.99 4.28 1.95 1.69 -0.745 0.00068 1
36.65 2.86 -1.56 4.63 1.70 1.52 -2.316 0.00057 1
24.10 -2.27 -1.02 1.52 0.56 1.83 -2.685 0.00056 3
19.44 2.85 0.66 4.03 1.48 1.53 0.025 0.00053 1
28.24 -6.53 -1.31 4.16 1.98 1.65 -0.922 0.00046 1
15.06 4.07 -0.74 3.94 1.64 1.63 -2.623 0.00043 1
8.47 -2.80 -0.91 3.77 1.60 1.45 0.511 0.00042 1
43.63 -35.81 -1.74 4.01 1.60 1.63 3.149 0.00035 1
36.51 -12.02 -1.26 4.11 1.28 1.78 0.749 0.00035 1
32.66 1.88 -1.43 3.86 1.49 1.61 -1.342 0.00034 1
54.57 23.00 -0.40 3.83 1.31 1.52 -2.977 0.00032 1
13.92 -3.66 -0.96 4.35 1.76 1.61 0.226 0.00031 1
15.55 9.37 -0.57 4.43 1.42 1.55 -3.113 0.00031 1
50.86 -7.03 0.14 3.74 1.64 1.53 2.737 0.00031 1
10.30 -3.74 -1.14 4.36 1.61 1.53 -0.179 0.00027 1
44.44 -8.35 -0.81 3.95 1.42 1.56 -3.004 0.00027 1
35.60 -4.38 -0.79 3.55 1.76 1.62 -0.443 0.00025 1
34.03 -3.27 -1.80 3.96 1.47 1.49 -0.144 0.00024 1
41.41 -18.74 -0.40 3.79 1.49 1.55 -2.941 0.00023 1
40.37 -15.85 -1.66 3.84 1.41 1.50 2.925 0.00022 1
31.56 -13.48 -0.17 4.08 1.70 1.49 -0.023 0.00022 1
50.56 -10.86 0.01 4.05 1.54 1.52 3.345 0.00022 1
49.79 -16.19 -1.12 4.08 1.54 1.52 3.344 0.00021 1
0.00 0.60 0.47 4.23 1.64 1.54 3.261 0.00021 1
36.57 16.25 -1.28 3.84 1.53 1.56 -2.938 0.00021 1
25.07 3.45 0.07 3.98 1.61 1.62 -2.462 0.00019 1
56.81 -11.61 0.84 4.19 1.60 1.54 3.333 0.00019 1
10.15 -3.59 -1.13 3.22 1.43 1.46 -2.221 0.00019 1
9.66 -4.45 -1.24 3.97 1.49 1.62 0.381 0.00019 1
52.56 23.02 1.04 4.18 1.60 1.52 -2.916 0.00019 1
24.62 -9.85 -1.59 4.12 1.46 1.56 3.098 0.00018 1
31.11 -14.08 -1.43 4.17 1.42 1.57 3.191 0.00018 1
11.01 -3.16 -1.22 3.59 1.64 1.47 -2.722 0.00017 1
28.65 -18.23 -0.40 3.82 1.55 1.56 3.333 0.00016 1
61.94 10.32 -0.06 4.26 1.64 1.54 3.318 0.00016 1
40.77 -16.62 -1.59 4.38 1.61 1.53 3.116 0.00016 1
26.97 11.54 -0.85 3.83 1.56 1.57 3.317 0.00015 1
22.09 -18.48 -0.71 3.84 1.56 1.57 3.317 0.00015 1
64.36 22.93 0.17 4.33 1.69 1.55 3.305 0.00013 1
30.43 -19.81 -0.53 3.90 1.58 1.62 3.365 0.00013 1
13.26 -1.87 -0.94 3.40 1.52 1.51 -2.725 0.00012 1
55.51 -47.59 0.14 4.36 1.70 1.56 3.295 0.00012 1
19.11 0.24 -1.68 3.82 1.88 1.53 -0.107 0.00011 1
18.10 11.46 -1.10 1.04 0.46 2.11 -2.056 0.00010 2
67.64 -53.36 -1.03 4.43 1.72 1.55 3.265 0.00010 1
25.53 1.54 -1.71 3.69 1.51 1.57 -1.332 0.00009 1
25.70 -9.39 -1.76 3.83 1.27 1.46 3.217 0.00009 1
10.76 -1.12 -0.90 3.50 1.61 1.48 -0.258 0.00009 1
26.36 -0.10 -2.16 4.13 1.80 1.66 -2.767 0.00009 1
14.46 -4.00 -0.99 3.90 1.51 1.60 0.753 0.00008 1
28.26 -2.47 -1.50 4.06 1.84 1.61 -0.394 0.00008 1
11.89 4.78 -0.45 4.16 1.75 1.63 -2.604 0.00008 1
27.95 -0.42 -1.68 4.05 1.60 1.50 -0.151 0.00007 1
50.94 -4.30 -0.62 4.05 1.48 1.52 3.292 0.00007 1
28.70 -5.21 -1.54 4.41 2.03 1.69 -0.753 0.00006 1
35.85 -10.27 -0.55 3.65 1.65 1.89 1.616 0.00006 1
29.24 2.53 -1.46 4.48 1.89 1.59 0.254 0.00006 1
27.98 -1.65 -1.51 4.11 1.60 1.56 -0.004 0.00005 1
29.87 -24.09 -0.21 3.98 1.72 1.66 3.305 0.00005 1
15.84 1.76 -1.18 3.82 1.90 1.58 3.091 0.00005 1
12.24 -3.12 -1.12 3.45 1.93 1.54 -2.725 0.00005 1
27.90 -7.82 -1.57 3.30 1.42 1.47 -0.112 0.00005 1
36.91 18.70 -1.06 4.01 1.72 1.67 3.366 0.00005 1
30.55 -25.82 -0.46 4.16 1.95 1.65 3.155 0.00004 1
14.44 -3.97 -1.17 3.32 1.09 1.56 0.337 0.00004 1
36.06 -11.29 -1.23 4.23 1.60 1.69 0.581 0.00004 1
27.07 -7.09 -1.82 3.44 1.71 1.67 3.205 0.00004 1
18.29 -3.35 -0.34 1.79 0.43 1.76 -0.467 0.00003 3
13.74 -4.39 -1.14 1.63 0.46 1.84 0.830 0.00003 3
44.59 -36.15 -0.94 4.04 2.21 1.78 2.971 0.00003 1
26.83 -8.54 -1.75 4.31 1.81 1.60 3.319 0.00003 1
23.20 -11.33 -1.64 3.90 1.70 1.70 3.420 0.00002 1
30.08 -12.40 -1.60 4.23 1.79 1.66 -0.187 0.00002 1
33.36 -1.09 -1.56 4.35 1.59 1.62 -0.138 0.00002 1
43.89 2.51 0.12 4.26 2.00 1.67 3.028 0.00002 1
49.97 -6.72 -0.02 4.03 2.36 1.66 3.056 0.00002 1
41.68 -8.86 -0.31 3.83 1.61 1.66 2.912 0.00002 1
22.45 -5.67 -1.88 4.26 2.28 1.64 2.864 0.00002 1
28.66 2.92 -1.76 4.15 1.94 1.63 0.474 0.00001 1
28.12 -14.52 -0.82 4.21 2.37 1.73 3.184 0.00001 1
27.14 -0.64 -2.10 3.71 1.80 1.67 0.241 0.00001 1
27.80 -13.07 -1.25 4.28 2.23 1.79 2.914 0.00001 1
