31.79 -7.53 -1.07 1.96 0.49 1.83 2.403 0.98709 3
18.35 -5.46 -1.10 1.85 0.53 1.74 -2.750 0.93536 3
28.52 -2.15 -1.00 0.88 0.46 1.88 2.424 0.90680 2
31.76 -7.52 -1.05 0.85 0.58 1.80 2.295 0.85651 2
41.45 5.49 -0.30 4.11 1.67 1.66 -2.917 0.27677 1
19.16 3.11 0.19 3.98 1.64 1.54 2.663 0.09461 1
36.21 -13.15 -0.70 3.74 1.63 1.59 -0.371 0.06927 1
36.39 -12.65 -1.38 3.75 1.60 1.53 0.268 0.03765 1
40.24 2.30 -1.18 3.94 1.57 1.66 1.020 0.02731 1
44.10 6.12 -0.39 4.08 1.63 1.57 -2.851 0.02622 1
7.98 -5.20 -1.79 3.90 1.62 1.51 2.941 0.02572 1
36.02 -13.62 -0.74 3.88 1.68 1.64 -0.827 0.02192 1
34.68 -8.82 -0.23 4.24 1.65 1.53 2.669 0.01395 1
18.38 -5.48 -1.12 1.67 0.53 1.74 -1.304 0.01336 3
50.84 -7.70 -0.18 3.90 1.67 1.57 2.509 0.01266 1
18.41 -5.48 -1.10 1.74 0.52 1.70 -0.594 0.01181 3
12.88 4.91 -0.40 3.86 1.61 1.55 -2.583 0.01030 1
34.50 -12.68 -1.00 0.74 0.62 1.87 -0.355 0.00799 2
28.63 -13.64 -0.34 3.74 1.66 1.62 2.712 0.00640 1
15.84 -2.25 -1.16 3.85 1.63 1.51 3.017 0.00573 1
26.33 -1.82 -1.33 4.03 1.99 1.51 -0.559 0.00556 1
40.26 1.39 -1.22 4.04 1.65 1.64 3.508 0.00469 1
50.34 -6.94 -0.38 3.70 1.61 1.58 2.500 0.00452 1
53.27 -5.08 -0.97 3.81 1.57 1.53 -3.030 0.00397 1
27.70 -0.24 -1.51 4.00 1.42 1.44 2.723 0.00382 1
38.56 -9.86 -1.22 4.11 1.52 1.57 2.833 0.00371 1
0.00 0.00 -0.56 0.00 0.00 0.00 0.047 0.00294 1
0.00 0.00 -0.56 0.00 0.00 0.00 0.047 0.00294 1
0.00 0.00 -0.56 0.00 0.00 0.00 0.047 0.00294 1
0.00 0.00 -0.56 0.00 0.00 0.00 0.047 0.00294 1
0.00 0.00 -0.56 0.00 0.00 0.00 0.047 0.00294 1
0.00 0.00 -0.56 0.00 0.00 0.00 0.047 0.00294 1
0.00 0.00 -0.56 0.00 0.00 0.00 0.047 0.00294 1
0.00 0.00 -0.56 0.00 0.00 0.00 0.047 0.00294 1
0.00 0.00 -0.56 0.00 0.00 0.00 0.047 0.00294 1
0.00 0.00 -0.56 0.00 0.00 0.00 0.047 0.00294 1
0.00 0.00 -0.56 0.00 0.00 0.00 0.047 0.00294 1
0.00 0.00 -0.56 0.00 0.00 0.00 0.047 0.00294 1
0.00 0.00 -0.56 0.00 0.00 0.00 0.047 0.00294 1
0.00 0.00 -0.56 0.00 0.00 0.00 0.047 0.00294 1
0.00 0.00 -0.56 0.00 0.00 0.00 0.047 0.00294 1
0.00 0.00 -0.56 0.00 0.00 0.00 0.047 0.00294 1
0.00 0.00 -0.56 0.00 0.00 0.00 0.047 0.00294 1
0.00 0.00 -0.56 0.00 0.00 0.00 0.047 0.00294 1
0.00 0.00 -0.56 0.00 0.00 0.00 0.047 0.00294 1
0.00 0.00 -0.56 0.00 0.00 0.00 0.047 0.00294 1
0.00 0.00 -0.56 0.00 0.00 0.00 0.047 0.00294 1
0.00 0.00 -0.56 0.00 0.00 0.00 0.047 0.00294 1
0.00 0.00 -0.56 0.00 0.00 0.00 0.047 0.00294 1
0.00 0.00 -0.56 0.00 0.00 0.00 0.047 0.00294 1
0.00 0.00 -0.56 0.00 0.00 0.00 0.047 0.00294 1
0.00 0.00 -0.56 0.00 0.00 0.00 0.047 0.00294 1
0.00 0.00 -0.56 0.00 0.00 0.00 0.047 0.00294 1
0.00 0.00 -0.56 0.00 0.00 0.00 0.047 0.00294 1
0.00 0.00 -0.56 0.00 0.00 0.00 0.047 0.00294 1
0.00 0.00 -0.56 0.00 0.00 0.00 0.047 0.00294 1
0.00 0.00 -0.56 0.00 0.00 0.00 0.047 0.00294 1
0.00 0.00 -0.56 0.00 0.00 0.00 0.047 0.00294 1
0.00 0.00 -0.56 0.00 0.00 0.00 0.047 0.00294 1
0.00 0.00 -0.56 0.00 0.00 0.00 0.047 0.00294 1
0.00 0.00 -0.56 0.00 0.00 0.00 0.047 0.00294 1
0.00 0.00 -0.56 0.00 0.00 0.00 0.047 0.00294 1
0.00 0.00 -0.56 0.00 0.00 0.00 0.047 0.00294 1
0.00 0.00 -0.56 0.00 0.00 0.00 0.047 0.00294 1
0.00 0.00 -0.56 0.00 0.00 0.00 0.047 0.00294 1
0.00 0.00 -0.56 0.00 0.00 0.00 0.047 0.00294 1
0.00 0.00 -0.56 0.00 0.00 0.00 0.047 0.00294 1
0.00 0.00 -0.56 0.00 0.00 0.00 0.047 0.00294 1
0.00 0.00 -0.56 0.00 0.00 0.00 0.047 0.00294 1
0.00 0.00 -0.56 0.00 0.00 0.00 0.047 0.00294 1
0.00 0.00 -0.56 0.00 0.00 0.00 0.047 0.00294 1
0.00 0.00 -0.56 0.00 0.00 0.00 0.047 0.00294 1
0.00 0.00 -0.56 0.00 0.00 0.00 0.047 0.00294 1
0.00 0.00 -0.56 0.00 0.00 0.00 0.047 0.00294 1
0.00 0.00 -0.56 0.00 0.00 0.00 0.047 0.00294 1
0.00 0.00 -0.56 0.00 0.00 0.00 0.047 0.00294 1
0.00 0.00 -0.56 0.00 0.00 0.00 0.047 0.00294 1
0.00 0.00 -0.56 0.00 0.00 0.00 0.047 0.00294 1
0.00 0.00 -0.56 0.00 0.00 0.00 0.047 0.00294 1
0.00 0.00 -0.56 0.00 0.00 0.00 0.047 0.00294 1
0.00 0.00 -0.56 0.00 0.00 0.00 0.047 0.00294 1
0.00 0.00 -0.56 0.00 0.00 0.00 0.047 0.00294 1
0.00 0.00 -0.56 0.00 0.00 0.00 0.047 0.00294 1
0.00 0.00 -0.56 0.00 0.00 0.00 0.047 0.00294 1
0.00 0.00 -0.56 0.00 0.00 0.00 0.047 0.00294 1
0.00 0.00 -0.56 0.00 0.00 0.00 0.047 0.00294 1
0.00 0.00 -0.56 0.00 0.00 0.00 0.047 0.00294 1
0.00 0.00 -0.56 0.00 0.00 0.00 0.047 0.00294 1
0.00 0.00 -0.56 0.00 0.00 0.00 0.047 0.00294 1
0.00 0.00 -0.56 0.00 0.00 0.00 0.047 0.00294 1
0.00 0.00 -0.56 0.00 0.00 0.00 0.047 0.00294 1
0.00 0.00 -0.56 0.00 0.00 0.00 0.047 0.00294 1
0.00 0.00 -0.56 0.00 0.00 0.00 0.047 0.00294 1
0.00 0.00 -0.56 0.00 0.00 0.00 0.047 0.00294 1
0.00 0.00 -0.56 0.00 0.00 0.00 0.047 0.00294 1
0.00 0.00 -0.56 0.00 0.00 0.00 0.047 0.00294 1
0.00 0.00 -0.56 0.00 0.00 0.00 0.047 0.00294 1
0.00 0.00 -0.56 0.00 0.00 0.00 0.047 0.00294 1
0.00 0.00 -0.56 0.00 0.00 0.00 0.047 0.00294 1
0.00 0.00 -0.56 0.00 0.00 0.00 0.047 0.00294 1
0.00 0.00 -0.56 0.00 0.00 0.00 0.047 0.00294 1
0.00 0.00 -0.56 0.00 0.00 0.00 0.047 0.00294 1
0.00 0.00 -0.56 0.00 0.00 0.00 0.047 0.00294 1
0.00 0.00 -0.56 0.00 0.00 0.00 0.047 0.00294 1
0.00 0.00 -0.56 0.00 0.00 0.00 0.047 0.00294 1
0.00 0.00 -0.56 0.00 0.00 0.00 0.047 0.00294 1
0.00 0.00 -0.56 0.00 0.00 0.00 0.047 0.00294 1
0.00 0.00 -0.56 0.00 0.00 0.00 0.047 0.00294 1
0.00 0.00 -0.56 0.00 0.00 0.00 0.047 0.00294 1
0.00 0.00 -0.56 0.00 0.00 0.00 0.047 0.00294 1
0.00 0.00 -0.56 0.00 0.00 0.00 0.047 0.00294 1
0.00 0.00 -0.56 0.00 0.00 0.00 0.047 0.00294 1
0.00 0.00 -0.56 0.00 0.00 0.00 0.047 0.00294 1
0.00 0.00 -0.56 0.00 0.00 0.00 0.047 0.00294 1
0.00 0.00 -0.56 0.00 0.00 0.00 0.047 0.00294 1
0.00 0.00 -0.56 0.00 0.00 0.00 0.047 0.00294 1
0.00 0.00 -0.56 0.00 0.00 0.00 0.047 0.00294 1
0.00 0.00 -0.56 0.00 0.00 0.00 0.047 0.00294 1
0.00 0.00 -0.56 0.00 0.00 0.00 0.047 0.00294 1
0.00 0.00 -0.56 0.00 0.00 0.00 0.047 0.00294 1
0.00 0.00 -0.56 0.00 0.00 0.00 0.047 0.00294 1
0.00 0.00 -0.56 0.00 0.00 0.00 0.047 0.00294 1
0.00 0.00 -0.56 0.00 0.00 0.00 0.047 0.00294 1
0.00 0.00 -0.56 0.00 0.00 0.00 0.047 0.00294 1
0.00 0.00 -0.56 0.00 0.00 0.00 0.047 0.00294 1
0.00 0.00 -0.56 0.00 0.00 0.00 0.047 0.00294 1
0.00 0.00 -0.56 0.00 0.00 0.00 0.047 0.00294 1
0.00 0.00 -0.56 0.00 0.00 0.00 0.047 0.00294 1
0.00 0.00 -0.56 0.00 0.00 0.00 0.047 0.00294 1
0.00 0.00 -0.56 0.00 0.00 0.00 0.047 0.00294 1
0.00 0.00 -0.56 0.00 0.00 0.00 0.047 0.00294 1
0.00 0.00 -0.56 0.00 0.00 0.00 0.047 0.00294 1
0.00 0.00 -0.56 0.00 0.00 0.00 0.047 0.00294 1
0.00 0.00 -0.56 0.00 0.00 0.00 0.047 0.00294 1
0.00 0.00 -0.56 0.00 0.00 0.00 0.047 0.00294 1
0.00 0.00 -0.56 0.00 0.00 0.00 0.047 0.00294 1
0.00 0.00 -0.56 0.00 0.00 0.00 0.047 0.00294 1
0.00 0.00 -0.56 0.00 0.00 0.00 0.047 0.00294 1
0.00 0.00 -0.56 0.00 0.00 0.00 0.047 0.00294 1
0.00 0.00 -0.56 0.00 0.00 0.00 0.047 0.00294 1
0.00 0.00 -0.56 0.00 0.00 0.00 0.047 0.00294 1
0.00 0.00 -0.56 0.00 0.00 0.00 0.047 0.00294 1
0.00 0.00 -0.56 0.00 0.00 0.00 0.047 0.00294 1
0.00 0.00 -0.56 0.00 0.00 0.00 0.047 0.00294 1
0.00 0.00 -0.56 0.00 0.00 0.00 0.047 0.00294 1
0.00 0.00 -0.56 0.00 0.00 0.00 0.047 0.00294 1
0.00 0.00 -0.56 0.00 0.00 0.00 0.047 0.00294 1
0.00 0.00 -0.56 0.00 0.00 0.00 0.047 0.00294 1
0.00 0.00 -0.56 0.00 0.00 0.00 0.047 0.00294 1
0.00 0.00 -0.56 0.00 0.00 0.00 0.047 0.00294 1
0.00 0.00 -0.56 0.00 0.00 0.00 0.047 0.00294 1
0.00 0.00 -0.56 0.00 0.00 0.00 0.047 0.00294 1
0.00 0.00 -0.56 0.00 0.00 0.00 0.047 0.00294 1
0.00 0.00 -0.56 0.00 0.00 0.00 0.047 0.00294 1
0.00 0.00 -0.56 0.00 0.00 0.00 0.047 0.00294 1
0.00 0.00 -0.56 0.00 0.00 0.00 0.047 0.00294 1
0.00 0.00 -0.56 0.00 0.00 0.00 0.047 0.00294 1
0.00 0.00 -0.56 0.00 0.00 0.00 0.047 0.00294 1
0.00 0.00 -0.56 0.00 0.00 0.00 0.047 0.00294 1
0.00 0.00 -0.56 0.00 0.00 0.00 0.047 0.00294 1
0.00 0.00 -0.56 0.00 0.00 0.00 0.047 0.00294 1
0.00 0.00 -0.56 0.00 0.00 0.00 0.047 0.00294 1
0.00 0.00 -0.56 0.00 0.00 0.00 0.047 0.00294 1
0.00 0.00 -0.56 0.00 0.00 0.00 0.047 0.00294 1
0.00 0.00 -0.56 0.00 0.00 0.00 0.047 0.00294 1
0.00 0.00 -0.56 0.00 0.00 0.00 0.047 0.00294 1
0.00 0.00 -0.56 0.00 0.00 0.00 0.047 0.00294 1
0.00 0.00 -0.56 0.00 0.00 0.00 0.047 0.00294 1
0.00 0.00 -0.56 0.00 0.00 0.00 0.047 0.00294 1
0.00 0.00 -0.56 0.00 0.00 0.00 0.047 0.00294 1
0.00 0.00 -0.56 0.00 0.00 0.00 0.047 0.00294 1
0.00 0.00 -0.56 0.00 0.00 0.00 0.047 0.00294 1
0.00 0.00 -0.56 0.00 0.00 0.00 0.047 0.00294 1
0.00 0.00 -0.56 0.00 0.00 0.00 0.047 0.00294 1
0.00 0.00 -0.56 0.00 0.00 0.00 0.047 0.00294 1
0.00 0.00 -0.56 0.00 0.00 0.00 0.047 0.00294 1
0.00 0.00 -0.56 0.00 0.00 0.00 0.047 0.00294 1
0.00 0.00 -0.56 0.00 0.00 0.00 0.047 0.00294 1
0.00 0.00 -0.56 0.00 0.00 0.00 0.047 0.00294 1
0.00 0.00 -0.56 0.00 0.00 0.00 0.047 0.00294 1
0.00 0.00 -0.56 0.00 0.00 0.00 0.047 0.00294 1
0.00 0.00 -0.56 0.00 0.00 0.00 0.047 0.00294 1
0.00 0.00 -0.56 0.00 0.00 0.00 0.047 0.00294 1
0.00 0.00 -0.56 0.00 0.00 0.00 0.047 0.00294 1
0.00 0.00 -0.56 0.00 0.00 0.00 0.047 0.00294 1
0.00 0.00 -0.56 0.00 0.00 0.00 0.047 0.00294 1
0.00 0.00 -0.56 0.00 0.00 0.00 0.047 0.00294 1
0.00 0.00 -0.56 0.00 0.00 0.00 0.047 0.00294 1
0.00 0.00 -0.56 0.00 0.00 0.00 0.047 0.00294 1
0.00 0.00 -0.56 0.00 0.00 0.00 0.047 0.00294 1
0.00 0.00 -0.56 0.00 0.00 0.00 0.047 0.00294 1
0.00 0.00 -0.56 0.00 0.00 0.00 0.047 0.00294 1
0.00 0.00 -0.56 0.00 0.00 0.00 0.047 0.00294 1
0.00 0.00 -0.56 0.00 0.00 0.00 0.047 0.00294 1
0.00 0.00 -0.56 0.00 0.00 0.00 0.047 0.00294 1
0.00 0.00 -0.56 0.00 0.00 0.00 0.047 0.00294 1
0.00 0.00 -0.56 0.00 0.00 0.00 0.047 0.00294 1
0.00 0.00 -0.56 0.00 0.00 0.00 0.047 0.00294 1
0.00 0.00 -0.56 0.00 0.00 0.00 0.047 0.00294 1
0.00 0.00 -0.56 0.00 0.00 0.00 0.047 0.00294 1
0.00 0.00 -0.56 0.00 0.00 0.00 0.047 0.00294 1
0.00 0.00 -0.56 0.00 0.00 0.00 0.047 0.00294 1
0.00 0.00 -0.56 0.00 0.00 0.00 0.047 0.00294 1
0.00 0.00 -0.56 0.00 0.00 0.00 0.047 0.00294 1
0.00 0.00 -0.56 0.00 0.00 0.00 0.047 0.00294 1
0.00 0.00 -0.56 0.00 0.00 0.00 0.047 0.00294 1
0.00 0.00 -0.56 0.00 0.00 0.00 0.047 0.00294 1
0.00 0.00 -0.56 0.00 0.00 0.00 0.047 0.00294 1
0.00 0.00 -0.56 0.00 0.00 0.00 0.047 0.00294 1
0.00 0.00 -0.56 0.00 0.00 0.00 0.047 0.00294 1
0.00 0.00 -0.56 0.00 0.00 0.00 0.047 0.00294 1
0.00 0.00 -0.56 0.00 0.00 0.00 0.047 0.00294 1
0.00 0.00 -0.56 0.00 0.00 0.00 0.047 0.00294 1
0.00 0.00 -0.56 0.00 0.00 0.00 0.047 0.00294 1
0.00 0.00 -0.56 0.00 0.00 0.00 0.047 0.00294 1
0.00 0.00 -0.56 0.00 0.00 0.00 0.047 0.00294 1
0.00 0.00 -0.56 0.00 0.00 0.00 0.047 0.00294 1
0.00 0.00 -0.56 0.00 0.00 0.00 0.047 0.00294 1
0.00 0.00 -0.56 0.00 0.00 0.00 0.047 0.00294 1
0.00 0.00 -0.56 0.00 0.00 0.00 0.047 0.00294 1
0.00 0.00 -0.56 0.00 0.00 0.00 0.047 0.00294 1
0.00 0.00 -0.56 0.00 0.00 0.00 0.047 0.00294 1
0.00 0.00 -0.56 0.00 0.00 0.00 0.047 0.00294 1
0.00 0.00 -0.56 0.00 0.00 0.00 0.047 0.00294 1
0.00 0.00 -0.56 0.00 0.00 0.00 0.047 0.00294 1
0.00 0.00 -0.56 0.00 0.00 0.00 0.047 0.00294 1
0.00 0.00 -0.56 0.00 0.00 0.00 0.047 0.00294 1
0.00 0.00 -0.56 0.00 0.00 0.00 0.047 0.00294 1
0.00 0.00 -0.56 0.00 0.00 0.00 0.047 0.00294 1
0.00 0.00 -0.56 0.00 0.00 0.00 0.047 0.00294 1
0.00 0.00 -0.56 0.00 0.00 0.00 0.047 0.00294 1
0.00 0.00 -0.56 0.00 0.00 0.00 0.047 0.00294 1
0.00 0.00 -0.56 0.00 0.00 0.00 0.047 0.00294 1
0.00 0.00 -0.56 0.00 0.00 0.00 0.047 0.00294 1
0.00 0.00 -0.56 0.00 0.00 0.00 0.047 0.00294 1
0.00 0.00 -0.56 0.00 0.00 0.00 0.047 0.00294 1
0.00 0.00 -0.56 0.00 0.00 0.00 0.047 0.00294 1
0.00 0.00 -0.56 0.00 0.00 0.00 0.047 0.00294 1
0.00 0.00 -0.56 0.00 0.00 0.00 0.047 0.00294 1
0.00 0.00 -0.56 0.00 0.00 0.00 0.047 0.00294 1
0.00 0.00 -0.56 0.00 0.00 0.00 0.047 0.00294 1
0.00 0.00 -0.56 0.00 0.00 0.00 0.047 0.00294 1
0.00 0.00 -0.56 0.00 0.00 0.00 0.047 0.00294 1
0.00 0.00 -0.56 0.00 0.00 0.00 0.047 0.00294 1
0.00 0.00 -0.56 0.00 0.00 0.00 0.047 0.00294 1
0.00 0.00 -0.56 0.00 0.00 0.00 0.047 0.00294 1
0.00 0.00 -0.56 0.00 0.00 0.00 0.047 0.00294 1
0.00 0.00 -0.56 0.00 0.00 0.00 0.047 0.00294 1
0.00 0.00 -0.56 0.00 0.00 0.00 0.047 0.00294 1
0.00 0.00 -0.56 0.00 0.00 0.00 0.047 0.00294 1
0.00 0.00 -0.56 0.00 0.00 0.00 0.047 0.00294 1
0.00 0.00 -0.56 0.00 0.00 0.00 0.047 0.00294 1
0.00 0.00 -0.56 0.00 0.00 0.00 0.047 0.00294 1
0.00 0.00 -0.56 0.00 0.00 0.00 0.047 0.00294 1
0.00 0.00 -0.56 0.00 0.00 0.00 0.047 0.00294 1
0.00 0.00 -0.56 0.00 0.00 0.00 0.047 0.00294 1
0.00 0.00 -0.56 0.00 0.00 0.00 0.047 0.00294 1
0.00 0.00 -0.56 0.00 0.00 0.00 0.047 0.00294 1
0.00 0.00 -0.56 0.00 0.00 0.00 0.047 0.00294 1
0.00 0.00 -0.56 0.00 0.00 0.00 0.047 0.00294 1
0.00 0.00 -0.56 0.00 0.00 0.00 0.047 0.00294 1
0.00 0.00 -0.56 0.00 0.00 0.00 0.047 0.00294 1
0.00 0.00 -0.56 0.00 0.00 0.00 0.047 0.00294 1
0.00 0.00 -0.56 0.00 0.00 0.00 0.047 0.00294 1
0.00 0.00 -0.56 0.00 0.00 0.00 0.047 0.00294 1
0.00 0.00 -0.56 0.00 0.00 0.00 0.047 0.00294 1
0.00 0.00 -0.56 0.00 0.00 0.00 0.047 0.00294 1
0.00 0.00 -0.56 0.00 0.00 0.00 0.047 0.00294 1
0.00 0.00 -0.56 0.00 0.00 0.00 0.047 0.00294 1
0.00 0.00 -0.56 0.00 0.00 0.00 0.047 0.00294 1
0.00 0.00 -0.56 0.00 0.00 0.00 0.047 0.00294 1
0.00 0.00 -0.56 0.00 0.00 0.00 0.047 0.00294 1
0.00 0.00 -0.56 0.00 0.00 0.00 0.047 0.00294 1
0.00 0.00 -0.56 0.00 0.00 0.00 0.047 0.00294 1
0.00 0.00 -0.56 0.00 0.00 0.00 0.047 0.00294 1
0.00 0.00 -0.56 0.00 0.00 0.00 0.047 0.00294 1
0.00 0.00 -0.56 0.00 0.00 0.00 0.047 0.00294 1
0.00 0.00 -0.56 0.00 0.00 0.00 0.047 0.00294 1
0.00 0.00 -0.56 0.00 0.00 0.00 0.047 0.00294 1
0.00 0.00 -0.56 0.00 0.00 0.00 0.047 0.00294 1
0.00 0.00 -0.56 0.00 0.00 0.00 0.047 0.00294 1
0.00 0.00 -0.56 0.00 0.00 0.00 0.047 0.00294 1
0.00 0.00 -0.56 0.00 0.00 0.00 0.047 0.00294 1
0.00 0.00 -0.56 0.00 0.00 0.00 0.047 0.00294 1
0.00 0.00 -0.56 0.00 0.00 0.00 0.047 0.00294 1
0.00 0.00 -0.56 0.00 0.00 0.00 0.047 0.00294 1
0.00 0.00 -0.56 0.00 0.00 0.00 0.047 0.00294 1
0.00 0.00 -0.56 0.00 0.00 0.00 0.047 0.00294 1
0.00 0.00 -0.56 0.00 0.00 0.00 0.047 0.00294 1
0.00 0.00 -0.56 0.00 0.00 0.00 0.047 0.00294 1
0.00 0.00 -0.56 0.00 0.00 0.00 0.047 0.00294 1
0.00 0.00 -0.56 0.00 0.00 0.00 0.047 0.00294 1
0.00 0.00 -0.56 0.00 0.00 0.00 0.047 0.00294 1
0.00 0.00 -0.56 0.00 0.00 0.00 0.047 0.00294 1
0.00 0.00 -0.56 0.00 0.00 0.00 0.047 0.00294 1
0.00 0.00 -0.56 0.00 0.00 0.00 0.047 0.00294 1
0.00 0.00 -0.56 0.00 0.00 0.00 0.047 0.00294 1
0.00 0.00 -0.56 0.00 0.00 0.00 0.047 0.00294 1
0.00 0.00 -0.56 0.00 0.00 0.00 0.047 0.00294 1
0.00 0.00 -0.56 0.00 0.00 0.00 0.047 0.00294 1
0.00 0.00 -0.56 0.00 0.00 0.00 0.047 0.00294 1
0.00 0.00 -0.56 0.00 0.00 0.00 0.047 0.00294 1
0.00 0.00 -0.56 0.00 0.00 0.00 0.047 0.00294 1
0.00 0.00 -0.56 0.00 0.00 0.00 0.047 0.00294 1
0.00 0.00 -0.56 0.00 0.00 0.00 0.047 0.00294 1
0.00 0.00 -0.56 0.00 0.00 0.00 0.047 0.00294 1
0.00 0.00 -0.56 0.00 0.00 0.00 0.047 0.00294 1
0.00 0.00 -0.56 0.00 0.00 0.00 0.047 0.00294 1
0.00 0.00 -0.56 0.00 0.00 0.00 0.047 0.00294 1
0.00 0.00 -0.56 0.00 0.00 0.00 0.047 0.00294 1
0.00 0.00 -0.56 0.00 0.00 0.00 0.047 0.00294 1
0.00 0.00 -0.56 0.00 0.00 0.00 0.047 0.00294 1
0.00 0.00 -0.56 0.00 0.00 0.00 0.047 0.00294 1
0.00 0.00 -0.56 0.00 0.00 0.00 0.047 0.00294 1
0.00 0.00 -0.56 0.00 0.00 0.00 0.047 0.00294 1
0.00 0.00 -0.56 0.00 0.00 0.00 0.047 0.00294 1
0.00 0.00 -0.56 0.00 0.00 0.00 0.047 0.00294 1
0.00 0.00 -0.56 0.00 0.00 0.00 0.047 0.00294 1
0.00 0.00 -0.56 0.00 0.00 0.00 0.047 0.00294 1
0.00 0.00 -0.56 0.00 0.00 0.00 0.047 0.00294 1
0.00 0.00 -0.56 0.00 0.00 0.00 0.047 0.00294 1
0.00 0.00 -0.56 0.00 0.00 0.00 0.047 0.00294 1
0.00 0.00 -0.56 0.00 0.00 0.00 0.047 0.00294 1
0.00 0.00 -0.56 0.00 0.00 0.00 0.047 0.00294 1
0.00 0.00 -0.56 0.00 0.00 0.00 0.047 0.00294 1
0.00 0.00 -0.56 0.00 0.00 0.00 0.047 0.00294 1
0.00 0.00 -0.56 0.00 0.00 0.00 0.047 0.00294 1
0.00 0.00 -0.56 0.00 0.00 0.00 0.047 0.00294 1
0.00 0.00 -0.56 0.00 0.00 0.00 0.047 0.00294 1
0.00 0.00 -0.56 0.00 0.00 0.00 0.047 0.00294 1
0.00 0.00 -0.56 0.00 0.00 0.00 0.047 0.00294 1
0.00 0.00 -0.56 0.00 0.00 0.00 0.047 0.00294 1
0.00 0.00 -0.56 0.00 0.00 0.00 0.047 0.00294 1
0.00 0.00 -0.56 0.00 0.00 0.00 0.047 0.00294 1
0.00 0.00 -0.56 0.00 0.00 0.00 0.047 0.00294 1
0.00 0.00 -0.56 0.00 0.00 0.00 0.047 0.00294 1
0.00 0.00 -0.56 0.00 0.00 0.00 0.047 0.00294 1
0.00 0.00 -0.56 0.00 0.00 0.00 0.047 0.00294 1
0.00 0.00 -0.56 0.00 0.00 0.00 0.047 0.00294 1
0.00 0.00 -0.56 0.00 0.00 0.00 0.047 0.00294 1
0.00 0.00 -0.56 0.00 0.00 0.00 0.047 0.00294 1
0.00 0.00 -0.56 0.00 0.00 0.00 0.047 0.00294 1
0.00 0.00 -0.56 0.00 0.00 0.00 0.047 0.00294 1
0.00 0.00 -0.56 0.00 0.00 0.00 0.047 0.00294 1
0.00 0.00 -0.56 0.00 0.00 0.00 0.047 0.00294 1
0.00 0.00 -0.56 0.00 0.00 0.00 0.047 0.00294 1
0.00 0.00 -0.56 0.00 0.00 0.00 0.047 0.00294 1
0.00 0.00 -0.56 0.00 0.00 0.00 0.047 0.00294 1
0.00 0.00 -0.56 0.00 0.00 0.00 0.047 0.00294 1
0.00 0.00 -0.56 0.00 0.00 0.00 0.047 0.00294 1
0.00 0.00 -0.56 0.00 0.00 0.00 0.047 0.00294 1
0.00 0.00 -0.56 0.00 0.00 0.00 0.047 0.00294 1
0.00 0.00 -0.56 0.00 0.00 0.00 0.047 0.00294 1
0.00 0.00 -0.56 0.00 0.00 0.00 0.047 0.00294 1
0.00 0.00 -0.56 0.00 0.00 0.00 0.047 0.00294 1
0.00 0.00 -0.56 0.00 0.00 0.00 0.047 0.00294 1
0.00 0.00 -0.56 0.00 0.00 0.00 0.047 0.00294 1
0.00 0.00 -0.56 0.00 0.00 0.00 0.047 0.00294 1
0.00 0.00 -0.56 0.00 0.00 0.00 0.047 0.00294 1
0.00 0.00 -0.56 0.00 0.00 0.00 0.047 0.00294 1
0.00 0.00 -0.56 0.00 0.00 0.00 0.047 0.00294 1
0.00 0.00 -0.56 0.00 0.00 0.00 0.047 0.00294 1
0.00 0.00 -0.56 0.00 0.00 0.00 0.047 0.00294 1
0.00 0.00 -0.56 0.00 0.00 0.00 0.047 0.00294 1
0.00 0.00 -0.56 0.00 0.00 0.00 0.047 0.00294 1
0.00 0.00 -0.56 0.00 0.00 0.00 0.047 0.00294 1
0.00 0.00 -0.56 0.00 0.00 0.00 0.047 0.00294 1
0.00 0.00 -0.56 0.00 0.00 0.00 0.047 0.00294 1
0.00 0.00 -0.56 0.00 0.00 0.00 0.047 0.00294 1
0.00 0.00 -0.56 0.00 0.00 0.00 0.047 0.00294 1
0.00 0.00 -0.56 0.00 0.00 0.00 0.047 0.00294 1
0.00 0.00 -0.56 0.00 0.00 0.00 0.047 0.00294 1
0.00 0.00 -0.56 0.00 0.00 0.00 0.047 0.00294 1
0.00 0.00 -0.56 0.00 0.00 0.00 0.047 0.00294 1
0.00 0.00 -0.56 0.00 0.00 0.00 0.047 0.00294 1
0.00 0.00 -0.56 0.00 0.00 0.00 0.047 0.00294 1
0.00 0.00 -0.56 0.00 0.00 0.00 0.047 0.00294 1
0.00 0.00 -0.56 0.00 0.00 0.00 0.047 0.00294 1
0.00 0.00 -0.56 0.00 0.00 0.00 0.047 0.00294 1
0.00 0.00 -0.56 0.00 0.00 0.00 0.047 0.00294 1
0.00 0.00 -0.56 0.00 0.00 0.00 0.047 0.00294 1
0.00 0.00 -0.56 0.00 0.00 0.00 0.047 0.00294 1
0.00 0.00 -0.56 0.00 0.00 0.00 0.047 0.00294 1
0.00 0.00 -0.56 0.00 0.00 0.00 0.047 0.00294 1
0.00 0.00 -0.56 0.00 0.00 0.00 0.047 0.00294 1
0.00 0.00 -0.56 0.00 0.00 0.00 0.047 0.00294 1
0.00 0.00 -0.56 0.00 0.00 0.00 0.047 0.00294 1
0.00 0.00 -0.56 0.00 0.00 0.00 0.047 0.00294 1
0.00 0.00 -0.56 0.00 0.00 0.00 0.047 0.00294 1
0.00 0.00 -0.56 0.00 0.00 0.00 0.047 0.00294 1
0.00 0.00 -0.56 0.00 0.00 0.00 0.047 0.00294 1
0.00 0.00 -0.56 0.00 0.00 0.00 0.047 0.00294 1
0.00 0.00 -0.56 0.00 0.00 0.00 0.047 0.00294 1
0.00 0.00 -0.56 0.00 0.00 0.00 0.047 0.00294 1
0.00 0.00 -0.56 0.00 0.00 0.00 0.047 0.00294 1
0.00 0.00 -0.56 0.00 0.00 0.00 0.047 0.00294 1
0.00 0.00 -0.56 0.00 0.00 0.00 0.047 0.00294 1
0.00 0.00 -0.56 0.00 0.00 0.00 0.047 0.00294 1
0.00 0.00 -0.56 0.00 0.00 0.00 0.047 0.00294 1
0.00 0.00 -0.56 0.00 0.00 0.00 0.047 0.00294 1
0.00 0.00 -0.56 0.00 0.00 0.00 0.047 0.00294 1
0.00 0.00 -0.56 0.00 0.00 0.00 0.047 0.00294 1
0.00 0.00 -0.56 0.00 0.00 0.00 0.047 0.00294 1
0.00 0.00 -0.56 0.00 0.00 0.00 0.047 0.00294 1
0.00 0.00 -0.56 0.00 0.00 0.00 0.047 0.00294 1
0.00 0.00 -0.56 0.00 0.00 0.00 0.047 0.00294 1
0.00 0.00 -0.56 0.00 0.00 0.00 0.047 0.00294 1
0.00 0.00 -0.56 0.00 0.00 0.00 0.047 0.00294 1
0.00 0.00 -0.56 0.00 0.00 0.00 0.047 0.00294 1
0.00 0.00 -0.56 0.00 0.00 0.00 0.047 0.00294 1
0.00 0.00 -0.56 0.00 0.00 0.00 0.047 0.00294 1
0.00 0.00 -0.56 0.00 0.00 0.00 0.047 0.00294 1
0.00 0.00 -0.56 0.00 0.00 0.00 0.047 0.00294 1
0.00 0.00 -0.56 0.00 0.00 0.00 0.047 0.00294 1
0.00 0.00 -0.56 0.00 0.00 0.00 0.047 0.00294 1
0.00 0.00 -0.56 0.00 0.00 0.00 0.047 0.00294 1
0.00 0.00 -0.56 0.00 0.00 0.00 0.047 0.00294 1
0.00 0.00 -0.56 0.00 0.00 0.00 0.047 0.00294 1
0.00 0.00 -0.56 0.00 0.00 0.00 0.047 0.00294 1
0.00 0.00 -0.56 0.00 0.00 0.00 0.047 0.00294 1
0.00 0.00 -0.56 0.00 0.00 0.00 0.047 0.00294 1
0.00 0.00 -0.56 0.00 0.00 0.00 0.047 0.00294 1
0.00 0.00 -0.56 0.00 0.00 0.00 0.047 0.00294 1
0.00 0.00 -0.56 0.00 0.00 0.00 0.047 0.00294 1
0.00 0.00 -0.56 0.00 0.00 0.00 0.047 0.00294 1
0.00 0.00 -0.56 0.00 0.00 0.00 0.047 0.00294 1
0.00 0.00 -0.56 0.00 0.00 0.00 0.047 0.00294 1
0.00 0.00 -0.56 0.00 0.00 0.00 0.047 0.00294 1
0.00 0.00 -0.56 0.00 0.00 0.00 0.047 0.00294 1
0.00 0.00 -0.56 0.00 0.00 0.00 0.047 0.00294 1
0.00 0.00 -0.56 0.00 0.00 0.00 0.047 0.00294 1
0.00 0.00 -0.56 0.00 0.00 0.00 0.047 0.00294 1
0.00 0.00 -0.56 0.00 0.00 0.00 0.047 0.00294 1
0.00 0.00 -0.56 0.00 0.00 0.00 0.047 0.00294 1
0.00 0.00 -0.56 0.00 0.00 0.00 0.047 0.00294 1
0.00 0.00 -0.56 0.00 0.00 0.00 0.047 0.00294 1
0.00 0.00 -0.56 0.00 0.00 0.00 0.047 0.00294 1
0.00 0.00 -0.56 0.00 0.00 0.00 0.047 0.00294 1
0.00 0.00 -0.56 0.00 0.00 0.00 0.047 0.00294 1
0.00 0.00 -0.56 0.00 0.00 0.00 0.047 0.00294 1
0.00 0.00 -0.56 0.00 0.00 0.00 0.047 0.00294 1
0.00 0.00 -0.56 0.00 0.00 0.00 0.047 0.00294 1
0.00 0.00 -0.56 0.00 0.00 0.00 0.047 0.00294 1
0.00 0.00 -0.56 0.00 0.00 0.00 0.047 0.00294 1
0.00 0.00 -0.56 0.00 0.00 0.00 0.047 0.00294 1
0.00 0.00 -0.56 0.00 0.00 0.00 0.047 0.00294 1
0.00 0.00 -0.56 0.00 0.00 0.00 0.047 0.00294 1
0.00 0.00 -0.56 0.00 0.00 0.00 0.047 0.00294 1
0.00 0.00 -0.56 0.00 0.00 0.00 0.047 0.00294 1
0.00 0.00 -0.56 0.00 0.00 0.00 0.047 0.00294 1
0.00 0.00 -0.56 0.00 0.00 0.00 0.047 0.00294 1
0.00 0.00 -0.56 0.00 0.00 0.00 0.047 0.00294 1
0.00 0.00 -0.56 0.00 0.00 0.00 0.047 0.00294 1
0.00 0.00 -0.56 0.00 0.00 0.00 0.047 0.00294 1
0.00 0.00 -0.56 0.00 0.00 0.00 0.047 0.00294 1
0.00 0.00 -0.56 0.00 0.00 0.00 0.047 0.00294 1
0.00 0.00 -0.56 0.00 0.00 0.00 0.047 0.00294 1
0.00 0.00 -0.56 0.00 0.00 0.00 0.047 0.00294 1
0.00 0.00 -0.56 0.00 0.00 0.00 0.047 0.00294 1
0.00 0.00 -0.56 0.00 0.00 0.00 0.047 0.00294 1
0.00 0.00 -0.56 0.00 0.00 0.00 0.047 0.00294 1
0.00 0.00 -0.56 0.00 0.00 0.00 0.047 0.00294 1
0.00 0.00 -0.56 0.00 0.00 0.00 0.047 0.00294 1
0.00 0.00 -0.56 0.00 0.00 0.00 0.047 0.00294 1
0.00 0.00 -0.56 0.00 0.00 0.00 0.047 0.00294 1
0.00 0.00 -0.56 0.00 0.00 0.00 0.047 0.00294 1
0.00 0.00 -0.56 0.00 0.00 0.00 0.047 0.00294 1
0.00 0.00 -0.56 0.00 0.00 0.00 0.047 0.00294 1
0.00 0.00 -0.56 0.00 0.00 0.00 0.047 0.00294 1
0.00 0.00 -0.56 0.00 0.00 0.00 0.047 0.00294 1
0.00 0.00 -0.56 0.00 0.00 0.00 0.047 0.00294 1
0.00 0.00 -0.56 0.00 0.00 0.00 0.047 0.00294 1
0.00 0.00 -0.56 0.00 0.00 0.00 0.047 0.00294 1
0.00 0.00 -0.56 0.00 0.00 0.00 0.047 0.00294 1
0.00 0.00 -0.56 0.00 0.00 0.00 0.047 0.00294 1
0.00 0.00 -0.56 0.00 0.00 0.00 0.047 0.00294 1
0.00 0.00 -0.56 0.00 0.00 0.00 0.047 0.00294 1
0.00 0.00 -0.56 0.00 0.00 0.00 0.047 0.00294 1
0.00 0.00 -0.56 0.00 0.00 0.00 0.047 0.00294 1
0.00 0.00 -0.56 0.00 0.00 0.00 0.047 0.00294 1
0.00 0.00 -0.56 0.00 0.00 0.00 0.047 0.00294 1
0.00 0.00 -0.56 0.00 0.00 0.00 0.047 0.00294 1
0.00 0.00 -0.56 0.00 0.00 0.00 0.047 0.00294 1
0.00 0.00 -0.56 0.00 0.00 0.00 0.047 0.00294 1
0.00 0.00 -0.56 0.00 0.00 0.00 0.047 0.00294 1
0.00 0.00 -0.56 0.00 0.00 0.00 0.047 0.00294 1
0.00 0.00 -0.56 0.00 0.00 0.00 0.047 0.00294 1
0.00 0.00 -0.56 0.00 0.00 0.00 0.047 0.00294 1
0.00 0.00 -0.56 0.00 0.00 0.00 0.047 0.00294 1
0.00 0.00 -0.56 0.00 0.00 0.00 0.047 0.00294 1
0.00 0.00 -0.56 0.00 0.00 0.00 0.047 0.00294 1
0.00 0.00 -0.56 0.00 0.00 0.00 0.047 0.00294 1
0.00 0.00 -0.56 0.00 0.00 0.00 0.047 0.00294 1
0.00 0.00 -0.56 0.00 0.00 0.00 0.047 0.00294 1
0.00 0.00 -0.56 0.00 0.00 0.00 0.047 0.00294 1
0.00 0.00 -0.56 0.00 0.00 0.00 0.047 0.00294 1
0.00 0.00 -0.56 0.00 0.00 0.00 0.047 0.00294 1
0.00 0.00 -0.56 0.00 0.00 0.00 0.047 0.00294 1
0.00 0.00 -0.56 0.00 0.00 0.00 0.047 0.00294 1
0.00 0.00 -0.56 0.00 0.00 0.00 0.047 0.00294 1
0.00 0.00 -0.56 0.00 0.00 0.00 0.047 0.00294 1
0.00 0.00 -0.56 0.00 0.00 0.00 0.047 0.00294 1
0.00 0.00 -0.56 0.00 0.00 0.00 0.047 0.00294 1
0.00 0.00 -0.56 0.00 0.00 0.00 0.047 0.00294 1
0.00 0.00 -0.56 0.00 0.00 0.00 0.047 0.00294 1
0.00 0.00 -0.56 0.00 0.00 0.00 0.047 0.00294 1
0.00 0.00 -0.56 0.00 0.00 0.00 0.047 0.00294 1
0.00 0.00 -0.56 0.00 0.00 0.00 0.047 0.00294 1
0.00 0.00 -0.56 0.00 0.00 0.00 0.047 0.00294 1
0.00 0.00 -0.56 0.00 0.00 0.00 0.047 0.00294 1
0.00 0.00 -0.56 0.00 0.00 0.00 0.047 0.00294 1
0.00 0.00 -0.56 0.00 0.00 0.00 0.047 0.00294 1
0.00 0.00 -0.56 0.00 0.00 0.00 0.047 0.00294 1
0.00 0.00 -0.56 0.00 0.00 0.00 0.047 0.00294 1
0.00 0.00 -0.56 0.00 0.00 0.00 0.047 0.00294 1
0.00 0.00 -0.56 0.00 0.00 0.00 0.047 0.00294 1
0.00 0.00 -0.56 0.00 0.00 0.00 0.047 0.00294 1
0.00 0.00 -0.56 0.00 0.00 0.00 0.047 0.00294 1
0.00 0.00 -0.56 0.00 0.00 0.00 0.047 0.00294 1
0.00 0.00 -0.56 0.00 0.00 0.00 0.047 0.00294 1
0.00 0.00 -0.56 0.00 0.00 0.00 0.047 0.00294 1
0.00 0.00 -0.56 0.00 0.00 0.00 0.047 0.00294 1
0.00 0.00 -0.56 0.00 0.00 0.00 0.047 0.00294 1
0.00 0.00 -0.56 0.00 0.00 0.00 0.047 0.00294 1
0.00 0.00 -0.56 0.00 0.00 0.00 0.047 0.00294 1
0.00 0.00 -0.56 0.00 0.00 0.00 0.047 0.00294 1
0.00 0.00 -0.56 0.00 0.00 0.00 0.047 0.00294 1
0.00 0.00 -0.56 0.00 0.00 0.00 0.047 0.00294 1
0.00 0.00 -0.56 0.00 0.00 0.00 0.047 0.00294 1
0.00 0.00 -0.56 0.00 0.00 0.00 0.047 0.00294 1
0.00 0.00 -0.56 0.00 0.00 0.00 0.047 0.00294 1
0.00 0.00 -0.56 0.00 0.00 0.00 0.047 0.00294 1
0.00 0.00 -0.56 0.00 0.00 0.00 0.047 0.00294 1
0.00 0.00 -0.56 0.00 0.00 0.00 0.047 0.00294 1
0.00 0.00 -0.56 0.00 0.00 0.00 0.047 0.00294 1
0.00 0.00 -0.56 0.00 0.00 0.00 0.047 0.00294 1
0.00 0.00 -0.56 0.00 0.00 0.00 0.047 0.00294 1
0.00 0.00 -0.56 0.00 0.00 0.00 0.047 0.00294 1
0.00 0.00 -0.56 0.00 0.00 0.00 0.047 0.00294 1
0.00 0.00 -0.56 0.00 0.00 0.00 0.047 0.00294 1
0.00 0.00 -0.56 0.00 0.00 0.00 0.047 0.00294 1
0.00 0.00 -0.56 0.00 0.00 0.00 0.047 0.00294 1
0.00 0.00 -0.56 0.00 0.00 0.00 0.047 0.00294 1
0.00 0.00 -0.56 0.00 0.00 0.00 0.047 0.00294 1
0.00 0.00 -0.56 0.00 0.00 0.00 0.047 0.00294 1
0.00 0.00 -0.56 0.00 0.00 0.00 0.047 0.00294 1
0.00 0.00 -0.56 0.00 0.00 0.00 0.047 0.00294 1
0.00 0.00 -0.56 0.00 0.00 0.00 0.047 0.00294 1
0.00 0.00 -0.56 0.00 0.00 0.00 0.047 0.00294 1
0.00 0.00 -0.56 0.00 0.00 0.00 0.047 0.00294 1
0.00 0.00 -0.56 0.00 0.00 0.00 0.047 0.00294 1
0.00 0.00 -0.56 0.00 0.00 0.00 0.047 0.00294 1
0.00 0.00 -0.56 0.00 0.00 0.00 0.047 0.00294 1
0.00 0.00 -0.56 0.00 0.00 0.00 0.047 0.00294 1
0.00 0.00 -0.56 0.00 0.00 0.00 0.047 0.00294 1
0.00 0.00 -0.56 0.00 0.00 0.00 0.047 0.00294 1
0.00 0.00 -0.56 0.00 0.00 0.00 0.047 0.00294 1
0.00 0.00 -0.56 0.00 0.00 0.00 0.047 0.00294 1
0.00 0.00 -0.56 0.00 0.00 0.00 0.047 0.00294 1
0.00 0.00 -0.56 0.00 0.00 0.00 0.047 0.00294 1
0.00 0.00 -0.56 0.00 0.00 0.00 0.047 0.00294 1
0.00 0.00 -0.56 0.00 0.00 0.00 0.047 0.00294 1
0.00 0.00 -0.56 0.00 0.00 0.00 0.047 0.00294 1
0.00 0.00 -0.56 0.00 0.00 0.00 0.047 0.00294 1
0.00 0.00 -0.56 0.00 0.00 0.00 0.047 0.00294 1
0.00 0.00 -0.56 0.00 0.00 0.00 0.047 0.00294 1
0.00 0.00 -0.56 0.00 0.00 0.00 0.047 0.00294 1
0.00 0.00 -0.56 0.00 0.00 0.00 0.047 0.00294 1
0.00 0.00 -0.56 0.00 0.00 0.00 0.047 0.00294 1
0.00 0.00 -0.56 0.00 0.00 0.00 0.047 0.00294 1
0.00 0.00 -0.56 0.00 0.00 0.00 0.047 0.00294 1
0.00 0.00 -0.56 0.00 0.00 0.00 0.047 0.00294 1
0.00 0.00 -0.56 0.00 0.00 0.00 0.047 0.00294 1
0.00 0.00 -0.56 0.00 0.00 0.00 0.047 0.00294 1
0.00 0.00 -0.56 0.00 0.00 0.00 0.047 0.00294 1
0.00 0.00 -0.56 0.00 0.00 0.00 0.047 0.00294 1
0.00 0.00 -0.56 0.00 0.00 0.00 0.047 0.00294 1
0.00 0.00 -0.56 0.00 0.00 0.00 0.047 0.00294 1
0.00 0.00 -0.56 0.00 0.00 0.00 0.047 0.00294 1
0.00 0.00 -0.56 0.00 0.00 0.00 0.047 0.00294 1
0.00 0.00 -0.56 0.00 0.00 0.00 0.047 0.00294 1
0.00 0.00 -0.56 0.00 0.00 0.00 0.047 0.00294 1
0.00 0.00 -0.56 0.00 0.00 0.00 0.047 0.00294 1
0.00 0.00 -0.56 0.00 0.00 0.00 0.047 0.00294 1
0.00 0.00 -0.56 0.00 0.00 0.00 0.047 0.00294 1
0.00 0.00 -0.56 0.00 0.00 0.00 0.047 0.00294 1
0.00 0.00 -0.56 0.00 0.00 0.00 0.047 0.00294 1
0.00 0.00 -0.56 0.00 0.00 0.00 0.047 0.00294 1
0.00 0.00 -0.56 0.00 0.00 0.00 0.047 0.00294 1
0.00 0.00 -0.56 0.00 0.00 0.00 0.047 0.00294 1
0.00 0.00 -0.56 0.00 0.00 0.00 0.047 0.00294 1
0.00 0.00 -0.56 0.00 0.00 0.00 0.047 0.00294 1
0.00 0.00 -0.56 0.00 0.00 0.00 0.047 0.00294 1
0.00 0.00 -0.56 0.00 0.00 0.00 0.047 0.00294 1
0.00 0.00 -0.56 0.00 0.00 0.00 0.047 0.00294 1
0.00 0.00 -0.56 0.00 0.00 0.00 0.047 0.00294 1
0.00 0.00 -0.56 0.00 0.00 0.00 0.047 0.00294 1
0.00 0.00 -0.56 0.00 0.00 0.00 0.047 0.00294 1
0.00 0.00 -0.56 0.00 0.00 0.00 0.047 0.00294 1
0.00 0.00 -0.56 0.00 0.00 0.00 0.047 0.00294 1
0.00 0.00 -0.56 0.00 0.00 0.00 0.047 0.00294 1
0.00 0.00 -0.56 0.00 0.00 0.00 0.047 0.00294 1
0.00 0.00 -0.56 0.00 0.00 0.00 0.047 0.00294 1
0.00 0.00 -0.56 0.00 0.00 0.00 0.047 0.00294 1
0.00 0.00 -0.56 0.00 0.00 0.00 0.047 0.00294 1
0.00 0.00 -0.56 0.00 0.00 0.00 0.047 0.00294 1
0.00 0.00 -0.56 0.00 0.00 0.00 0.047 0.00294 1
0.00 0.00 -0.56 0.00 0.00 0.00 0.047 0.00294 1
0.00 0.00 -0.56 0.00 0.00 0.00 0.047 0.00294 1
0.00 0.00 -0.56 0.00 0.00 0.00 0.047 0.00294 1
0.00 0.00 -0.56 0.00 0.00 0.00 0.047 0.00294 1
0.00 0.00 -0.56 0.00 0.00 0.00 0.047 0.00294 1
0.00 0.00 -0.56 0.00 0.00 0.00 0.047 0.00294 1
0.00 0.00 -0.56 0.00 0.00 0.00 0.047 0.00294 1
0.00 0.00 -0.56 0.00 0.00 0.00 0.047 0.00294 1
0.00 0.00 -0.56 0.00 0.00 0.00 0.047 0.00294 1
0.00 0.00 -0.56 0.00 0.00 0.00 0.047 0.00294 1
0.00 0.00 -0.56 0.00 0.00 0.00 0.047 0.00294 1
0.00 0.00 -0.56 0.00 0.00 0.00 0.047 0.00294 1
0.00 0.00 -0.56 0.00 0.00 0.00 0.047 0.00294 1
0.00 0.00 -0.56 0.00 0.00 0.00 0.047 0.00294 1
0.00 0.00 -0.56 0.00 0.00 0.00 0.047 0.00294 1
0.00 0.00 -0.56 0.00 0.00 0.00 0.047 0.00294 1
0.00 0.00 -0.56 0.00 0.00 0.00 0.047 0.00294 1
0.00 0.00 -0.56 0.00 0.00 0.00 0.047 0.00294 1
0.00 0.00 -0.56 0.00 0.00 0.00 0.047 0.00294 1
0.00 0.00 -0.56 0.00 0.00 0.00 0.047 0.00294 1
0.00 0.00 -0.56 0.00 0.00 0.00 0.047 0.00294 1
0.00 0.00 -0.56 0.00 0.00 0.00 0.047 0.00294 1
0.00 0.00 -0.56 0.00 0.00 0.00 0.047 0.00294 1
0.00 0.00 -0.56 0.00 0.00 0.00 0.047 0.00294 1
0.00 0.00 -0.56 0.00 0.00 0.00 0.047 0.00294 1
0.00 0.00 -0.56 0.00 0.00 0.00 0.047 0.00294 1
0.00 0.00 -0.56 0.00 0.00 0.00 0.047 0.00294 1
0.00 0.00 -0.56 0.00 0.00 0.00 0.047 0.00294 1
0.00 0.00 -0.56 0.00 0.00 0.00 0.047 0.00294 1
0.00 0.00 -0.56 0.00 0.00 0.00 0.047 0.00294 1
0.00 0.00 -0.56 0.00 0.00 0.00 0.047 0.00294 1
0.00 0.00 -0.56 0.00 0.00 0.00 0.047 0.00294 1
0.00 0.00 -0.56 0.00 0.00 0.00 0.047 0.00294 1
0.00 0.00 -0.56 0.00 0.00 0.00 0.047 0.00294 1
0.00 0.00 -0.56 0.00 0.00 0.00 0.047 0.00294 1
0.00 0.00 -0.56 0.00 0.00 0.00 0.047 0.00294 1
0.00 0.00 -0.56 0.00 0.00 0.00 0.047 0.00294 1
0.00 0.00 -0.56 0.00 0.00 0.00 0.047 0.00294 1
0.00 0.00 -0.56 0.00 0.00 0.00 0.047 0.00294 1
0.00 0.00 -0.56 0.00 0.00 0.00 0.047 0.00294 1
0.00 0.00 -0.56 0.00 0.00 0.00 0.047 0.00294 1
0.00 0.00 -0.56 0.00 0.00 0.00 0.047 0.00294 1
0.00 0.00 -0.56 0.00 0.00 0.00 0.047 0.00294 1
0.00 0.00 -0.56 0.00 0.00 0.00 0.047 0.00294 1
0.00 0.00 -0.56 0.00 0.00 0.00 0.047 0.00294 1
0.00 0.00 -0.56 0.00 0.00 0.00 0.047 0.00294 1
0.00 0.00 -0.56 0.00 0.00 0.00 0.047 0.00294 1
0.00 0.00 -0.56 0.00 0.00 0.00 0.047 0.00294 1
0.00 0.00 -0.56 0.00 0.00 0.00 0.047 0.00294 1
0.00 0.00 -0.56 0.00 0.00 0.00 0.047 0.00294 1
0.00 0.00 -0.56 0.00 0.00 0.00 0.047 0.00294 1
0.00 0.00 -0.56 0.00 0.00 0.00 0.047 0.00294 1
0.00 0.00 -0.56 0.00 0.00 0.00 0.047 0.00294 1
0.00 0.00 -0.56 0.00 0.00 0.00 0.047 0.00294 1
0.00 0.00 -0.56 0.00 0.00 0.00 0.047 0.00294 1
0.00 0.00 -0.56 0.00 0.00 0.00 0.047 0.00294 1
0.00 0.00 -0.56 0.00 0.00 0.00 0.047 0.00294 1
0.00 0.00 -0.56 0.00 0.00 0.00 0.047 0.00294 1
0.00 0.00 -0.56 0.00 0.00 0.00 0.047 0.00294 1
0.00 0.00 -0.56 0.00 0.00 0.00 0.047 0.00294 1
0.00 0.00 -0.56 0.00 0.00 0.00 0.047 0.00294 1
0.00 0.00 -0.56 0.00 0.00 0.00 0.047 0.00294 1
0.00 0.00 -0.56 0.00 0.00 0.00 0.047 0.00294 1
0.00 0.00 -0.56 0.00 0.00 0.00 0.047 0.00294 1
0.00 0.00 -0.56 0.00 0.00 0.00 0.047 0.00294 1
0.00 0.00 -0.56 0.00 0.00 0.00 0.047 0.00294 1
0.00 0.00 -0.56 0.00 0.00 0.00 0.047 0.00294 1
0.00 0.00 -0.56 0.00 0.00 0.00 0.047 0.00294 1
0.00 0.00 -0.56 0.00 0.00 0.00 0.047 0.00294 1
0.00 0.00 -0.56 0.00 0.00 0.00 0.047 0.00294 1
0.00 0.00 -0.56 0.00 0.00 0.00 0.047 0.00294 1
0.00 0.00 -0.56 0.00 0.00 0.00 0.047 0.00294 1
0.00 0.00 -0.56 0.00 0.00 0.00 0.047 0.00294 1
0.00 0.00 -0.56 0.00 0.00 0.00 0.047 0.00294 1
0.00 0.00 -0.56 0.00 0.00 0.00 0.047 0.00294 1
0.00 0.00 -0.56 0.00 0.00 0.00 0.047 0.00294 1
0.00 0.00 -0.56 0.00 0.00 0.00 0.047 0.00294 1
0.00 0.00 -0.56 0.00 0.00 0.00 0.047 0.00294 1
0.00 0.00 -0.56 0.00 0.00 0.00 0.047 0.00294 1
0.00 0.00 -0.56 0.00 0.00 0.00 0.047 0.00294 1
0.00 0.00 -0.56 0.00 0.00 0.00 0.047 0.00294 1
0.00 0.00 -0.56 0.00 0.00 0.00 0.047 0.00294 1
0.00 0.00 -0.56 0.00 0.00 0.00 0.047 0.00294 1
0.00 0.00 -0.56 0.00 0.00 0.00 0.047 0.00294 1
0.00 0.00 -0.56 0.00 0.00 0.00 0.047 0.00294 1
0.00 0.00 -0.56 0.00 0.00 0.00 0.047 0.00294 1
0.00 0.00 -0.56 0.00 0.00 0.00 0.047 0.00294 1
0.00 0.00 -0.56 0.00 0.00 0.00 0.047 0.00294 1
0.00 0.00 -0.56 0.00 0.00 0.00 0.047 0.00294 1
0.00 0.00 -0.56 0.00 0.00 0.00 0.047 0.00294 1
0.00 0.00 -0.56 0.00 0.00 0.00 0.047 0.00294 1
0.00 0.00 -0.56 0.00 0.00 0.00 0.047 0.00294 1
0.00 0.00 -0.56 0.00 0.00 0.00 0.047 0.00294 1
0.00 0.00 -0.56 0.00 0.00 0.00 0.047 0.00294 1
0.00 0.00 -0.56 0.00 0.00 0.00 0.047 0.00294 1
0.00 0.00 -0.56 0.00 0.00 0.00 0.047 0.00294 1
0.00 0.00 -0.56 0.00 0.00 0.00 0.047 0.00294 1
0.00 0.00 -0.56 0.00 0.00 0.00 0.047 0.00294 1
0.00 0.00 -0.56 0.00 0.00 0.00 0.047 0.00294 1
0.00 0.00 -0.56 0.00 0.00 0.00 0.047 0.00294 1
0.00 0.00 -0.56 0.00 0.00 0.00 0.047 0.00294 1
0.00 0.00 -0.56 0.00 0.00 0.00 0.047 0.00294 1
0.00 0.00 -0.56 0.00 0.00 0.00 0.047 0.00294 1
0.00 0.00 -0.56 0.00 0.00 0.00 0.047 0.00294 1
0.00 0.00 -0.56 0.00 0.00 0.00 0.047 0.00294 1
0.00 0.00 -0.56 0.00 0.00 0.00 0.047 0.00294 1
0.00 0.00 -0.56 0.00 0.00 0.00 0.047 0.00294 1
0.00 0.00 -0.56 0.00 0.00 0.00 0.047 0.00294 1
0.00 0.00 -0.56 0.00 0.00 0.00 0.047 0.00294 1
0.00 0.00 -0.56 0.00 0.00 0.00 0.047 0.00294 1
0.00 0.00 -0.56 0.00 0.00 0.00 0.047 0.00294 1
0.00 0.00 -0.56 0.00 0.00 0.00 0.047 0.00294 1
0.00 0.00 -0.56 0.00 0.00 0.00 0.047 0.00294 1
0.00 0.00 -0.56 0.00 0.00 0.00 0.047 0.00294 1
0.00 0.00 -0.56 0.00 0.00 0.00 0.047 0.00294 1
0.00 0.00 -0.56 0.00 0.00 0.00 0.047 0.00294 1
0.00 0.00 -0.56 0.00 0.00 0.00 0.047 0.00294 1
0.00 0.00 -0.56 0.00 0.00 0.00 0.047 0.00294 1
0.00 0.00 -0.56 0.00 0.00 0.00 0.047 0.00294 1
0.00 0.00 -0.56 0.00 0.00 0.00 0.047 0.00294 1
0.00 0.00 -0.56 0.00 0.00 0.00 0.047 0.00294 1
0.00 0.00 -0.56 0.00 0.00 0.00 0.047 0.00294 1
0.00 0.00 -0.56 0.00 0.00 0.00 0.047 0.00294 1
0.00 0.00 -0.56 0.00 0.00 0.00 0.047 0.00294 1
0.00 0.00 -0.56 0.00 0.00 0.00 0.047 0.00294 1
0.00 0.00 -0.56 0.00 0.00 0.00 0.047 0.00294 1
0.00 0.00 -0.56 0.00 0.00 0.00 0.047 0.00294 1
0.00 0.00 -0.56 0.00 0.00 0.00 0.047 0.00294 1
0.00 0.00 -0.56 0.00 0.00 0.00 0.047 0.00294 1
0.00 0.00 -0.56 0.00 0.00 0.00 0.047 0.00294 1
0.00 0.00 -0.56 0.00 0.00 0.00 0.047 0.00294 1
0.00 0.00 -0.56 0.00 0.00 0.00 0.047 0.00294 1
0.00 0.00 -0.56 0.00 0.00 0.00 0.047 0.00294 1
0.00 0.00 -0.56 0.00 0.00 0.00 0.047 0.00294 1
0.00 0.00 -0.56 0.00 0.00 0.00 0.047 0.00294 1
0.00 0.00 -0.56 0.00 0.00 0.00 0.047 0.00294 1
0.00 0.00 -0.56 0.00 0.00 0.00 0.047 0.00294 1
0.00 0.00 -0.56 0.00 0.00 0.00 0.047 0.00294 1
0.00 0.00 -0.56 0.00 0.00 0.00 0.047 0.00294 1
0.00 0.00 -0.56 0.00 0.00 0.00 0.047 0.00294 1
0.00 0.00 -0.56 0.00 0.00 0.00 0.047 0.00294 1
0.00 0.00 -0.56 0.00 0.00 0.00 0.047 0.00294 1
0.00 0.00 -0.56 0.00 0.00 0.00 0.047 0.00294 1
0.00 0.00 -0.56 0.00 0.00 0.00 0.047 0.00294 1
0.00 0.00 -0.56 0.00 0.00 0.00 0.047 0.00294 1
0.00 0.00 -0.56 0.00 0.00 0.00 0.047 0.00294 1
0.00 0.00 -0.56 0.00 0.00 0.00 0.047 0.00294 1
0.00 0.00 -0.56 0.00 0.00 0.00 0.047 0.00294 1
0.00 0.00 -0.56 0.00 0.00 0.00 0.047 0.00294 1
0.00 0.00 -0.56 0.00 0.00 0.00 0.047 0.00294 1
0.00 0.00 -0.56 0.00 0.00 0.00 0.047 0.00294 1
0.00 0.00 -0.56 0.00 0.00 0.00 0.047 0.00294 1
0.00 0.00 -0.56 0.00 0.00 0.00 0.047 0.00294 1
0.00 0.00 -0.56 0.00 0.00 0.00 0.047 0.00294 1
0.00 0.00 -0.56 0.00 0.00 0.00 0.047 0.00294 1
9.58 -0.11 -1.41 4.17 1.65 1.49 -2.839 0.00270 1
14.65 3.03 -0.69 3.73 1.49 1.52 2.471 0.00265 1
25.35 2.08 -1.34 4.37 1.59 1.50 0.171 0.00259 1
10.96 -1.92 -1.52 3.62 1.54 1.51 3.072 0.00247 1
27.58 -13.54 -0.77 4.12 1.88 1.84 1.929 0.00228 1
18.07 11.21 -1.09 0.84 0.67 1.96 0.873 0.00202 2
8.20 -5.88 -1.90 4.01 1.44 1.47 3.028 0.00200 1
8.01 -4.57 -1.28 4.24 1.60 1.57 3.121 0.00198 1
17.22 9.22 -1.17 4.18 1.99 1.74 3.116 0.00196 1
28.18 -18.65 -0.29 4.31 1.73 1.55 -1.028 0.00189 1
55.19 15.01 -1.23 0.70 0.57 1.62 0.690 0.00169 2
17.96 -14.38 -1.37 3.81 1.75 1.53 -3.057 0.00151 1
26.20 -1.22 -1.39 4.41 1.53 1.46 0.574 0.00139 1
36.05 -12.10 -1.27 3.78 1.62 1.56 0.574 0.00133 1
39.32 1.28 -1.18 3.90 1.74 1.68 -2.161 0.00131 1
17.75 -13.55 -1.84 4.07 1.55 1.59 -3.046 0.00131 1
23.59 -14.69 -0.49 3.94 1.73 1.67 2.862 0.00123 1
19.04 13.40 -0.77 4.01 1.62 1.59 2.542 0.00121 1
14.45 -3.38 -0.98 3.74 1.59 1.47 1.409 0.00116 1
22.30 -14.22 -0.40 4.27 1.91 1.63 2.935 0.00111 1
14.20 4.43 -1.14 3.03 1.44 1.46 -2.799 0.00110 1
10.63 7.94 -1.05 4.35 1.52 1.54 -2.927 0.00099 1
18.40 11.44 -0.86 3.90 1.67 1.76 -1.601 0.00091 1
21.07 11.98 -1.52 4.35 1.51 1.55 -3.055 0.00086 1
14.78 -4.20 -0.90 3.78 1.67 1.46 -2.286 0.00080 1
28.54 -11.91 -1.49 4.25 1.47 1.55 -3.069 0.00076 1
14.77 3.78 -0.73 3.34 1.42 1.41 -2.684 0.00070 1
20.37 0.10 -1.90 3.83 1.73 1.63 3.138 0.00066 1
55.43 15.21 -1.12 1.69 0.63 1.69 1.004 0.00059 3
8.02 -4.82 -1.01 4.33 1.64 1.59 -2.622 0.00057 1
11.55 -2.71 -1.41 3.62 1.38 1.57 -2.223 0.00055 1
18.40 -5.38 -1.12 1.62 0.52 1.71 -0.118 0.00049 3
18.30 11.35 -1.15 0.85 0.77 1.92 -0.183 0.00049 2
26.91 -6.05 -1.37 4.41 1.76 1.60 2.972 0.00047 1
30.22 -0.62 -1.43 4.55 1.70 1.62 1.755 0.00046 1
14.89 4.49 -0.83 3.66 1.57 1.57 -2.437 0.00046 1
17.31 10.41 -1.45 3.76 1.95 1.52 -0.047 0.00043 1
56.14 15.25 -1.26 4.05 1.78 1.65 0.792 0.00041 1
14.61 -3.34 -0.92 4.38 1.57 1.51 -2.364 0.00035 1
55.89 15.94 -1.33 4.11 1.61 1.68 1.013 0.00035 1
10.28 -9.36 -1.63 4.33 1.52 1.43 -2.883 0.00031 1
14.94 -3.20 -1.01 3.72 1.38 1.54 1.412 0.00026 1
19.59 15.90 -1.06 3.86 1.65 1.48 3.169 0.00025 1
18.77 11.38 -1.35 1.71 0.63 1.85 -0.034 0.00023 3
43.14 -26.28 -0.44 4.01 1.53 1.53 3.347 0.00023 1
41.41 25.50 -0.33 3.94 1.52 1.53 3.341 0.00022 1
43.65 -7.71 -0.89 3.85 1.64 1.56 0.695 0.00022 1
51.37 9.35 0.58 4.07 1.54 1.52 3.344 0.00021 1
33.42 -8.16 -1.59 3.96 1.48 1.50 -0.142 0.00021 1
50.38 23.18 0.72 4.16 1.58 1.53 3.335 0.00020 1
43.23 -35.57 -0.66 4.18 1.59 1.53 3.333 0.00019 1
57.32 -12.38 0.64 4.20 1.60 1.54 3.331 0.00019 1
60.68 22.80 0.46 4.19 2.02 1.64 -0.575 0.00019 1
35.69 19.38 -0.45 3.84 1.53 1.56 3.320 0.00018 1
22.69 2.82 1.44 3.87 1.48 1.55 -2.956 0.00018 1
19.67 4.31 0.37 4.22 1.55 1.56 -3.064 0.00018 1
27.65 23.75 -0.48 3.83 1.55 1.56 3.319 0.00017 1
29.43 2.26 -1.81 3.84 1.67 1.50 -0.517 0.00016 1
28.88 -14.60 -0.16 4.13 1.51 1.55 -3.136 0.00016 1
30.01 9.90 -0.95 3.83 1.56 1.57 3.319 0.00016 1
28.47 -1.92 -0.94 1.09 0.71 1.76 1.114 0.00016 2
32.26 -2.48 -1.64 4.44 1.74 1.59 -2.693 0.00014 1
57.33 -36.75 0.55 4.33 1.69 1.55 3.305 0.00013 1
19.92 -10.42 -1.52 3.85 1.59 1.57 3.315 0.00013 1
16.81 1.90 -1.32 4.05 2.00 1.67 3.006 0.00013 1
67.89 23.88 -0.45 4.34 1.70 1.56 3.298 0.00012 1
27.35 2.22 -1.47 3.83 1.72 1.59 -0.015 0.00012 1
74.44 25.93 -0.57 4.41 1.71 1.55 3.284 0.00011 1
62.27 -51.22 1.34 4.42 1.71 1.55 3.278 0.00011 1
12.56 -2.36 -1.04 3.09 1.46 1.52 -2.660 0.00011 1
65.96 -53.21 1.45 4.43 1.71 1.55 3.269 0.00011 1
24.54 12.57 -0.64 3.72 1.56 1.56 3.291 0.00010 1
21.20 15.34 -1.06 3.90 1.95 1.63 3.209 0.00010 1
18.21 1.07 -1.40 4.42 1.71 1.51 -2.728 0.00010 1
29.88 3.31 -1.63 4.21 1.74 1.56 -0.170 0.00009 1
42.69 -7.85 -0.89 4.65 1.84 1.54 1.794 0.00009 1
15.64 0.42 -1.61 4.19 1.67 1.58 3.295 0.00009 1
31.93 0.41 -1.62 4.13 1.54 1.55 -0.667 0.00009 1
28.53 -2.84 -1.30 3.36 1.35 1.64 1.561 0.00009 1
26.54 -0.55 -1.50 4.38 1.83 1.37 2.867 0.00008 1
25.30 -6.00 -1.76 3.60 1.75 1.57 -2.835 0.00007 1
11.27 -1.39 -1.24 3.27 1.36 1.55 -2.147 0.00007 1
25.10 -6.46 -1.61 3.80 1.48 1.50 2.979 0.00007 1
18.59 -14.86 -1.03 3.99 1.79 1.64 3.322 0.00007 1
19.44 -15.05 -0.91 3.90 1.84 1.68 3.220 0.00007 1
27.84 -6.66 -1.61 4.22 1.32 1.48 -2.947 0.00005 1
63.66 22.77 0.01 3.76 2.08 1.71 3.080 0.00005 1
24.47 -2.13 -1.74 4.00 1.80 1.51 3.125 0.00004 1
11.70 -1.71 -1.25 3.40 1.39 1.55 -2.524 0.00004 1
17.00 14.61 -1.41 3.74 1.59 1.57 -2.858 0.00004 1
16.73 -3.10 0.61 4.35 1.46 1.59 -2.795 0.00004 1
24.98 -4.60 0.75 3.97 1.54 1.54 3.200 0.00004 1
26.45 -2.93 -1.50 4.00 1.64 1.46 0.884 0.00004 1
24.11 3.12 -1.38 3.69 2.06 1.53 3.118 0.00004 1
28.82 -0.29 -1.36 4.11 1.86 1.50 0.312 0.00004 1
28.89 -6.30 -1.44 3.59 1.49 1.51 3.418 0.00003 1
12.35 -1.44 -1.12 3.68 1.42 1.48 -1.969 0.00003 1
52.40 -4.78 -1.00 3.97 1.90 1.74 3.433 0.00003 1
43.45 -8.97 -0.64 4.33 2.09 1.64 -0.743 0.00003 1
31.26 2.03 -1.64 3.91 1.48 1.54 -0.227 0.00003 1
26.39 2.33 -1.70 3.84 1.57 1.49 -0.465 0.00003 1
19.84 13.88 -1.59 3.91 1.82 1.69 3.184 0.00003 1
28.66 -4.02 -1.72 3.95 1.74 1.61 -0.304 0.00002 1
17.00 1.10 -1.87 3.39 1.84 1.72 -1.047 0.00002 1
42.13 -8.31 -0.63 4.22 2.12 1.71 -2.841 0.00002 1
33.30 -4.31 -1.50 4.02 1.74 1.67 3.037 0.00002 1
15.39 -4.41 -1.32 3.79 1.72 1.47 -2.817 0.00002 1
30.34 0.33 -1.56 3.53 1.55 1.55 0.874 0.00001 1
32.10 -0.90 -1.55 3.92 1.64 1.62 3.166 0.00001 1
28.62 -18.44 -0.86 3.97 1.65 1.72 3.421 0.00001 1
26.25 -6.97 -1.51 4.49 1.77 1.63 3.086 0.00001 1
24.09 -1.46 -1.83 4.04 2.01 1.66 3.186 0.00001 1
