3.99 -2.39 -1.40 3.99 1.62 1.51 -2.031 0.99688 1
32.94 -10.73 -1.05 1.79 0.61 1.84 -0.978 0.87104 3
20.68 -4.19 -1.04 1.70 0.59 1.76 0.756 0.22135 3
32.99 -10.61 -0.96 2.31 0.52 1.92 2.424 0.14389 3
29.39 -3.04 -1.12 0.67 0.71 1.84 -0.243 0.09575 2
19.28 -14.97 -1.58 3.90 1.62 1.56 -1.389 0.07862 1
19.29 -2.80 -0.63 3.92 1.65 1.53 0.264 0.03560 1
39.23 -16.02 -0.97 0.90 0.52 1.79 2.464 0.03158 2
36.94 -0.92 -1.15 0.72 0.75 1.79 -0.691 0.02997 2
33.21 -8.94 -1.30 2.08 0.48 1.97 2.395 0.02209 3
18.85 -15.81 -1.44 4.04 1.66 1.53 -1.705 0.01826 1
17.94 -1.87 -0.15 3.93 1.59 1.54 2.000 0.01445 1
18.02 4.23 -0.11 3.99 1.60 1.50 -1.182 0.01176 1
20.72 -4.21 -1.04 1.71 0.57 1.77 -1.115 0.01088 3
12.79 4.62 -1.16 3.93 1.65 1.54 -3.124 0.01057 1
36.90 -0.94 -1.13 1.53 0.74 1.87 -0.177 0.01049 3
13.18 3.19 -0.64 3.81 1.59 1.50 2.810 0.00972 1
40.08 -9.62 -1.34 3.69 1.60 1.51 -3.116 0.00880 1
16.81 -2.25 -1.23 3.90 1.64 1.50 0.055 0.00855 1
39.40 -16.10 -1.00 1.92 0.57 1.85 2.414 0.00850 3
12.54 5.02 -1.03 4.04 1.64 1.49 -1.981 0.00736 1
30.63 10.19 -1.91 4.12 1.73 1.56 -0.776 0.00604 1
27.36 -1.25 -1.46 4.21 1.58 1.48 0.059 0.00497 1
54.01 22.10 -0.24 3.97 1.76 1.55 -3.187 0.00339 1
11.73 7.68 -1.03 4.35 1.67 1.58 -2.957 0.00338 1
0.00 0.00 -0.56 0.00 0.00 0.00 0.047 0.00294 1
0.00 0.00 -0.56 0.00 0.00 0.00 0.047 0.00294 1
0.00 0.00 -0.56 0.00 0.00 0.00 0.047 0.00294 1
0.00 0.00 -0.56 0.00 0.00 0.00 0.047 0.00294 1
0.00 0.00 -0.56 0.00 0.00 0.00 0.047 0.00294 1
0.00 0.00 -0.56 0.00 0.00 0.00 0.047 0.00294 1
0.00 0.00 -0.56 0.00 0.00 0.00 0.047 0.00294 1
0.00 0.00 -0.56 0.00 0.00 0.00 0.047 0.00294 1
0.00 0.00 -0.56 0.00 0.00 0.00 0.047 0.00294 1
0.00 0.00 -0.56 0.00 0.00 0.00 0.047 0.00294 1
0.00 0.00 -0.56 0.00 0.00 0.00 0.047 0.00294 1
0.00 0.00 -0.56 0.00 0.00 0.00 0.047 0.00294 1
0.00 0.00 -0.56 0.00 0.00 0.00 0.047 0.00294 1
0.00 0.00 -0.56 0.00 0.00 0.00 0.047 0.00294 1
0.00 0.00 -0.56 0.00 0.00 0.00 0.047 0.00294 1
0.00 0.00 -0.56 0.00 0.00 0.00 0.047 0.00294 1
0.00 0.00 -0.56 0.00 0.00 0.00 0.047 0.00294 1
0.00 0.00 -0.56 0.00 0.00 0.00 0.047 0.00294 1
0.00 0.00 -0.56 0.00 0.00 0.00 0.047 0.00294 1
0.00 0.00 -0.56 0.00 0.00 0.00 0.047 0.00294 1
0.00 0.00 -0.56 0.00 0.00 0.00 0.047 0.00294 1
0.00 0.00 -0.56 0.00 0.00 0.00 0.047 0.00294 1
0.00 0.00 -0.56 0.00 0.00 0.00 0.047 0.00294 1
0.00 0.00 -0.56 0.00 0.00 0.00 0.047 0.00294 1
0.00 0.00 -0.56 0.00 0.00 0.00 0.047 0.00294 1
0.00 0.00 -0.56 0.00 0.00 0.00 0.047 0.00294 1
0.00 0.00 -0.56 0.00 0.00 0.00 0.047 0.00294 1
0.00 0.00 -0.56 0.00 0.00 0.00 0.047 0.00294 1
0.00 0.00 -0.56 0.00 0.00 0.00 0.047 0.00294 1
0.00 0.00 -0.56 0.00 0.00 0.00 0.047 0.00294 1
0.00 0.00 -0.56 0.00 0.00 0.00 0.047 0.00294 1
0.00 0.00 -0.56 0.00 0.00 0.00 0.047 0.00294 1
0.00 0.00 -0.56 0.00 0.00 0.00 0.047 0.00294 1
0.00 0.00 -0.56 0.00 0.00 0.00 0.047 0.00294 1
0.00 0.00 -0.56 0.00 0.00 0.00 0.047 0.00294 1
0.00 0.00 -0.56 0.00 0.00 0.00 0.047 0.00294 1
0.00 0.00 -0.56 0.00 0.00 0.00 0.047 0.00294 1
0.00 0.00 -0.56 0.00 0.00 0.00 0.047 0.00294 1
0.00 0.00 -0.56 0.00 0.00 0.00 0.047 0.00294 1
0.00 0.00 -0.56 0.00 0.00 0.00 0.047 0.00294 1
0.00 0.00 -0.56 0.00 0.00 0.00 0.047 0.00294 1
0.00 0.00 -0.56 0.00 0.00 0.00 0.047 0.00294 1
0.00 0.00 -0.56 0.00 0.00 0.00 0.047 0.00294 1
0.00 0.00 -0.56 0.00 0.00 0.00 0.047 0.00294 1
0.00 0.00 -0.56 0.00 0.00 0.00 0.047 0.00294 1
0.00 0.00 -0.56 0.00 0.00 0.00 0.047 0.00294 1
0.00 0.00 -0.56 0.00 0.00 0.00 0.047 0.00294 1
0.00 0.00 -0.56 0.00 0.00 0.00 0.047 0.00294 1
0.00 0.00 -0.56 0.00 0.00 0.00 0.047 0.00294 1
0.00 0.00 -0.56 0.00 0.00 0.00 0.047 0.00294 1
0.00 0.00 -0.56 0.00 0.00 0.00 0.047 0.00294 1
0.00 0.00 -0.56 0.00 0.00 0.00 0.047 0.00294 1
0.00 0.00 -0.56 0.00 0.00 0.00 0.047 0.00294 1
0.00 0.00 -0.56 0.00 0.00 0.00 0.047 0.00294 1
0.00 0.00 -0.56 0.00 0.00 0.00 0.047 0.00294 1
0.00 0.00 -0.56 0.00 0.00 0.00 0.047 0.00294 1
0.00 0.00 -0.56 0.00 0.00 0.00 0.047 0.00294 1
0.00 0.00 -0.56 0.00 0.00 0.00 0.047 0.00294 1
0.00 0.00 -0.56 0.00 0.00 0.00 0.047 0.00294 1
0.00 0.00 -0.56 0.00 0.00 0.00 0.047 0.00294 1
0.00 0.00 -0.56 0.00 0.00 0.00 0.047 0.00294 1
0.00 0.00 -0.56 0.00 0.00 0.00 0.047 0.00294 1
0.00 0.00 -0.56 0.00 0.00 0.00 0.047 0.00294 1
0.00 0.00 -0.56 0.00 0.00 0.00 0.047 0.00294 1
0.00 0.00 -0.56 0.00 0.00 0.00 0.047 0.00294 1
0.00 0.00 -0.56 0.00 0.00 0.00 0.047 0.00294 1
0.00 0.00 -0.56 0.00 0.00 0.00 0.047 0.00294 1
0.00 0.00 -0.56 0.00 0.00 0.00 0.047 0.00294 1
0.00 0.00 -0.56 0.00 0.00 0.00 0.047 0.00294 1
0.00 0.00 -0.56 0.00 0.00 0.00 0.047 0.00294 1
0.00 0.00 -0.56 0.00 0.00 0.00 0.047 0.00294 1
0.00 0.00 -0.56 0.00 0.00 0.00 0.047 0.00294 1
0.00 0.00 -0.56 0.00 0.00 0.00 0.047 0.00294 1
0.00 0.00 -0.56 0.00 0.00 0.00 0.047 0.00294 1
0.00 0.00 -0.56 0.00 0.00 0.00 0.047 0.00294 1
0.00 0.00 -0.56 0.00 0.00 0.00 0.047 0.00294 1
0.00 0.00 -0.56 0.00 0.00 0.00 0.047 0.00294 1
0.00 0.00 -0.56 0.00 0.00 0.00 0.047 0.00294 1
0.00 0.00 -0.56 0.00 0.00 0.00 0.047 0.00294 1
0.00 0.00 -0.56 0.00 0.00 0.00 0.047 0.00294 1
0.00 0.00 -0.56 0.00 0.00 0.00 0.047 0.00294 1
0.00 0.00 -0.56 0.00 0.00 0.00 0.047 0.00294 1
0.00 0.00 -0.56 0.00 0.00 0.00 0.047 0.00294 1
0.00 0.00 -0.56 0.00 0.00 0.00 0.047 0.00294 1
0.00 0.00 -0.56 0.00 0.00 0.00 0.047 0.00294 1
0.00 0.00 -0.56 0.00 0.00 0.00 0.047 0.00294 1
0.00 0.00 -0.56 0.00 0.00 0.00 0.047 0.00294 1
0.00 0.00 -0.56 0.00 0.00 0.00 0.047 0.00294 1
0.00 0.00 -0.56 0.00 0.00 0.00 0.047 0.00294 1
0.00 0.00 -0.56 0.00 0.00 0.00 0.047 0.00294 1
0.00 0.00 -0.56 0.00 0.00 0.00 0.047 0.00294 1
0.00 0.00 -0.56 0.00 0.00 0.00 0.047 0.00294 1
0.00 0.00 -0.56 0.00 0.00 0.00 0.047 0.00294 1
0.00 0.00 -0.56 0.00 0.00 0.00 0.047 0.00294 1
0.00 0.00 -0.56 0.00 0.00 0.00 0.047 0.00294 1
0.00 0.00 -0.56 0.00 0.00 0.00 0.047 0.00294 1
0.00 0.00 -0.56 0.00 0.00 0.00 0.047 0.00294 1
0.00 0.00 -0.56 0.00 0.00 0.00 0.047 0.00294 1
0.00 0.00 -0.56 0.00 0.00 0.00 0.047 0.00294 1
0.00 0.00 -0.56 0.00 0.00 0.00 0.047 0.00294 1
0.00 0.00 -0.56 0.00 0.00 0.00 0.047 0.00294 1
0.00 0.00 -0.56 0.00 0.00 0.00 0.047 0.00294 1
0.00 0.00 -0.56 0.00 0.00 0.00 0.047 0.00294 1
0.00 0.00 -0.56 0.00 0.00 0.00 0.047 0.00294 1
0.00 0.00 -0.56 0.00 0.00 0.00 0.047 0.00294 1
0.00 0.00 -0.56 0.00 0.00 0.00 0.047 0.00294 1
0.00 0.00 -0.56 0.00 0.00 0.00 0.047 0.00294 1
0.00 0.00 -0.56 0.00 0.00 0.00 0.047 0.00294 1
0.00 0.00 -0.56 0.00 0.00 0.00 0.047 0.00294 1
0.00 0.00 -0.56 0.00 0.00 0.00 0.047 0.00294 1
0.00 0.00 -0.56 0.00 0.00 0.00 0.047 0.00294 1
0.00 0.00 -0.56 0.00 0.00 0.00 0.047 0.00294 1
0.00 0.00 -0.56 0.00 0.00 0.00 0.047 0.00294 1
0.00 0.00 -0.56 0.00 0.00 0.00 0.047 0.00294 1
0.00 0.00 -0.56 0.00 0.00 0.00 0.047 0.00294 1
0.00 0.00 -0.56 0.00 0.00 0.00 0.047 0.00294 1
0.00 0.00 -0.56 0.00 0.00 0.00 0.047 0.00294 1
0.00 0.00 -0.56 0.00 0.00 0.00 0.047 0.00294 1
0.00 0.00 -0.56 0.00 0.00 0.00 0.047 0.00294 1
0.00 0.00 -0.56 0.00 0.00 0.00 0.047 0.00294 1
0.00 0.00 -0.56 0.00 0.00 0.00 0.047 0.00294 1
0.00 0.00 -0.56 0.00 0.00 0.00 0.047 0.00294 1
0.00 0.00 -0.56 0.00 0.00 0.00 0.047 0.00294 1
0.00 0.00 -0.56 0.00 0.00 0.00 0.047 0.00294 1
0.00 0.00 -0.56 0.00 0.00 0.00 0.047 0.00294 1
0.00 0.00 -0.56 0.00 0.00 0.00 0.047 0.00294 1
0.00 0.00 -0.56 0.00 0.00 0.00 0.047 0.00294 1
0.00 0.00 -0.56 0.00 0.00 0.00 0.047 0.00294 1
0.00 0.00 -0.56 0.00 0.00 0.00 0.047 0.00294 1
0.00 0.00 -0.56 0.00 0.00 0.00 0.047 0.00294 1
0.00 0.00 -0.56 0.00 0.00 0.00 0.047 0.00294 1
0.00 0.00 -0.56 0.00 0.00 0.00 0.047 0.00294 1
0.00 0.00 -0.56 0.00 0.00 0.00 0.047 0.00294 1
0.00 0.00 -0.56 0.00 0.00 0.00 0.047 0.00294 1
0.00 0.00 -0.56 0.00 0.00 0.00 0.047 0.00294 1
0.00 0.00 -0.56 0.00 0.00 0.00 0.047 0.00294 1
0.00 0.00 -0.56 0.00 0.00 0.00 0.047 0.00294 1
0.00 0.00 -0.56 0.00 0.00 0.00 0.047 0.00294 1
0.00 0.00 -0.56 0.00 0.00 0.00 0.047 0.00294 1
0.00 0.00 -0.56 0.00 0.00 0.00 0.047 0.00294 1
0.00 0.00 -0.56 0.00 0.00 0.00 0.047 0.00294 1
0.00 0.00 -0.56 0.00 0.00 0.00 0.047 0.00294 1
0.00 0.00 -0.56 0.00 0.00 0.00 0.047 0.00294 1
0.00 0.00 -0.56 0.00 0.00 0.00 0.047 0.00294 1
0.00 0.00 -0.56 0.00 0.00 0.00 0.047 0.00294 1
0.00 0.00 -0.56 0.00 0.00 0.00 0.047 0.00294 1
0.00 0.00 -0.56 0.00 0.00 0.00 0.047 0.00294 1
0.00 0.00 -0.56 0.00 0.00 0.00 0.047 0.00294 1
0.00 0.00 -0.56 0.00 0.00 0.00 0.047 0.00294 1
0.00 0.00 -0.56 0.00 0.00 0.00 0.047 0.00294 1
0.00 0.00 -0.56 0.00 0.00 0.00 0.047 0.00294 1
0.00 0.00 -0.56 0.00 0.00 0.00 0.047 0.00294 1
0.00 0.00 -0.56 0.00 0.00 0.00 0.047 0.00294 1
0.00 0.00 -0.56 0.00 0.00 0.00 0.047 0.00294 1
0.00 0.00 -0.56 0.00 0.00 0.00 0.047 0.00294 1
0.00 0.00 -0.56 0.00 0.00 0.00 0.047 0.00294 1
0.00 0.00 -0.56 0.00 0.00 0.00 0.047 0.00294 1
0.00 0.00 -0.56 0.00 0.00 0.00 0.047 0.00294 1
0.00 0.00 -0.56 0.00 0.00 0.00 0.047 0.00294 1
0.00 0.00 -0.56 0.00 0.00 0.00 0.047 0.00294 1
0.00 0.00 -0.56 0.00 0.00 0.00 0.047 0.00294 1
0.00 0.00 -0.56 0.00 0.00 0.00 0.047 0.00294 1
0.00 0.00 -0.56 0.00 0.00 0.00 0.047 0.00294 1
0.00 0.00 -0.56 0.00 0.00 0.00 0.047 0.00294 1
0.00 0.00 -0.56 0.00 0.00 0.00 0.047 0.00294 1
0.00 0.00 -0.56 0.00 0.00 0.00 0.047 0.00294 1
0.00 0.00 -0.56 0.00 0.00 0.00 0.047 0.00294 1
0.00 0.00 -0.56 0.00 0.00 0.00 0.047 0.00294 1
0.00 0.00 -0.56 0.00 0.00 0.00 0.047 0.00294 1
0.00 0.00 -0.56 0.00 0.00 0.00 0.047 0.00294 1
0.00 0.00 -0.56 0.00 0.00 0.00 0.047 0.00294 1
0.00 0.00 -0.56 0.00 0.00 0.00 0.047 0.00294 1
0.00 0.00 -0.56 0.00 0.00 0.00 0.047 0.00294 1
0.00 0.00 -0.56 0.00 0.00 0.00 0.047 0.00294 1
0.00 0.00 -0.56 0.00 0.00 0.00 0.047 0.00294 1
0.00 0.00 -0.56 0.00 0.00 0.00 0.047 0.00294 1
0.00 0.00 -0.56 0.00 0.00 0.00 0.047 0.00294 1
0.00 0.00 -0.56 0.00 0.00 0.00 0.047 0.00294 1
0.00 0.00 -0.56 0.00 0.00 0.00 0.047 0.00294 1
0.00 0.00 -0.56 0.00 0.00 0.00 0.047 0.00294 1
0.00 0.00 -0.56 0.00 0.00 0.00 0.047 0.00294 1
0.00 0.00 -0.56 0.00 0.00 0.00 0.047 0.00294 1
0.00 0.00 -0.56 0.00 0.00 0.00 0.047 0.00294 1
0.00 0.00 -0.56 0.00 0.00 0.00 0.047 0.00294 1
0.00 0.00 -0.56 0.00 0.00 0.00 0.047 0.00294 1
0.00 0.00 -0.56 0.00 0.00 0.00 0.047 0.00294 1
0.00 0.00 -0.56 0.00 0.00 0.00 0.047 0.00294 1
0.00 0.00 -0.56 0.00 0.00 0.00 0.047 0.00294 1
0.00 0.00 -0.56 0.00 0.00 0.00 0.047 0.00294 1
0.00 0.00 -0.56 0.00 0.00 0.00 0.047 0.00294 1
0.00 0.00 -0.56 0.00 0.00 0.00 0.047 0.00294 1
0.00 0.00 -0.56 0.00 0.00 0.00 0.047 0.00294 1
0.00 0.00 -0.56 0.00 0.00 0.00 0.047 0.00294 1
0.00 0.00 -0.56 0.00 0.00 0.00 0.047 0.00294 1
0.00 0.00 -0.56 0.00 0.00 0.00 0.047 0.00294 1
0.00 0.00 -0.56 0.00 0.00 0.00 0.047 0.00294 1
0.00 0.00 -0.56 0.00 0.00 0.00 0.047 0.00294 1
0.00 0.00 -0.56 0.00 0.00 0.00 0.047 0.00294 1
0.00 0.00 -0.56 0.00 0.00 0.00 0.047 0.00294 1
0.00 0.00 -0.56 0.00 0.00 0.00 0.047 0.00294 1
0.00 0.00 -0.56 0.00 0.00 0.00 0.047 0.00294 1
0.00 0.00 -0.56 0.00 0.00 0.00 0.047 0.00294 1
0.00 0.00 -0.56 0.00 0.00 0.00 0.047 0.00294 1
0.00 0.00 -0.56 0.00 0.00 0.00 0.047 0.00294 1
0.00 0.00 -0.56 0.00 0.00 0.00 0.047 0.00294 1
0.00 0.00 -0.56 0.00 0.00 0.00 0.047 0.00294 1
0.00 0.00 -0.56 0.00 0.00 0.00 0.047 0.00294 1
0.00 0.00 -0.56 0.00 0.00 0.00 0.047 0.00294 1
0.00 0.00 -0.56 0.00 0.00 0.00 0.047 0.00294 1
0.00 0.00 -0.56 0.00 0.00 0.00 0.047 0.00294 1
0.00 0.00 -0.56 0.00 0.00 0.00 0.047 0.00294 1
0.00 0.00 -0.56 0.00 0.00 0.00 0.047 0.00294 1
0.00 0.00 -0.56 0.00 0.00 0.00 0.047 0.00294 1
0.00 0.00 -0.56 0.00 0.00 0.00 0.047 0.00294 1
0.00 0.00 -0.56 0.00 0.00 0.00 0.047 0.00294 1
0.00 0.00 -0.56 0.00 0.00 0.00 0.047 0.00294 1
0.00 0.00 -0.56 0.00 0.00 0.00 0.047 0.00294 1
0.00 0.00 -0.56 0.00 0.00 0.00 0.047 0.00294 1
0.00 0.00 -0.56 0.00 0.00 0.00 0.047 0.00294 1
0.00 0.00 -0.56 0.00 0.00 0.00 0.047 0.00294 1
0.00 0.00 -0.56 0.00 0.00 0.00 0.047 0.00294 1
0.00 0.00 -0.56 0.00 0.00 0.00 0.047 0.00294 1
0.00 0.00 -0.56 0.00 0.00 0.00 0.047 0.00294 1
0.00 0.00 -0.56 0.00 0.00 0.00 0.047 0.00294 1
0.00 0.00 -0.56 0.00 0.00 0.00 0.047 0.00294 1
0.00 0.00 -0.56 0.00 0.00 0.00 0.047 0.00294 1
0.00 0.00 -0.56 0.00 0.00 0.00 0.047 0.00294 1
0.00 0.00 -0.56 0.00 0.00 0.00 0.047 0.00294 1
0.00 0.00 -0.56 0.00 0.00 0.00 0.047 0.00294 1
0.00 0.00 -0.56 0.00 0.00 0.00 0.047 0.00294 1
0.00 0.00 -0.56 0.00 0.00 0.00 0.047 0.00294 1
0.00 0.00 -0.56 0.00 0.00 0.00 0.047 0.00294 1
0.00 0.00 -0.56 0.00 0.00 0.00 0.047 0.00294 1
0.00 0.00 -0.56 0.00 0.00 0.00 0.047 0.00294 1
0.00 0.00 -0.56 0.00 0.00 0.00 0.047 0.00294 1
0.00 0.00 -0.56 0.00 0.00 0.00 0.047 0.00294 1
0.00 0.00 -0.56 0.00 0.00 0.00 0.047 0.00294 1
0.00 0.00 -0.56 0.00 0.00 0.00 0.047 0.00294 1
0.00 0.00 -0.56 0.00 0.00 0.00 0.047 0.00294 1
0.00 0.00 -0.56 0.00 0.00 0.00 0.047 0.00294 1
0.00 0.00 -0.56 0.00 0.00 0.00 0.047 0.00294 1
0.00 0.00 -0.56 0.00 0.00 0.00 0.047 0.00294 1
0.00 0.00 -0.56 0.00 0.00 0.00 0.047 0.00294 1
0.00 0.00 -0.56 0.00 0.00 0.00 0.047 0.00294 1
0.00 0.00 -0.56 0.00 0.00 0.00 0.047 0.00294 1
0.00 0.00 -0.56 0.00 0.00 0.00 0.047 0.00294 1
0.00 0.00 -0.56 0.00 0.00 0.00 0.047 0.00294 1
0.00 0.00 -0.56 0.00 0.00 0.00 0.047 0.00294 1
0.00 0.00 -0.56 0.00 0.00 0.00 0.047 0.00294 1
0.00 0.00 -0.56 0.00 0.00 0.00 0.047 0.00294 1
0.00 0.00 -0.56 0.00 0.00 0.00 0.047 0.00294 1
0.00 0.00 -0.56 0.00 0.00 0.00 0.047 0.00294 1
0.00 0.00 -0.56 0.00 0.00 0.00 0.047 0.00294 1
0.00 0.00 -0.56 0.00 0.00 0.00 0.047 0.00294 1
0.00 0.00 -0.56 0.00 0.00 0.00 0.047 0.00294 1
0.00 0.00 -0.56 0.00 0.00 0.00 0.047 0.00294 1
0.00 0.00 -0.56 0.00 0.00 0.00 0.047 0.00294 1
0.00 0.00 -0.56 0.00 0.00 0.00 0.047 0.00294 1
0.00 0.00 -0.56 0.00 0.00 0.00 0.047 0.00294 1
0.00 0.00 -0.56 0.00 0.00 0.00 0.047 0.00294 1
0.00 0.00 -0.56 0.00 0.00 0.00 0.047 0.00294 1
0.00 0.00 -0.56 0.00 0.00 0.00 0.047 0.00294 1
0.00 0.00 -0.56 0.00 0.00 0.00 0.047 0.00294 1
0.00 0.00 -0.56 0.00 0.00 0.00 0.047 0.00294 1
0.00 0.00 -0.56 0.00 0.00 0.00 0.047 0.00294 1
0.00 0.00 -0.56 0.00 0.00 0.00 0.047 0.00294 1
0.00 0.00 -0.56 0.00 0.00 0.00 0.047 0.00294 1
0.00 0.00 -0.56 0.00 0.00 0.00 0.047 0.00294 1
0.00 0.00 -0.56 0.00 0.00 0.00 0.047 0.00294 1
0.00 0.00 -0.56 0.00 0.00 0.00 0.047 0.00294 1
0.00 0.00 -0.56 0.00 0.00 0.00 0.047 0.00294 1
0.00 0.00 -0.56 0.00 0.00 0.00 0.047 0.00294 1
0.00 0.00 -0.56 0.00 0.00 0.00 0.047 0.00294 1
0.00 0.00 -0.56 0.00 0.00 0.00 0.047 0.00294 1
0.00 0.00 -0.56 0.00 0.00 0.00 0.047 0.00294 1
0.00 0.00 -0.56 0.00 0.00 0.00 0.047 0.00294 1
0.00 0.00 -0.56 0.00 0.00 0.00 0.047 0.00294 1
0.00 0.00 -0.56 0.00 0.00 0.00 0.047 0.00294 1
0.00 0.00 -0.56 0.00 0.00 0.00 0.047 0.00294 1
0.00 0.00 -0.56 0.00 0.00 0.00 0.047 0.00294 1
0.00 0.00 -0.56 0.00 0.00 0.00 0.047 0.00294 1
0.00 0.00 -0.56 0.00 0.00 0.00 0.047 0.00294 1
0.00 0.00 -0.56 0.00 0.00 0.00 0.047 0.00294 1
0.00 0.00 -0.56 0.00 0.00 0.00 0.047 0.00294 1
0.00 0.00 -0.56 0.00 0.00 0.00 0.047 0.00294 1
0.00 0.00 -0.56 0.00 0.00 0.00 0.047 0.00294 1
0.00 0.00 -0.56 0.00 0.00 0.00 0.047 0.00294 1
0.00 0.00 -0.56 0.00 0.00 0.00 0.047 0.00294 1
0.00 0.00 -0.56 0.00 0.00 0.00 0.047 0.00294 1
0.00 0.00 -0.56 0.00 0.00 0.00 0.047 0.00294 1
0.00 0.00 -0.56 0.00 0.00 0.00 0.047 0.00294 1
0.00 0.00 -0.56 0.00 0.00 0.00 0.047 0.00294 1
0.00 0.00 -0.56 0.00 0.00 0.00 0.047 0.00294 1
0.00 0.00 -0.56 0.00 0.00 0.00 0.047 0.00294 1
0.00 0.00 -0.56 0.00 0.00 0.00 0.047 0.00294 1
0.00 0.00 -0.56 0.00 0.00 0.00 0.047 0.00294 1
0.00 0.00 -0.56 0.00 0.00 0.00 0.047 0.00294 1
0.00 0.00 -0.56 0.00 0.00 0.00 0.047 0.00294 1
0.00 0.00 -0.56 0.00 0.00 0.00 0.047 0.00294 1
0.00 0.00 -0.56 0.00 0.00 0.00 0.047 0.00294 1
0.00 0.00 -0.56 0.00 0.00 0.00 0.047 0.00294 1
0.00 0.00 -0.56 0.00 0.00 0.00 0.047 0.00294 1
0.00 0.00 -0.56 0.00 0.00 0.00 0.047 0.00294 1
0.00 0.00 -0.56 0.00 0.00 0.00 0.047 0.00294 1
0.00 0.00 -0.56 0.00 0.00 0.00 0.047 0.00294 1
0.00 0.00 -0.56 0.00 0.00 0.00 0.047 0.00294 1
0.00 0.00 -0.56 0.00 0.00 0.00 0.047 0.00294 1
0.00 0.00 -0.56 0.00 0.00 0.00 0.047 0.00294 1
0.00 0.00 -0.56 0.00 0.00 0.00 0.047 0.00294 1
0.00 0.00 -0.56 0.00 0.00 0.00 0.047 0.00294 1
0.00 0.00 -0.56 0.00 0.00 0.00 0.047 0.00294 1
0.00 0.00 -0.56 0.00 0.00 0.00 0.047 0.00294 1
0.00 0.00 -0.56 0.00 0.00 0.00 0.047 0.00294 1
0.00 0.00 -0.56 0.00 0.00 0.00 0.047 0.00294 1
0.00 0.00 -0.56 0.00 0.00 0.00 0.047 0.00294 1
0.00 0.00 -0.56 0.00 0.00 0.00 0.047 0.00294 1
0.00 0.00 -0.56 0.00 0.00 0.00 0.047 0.00294 1
0.00 0.00 -0.56 0.00 0.00 0.00 0.047 0.00294 1
0.00 0.00 -0.56 0.00 0.00 0.00 0.047 0.00294 1
0.00 0.00 -0.56 0.00 0.00 0.00 0.047 0.00294 1
0.00 0.00 -0.56 0.00 0.00 0.00 0.047 0.00294 1
0.00 0.00 -0.56 0.00 0.00 0.00 0.047 0.00294 1
0.00 0.00 -0.56 0.00 0.00 0.00 0.047 0.00294 1
0.00 0.00 -0.56 0.00 0.00 0.00 0.047 0.00294 1
0.00 0.00 -0.56 0.00 0.00 0.00 0.047 0.00294 1
0.00 0.00 -0.56 0.00 0.00 0.00 0.047 0.00294 1
0.00 0.00 -0.56 0.00 0.00 0.00 0.047 0.00294 1
0.00 0.00 -0.56 0.00 0.00 0.00 0.047 0.00294 1
0.00 0.00 -0.56 0.00 0.00 0.00 0.047 0.00294 1
0.00 0.00 -0.56 0.00 0.00 0.00 0.047 0.00294 1
0.00 0.00 -0.56 0.00 0.00 0.00 0.047 0.00294 1
0.00 0.00 -0.56 0.00 0.00 0.00 0.047 0.00294 1
0.00 0.00 -0.56 0.00 0.00 0.00 0.047 0.00294 1
0.00 0.00 -0.56 0.00 0.00 0.00 0.047 0.00294 1
0.00 0.00 -0.56 0.00 0.00 0.00 0.047 0.00294 1
0.00 0.00 -0.56 0.00 0.00 0.00 0.047 0.00294 1
0.00 0.00 -0.56 0.00 0.00 0.00 0.047 0.00294 1
0.00 0.00 -0.56 0.00 0.00 0.00 0.047 0.00294 1
0.00 0.00 -0.56 0.00 0.00 0.00 0.047 0.00294 1
0.00 0.00 -0.56 0.00 0.00 0.00 0.047 0.00294 1
0.00 0.00 -0.56 0.00 0.00 0.00 0.047 0.00294 1
0.00 0.00 -0.56 0.00 0.00 0.00 0.047 0.00294 1
0.00 0.00 -0.56 0.00 0.00 0.00 0.047 0.00294 1
0.00 0.00 -0.56 0.00 0.00 0.00 0.047 0.00294 1
0.00 0.00 -0.56 0.00 0.00 0.00 0.047 0.00294 1
0.00 0.00 -0.56 0.00 0.00 0.00 0.047 0.00294 1
0.00 0.00 -0.56 0.00 0.00 0.00 0.047 0.00294 1
0.00 0.00 -0.56 0.00 0.00 0.00 0.047 0.00294 1
0.00 0.00 -0.56 0.00 0.00 0.00 0.047 0.00294 1
0.00 0.00 -0.56 0.00 0.00 0.00 0.047 0.00294 1
0.00 0.00 -0.56 0.00 0.00 0.00 0.047 0.00294 1
0.00 0.00 -0.56 0.00 0.00 0.00 0.047 0.00294 1
0.00 0.00 -0.56 0.00 0.00 0.00 0.047 0.00294 1
0.00 0.00 -0.56 0.00 0.00 0.00 0.047 0.00294 1
0.00 0.00 -0.56 0.00 0.00 0.00 0.047 0.00294 1
0.00 0.00 -0.56 0.00 0.00 0.00 0.047 0.00294 1
0.00 0.00 -0.56 0.00 0.00 0.00 0.047 0.00294 1
0.00 0.00 -0.56 0.00 0.00 0.00 0.047 0.00294 1
0.00 0.00 -0.56 0.00 0.00 0.00 0.047 0.00294 1
0.00 0.00 -0.56 0.00 0.00 0.00 0.047 0.00294 1
0.00 0.00 -0.56 0.00 0.00 0.00 0.047 0.00294 1
0.00 0.00 -0.56 0.00 0.00 0.00 0.047 0.00294 1
0.00 0.00 -0.56 0.00 0.00 0.00 0.047 0.00294 1
0.00 0.00 -0.56 0.00 0.00 0.00 0.047 0.00294 1
0.00 0.00 -0.56 0.00 0.00 0.00 0.047 0.00294 1
0.00 0.00 -0.56 0.00 0.00 0.00 0.047 0.00294 1
0.00 0.00 -0.56 0.00 0.00 0.00 0.047 0.00294 1
0.00 0.00 -0.56 0.00 0.00 0.00 0.047 0.00294 1
0.00 0.00 -0.56 0.00 0.00 0.00 0.047 0.00294 1
0.00 0.00 -0.56 0.00 0.00 0.00 0.047 0.00294 1
0.00 0.00 -0.56 0.00 0.00 0.00 0.047 0.00294 1
0.00 0.00 -0.56 0.00 0.00 0.00 0.047 0.00294 1
0.00 0.00 -0.56 0.00 0.00 0.00 0.047 0.00294 1
0.00 0.00 -0.56 0.00 0.00 0.00 0.047 0.00294 1
0.00 0.00 -0.56 0.00 0.00 0.00 0.047 0.00294 1
0.00 0.00 -0.56 0.00 0.00 0.00 0.047 0.00294 1
0.00 0.00 -0.56 0.00 0.00 0.00 0.047 0.00294 1
0.00 0.00 -0.56 0.00 0.00 0.00 0.047 0.00294 1
0.00 0.00 -0.56 0.00 0.00 0.00 0.047 0.00294 1
0.00 0.00 -0.56 0.00 0.00 0.00 0.047 0.00294 1
0.00 0.00 -0.56 0.00 0.00 0.00 0.047 0.00294 1
0.00 0.00 -0.56 0.00 0.00 0.00 0.047 0.00294 1
0.00 0.00 -0.56 0.00 0.00 0.00 0.047 0.00294 1
0.00 0.00 -0.56 0.00 0.00 0.00 0.047 0.00294 1
0.00 0.00 -0.56 0.00 0.00 0.00 0.047 0.00294 1
0.00 0.00 -0.56 0.00 0.00 0.00 0.047 0.00294 1
0.00 0.00 -0.56 0.00 0.00 0.00 0.047 0.00294 1
0.00 0.00 -0.56 0.00 0.00 0.00 0.047 0.00294 1
0.00 0.00 -0.56 0.00 0.00 0.00 0.047 0.00294 1
0.00 0.00 -0.56 0.00 0.00 0.00 0.047 0.00294 1
0.00 0.00 -0.56 0.00 0.00 0.00 0.047 0.00294 1
0.00 0.00 -0.56 0.00 0.00 0.00 0.047 0.00294 1
0.00 0.00 -0.56 0.00 0.00 0.00 0.047 0.00294 1
0.00 0.00 -0.56 0.00 0.00 0.00 0.047 0.00294 1
0.00 0.00 -0.56 0.00 0.00 0.00 0.047 0.00294 1
0.00 0.00 -0.56 0.00 0.00 0.00 0.047 0.00294 1
0.00 0.00 -0.56 0.00 0.00 0.00 0.047 0.00294 1
0.00 0.00 -0.56 0.00 0.00 0.00 0.047 0.00294 1
0.00 0.00 -0.56 0.00 0.00 0.00 0.047 0.00294 1
0.00 0.00 -0.56 0.00 0.00 0.00 0.047 0.00294 1
0.00 0.00 -0.56 0.00 0.00 0.00 0.047 0.00294 1
0.00 0.00 -0.56 0.00 0.00 0.00 0.047 0.00294 1
0.00 0.00 -0.56 0.00 0.00 0.00 0.047 0.00294 1
0.00 0.00 -0.56 0.00 0.00 0.00 0.047 0.00294 1
0.00 0.00 -0.56 0.00 0.00 0.00 0.047 0.00294 1
0.00 0.00 -0.56 0.00 0.00 0.00 0.047 0.00294 1
0.00 0.00 -0.56 0.00 0.00 0.00 0.047 0.00294 1
0.00 0.00 -0.56 0.00 0.00 0.00 0.047 0.00294 1
0.00 0.00 -0.56 0.00 0.00 0.00 0.047 0.00294 1
0.00 0.00 -0.56 0.00 0.00 0.00 0.047 0.00294 1
0.00 0.00 -0.56 0.00 0.00 0.00 0.047 0.00294 1
0.00 0.00 -0.56 0.00 0.00 0.00 0.047 0.00294 1
0.00 0.00 -0.56 0.00 0.00 0.00 0.047 0.00294 1
0.00 0.00 -0.56 0.00 0.00 0.00 0.047 0.00294 1
0.00 0.00 -0.56 0.00 0.00 0.00 0.047 0.00294 1
0.00 0.00 -0.56 0.00 0.00 0.00 0.047 0.00294 1
0.00 0.00 -0.56 0.00 0.00 0.00 0.047 0.00294 1
0.00 0.00 -0.56 0.00 0.00 0.00 0.047 0.00294 1
0.00 0.00 -0.56 0.00 0.00 0.00 0.047 0.00294 1
0.00 0.00 -0.56 0.00 0.00 0.00 0.047 0.00294 1
0.00 0.00 -0.56 0.00 0.00 0.00 0.047 0.00294 1
0.00 0.00 -0.56 0.00 0.00 0.00 0.047 0.00294 1
0.00 0.00 -0.56 0.00 0.00 0.00 0.047 0.00294 1
0.00 0.00 -0.56 0.00 0.00 0.00 0.047 0.00294 1
0.00 0.00 -0.56 0.00 0.00 0.00 0.047 0.00294 1
0.00 0.00 -0.56 0.00 0.00 0.00 0.047 0.00294 1
0.00 0.00 -0.56 0.00 0.00 0.00 0.047 0.00294 1
0.00 0.00 -0.56 0.00 0.00 0.00 0.047 0.00294 1
0.00 0.00 -0.56 0.00 0.00 0.00 0.047 0.00294 1
0.00 0.00 -0.56 0.00 0.00 0.00 0.047 0.00294 1
0.00 0.00 -0.56 0.00 0.00 0.00 0.047 0.00294 1
0.00 0.00 -0.56 0.00 0.00 0.00 0.047 0.00294 1
0.00 0.00 -0.56 0.00 0.00 0.00 0.047 0.00294 1
0.00 0.00 -0.56 0.00 0.00 0.00 0.047 0.00294 1
0.00 0.00 -0.56 0.00 0.00 0.00 0.047 0.00294 1
0.00 0.00 -0.56 0.00 0.00 0.00 0.047 0.00294 1
0.00 0.00 -0.56 0.00 0.00 0.00 0.047 0.00294 1
0.00 0.00 -0.56 0.00 0.00 0.00 0.047 0.00294 1
0.00 0.00 -0.56 0.00 0.00 0.00 0.047 0.00294 1
0.00 0.00 -0.56 0.00 0.00 0.00 0.047 0.00294 1
0.00 0.00 -0.56 0.00 0.00 0.00 0.047 0.00294 1
0.00 0.00 -0.56 0.00 0.00 0.00 0.047 0.00294 1
0.00 0.00 -0.56 0.00 0.00 0.00 0.047 0.00294 1
0.00 0.00 -0.56 0.00 0.00 0.00 0.047 0.00294 1
0.00 0.00 -0.56 0.00 0.00 0.00 0.047 0.00294 1
0.00 0.00 -0.56 0.00 0.00 0.00 0.047 0.00294 1
0.00 0.00 -0.56 0.00 0.00 0.00 0.047 0.00294 1
0.00 0.00 -0.56 0.00 0.00 0.00 0.047 0.00294 1
0.00 0.00 -0.56 0.00 0.00 0.00 0.047 0.00294 1
0.00 0.00 -0.56 0.00 0.00 0.00 0.047 0.00294 1
0.00 0.00 -0.56 0.00 0.00 0.00 0.047 0.00294 1
0.00 0.00 -0.56 0.00 0.00 0.00 0.047 0.00294 1
0.00 0.00 -0.56 0.00 0.00 0.00 0.047 0.00294 1
0.00 0.00 -0.56 0.00 0.00 0.00 0.047 0.00294 1
0.00 0.00 -0.56 0.00 0.00 0.00 0.047 0.00294 1
0.00 0.00 -0.56 0.00 0.00 0.00 0.047 0.00294 1
0.00 0.00 -0.56 0.00 0.00 0.00 0.047 0.00294 1
0.00 0.00 -0.56 0.00 0.00 0.00 0.047 0.00294 1
0.00 0.00 -0.56 0.00 0.00 0.00 0.047 0.00294 1
0.00 0.00 -0.56 0.00 0.00 0.00 0.047 0.00294 1
0.00 0.00 -0.56 0.00 0.00 0.00 0.047 0.00294 1
0.00 0.00 -0.56 0.00 0.00 0.00 0.047 0.00294 1
0.00 0.00 -0.56 0.00 0.00 0.00 0.047 0.00294 1
0.00 0.00 -0.56 0.00 0.00 0.00 0.047 0.00294 1
0.00 0.00 -0.56 0.00 0.00 0.00 0.047 0.00294 1
0.00 0.00 -0.56 0.00 0.00 0.00 0.047 0.00294 1
0.00 0.00 -0.56 0.00 0.00 0.00 0.047 0.00294 1
0.00 0.00 -0.56 0.00 0.00 0.00 0.047 0.00294 1
0.00 0.00 -0.56 0.00 0.00 0.00 0.047 0.00294 1
0.00 0.00 -0.56 0.00 0.00 0.00 0.047 0.00294 1
0.00 0.00 -0.56 0.00 0.00 0.00 0.047 0.00294 1
0.00 0.00 -0.56 0.00 0.00 0.00 0.047 0.00294 1
0.00 0.00 -0.56 0.00 0.00 0.00 0.047 0.00294 1
0.00 0.00 -0.56 0.00 0.00 0.00 0.047 0.00294 1
0.00 0.00 -0.56 0.00 0.00 0.00 0.047 0.00294 1
0.00 0.00 -0.56 0.00 0.00 0.00 0.047 0.00294 1
0.00 0.00 -0.56 0.00 0.00 0.00 0.047 0.00294 1
0.00 0.00 -0.56 0.00 0.00 0.00 0.047 0.00294 1
0.00 0.00 -0.56 0.00 0.00 0.00 0.047 0.00294 1
0.00 0.00 -0.56 0.00 0.00 0.00 0.047 0.00294 1
0.00 0.00 -0.56 0.00 0.00 0.00 0.047 0.00294 1
0.00 0.00 -0.56 0.00 0.00 0.00 0.047 0.00294 1
0.00 0.00 -0.56 0.00 0.00 0.00 0.047 0.00294 1
0.00 0.00 -0.56 0.00 0.00 0.00 0.047 0.00294 1
0.00 0.00 -0.56 0.00 0.00 0.00 0.047 0.00294 1
0.00 0.00 -0.56 0.00 0.00 0.00 0.047 0.00294 1
0.00 0.00 -0.56 0.00 0.00 0.00 0.047 0.00294 1
0.00 0.00 -0.56 0.00 0.00 0.00 0.047 0.00294 1
0.00 0.00 -0.56 0.00 0.00 0.00 0.047 0.00294 1
0.00 0.00 -0.56 0.00 0.00 0.00 0.047 0.00294 1
0.00 0.00 -0.56 0.00 0.00 0.00 0.047 0.00294 1
0.00 0.00 -0.56 0.00 0.00 0.00 0.047 0.00294 1
0.00 0.00 -0.56 0.00 0.00 0.00 0.047 0.00294 1
0.00 0.00 -0.56 0.00 0.00 0.00 0.047 0.00294 1
0.00 0.00 -0.56 0.00 0.00 0.00 0.047 0.00294 1
0.00 0.00 -0.56 0.00 0.00 0.00 0.047 0.00294 1
0.00 0.00 -0.56 0.00 0.00 0.00 0.047 0.00294 1
0.00 0.00 -0.56 0.00 0.00 0.00 0.047 0.00294 1
0.00 0.00 -0.56 0.00 0.00 0.00 0.047 0.00294 1
0.00 0.00 -0.56 0.00 0.00 0.00 0.047 0.00294 1
0.00 0.00 -0.56 0.00 0.00 0.00 0.047 0.00294 1
0.00 0.00 -0.56 0.00 0.00 0.00 0.047 0.00294 1
0.00 0.00 -0.56 0.00 0.00 0.00 0.047 0.00294 1
0.00 0.00 -0.56 0.00 0.00 0.00 0.047 0.00294 1
0.00 0.00 -0.56 0.00 0.00 0.00 0.047 0.00294 1
0.00 0.00 -0.56 0.00 0.00 0.00 0.047 0.00294 1
0.00 0.00 -0.56 0.00 0.00 0.00 0.047 0.00294 1
0.00 0.00 -0.56 0.00 0.00 0.00 0.047 0.00294 1
0.00 0.00 -0.56 0.00 0.00 0.00 0.047 0.00294 1
0.00 0.00 -0.56 0.00 0.00 0.00 0.047 0.00294 1
0.00 0.00 -0.56 0.00 0.00 0.00 0.047 0.00294 1
0.00 0.00 -0.56 0.00 0.00 0.00 0.047 0.00294 1
0.00 0.00 -0.56 0.00 0.00 0.00 0.047 0.00294 1
0.00 0.00 -0.56 0.00 0.00 0.00 0.047 0.00294 1
0.00 0.00 -0.56 0.00 0.00 0.00 0.047 0.00294 1
0.00 0.00 -0.56 0.00 0.00 0.00 0.047 0.00294 1
0.00 0.00 -0.56 0.00 0.00 0.00 0.047 0.00294 1
0.00 0.00 -0.56 0.00 0.00 0.00 0.047 0.00294 1
0.00 0.00 -0.56 0.00 0.00 0.00 0.047 0.00294 1
0.00 0.00 -0.56 0.00 0.00 0.00 0.047 0.00294 1
0.00 0.00 -0.56 0.00 0.00 0.00 0.047 0.00294 1
0.00 0.00 -0.56 0.00 0.00 0.00 0.047 0.00294 1
0.00 0.00 -0.56 0.00 0.00 0.00 0.047 0.00294 1
0.00 0.00 -0.56 0.00 0.00 0.00 0.047 0.00294 1
0.00 0.00 -0.56 0.00 0.00 0.00 0.047 0.00294 1
0.00 0.00 -0.56 0.00 0.00 0.00 0.047 0.00294 1
0.00 0.00 -0.56 0.00 0.00 0.00 0.047 0.00294 1
0.00 0.00 -0.56 0.00 0.00 0.00 0.047 0.00294 1
0.00 0.00 -0.56 0.00 0.00 0.00 0.047 0.00294 1
0.00 0.00 -0.56 0.00 0.00 0.00 0.047 0.00294 1
0.00 0.00 -0.56 0.00 0.00 0.00 0.047 0.00294 1
0.00 0.00 -0.56 0.00 0.00 0.00 0.047 0.00294 1
0.00 0.00 -0.56 0.00 0.00 0.00 0.047 0.00294 1
0.00 0.00 -0.56 0.00 0.00 0.00 0.047 0.00294 1
0.00 0.00 -0.56 0.00 0.00 0.00 0.047 0.00294 1
0.00 0.00 -0.56 0.00 0.00 0.00 0.047 0.00294 1
0.00 0.00 -0.56 0.00 0.00 0.00 0.047 0.00294 1
0.00 0.00 -0.56 0.00 0.00 0.00 0.047 0.00294 1
0.00 0.00 -0.56 0.00 0.00 0.00 0.047 0.00294 1
0.00 0.00 -0.56 0.00 0.00 0.00 0.047 0.00294 1
0.00 0.00 -0.56 0.00 0.00 0.00 0.047 0.00294 1
0.00 0.00 -0.56 0.00 0.00 0.00 0.047 0.00294 1
0.00 0.00 -0.56 0.00 0.00 0.00 0.047 0.00294 1
0.00 0.00 -0.56 0.00 0.00 0.00 0.047 0.00294 1
0.00 0.00 -0.56 0.00 0.00 0.00 0.047 0.00294 1
0.00 0.00 -0.56 0.00 0.00 0.00 0.047 0.00294 1
0.00 0.00 -0.56 0.00 0.00 0.00 0.047 0.00294 1
0.00 0.00 -0.56 0.00 0.00 0.00 0.047 0.00294 1
0.00 0.00 -0.56 0.00 0.00 0.00 0.047 0.00294 1
0.00 0.00 -0.56 0.00 0.00 0.00 0.047 0.00294 1
0.00 0.00 -0.56 0.00 0.00 0.00 0.047 0.00294 1
0.00 0.00 -0.56 0.00 0.00 0.00 0.047 0.00294 1
0.00 0.00 -0.56 0.00 0.00 0.00 0.047 0.00294 1
0.00 0.00 -0.56 0.00 0.00 0.00 0.047 0.00294 1
0.00 0.00 -0.56 0.00 0.00 0.00 0.047 0.00294 1
0.00 0.00 -0.56 0.00 0.00 0.00 0.047 0.00294 1
0.00 0.00 -0.56 0.00 0.00 0.00 0.047 0.00294 1
0.00 0.00 -0.56 0.00 0.00 0.00 0.047 0.00294 1
0.00 0.00 -0.56 0.00 0.00 0.00 0.047 0.00294 1
0.00 0.00 -0.56 0.00 0.00 0.00 0.047 0.00294 1
0.00 0.00 -0.56 0.00 0.00 0.00 0.047 0.00294 1
0.00 0.00 -0.56 0.00 0.00 0.00 0.047 0.00294 1
0.00 0.00 -0.56 0.00 0.00 0.00 0.047 0.00294 1
0.00 0.00 -0.56 0.00 0.00 0.00 0.047 0.00294 1
0.00 0.00 -0.56 0.00 0.00 0.00 0.047 0.00294 1
0.00 0.00 -0.56 0.00 0.00 0.00 0.047 0.00294 1
0.00 0.00 -0.56 0.00 0.00 0.00 0.047 0.00294 1
0.00 0.00 -0.56 0.00 0.00 0.00 0.047 0.00294 1
0.00 0.00 -0.56 0.00 0.00 0.00 0.047 0.00294 1
0.00 0.00 -0.56 0.00 0.00 0.00 0.047 0.00294 1
0.00 0.00 -0.56 0.00 0.00 0.00 0.047 0.00294 1
0.00 0.00 -0.56 0.00 0.00 0.00 0.047 0.00294 1
0.00 0.00 -0.56 0.00 0.00 0.00 0.047 0.00294 1
0.00 0.00 -0.56 0.00 0.00 0.00 0.047 0.00294 1
0.00 0.00 -0.56 0.00 0.00 0.00 0.047 0.00294 1
0.00 0.00 -0.56 0.00 0.00 0.00 0.047 0.00294 1
0.00 0.00 -0.56 0.00 0.00 0.00 0.047 0.00294 1
0.00 0.00 -0.56 0.00 0.00 0.00 0.047 0.00294 1
0.00 0.00 -0.56 0.00 0.00 0.00 0.047 0.00294 1
0.00 0.00 -0.56 0.00 0.00 0.00 0.047 0.00294 1
0.00 0.00 -0.56 0.00 0.00 0.00 0.047 0.00294 1
0.00 0.00 -0.56 0.00 0.00 0.00 0.047 0.00294 1
0.00 0.00 -0.56 0.00 0.00 0.00 0.047 0.00294 1
0.00 0.00 -0.56 0.00 0.00 0.00 0.047 0.00294 1
0.00 0.00 -0.56 0.00 0.00 0.00 0.047 0.00294 1
0.00 0.00 -0.56 0.00 0.00 0.00 0.047 0.00294 1
0.00 0.00 -0.56 0.00 0.00 0.00 0.047 0.00294 1
0.00 0.00 -0.56 0.00 0.00 0.00 0.047 0.00294 1
0.00 0.00 -0.56 0.00 0.00 0.00 0.047 0.00294 1
0.00 0.00 -0.56 0.00 0.00 0.00 0.047 0.00294 1
0.00 0.00 -0.56 0.00 0.00 0.00 0.047 0.00294 1
0.00 0.00 -0.56 0.00 0.00 0.00 0.047 0.00294 1
0.00 0.00 -0.56 0.00 0.00 0.00 0.047 0.00294 1
0.00 0.00 -0.56 0.00 0.00 0.00 0.047 0.00294 1
0.00 0.00 -0.56 0.00 0.00 0.00 0.047 0.00294 1
0.00 0.00 -0.56 0.00 0.00 0.00 0.047 0.00294 1
0.00 0.00 -0.56 0.00 0.00 0.00 0.047 0.00294 1
0.00 0.00 -0.56 0.00 0.00 0.00 0.047 0.00294 1
0.00 0.00 -0.56 0.00 0.00 0.00 0.047 0.00294 1
0.00 0.00 -0.56 0.00 0.00 0.00 0.047 0.00294 1
0.00 0.00 -0.56 0.00 0.00 0.00 0.047 0.00294 1
0.00 0.00 -0.56 0.00 0.00 0.00 0.047 0.00294 1
0.00 0.00 -0.56 0.00 0.00 0.00 0.047 0.00294 1
0.00 0.00 -0.56 0.00 0.00 0.00 0.047 0.00294 1
0.00 0.00 -0.56 0.00 0.00 0.00 0.047 0.00294 1
0.00 0.00 -0.56 0.00 0.00 0.00 0.047 0.00294 1
0.00 0.00 -0.56 0.00 0.00 0.00 0.047 0.00294 1
0.00 0.00 -0.56 0.00 0.00 0.00 0.047 0.00294 1
0.00 0.00 -0.56 0.00 0.00 0.00 0.047 0.00294 1
0.00 0.00 -0.56 0.00 0.00 0.00 0.047 0.00294 1
0.00 0.00 -0.56 0.00 0.00 0.00 0.047 0.00294 1
0.00 0.00 -0.56 0.00 0.00 0.00 0.047 0.00294 1
0.00 0.00 -0.56 0.00 0.00 0.00 0.047 0.00294 1
0.00 0.00 -0.56 0.00 0.00 0.00 0.047 0.00294 1
0.00 0.00 -0.56 0.00 0.00 0.00 0.047 0.00294 1
0.00 0.00 -0.56 0.00 0.00 0.00 0.047 0.00294 1
0.00 0.00 -0.56 0.00 0.00 0.00 0.047 0.00294 1
0.00 0.00 -0.56 0.00 0.00 0.00 0.047 0.00294 1
0.00 0.00 -0.56 0.00 0.00 0.00 0.047 0.00294 1
0.00 0.00 -0.56 0.00 0.00 0.00 0.047 0.00294 1
0.00 0.00 -0.56 0.00 0.00 0.00 0.047 0.00294 1
0.00 0.00 -0.56 0.00 0.00 0.00 0.047 0.00294 1
0.00 0.00 -0.56 0.00 0.00 0.00 0.047 0.00294 1
0.00 0.00 -0.56 0.00 0.00 0.00 0.047 0.00294 1
0.00 0.00 -0.56 0.00 0.00 0.00 0.047 0.00294 1
0.00 0.00 -0.56 0.00 0.00 0.00 0.047 0.00294 1
0.00 0.00 -0.56 0.00 0.00 0.00 0.047 0.00294 1
0.00 0.00 -0.56 0.00 0.00 0.00 0.047 0.00294 1
0.00 0.00 -0.56 0.00 0.00 0.00 0.047 0.00294 1
0.00 0.00 -0.56 0.00 0.00 0.00 0.047 0.00294 1
0.00 0.00 -0.56 0.00 0.00 0.00 0.047 0.00294 1
0.00 0.00 -0.56 0.00 0.00 0.00 0.047 0.00294 1
0.00 0.00 -0.56 0.00 0.00 0.00 0.047 0.00294 1
0.00 0.00 -0.56 0.00 0.00 0.00 0.047 0.00294 1
0.00 0.00 -0.56 0.00 0.00 0.00 0.047 0.00294 1
0.00 0.00 -0.56 0.00 0.00 0.00 0.047 0.00294 1
0.00 0.00 -0.56 0.00 0.00 0.00 0.047 0.00294 1
0.00 0.00 -0.56 0.00 0.00 0.00 0.047 0.00294 1
0.00 0.00 -0.56 0.00 0.00 0.00 0.047 0.00294 1
0.00 0.00 -0.56 0.00 0.00 0.00 0.047 0.00294 1
0.00 0.00 -0.56 0.00 0.00 0.00 0.047 0.00294 1
0.00 0.00 -0.56 0.00 0.00 0.00 0.047 0.00294 1
0.00 0.00 -0.56 0.00 0.00 0.00 0.047 0.00294 1
0.00 0.00 -0.56 0.00 0.00 0.00 0.047 0.00294 1
0.00 0.00 -0.56 0.00 0.00 0.00 0.047 0.00294 1
0.00 0.00 -0.56 0.00 0.00 0.00 0.047 0.00294 1
0.00 0.00 -0.56 0.00 0.00 0.00 0.047 0.00294 1
0.00 0.00 -0.56 0.00 0.00 0.00 0.047 0.00294 1
0.00 0.00 -0.56 0.00 0.00 0.00 0.047 0.00294 1
0.00 0.00 -0.56 0.00 0.00 0.00 0.047 0.00294 1
0.00 0.00 -0.56 0.00 0.00 0.00 0.047 0.00294 1
0.00 0.00 -0.56 0.00 0.00 0.00 0.047 0.00294 1
0.00 0.00 -0.56 0.00 0.00 0.00 0.047 0.00294 1
0.00 0.00 -0.56 0.00 0.00 0.00 0.047 0.00294 1
0.00 0.00 -0.56 0.00 0.00 0.00 0.047 0.00294 1
0.00 0.00 -0.56 0.00 0.00 0.00 0.047 0.00294 1
0.00 0.00 -0.56 0.00 0.00 0.00 0.047 0.00294 1
0.00 0.00 -0.56 0.00 0.00 0.00 0.047 0.00294 1
0.00 0.00 -0.56 0.00 0.00 0.00 0.047 0.00294 1
0.00 0.00 -0.56 0.00 0.00 0.00 0.047 0.00294 1
0.00 0.00 -0.56 0.00 0.00 0.00 0.047 0.00294 1
0.00 0.00 -0.56 0.00 0.00 0.00 0.047 0.00294 1
0.00 0.00 -0.56 0.00 0.00 0.00 0.047 0.00294 1
0.00 0.00 -0.56 0.00 0.00 0.00 0.047 0.00294 1
0.00 0.00 -0.56 0.00 0.00 0.00 0.047 0.00294 1
0.00 0.00 -0.56 0.00 0.00 0.00 0.047 0.00294 1
0.00 0.00 -0.56 0.00 0.00 0.00 0.047 0.00294 1
0.00 0.00 -0.56 0.00 0.00 0.00 0.047 0.00294 1
0.00 0.00 -0.56 0.00 0.00 0.00 0.047 0.00294 1
0.00 0.00 -0.56 0.00 0.00 0.00 0.047 0.00294 1
0.00 0.00 -0.56 0.00 0.00 0.00 0.047 0.00294 1
0.00 0.00 -0.56 0.00 0.00 0.00 0.047 0.00294 1
0.00 0.00 -0.56 0.00 0.00 0.00 0.047 0.00294 1
0.00 0.00 -0.56 0.00 0.00 0.00 0.047 0.00294 1
0.00 0.00 -0.56 0.00 0.00 0.00 0.047 0.00294 1
0.00 0.00 -0.56 0.00 0.00 0.00 0.047 0.00294 1
0.00 0.00 -0.56 0.00 0.00 0.00 0.047 0.00294 1
0.00 0.00 -0.56 0.00 0.00 0.00 0.047 0.00294 1
0.00 0.00 -0.56 0.00 0.00 0.00 0.047 0.00294 1
0.00 0.00 -0.56 0.00 0.00 0.00 0.047 0.00294 1
0.00 0.00 -0.56 0.00 0.00 0.00 0.047 0.00294 1
0.00 0.00 -0.56 0.00 0.00 0.00 0.047 0.00294 1
0.00 0.00 -0.56 0.00 0.00 0.00 0.047 0.00294 1
0.00 0.00 -0.56 0.00 0.00 0.00 0.047 0.00294 1
0.00 0.00 -0.56 0.00 0.00 0.00 0.047 0.00294 1
0.00 0.00 -0.56 0.00 0.00 0.00 0.047 0.00294 1
0.00 0.00 -0.56 0.00 0.00 0.00 0.047 0.00294 1
0.00 0.00 -0.56 0.00 0.00 0.00 0.047 0.00294 1
0.00 0.00 -0.56 0.00 0.00 0.00 0.047 0.00294 1
0.00 0.00 -0.56 0.00 0.00 0.00 0.047 0.00294 1
0.00 0.00 -0.56 0.00 0.00 0.00 0.047 0.00294 1
24.77 -0.60 -1.49 4.19 1.53 1.51 -2.982 0.00291 1
20.72 -4.15 -1.02 1.72 0.58 1.77 -0.558 0.00216 3
29.56 22.77 -1.03 4.06 1.41 1.45 2.930 0.00204 1
38.20 3.40 -1.14 0.73 0.64 1.88 0.385 0.00201 2
58.06 15.71 -1.67 3.77 1.55 1.51 -2.776 0.00185 1
63.57 18.10 0.03 3.80 1.62 1.63 2.723 0.00171 1
15.19 -3.54 -1.03 3.87 1.53 1.52 0.896 0.00170 1
11.21 -2.24 -1.57 3.20 1.42 1.44 -1.847 0.00158 1
39.53 -9.36 -1.28 3.83 1.83 1.57 -2.752 0.00154 1
39.38 3.33 -2.36 3.86 1.69 1.54 -0.008 0.00150 1
31.05 8.43 -1.63 3.94 1.66 1.51 -1.445 0.00139 1
10.96 0.41 -1.41 3.41 1.83 1.65 -1.929 0.00129 1
27.08 -9.11 -1.68 3.92 1.57 1.52 -2.835 0.00128 1
53.23 9.58 -0.01 3.90 1.70 1.57 -0.010 0.00127 1
13.38 3.76 -0.56 4.03 1.44 1.50 -2.990 0.00126 1
32.47 -14.30 -0.71 4.06 1.59 1.62 0.980 0.00118 1
34.75 -10.73 -1.28 3.60 1.42 1.65 -0.244 0.00114 1
39.18 -16.18 -0.94 0.91 0.45 1.94 1.957 0.00111 2
17.45 -0.77 -1.44 3.96 1.63 1.46 0.351 0.00106 1
18.55 3.05 0.04 3.95 1.62 1.52 -1.032 0.00105 1
19.36 4.67 0.26 4.35 1.50 1.52 -2.825 0.00105 1
32.90 -10.65 -0.97 1.70 0.63 1.80 -1.786 0.00104 3
18.99 -14.46 -1.62 3.90 1.63 1.54 -1.846 0.00100 1
33.23 -8.91 -1.32 0.93 0.50 1.88 2.164 0.00094 2
26.45 2.94 -1.77 3.87 1.49 1.57 -3.083 0.00092 1
39.20 -16.29 -0.87 1.67 0.49 1.98 2.195 0.00088 3
20.67 -4.24 -0.96 1.78 0.55 1.74 0.128 0.00081 3
14.97 4.41 -0.93 3.95 1.72 1.54 -2.514 0.00081 1
15.29 -3.56 -1.02 3.81 1.47 1.61 0.013 0.00080 1
43.20 25.24 0.83 3.94 1.66 1.56 0.104 0.00079 1
37.73 -18.63 0.00 4.42 1.50 1.57 -3.134 0.00079 1
44.24 3.28 -0.82 3.50 1.62 1.57 2.544 0.00076 1
43.37 24.66 0.76 3.83 1.49 1.59 0.034 0.00073 1
25.92 2.46 -1.70 3.84 1.54 1.49 -2.959 0.00066 1
32.24 -14.40 -1.80 4.43 1.98 1.75 2.959 0.00065 1
13.12 4.23 -0.62 3.90 1.34 1.51 2.778 0.00065 1
49.55 -6.97 -0.66 3.88 1.66 1.55 2.762 0.00056 1
15.20 -5.47 -1.17 4.02 1.59 1.54 -0.359 0.00055 1
38.72 3.77 -1.25 4.57 1.55 1.74 0.269 0.00052 1
15.23 -2.22 -1.45 4.20 1.40 1.57 -2.695 0.00052 1
18.27 0.97 -1.21 4.11 1.69 1.50 -2.747 0.00050 1
16.11 11.10 -1.51 4.12 1.25 1.49 3.195 0.00048 1
33.39 -9.20 -0.97 1.07 0.53 1.97 -0.836 0.00047 2
25.40 -0.95 -1.39 4.36 1.80 1.52 0.326 0.00045 1
49.39 -7.65 -0.53 3.87 1.59 1.55 2.450 0.00044 1
11.57 5.37 -1.00 3.56 1.43 1.47 -2.230 0.00036 1
29.62 -7.34 -1.49 3.58 1.31 1.52 -3.013 0.00032 1
32.44 20.99 -1.04 4.54 1.57 1.53 3.203 0.00027 1
37.04 -1.21 -1.03 3.16 2.45 1.77 1.268 0.00027 1
29.49 -2.93 -1.12 0.95 0.50 1.84 2.632 0.00027 2
16.05 -4.85 -1.13 3.74 1.36 1.51 0.576 0.00027 1
7.66 -4.02 -1.11 4.25 1.74 1.48 3.069 0.00026 1
46.96 24.51 0.10 4.09 1.54 1.52 3.343 0.00021 1
26.06 -1.54 -1.38 5.10 1.82 1.50 0.358 0.00020 1
18.78 16.24 -0.74 3.76 1.34 1.47 3.028 0.00020 1
43.15 -9.64 -0.66 3.88 1.53 1.54 3.332 0.00020 1
33.81 28.86 -1.35 3.88 1.53 1.54 3.332 0.00020 1
41.99 13.21 -1.46 3.88 1.53 1.54 3.331 0.00019 1
36.11 19.16 -0.67 3.85 1.51 1.48 3.255 0.00019 1
17.41 4.31 0.40 4.05 1.54 1.55 -0.852 0.00019 1
57.51 -12.56 0.74 4.20 1.60 1.54 3.331 0.00019 1
29.62 -19.15 -0.13 3.82 1.54 1.57 -2.932 0.00019 1
58.33 10.38 0.38 4.20 1.61 1.54 3.330 0.00019 1
33.30 -21.31 -0.86 3.84 1.54 1.56 3.319 0.00018 1
50.57 -7.61 0.12 4.13 1.72 1.53 2.248 0.00017 1
33.21 -11.13 -1.29 1.55 0.56 1.72 -0.552 0.00017 3
32.89 2.65 -1.68 4.69 1.79 1.53 -0.346 0.00017 1
16.23 -4.02 -1.16 3.41 1.39 1.52 0.298 0.00017 1
18.53 13.58 -0.23 3.99 1.42 1.53 -3.023 0.00016 1
20.86 -4.90 -0.93 3.79 1.71 1.71 -2.066 0.00016 1
16.88 -12.74 -1.88 4.09 1.34 1.57 -2.053 0.00015 1
26.08 -6.09 -1.67 4.11 1.75 1.60 2.977 0.00015 1
30.60 -8.06 -1.42 3.68 1.54 1.50 -0.603 0.00014 1
8.98 -4.18 -1.05 4.10 1.74 1.51 2.843 0.00013 1
31.21 -4.03 -1.55 3.68 1.43 1.55 -3.013 0.00013 1
52.42 9.12 -0.08 1.68 0.49 1.83 -0.072 0.00013 3
62.73 -27.97 -1.14 4.33 1.69 1.55 3.304 0.00013 1
22.85 -14.84 -0.41 3.83 1.58 1.57 3.339 0.00012 1
73.61 25.64 -0.54 4.40 1.71 1.55 3.286 0.00011 1
14.57 2.16 -0.75 4.34 1.43 1.58 -2.868 0.00011 1
14.56 12.82 -1.47 3.85 1.61 1.56 -2.937 0.00011 1
17.64 11.50 0.87 3.74 1.55 1.58 -2.964 0.00011 1
17.00 -12.92 -1.73 3.97 1.63 1.57 -2.819 0.00011 1
7.44 -4.50 1.22 3.91 1.55 1.54 3.235 0.00011 1
33.14 -9.18 -1.23 0.90 0.52 1.95 2.974 0.00011 2
20.00 15.13 -0.91 4.20 1.38 1.46 3.104 0.00010 1
25.38 -6.37 -1.82 3.74 1.82 1.75 -2.707 0.00010 1
14.90 -4.63 -1.23 3.66 1.32 1.48 0.310 0.00010 1
72.93 -55.36 -0.39 4.44 1.71 1.55 3.254 0.00010 1
29.33 -2.70 -1.24 1.07 0.43 1.75 2.380 0.00009 2
12.81 -2.43 -1.11 3.94 1.68 1.60 -2.845 0.00009 1
21.22 -4.59 -0.97 4.03 1.56 1.76 0.491 0.00009 1
29.33 -15.78 -0.21 3.75 1.59 1.56 -2.880 0.00008 1
17.80 10.91 -1.25 4.07 1.70 1.69 -2.894 0.00008 1
9.43 -3.46 -1.26 3.93 1.95 1.64 3.227 0.00007 1
15.88 -4.87 -1.07 3.50 1.43 1.45 -0.262 0.00007 1
30.27 0.09 -1.52 3.95 1.79 1.63 -2.676 0.00007 1
12.18 -2.53 -1.32 3.85 1.56 1.55 2.109 0.00006 1
31.38 21.95 -0.87 4.21 1.56 1.56 3.253 0.00006 1
37.98 3.78 -1.60 3.82 2.20 1.70 0.872 0.00005 1
15.03 -4.42 -1.12 4.06 1.74 1.66 1.145 0.00005 1
26.39 12.24 -1.20 4.04 1.94 1.72 2.939 0.00005 1
25.42 13.18 -1.33 4.12 1.92 1.57 2.767 0.00005 1
11.11 -1.65 -1.39 3.04 1.28 1.44 -1.959 0.00005 1
25.14 -4.47 0.47 4.01 1.53 1.54 3.233 0.00005 1
10.14 -1.38 -1.00 3.73 1.47 1.60 -0.715 0.00004 1
49.97 -7.71 0.31 4.36 1.77 1.57 3.005 0.00004 1
10.95 -2.09 -1.38 3.46 1.28 1.48 -2.618 0.00004 1
33.42 1.82 -1.69 4.03 1.95 1.51 -0.708 0.00004 1
27.67 -8.25 -1.69 4.47 1.97 1.64 3.175 0.00004 1
30.72 2.48 -1.74 4.40 2.09 1.56 -0.738 0.00004 1
27.41 1.95 -1.65 4.09 1.97 1.67 -2.760 0.00004 1
44.61 2.74 -1.76 4.12 2.18 1.86 3.304 0.00003 1
37.31 2.87 -1.21 3.44 1.80 1.69 0.691 0.00003 1
11.40 -0.85 -1.16 3.77 1.44 1.52 2.703 0.00003 1
28.98 -2.45 -1.57 4.42 1.81 1.74 0.477 0.00003 1
47.39 10.97 0.56 4.16 1.78 1.59 3.201 0.00003 1
11.69 -0.57 -1.16 3.50 1.32 1.50 3.335 0.00003 1
37.26 18.17 -0.96 4.23 1.74 1.55 3.116 0.00003 1
24.41 -5.92 -1.83 4.03 1.69 1.66 3.265 0.00003 1
12.29 -2.08 -1.06 3.55 1.77 1.59 -2.607 0.00002 1
33.83 -10.32 -1.00 4.37 1.28 1.74 -0.477 0.00002 1
35.45 -9.98 -1.04 3.98 1.62 1.62 -2.607 0.00002 1
11.77 -2.08 -0.97 3.60 1.51 1.50 -2.075 0.00002 1
25.07 -18.31 -0.93 4.13 1.94 1.67 3.247 0.00002 1
11.58 -1.96 -1.28 3.42 1.31 1.41 -1.356 0.00002 1
27.24 -7.43 -1.75 3.93 2.12 1.69 3.270 0.00002 1
20.85 -4.79 -0.90 4.30 1.45 1.72 -1.471 0.00002 1
28.52 23.72 -0.84 4.17 1.79 1.61 2.939 0.00002 1
11.22 -1.54 -1.18 3.75 1.50 1.60 3.550 0.00001 1
28.36 -1.49 -0.14 0.63 0.58 2.10 1.088 0.00001 2
11.26 -0.35 -1.07 3.72 1.58 1.55 -1.747 0.00001 1
