454 193 498 303 0.859684 0
815 192 852 270 0.709040 0
1051 193 1081 252 0.498426 0
1127 189 1149 241 0.442977 0
985 198 1011 249 0.370213 0
890 192 911 256 0.289975 0
1039 202 1051 230 0.174537 0
956 369 980 426 0.070404 0
193 200 203 228 0.062003 0
835 198 849 220 0.048744 0
787 198 795 213 0.033715 0
691 208 703 238 0.033522 0
230 204 244 226 0.030773 0
878 195 896 245 0.030255 0
1113 194 1120 203 0.028850 0
1152 192 1160 216 0.022853 0
999 383 1024 422 0.022075 0
716 210 728 234 0.021212 0
511 195 518 210 0.019976 0
751 462 761 472 0.014652 0
966 372 979 389 0.014154 0
640 688 671 703 0.013697 0
161 204 175 230 0.013441 0
847 185 857 216 0.011663 0
214 194 224 229 0.011187 0
789 330 809 344 0.010741 0
1272 199 1279 243 0.009767 0
1087 183 1103 209 0.009099 0
1071 484 1080 500 0.008778 0
1136 446 1143 457 0.008465 0
862 423 884 455 0.008454 0
633 202 643 216 0.008021 0
936 204 944 215 0.007930 0
311 184 322 198 0.007770 0
747 418 771 466 0.007112 0
517 192 526 209 0.006788 0
770 424 786 471 0.006487 0
241 198 248 219 0.006341 0
1231 457 1249 509 0.006298 0
509 190 537 247 0.006225 0
1015 456 1024 466 0.006224 0
928 202 945 253 0.006094 0
864 441 874 455 0.006069 0
1070 202 1081 229 0.006022 0
1140 185 1155 215 0.005423 0
527 559 537 588 0.005336 0
575 428 592 457 0.005312 0
1015 382 1024 402 0.005099 0
1207 504 1216 512 0.004965 0
1215 198 1228 233 0.004652 0
912 454 928 484 0.004614 0
991 454 998 464 0.004279 0
977 368 985 390 0.004271 0
863 465 873 478 0.004267 0
999 385 1011 400 0.004070 0
1001 202 1025 232 0.004034 0
1045 410 1057 425 0.004024 0
1199 502 1209 512 0.003812 0
1260 198 1272 212 0.003460 0
1007 455 1018 466 0.003437 0
852 463 866 476 0.003436 0
1008 430 1015 440 0.003405 0
2 64 244 212 0.003259 0
248 195 255 214 0.003023 0
1045 484 1052 493 0.002996 0
319 203 331 229 0.002988 0
991 446 1000 456 0.002957 0
1056 488 1065 495 0.002953 0
1242 455 1258 473 0.002927 0
119 64 202 91 0.002900 0
1144 310 1168 344 0.002817 0
1128 446 1134 457 0.002815 0
473 198 481 212 0.002747 0
786 328 815 386 0.002550 0
895 326 904 343 0.002543 0
1024 455 1032 464 0.002499 0
887 471 895 483 0.002466 0
904 336 924 349 0.002404 0
1151 440 1158 453 0.002396 0
1191 213 1203 228 0.002363 0
1242 197 1255 233 0.002318 0
738 202 744 214 0.002316 0
648 407 656 424 0.002312 0
846 190 869 263 0.002293 0
575 424 584 432 0.002258 0
608 447 624 462 0.002178 0
367 207 375 224 0.002178 0
1191 497 1200 504 0.002175 0
316 64 496 204 0.002166 0
882 319 896 343 0.002110 0
481 429 496 447 0.002079 0
1030 452 1039 465 0.002048 0
670 208 678 230 0.002021 0
1072 464 1079 471 0.002012 0
1223 408 1231 423 0.001999 0
479 199 489 216 0.001962 0
1119 312 1127 328 0.001957 0
808 327 818 344 0.001937 0
1103 312 1112 327 0.001933 0
1176 499 1185 511 0.001931 0
1214 498 1232 511 0.001883 0
569 425 576 431 0.001881 0
1121 327 1136 344 0.001875 0
1175 344 1190 359 0.001844 0
1208 168 1216 201 0.001807 0
983 447 993 456 0.001801 0
1214 169 1224 207 0.001761 0
415 250 420 271 0.001748 0
1180 165 1203 217 0.001722 0
1031 490 1039 503 0.001720 0
1027 203 1060 252 0.001709 0
1231 458 1241 470 0.001706 0
821 330 847 345 0.001682 0
1205 496 1215 504 0.001672 0
503 311 512 336 0.001657 0
765 424 777 446 0.001634 0
1040 409 1057 460 0.001586 0
878 154 892 174 0.001569 0
429 222 439 229 0.001532 0
613 153 627 171 0.001526 0
800 414 817 447 0.001513 0
1247 479 1257 486 0.001507 0
1087 493 1095 503 0.001488 0
1080 191 1090 204 0.001476 0
933 431 944 454 0.001463 0
967 456 976 462 0.001457 0
1022 445 1035 458 0.001424 0
897 472 910 485 0.001385 0
351 188 357 199 0.001378 0
894 412 913 458 0.001353 0
406 251 413 271 0.001324 0
618 179 632 200 0.001316 0
679 449 688 462 0.001276 0
1190 383 1207 414 0.001274 0
925 425 937 455 0.001271 0
0 64 16 211 0.001270 0
735 433 745 458 0.001265 0
1250 215 1265 236 0.001233 0
356 247 368 273 0.001230 0
948 356 961 392 0.001227 0
983 456 993 464 0.001206 0
454 206 466 241 0.001205 0
1100 317 1118 344 0.001204 0
631 424 639 437 0.001147 0
1001 431 1009 440 0.001145 0
1040 454 1047 465 0.001140 0
1247 421 1253 429 0.001134 0
643 191 655 213 0.001133 0
673 564 681 582 0.001128 0
686 452 696 465 0.001090 0
272 233 292 294 0.001082 0
903 413 913 427 0.001078 0
616 424 622 433 0.001072 0
803 184 835 224 0.001068 0
1008 473 1017 488 0.001050 0
831 465 840 473 0.001007 0
1175 486 1185 503 0.001004 0
1061 487 1075 496 0.000999 0
664 295 672 314 0.000995 0
959 455 970 467 0.000990 0
634 180 642 194 0.000987 0
895 440 904 456 0.000948 0
779 426 806 456 0.000943 0
749 456 797 473 0.000943 0
1146 191 1171 232 0.000932 0
825 419 833 436 0.000923 0
637 375 651 393 0.000911 0
1121 439 1145 468 0.000893 0
870 326 883 343 0.000888 0
1232 412 1238 425 0.000887 0
1079 428 1087 442 0.000877 0
1216 421 1224 433 0.000873 0
712 426 720 441 0.000873 0
1015 322 1027 345 0.000862 0
440 209 446 218 0.000855 0
346 186 353 199 0.000842 0
942 367 952 391 0.000827 0
1224 420 1232 433 0.000820 0
376 186 385 200 0.000811 0
154 209 167 235 0.000810 0
975 369 996 423 0.000809 0
1183 350 1192 384 0.000799 0
1142 504 1156 510 0.000798 0
959 437 969 456 0.000795 0
928 385 945 428 0.000791 0
916 447 928 456 0.000785 0
1095 496 1104 504 0.000781 0
803 439 816 452 0.000775 0
925 447 934 456 0.000774 0
330 184 342 199 0.000764 0
662 419 670 438 0.000762 0
287 197 327 358 0.000753 0
1094 450 1104 471 0.000737 0
1033 463 1040 471 0.000731 0
801 453 816 471 0.000725 0
1080 402 1089 411 0.000722 0
1098 330 1105 344 0.000718 0
1231 422 1237 432 0.000716 0
31 214 40 228 0.000715 0
568 201 576 215 0.000713 0
1216 408 1224 426 0.000706 0
208 394 224 455 0.000695 0
535 559 544 587 0.000685 0
1204 408 1215 436 0.000673 0
631 454 639 461 0.000673 0
1038 182 1060 211 0.000672 0
1014 441 1025 454 0.000661 0
976 200 991 225 0.000660 0
1176 210 1208 249 0.000659 0
204 205 214 216 0.000656 0
1137 442 1153 463 0.000650 0
926 455 944 484 0.000650 0
1181 210 1195 226 0.000648 0
1239 421 1247 438 0.000645 0
681 383 688 396 0.000640 0
1010 423 1025 439 0.000639 0
816 442 824 453 0.000638 0
1073 427 1082 442 0.000634 0
558 178 579 215 0.000631 0
0 64 49 357 0.000629 0
828 416 848 443 0.000627 0
134 414 143 430 0.000624 0
26 214 42 256 0.000621 0
128 375 144 405 0.000616 0
703 422 729 467 0.000612 0
656 555 673 583 0.000600 0
1174 377 1199 409 0.000589 0
866 208 873 224 0.000582 0
832 478 841 489 0.000581 0
1071 500 1080 514 0.000575 0
719 431 726 441 0.000573 0
1184 445 1190 456 0.000572 0
1037 486 1050 496 0.000569 0
555 201 566 216 0.000567 0
1176 376 1186 392 0.000566 0
788 200 807 239 0.000561 0
645 456 656 471 0.000558 0
1029 482 1041 495 0.000557 0
1232 504 1240 510 0.000556 0
1077 333 1090 360 0.000556 0
1037 387 1052 423 0.000555 0
991 406 1002 435 0.000553 0
883 441 897 456 0.000552 0
319 241 336 368 0.000549 0
998 454 1008 465 0.000545 0
933 347 1023 427 0.000544 0
1151 470 1168 479 0.000541 0
615 360 624 376 0.000540 0
1262 75 1279 171 0.000538 0
520 392 529 414 0.000538 0
1150 440 1167 472 0.000528 0
239 237 257 295 0.000514 0
1021 388 1039 426 0.000511 0
777 409 784 414 0.000509 0
1246 423 1258 441 0.000506 0
266 201 272 216 0.000505 0
662 449 673 462 0.000503 0
1061 462 1070 471 0.000502 0
1072 398 1080 409 0.000489 0
639 449 649 459 0.000483 0
822 463 832 472 0.000458 0
326 236 334 248 0.000456 0
831 439 845 453 0.000447 0
249 214 256 229 0.000444 0
214 207 246 265 0.000441 0
1217 175 1258 234 0.000440 0
1023 383 1029 392 0.000427 0
1071 456 1094 472 0.000422 0
436 192 445 204 0.000420 0
1119 392 1128 412 0.000416 0
998 181 1010 206 0.000416 0
450 212 458 222 0.000412 0
1015 476 1024 488 0.000412 0
881 408 897 442 0.000410 0
763 267 838 346 0.000408 0
1245 468 1264 498 0.000404 0
1248 345 1263 396 0.000400 0
734 449 757 470 0.000398 0
1157 303 1167 322 0.000395 0
664 457 675 471 0.000387 0
663 295 682 348 0.000387 0
680 195 691 216 0.000385 0
319 375 336 391 0.000384 0
1112 187 1139 207 0.000384 0
1262 554 1279 701 0.000381 0
1012 362 1023 386 0.000379 0
223 392 240 408 0.000374 0
684 424 697 438 0.000374 0
255 64 354 194 0.000371 0
532 204 548 221 0.000371 0
982 351 993 368 0.000370 0
1129 503 1136 509 0.000368 0
510 410 529 427 0.000367 0
992 422 1033 461 0.000365 0
1111 440 1119 450 0.000365 0
908 337 925 389 0.000364 0
1210 195 1279 308 0.000364 0
1059 421 1073 446 0.000364 0
1097 397 1103 407 0.000357 0
1214 368 1223 382 0.000356 0
592 407 608 432 0.000356 0
1045 279 1059 295 0.000353 0
1206 373 1226 401 0.000352 0
1016 488 1023 495 0.000351 0
1168 408 1177 423 0.000351 0
1165 471 1178 480 0.000351 0
847 425 857 446 0.000350 0
1052 390 1065 415 0.000348 0
1073 439 1088 456 0.000348 0
1169 380 1179 392 0.000344 0
42 311 66 392 0.000335 0
1231 616 1241 649 0.000333 0
566 414 576 430 0.000327 0
823 282 849 343 0.000324 0
655 424 664 438 0.000323 0
1200 456 1209 469 0.000312 0
1219 436 1266 479 0.000311 0
1059 386 1126 455 0.000311 0
836 431 943 485 0.000307 0
1072 383 1093 416 0.000306 0
1025 419 1040 440 0.000304 0
1221 461 1235 487 0.000304 0
698 328 703 336 0.000302 0
1243 406 1256 427 0.000295 0
604 166 617 183 0.000295 0
1014 475 1066 500 0.000289 0
385 196 396 206 0.000287 0
1042 157 1055 170 0.000287 0
691 461 704 469 0.000287 0
703 453 720 469 0.000285 0
1136 503 1144 510 0.000282 0
1095 437 1104 450 0.000281 0
1174 479 1184 490 0.000279 0
745 290 760 303 0.000279 0
914 421 929 442 0.000277 0
684 646 706 703 0.000275 0
776 400 784 409 0.000275 0
1028 64 1171 223 0.000273 0
735 464 746 472 0.000271 0
1064 395 1073 412 0.000269 0
765 204 781 235 0.000269 0
1086 415 1109 450 0.000269 0
800 592 808 616 0.000268 0
637 422 650 437 0.000266 0
600 360 624 391 0.000265 0
1174 213 1186 224 0.000257 0
1155 424 1168 440 0.000257 0
1263 367 1279 425 0.000253 0
648 480 655 487 0.000250 0
567 581 585 616 0.000247 0
961 198 969 208 0.000244 0
1160 377 1167 386 0.000244 0
1176 411 1183 423 0.000244 0
1039 462 1048 471 0.000243 0
472 309 490 336 0.000243 0
524 231 538 246 0.000243 0
1144 376 1151 387 0.000242 0
1031 374 1040 391 0.000242 0
271 638 288 694 0.000241 0
726 420 736 442 0.000239 0
752 407 770 431 0.000239 0
0 143 8 203 0.000238 0
942 313 952 329 0.000236 0
1157 411 1168 424 0.000236 0
781 409 792 415 0.000236 0
1063 415 1072 428 0.000235 0
719 317 735 330 0.000231 0
984 481 991 487 0.000231 0
629 526 641 562 0.000231 0
719 325 745 362 0.000230 0
851 297 864 337 0.000228 0
688 352 693 359 0.000226 0
1136 492 1162 510 0.000222 0
111 203 121 234 0.000222 0
644 428 655 438 0.000221 0
987 369 1011 393 0.000219 0
1141 389 1154 408 0.000218 0
1070 179 1084 209 0.000217 0
1103 441 1120 471 0.000217 0
948 404 975 454 0.000216 0
628 361 639 379 0.000214 0
630 435 639 453 0.000213 0
813 408 831 429 0.000213 0
1194 356 1209 385 0.000211 0
1274 159 1279 170 0.000211 0
1008 486 1016 494 0.000210 0
1248 430 1264 459 0.000208 0
703 315 719 376 0.000206 0
902 536 913 587 0.000205 0
1148 65 1280 274 0.000203 0
870 373 992 471 0.000202 0
0 370 9 395 0.000195 0
1047 455 1056 466 0.000192 0
319 64 370 108 0.000192 0
854 399 864 412 0.000191 0
268 197 278 209 0.000190 0
1271 521 1279 539 0.000188 0
1169 443 1185 457 0.000184 0
940 379 958 430 0.000179 0
926 355 949 392 0.000178 0
944 456 960 465 0.000176 0
1028 358 1055 389 0.000173 0
816 335 834 368 0.000172 0
255 269 272 318 0.000170 0
801 306 827 343 0.000167 0
1214 439 1225 452 0.000165 0
678 352 689 368 0.000164 0
342 64 495 96 0.000164 0
671 544 680 552 0.000162 0
1084 330 1108 360 0.000161 0
1089 265 1098 270 0.000158 0
776 685 783 695 0.000158 0
799 237 839 302 0.000157 0
1039 494 1058 526 0.000156 0
165 64 330 93 0.000155 0
534 395 544 408 0.000153 0
1238 693 1261 703 0.000150 0
1143 410 1152 424 0.000149 0
381 184 395 201 0.000149 0
694 424 703 441 0.000149 0
1211 336 1264 414 0.000148 0
1103 394 1124 409 0.000146 0
715 459 737 471 0.000146 0
1271 419 1279 437 0.000145 0
778 64 944 130 0.000144 0
929 323 944 344 0.000144 0
844 443 878 476 0.000144 0
240 387 257 407 0.000142 0
470 561 489 597 0.000142 0
630 565 640 584 0.000141 0
1102 344 1118 360 0.000141 0
663 177 674 216 0.000141 0
1187 410 1200 423 0.000140 0
977 318 991 343 0.000140 0
1242 141 1280 182 0.000140 0
1135 397 1143 408 0.000139 0
680 580 688 597 0.000137 0
104 229 130 323 0.000137 0
1180 449 1194 472 0.000136 0
1149 378 1166 401 0.000136 0
580 408 592 434 0.000135 0
0 254 30 403 0.000135 0
0 367 26 420 0.000135 0
324 234 352 267 0.000134 0
0 513 17 599 0.000129 0
1253 409 1264 425 0.000128 0
1119 462 1129 474 0.000128 0
508 393 572 434 0.000128 0
916 369 930 408 0.000127 0
432 171 446 202 0.000123 0
1263 437 1279 485 0.000122 0
1111 505 1120 519 0.000122 0
963 421 1119 496 0.000121 0
590 578 602 615 0.000121 0
1066 64 1124 75 0.000119 0
1119 64 1150 79 0.000119 0
68 179 76 202 0.000116 0
598 526 609 563 0.000116 0
1264 407 1275 424 0.000115 0
1201 439 1219 453 0.000115 0
111 391 131 402 0.000115 0
1135 399 1147 427 0.000114 0
451 300 464 345 0.000113 0
1120 86 1166 136 0.000113 0
832 654 852 704 0.000113 0
1184 507 1193 517 0.000112 0
701 64 758 158 0.000112 0
620 660 675 704 0.000111 0
1141 343 1199 395 0.000110 0
879 391 892 408 0.000110 0
1006 533 1016 547 0.000110 0
769 311 797 342 0.000109 0
1201 451 1237 473 0.000109 0
234 217 257 239 0.000109 0
702 327 713 343 0.000108 0
274 197 287 233 0.000108 0
995 343 1008 359 0.000107 0
1160 187 1184 218 0.000106 0
1040 298 1057 332 0.000106 0
1264 64 1279 78 0.000104 0
958 64 1052 215 0.000103 0
100 184 107 202 0.000103 0
1176 615 1182 622 0.000100 0
941 328 961 368 0.000100 0
959 221 1026 264 0.769405 1
1119 216 1154 254 0.584421 1
798 221 859 276 0.542958 1
1043 224 1085 269 0.444807 1
871 224 920 289 0.089461 1
919 209 945 253 0.011410 1
1072 230 1091 252 0.009919 1
949 273 960 301 0.008691 1
1105 230 1120 248 0.007769 1
863 222 887 245 0.006041 1
878 250 894 285 0.005234 1
844 220 872 280 0.004905 1
932 240 945 253 0.004098 1
1005 228 1057 262 0.003554 1
909 269 927 296 0.002908 1
896 264 913 286 0.002638 1
1143 316 1169 344 0.002259 1
860 205 1031 300 0.001819 1
1145 227 1171 250 0.001715 1
862 254 884 284 0.000952 1
644 235 1242 365 0.000929 1
974 213 984 224 0.000911 1
921 271 950 295 0.000838 1
772 246 816 273 0.000800 1
330 236 352 256 0.000611 1
207 231 244 264 0.000610 1
950 235 978 255 0.000574 1
949 244 960 254 0.000542 1
840 262 854 282 0.000541 1
1180 172 1227 225 0.000538 1
968 217 1151 316 0.000493 1
513 231 538 247 0.000425 1
1029 206 1051 231 0.000357 1
460 240 505 308 0.000346 1
946 265 1057 304 0.000317 1
645 203 897 337 0.000257 1
1139 306 1268 414 0.000214 1
965 203 991 236 0.000193 1
853 268 909 296 0.000161 1
1026 305 1057 331 0.000102 1
691 201 728 236 0.061187 2
486 199 515 217 0.027800 2
857 177 957 211 0.026057 2
305 186 322 198 0.023171 2
823 329 847 344 0.016162 2
790 232 811 239 0.012263 2
591 199 651 216 0.010038 2
1103 487 1116 496 0.010035 2
1117 488 1136 498 0.009480 2
631 382 658 397 0.007927 2
805 228 816 239 0.007384 2
915 472 928 483 0.006039 2
592 447 608 457 0.005881 2
529 198 553 218 0.005627 2
593 423 608 434 0.005456 2
642 689 672 703 0.005321 2
1007 199 1035 223 0.005222 2
607 447 624 461 0.005023 2
668 454 687 464 0.004917 2
647 455 656 461 0.003885 2
575 443 592 457 0.003653 2
463 422 497 446 0.003557 2
159 416 168 423 0.003513 2
804 213 819 232 0.003423 2
431 422 464 443 0.003415 2
553 175 579 203 0.003396 2
208 399 223 411 0.003238 2
1029 320 1087 344 0.003015 2
1162 501 1177 510 0.002853 2
503 326 511 335 0.002442 2
293 176 307 198 0.002425 2
1263 247 1279 270 0.002306 2
1184 503 1200 512 0.002243 2
863 336 883 343 0.002237 2
1015 338 1024 344 0.002235 2
319 212 331 231 0.002190 2
594 464 608 470 0.002172 2
245 415 264 424 0.002120 2
1098 162 1205 217 0.002087 2
832 473 840 480 0.001981 2
111 412 122 425 0.001976 2
110 401 173 426 0.001954 2
895 480 910 487 0.001830 2
1260 168 1279 181 0.001829 2
633 206 653 216 0.001810 2
656 453 666 462 0.001758 2
599 319 608 329 0.001689 2
1214 495 1232 510 0.001633 2
495 238 533 252 0.001563 2
889 204 947 253 0.001492 2
1114 199 1194 247 0.001414 2
1264 367 1279 375 0.001401 2
1120 64 1152 77 0.001372 2
631 574 640 584 0.001267 2
573 425 609 462 0.001256 2
1038 321 1056 335 0.001251 2
903 456 913 463 0.001250 2
923 197 955 210 0.001199 2
31 404 63 421 0.001193 2
1015 319 1042 344 0.001155 2
19 200 35 206 0.001141 2
1249 207 1279 249 0.001136 2
1263 349 1279 359 0.001071 2
774 462 796 473 0.001065 2
1224 163 1279 207 0.001053 2
1193 471 1216 482 0.001016 2
1074 195 1092 210 0.000961 2
1229 167 1247 181 0.000947 2
1144 502 1163 511 0.000885 2
63 504 78 521 0.000884 2
191 392 218 406 0.000878 2
973 197 1089 252 0.000842 2
503 434 528 448 0.000816 2
923 455 937 464 0.000808 2
224 395 288 444 0.000759 2
271 392 288 399 0.000718 2
264 197 271 207 0.000709 2
1202 253 1226 267 0.000707 2
1191 214 1217 231 0.000650 2
1070 325 1088 338 0.000625 2
550 203 562 216 0.000623 2
0 561 79 600 0.000615 2
1148 471 1166 479 0.000605 2
0 256 49 281 0.000602 2
511 342 521 349 0.000601 2
623 323 659 361 0.000586 2
1121 325 1161 344 0.000581 2
479 212 498 239 0.000580 2
959 482 970 487 0.000560 2
1150 344 1176 360 0.000552 2
479 335 496 356 0.000551 2
1100 193 1122 210 0.000550 2
448 209 456 221 0.000524 2
615 181 694 216 0.000516 2
1071 204 1087 231 0.000512 2
439 567 448 575 0.000496 2
897 472 916 485 0.000487 2
359 409 367 415 0.000484 2
46 439 62 445 0.000480 2
79 518 96 535 0.000478 2
459 283 522 356 0.000477 2
848 136 937 172 0.000468 2
273 184 294 193 0.000441 2
357 218 368 231 0.000436 2
384 419 430 436 0.000432 2
207 396 224 455 0.000422 2
959 336 974 346 0.000416 2
326 191 342 199 0.000387 2
1007 511 1016 520 0.000378 2
639 446 695 463 0.000377 2
969 480 985 487 0.000375 2
481 187 498 208 0.000357 2
1254 336 1279 415 0.000351 2
75 569 96 584 0.000330 2
173 206 184 217 0.000328 2
53 436 80 446 0.000326 2
607 424 618 433 0.000319 2
501 316 526 343 0.000307 2
256 396 276 408 0.000306 2
1215 478 1226 489 0.000303 2
325 408 344 414 0.000302 2
1179 163 1225 212 0.000300 2
991 597 1008 618 0.000287 2
1247 346 1262 358 0.000287 2
1187 373 1260 422 0.000287 2
639 461 650 471 0.000279 2
384 454 401 472 0.000278 2
953 206 988 256 0.000278 2
1263 462 1279 482 0.000276 2
826 282 849 300 0.000275 2
689 308 756 359 0.000270 2
1199 302 1229 311 0.000268 2
1007 303 1022 311 0.000256 2
493 408 521 423 0.000249 2
619 406 657 425 0.000246 2
1230 275 1279 315 0.000244 2
1170 264 1233 308 0.000243 2
661 272 725 283 0.000235 2
683 197 704 215 0.000225 2
300 185 330 232 0.000222 2
446 200 462 215 0.000216 2
718 331 736 347 0.000210 2
64 410 102 424 0.000209 2
155 393 218 424 0.000207 2
294 543 311 552 0.000202 2
239 493 256 503 0.000197 2
944 286 1009 312 0.000184 2
236 435 302 468 0.000184 2
1238 544 1257 550 0.000182 2
773 230 789 237 0.000178 2
936 456 969 464 0.000176 2
1021 283 1122 337 0.000175 2
604 362 624 378 0.000174 2
718 459 746 471 0.000172 2
327 199 386 233 0.000168 2
32 440 46 446 0.000160 2
1142 320 1198 351 0.000159 2
240 397 249 407 0.000157 2
829 536 848 550 0.000157 2
13 512 29 521 0.000155 2
304 407 352 439 0.000149 2
216 394 240 408 0.000146 2
664 544 676 553 0.000145 2
345 410 423 473 0.000145 2
665 432 679 440 0.000141 2
466 392 481 399 0.000138 2
239 489 248 496 0.000134 2
604 455 663 471 0.000133 2
597 365 609 377 0.000129 2
183 197 191 208 0.000128 2
1044 279 1061 295 0.000127 2
636 668 703 704 0.000127 2
3 501 88 579 0.000125 2
680 209 698 232 0.000122 2
335 424 351 440 0.000121 2
672 427 698 440 0.000121 2
963 197 990 215 0.000119 2
111 392 126 402 0.000118 2
1071 469 1084 480 0.000116 2
1261 280 1279 296 0.000115 2
1226 438 1279 484 0.000114 2
562 201 586 216 0.000113 2
669 387 686 397 0.000112 2
733 195 798 234 0.000112 2
481 236 548 280 0.000108 2
303 409 318 425 0.000107 2
1106 498 1124 510 0.000105 2
1166 263 1195 270 0.000101 2
830 135 939 174 0.002125 5
1219 164 1279 256 0.001853 5
447 144 527 174 0.000260 5
1232 282 1279 315 0.000194 5
647 226 1278 497 0.086396 6
939 266 1279 347 0.031131 6
1081 157 1279 265 0.003129 6
332 409 704 465 0.002868 6
699 131 957 239 0.002608 6
668 453 1276 505 0.002559 6
480 165 581 206 0.001974 6
830 135 939 163 0.001455 6
1105 423 1279 488 0.001386 6
605 262 958 381 0.000801 6
639 439 703 464 0.000752 6
1173 335 1276 420 0.000692 6
734 420 921 477 0.000483 6
0 65 336 395 0.000467 6
705 300 768 331 0.000350 6
78 514 171 541 0.000340 6
320 447 398 471 0.000294 6
3 432 337 475 0.000250 6
1089 475 1244 509 0.000233 6
466 143 527 161 0.000143 6
152 173 271 225 0.000121 6
1155 300 1280 356 0.000114 6
348 448 906 704 0.000105 6
866 176 955 227 0.297263 7
587 183 655 217 0.056473 7
1184 172 1279 267 0.031400 7
714 152 867 235 0.031154 7
691 194 730 235 0.011119 7
1093 163 1207 218 0.005168 7
549 173 580 203 0.004895 7
895 152 908 178 0.003258 7
661 269 769 347 0.001646 7
463 424 497 447 0.001536 7
174 392 222 418 0.001323 7
66 404 151 427 0.001186 7
943 269 1150 337 0.000855 7
0 399 31 423 0.000615 7
424 175 666 223 0.000505 7
293 199 387 276 0.000404 7
477 169 524 216 0.000393 7
1178 374 1258 425 0.000373 7
1224 172 1279 204 0.000354 7
994 175 1070 230 0.000231 7
805 122 1039 258 0.000212 7
681 166 692 196 0.000209 7
558 122 744 227 0.000207 7
1155 301 1280 364 0.000202 7
659 170 692 216 0.000199 7
605 407 656 437 0.000169 7
1089 150 1103 178 0.607101 9
512 152 524 179 0.213864 9
895 152 908 177 0.122221 9
372 167 382 185 0.098741 9
239 178 247 190 0.098465 9
365 167 373 189 0.087804 9
448 157 490 170 0.050760 9
119 64 160 78 0.035814 9
1207 170 1215 186 0.028274 9
1215 167 1224 183 0.025215 9
1013 137 1025 169 0.020375 9
553 173 575 201 0.020219 9
868 153 881 177 0.019922 9
879 153 891 170 0.018552 9
786 198 796 213 0.017389 9
313 151 342 194 0.017171 9
1197 384 1206 400 0.015871 9
523 183 536 196 0.013725 9
225 183 231 192 0.013421 9
172 64 202 91 0.013323 9
217 186 223 202 0.012309 9
665 181 671 196 0.011086 9
515 191 524 206 0.010664 9
257 179 262 190 0.010053 9
681 167 688 184 0.008672 9
863 163 870 182 0.006350 9
693 177 704 199 0.006226 9
927 151 937 170 0.005503 9
111 151 127 163 0.005490 9
690 168 696 183 0.005485 9
545 168 552 182 0.005372 9
1154 160 1167 184 0.004977 9
952 346 960 364 0.004881 9
166 64 177 76 0.004603 9
488 173 496 183 0.004380 9
1055 152 1063 166 0.004366 9
508 154 561 188 0.004101 9
94 155 103 176 0.003419 9
257 145 266 160 0.003322 9
809 167 816 182 0.003056 9
1192 164 1202 186 0.002909 9
245 177 257 192 0.002710 9
1205 407 1215 417 0.002629 9
1145 165 1154 184 0.002609 9
586 118 598 135 0.002372 9
587 169 600 185 0.002291 9
1104 169 1120 203 0.002084 9
637 160 644 170 0.001911 9
855 281 863 295 0.001785 9
1048 157 1055 168 0.001767 9
1181 165 1202 217 0.001710 9
575 180 582 201 0.001680 9
813 143 823 154 0.001619 9
580 64 596 91 0.001545 9
1194 383 1216 417 0.001540 9
842 119 860 135 0.001500 9
1230 167 1247 181 0.001494 9
969 176 975 186 0.001420 9
265 215 276 231 0.001331 9
992 143 1001 168 0.001303 9
332 183 343 199 0.001301 9
571 162 581 178 0.001264 9
596 64 625 92 0.001257 9
997 133 1009 172 0.001153 9
697 128 704 152 0.001148 9
801 142 811 156 0.001133 9
542 183 551 202 0.001062 9
1101 137 1111 167 0.001029 9
809 155 858 180 0.000999 9
809 380 814 391 0.000994 9
751 361 759 375 0.000975 9
813 150 828 161 0.000955 9
312 183 325 197 0.000955 9
831 139 858 163 0.000932 9
214 163 223 177 0.000914 9
578 301 593 316 0.000905 9
210 167 217 176 0.000898 9
960 339 967 351 0.000887 9
575 274 605 339 0.000878 9
67 170 81 177 0.000877 9
691 119 708 179 0.000868 9
340 164 352 192 0.000859 9
664 169 678 205 0.000815 9
260 166 271 179 0.000793 9
701 117 720 129 0.000790 9
663 153 671 174 0.000790 9
352 164 361 187 0.000775 9
223 168 231 176 0.000759 9
906 126 912 136 0.000759 9
990 680 1005 703 0.000752 9
512 183 526 197 0.000726 9
1224 165 1231 181 0.000703 9
42 312 62 344 0.000693 9
312 81 369 198 0.000690 9
248 194 256 211 0.000689 9
1177 380 1185 391 0.000669 9
664 322 677 348 0.000642 9
478 144 525 181 0.000633 9
839 164 871 220 0.000631 9
500 172 511 185 0.000613 9
96 183 101 200 0.000605 9
475 165 589 215 0.000599 9
1108 155 1118 168 0.000593 9
798 129 831 157 0.000587 9
1212 372 1223 386 0.000583 9
1019 158 1029 169 0.000569 9
605 164 616 182 0.000569 9
434 172 446 183 0.000546 9
574 122 581 163 0.000544 9
314 90 333 156 0.000537 9
478 168 497 193 0.000534 9
632 173 640 192 0.000533 9
680 171 690 215 0.000516 9
479 335 496 356 0.000513 9
409 181 418 203 0.000505 9
1197 149 1206 181 0.000498 9
735 625 744 664 0.000474 9
861 112 869 118 0.000458 9
1206 152 1223 176 0.000455 9
959 135 982 163 0.000447 9
882 136 939 179 0.000444 9
649 156 656 174 0.000437 9
944 168 960 185 0.000427 9
1104 164 1155 186 0.000421 9
347 163 380 193 0.000419 9
240 161 249 180 0.000390 9
215 175 234 198 0.000384 9
1071 144 1095 203 0.000383 9
544 160 581 181 0.000367 9
111 202 121 221 0.000361 9
704 169 711 179 0.000350 9
1171 148 1185 164 0.000345 9
1073 150 1081 163 0.000343 9
470 178 483 198 0.000340 9
911 162 921 178 0.000337 9
1081 171 1091 183 0.000334 9
1246 358 1263 379 0.000330 9
248 164 256 175 0.000328 9
800 591 808 616 0.000310 9
743 360 752 375 0.000307 9
1103 131 1137 167 0.000304 9
1239 694 1252 703 0.000278 9
585 124 605 186 0.000278 9
930 343 961 385 0.000271 9
259 176 271 197 0.000268 9
365 185 375 200 0.000266 9
624 64 641 92 0.000266 9
979 141 994 168 0.000257 9
973 160 986 169 0.000256 9
591 161 602 174 0.000254 9
679 122 691 163 0.000253 9
1212 165 1231 206 0.000247 9
374 150 383 163 0.000246 9
71 184 79 199 0.000243 9
623 264 640 283 0.000242 9
617 160 644 172 0.000240 9
653 172 661 195 0.000239 9
1040 109 1116 212 0.000234 9
1097 128 1105 150 0.000233 9
1000 173 1011 199 0.000216 9
606 582 623 616 0.000208 9
751 679 759 696 0.000206 9
992 595 1008 617 0.000205 9
639 164 658 203 0.000205 9
711 337 760 377 0.000203 9
801 152 815 210 0.000198 9
1148 154 1198 185 0.000198 9
289 175 311 198 0.000196 9
607 151 629 178 0.000192 9
735 121 752 156 0.000192 9
443 156 493 232 0.000192 9
1036 133 1066 162 0.000191 9
255 108 263 127 0.000190 9
208 67 222 86 0.000190 9
373 163 408 184 0.000184 9
231 130 240 146 0.000180 9
544 160 554 173 0.000180 9
712 597 720 614 0.000178 9
947 335 987 395 0.000178 9
383 149 395 161 0.000174 9
121 164 127 175 0.000172 9
870 173 914 208 0.000171 9
400 184 409 203 0.000166 9
1122 368 1136 386 0.000163 9
386 196 397 206 0.000161 9
576 74 584 104 0.000155 9
170 147 178 166 0.000149 9
904 64 944 120 0.000148 9
597 135 606 147 0.000147 9
49 184 64 206 0.000146 9
597 294 608 328 0.000142 9
988 351 1024 389 0.000136 9
848 265 865 339 0.000135 9
965 173 992 208 0.000133 9
892 121 912 140 0.000132 9
1124 162 1137 180 0.000131 9
1022 149 1039 163 0.000127 9
999 510 1008 527 0.000127 9
447 534 456 551 0.000112 9
127 177 133 201 0.000109 9
998 557 1017 577 0.000106 9
867 122 879 137 0.000106 9
702 122 720 163 0.000105 9
597 149 609 167 0.000104 9
186 150 199 168 0.000104 9
361 149 368 164 0.000100 9
1181 192 1198 216 0.010192 11
1053 109 1083 147 0.006263 11
