905 190 932 269 0.671698 0
1016 198 1045 253 0.348323 0
791 186 833 268 0.239519 0
1012 196 1028 222 0.175336 0
1143 188 1164 233 0.103108 0
803 184 815 205 0.075028 0
833 211 856 241 0.033439 0
1113 194 1120 203 0.017392 0
966 372 979 389 0.017033 0
1041 204 1051 236 0.015214 0
955 372 982 425 0.014042 0
613 151 631 198 0.013770 0
847 197 857 223 0.012735 0
984 445 993 456 0.012566 0
789 330 809 344 0.012317 0
1015 454 1025 467 0.011925 0
787 198 796 213 0.011570 0
751 463 761 472 0.010649 0
1071 485 1080 500 0.010573 0
915 473 928 487 0.008659 0
1136 446 1143 458 0.008227 0
1197 383 1207 415 0.008221 0
1046 411 1056 424 0.007301 0
863 438 875 455 0.007224 0
633 202 643 215 0.007177 0
598 529 609 568 0.006818 0
816 209 824 217 0.006808 0
1004 220 1023 249 0.006405 0
999 384 1011 399 0.006316 0
1046 485 1052 493 0.006022 0
310 185 322 198 0.005103 0
639 686 671 703 0.005097 0
1056 488 1065 495 0.005090 0
991 453 999 464 0.004877 0
1007 452 1017 466 0.004618 0
715 217 728 234 0.004603 0
1015 382 1025 401 0.004559 0
887 471 895 484 0.004547 0
1087 183 1099 206 0.004509 0
1213 197 1227 232 0.004310 0
510 194 517 216 0.004268 0
575 430 592 457 0.003922 0
813 209 839 236 0.003509 0
999 199 1013 225 0.003508 0
863 465 872 478 0.003451 0
1008 431 1015 440 0.003376 0
1031 489 1039 503 0.003337 0
692 208 703 238 0.003196 0
507 190 538 250 0.003089 0
853 463 866 476 0.003068 0
2 64 239 208 0.002958 0
1072 463 1080 471 0.002933 0
1024 456 1031 464 0.002877 0
119 64 203 91 0.002765 0
1207 504 1217 512 0.002696 0
897 472 913 487 0.002576 0
1178 344 1184 359 0.002506 0
319 203 331 226 0.002491 0
959 451 969 468 0.002477 0
988 199 1003 223 0.002405 0
503 316 511 335 0.002354 0
238 198 250 237 0.002342 0
1200 503 1209 512 0.002339 0
1029 448 1035 459 0.002330 0
862 207 873 235 0.002318 0
0 64 50 215 0.002317 0
643 384 658 398 0.002287 0
1271 199 1279 248 0.002258 0
968 455 976 463 0.002256 0
1152 440 1159 453 0.002203 0
783 325 822 380 0.002176 0
1208 168 1216 200 0.002153 0
1242 198 1256 233 0.002134 0
1001 383 1024 422 0.002109 0
895 326 903 343 0.002091 0
686 452 695 464 0.002047 0
199 203 215 232 0.002042 0
1014 441 1025 458 0.002028 0
935 204 944 214 0.001952 0
976 202 1023 262 0.001843 0
1040 410 1057 460 0.001767 0
808 378 814 391 0.001704 0
1127 445 1134 461 0.001689 0
1216 191 1224 208 0.001673 0
470 204 478 217 0.001672 0
1191 214 1202 227 0.001665 0
575 424 584 432 0.001654 0
809 327 818 343 0.001640 0
1183 345 1193 389 0.001629 0
959 439 969 456 0.001569 0
316 64 496 200 0.001563 0
979 369 986 389 0.001539 0
821 330 847 345 0.001508 0
648 407 656 424 0.001505 0
604 159 617 183 0.001452 0
773 424 785 456 0.001452 0
914 455 927 464 0.001448 0
738 201 744 214 0.001336 0
527 559 537 592 0.001327 0
882 319 896 343 0.001293 0
1180 164 1203 217 0.001280 0
1087 492 1095 503 0.001274 0
1146 306 1168 344 0.001260 0
878 201 895 234 0.001245 0
670 208 678 230 0.001242 0
1016 488 1023 495 0.001216 0
1001 431 1009 440 0.001195 0
1016 479 1024 489 0.001194 0
822 471 831 477 0.001193 0
1206 496 1216 504 0.001160 0
465 202 471 214 0.001139 0
876 436 887 456 0.001134 0
1222 407 1232 423 0.001127 0
1216 503 1230 511 0.001089 0
925 448 935 458 0.001086 0
1060 461 1071 471 0.001074 0
502 623 526 664 0.001041 0
1039 454 1047 465 0.001040 0
751 424 769 441 0.001036 0
825 420 832 435 0.001035 0
1076 434 1088 456 0.001034 0
616 424 623 433 0.001025 0
535 632 549 672 0.001015 0
568 425 576 431 0.001014 0
1190 498 1200 504 0.000983 0
160 204 171 228 0.000981 0
1249 215 1265 234 0.000980 0
917 448 928 456 0.000970 0
1231 467 1248 487 0.000969 0
1121 327 1136 344 0.000967 0
801 440 816 453 0.000960 0
631 424 640 436 0.000954 0
1093 450 1104 471 0.000937 0
362 161 373 188 0.000933 0
631 454 639 461 0.000932 0
832 467 844 478 0.000932 0
479 201 485 216 0.000927 0
822 464 832 472 0.000918 0
247 196 255 215 0.000917 0
800 416 817 446 0.000895 0
905 336 923 347 0.000886 0
208 393 224 458 0.000864 0
895 203 908 244 0.000863 0
873 326 882 342 0.000855 0
633 180 641 195 0.000855 0
802 456 816 471 0.000845 0
286 194 323 359 0.000842 0
1063 487 1074 496 0.000842 0
936 429 944 446 0.000831 0
1119 439 1149 470 0.000827 0
800 409 812 423 0.000826 0
765 428 774 444 0.000824 0
1120 312 1128 328 0.000818 0
925 427 936 454 0.000816 0
1231 458 1242 471 0.000808 0
681 384 688 396 0.000802 0
1038 485 1049 498 0.000799 0
1008 472 1015 481 0.000799 0
213 200 224 230 0.000792 0
924 454 943 485 0.000790 0
1001 431 1017 455 0.000767 0
1271 523 1279 540 0.000766 0
1071 455 1096 472 0.000754 0
941 366 955 393 0.000724 0
998 453 1007 465 0.000721 0
437 193 443 203 0.000719 0
664 295 672 314 0.000716 0
903 335 925 389 0.000714 0
1032 461 1040 471 0.000713 0
415 251 420 270 0.000706 0
932 388 944 410 0.000704 0
1095 496 1104 504 0.000702 0
997 445 1007 457 0.000694 0
1044 279 1057 295 0.000675 0
896 440 904 456 0.000658 0
765 201 784 235 0.000621 0
582 592 592 616 0.000621 0
1138 440 1155 455 0.000618 0
900 414 913 440 0.000613 0
1238 454 1261 474 0.000609 0
808 168 816 192 0.000599 0
1080 405 1088 414 0.000591 0
1180 210 1193 230 0.000590 0
271 637 287 694 0.000553 0
356 252 367 273 0.000553 0
1184 445 1190 456 0.000550 0
828 415 848 440 0.000546 0
1081 190 1091 201 0.000546 0
1069 194 1105 234 0.000542 0
983 429 993 450 0.000540 0
883 442 897 456 0.000540 0
465 203 479 269 0.000535 0
429 222 439 229 0.000529 0
607 447 624 462 0.000521 0
1023 382 1029 392 0.000517 0
331 184 343 199 0.000517 0
974 204 988 224 0.000514 0
271 233 292 295 0.000512 0
1065 419 1072 432 0.000509 0
1072 428 1081 444 0.000509 0
944 456 960 465 0.000509 0
1182 391 1197 410 0.000508 0
534 559 544 589 0.000507 0
645 456 656 471 0.000503 0
479 696 489 703 0.000501 0
1022 481 1032 494 0.000499 0
1150 453 1160 464 0.000490 0
367 208 375 231 0.000489 0
638 376 649 388 0.000487 0
703 452 721 470 0.000476 0
1104 312 1112 326 0.000475 0
1248 344 1264 381 0.000475 0
638 191 655 214 0.000474 0
376 186 385 200 0.000471 0
1078 417 1089 443 0.000470 0
671 462 680 470 0.000465 0
556 175 579 216 0.000463 0
1106 441 1120 471 0.000458 0
723 437 774 473 0.000455 0
464 426 500 447 0.000452 0
735 448 744 458 0.000451 0
663 416 670 438 0.000450 0
568 202 576 215 0.000450 0
664 461 673 471 0.000447 0
1119 393 1127 412 0.000446 0
1173 389 1185 410 0.000443 0
1097 398 1104 408 0.000437 0
861 434 883 479 0.000436 0
708 425 720 444 0.000434 0
1142 503 1155 510 0.000431 0
626 153 640 194 0.000423 0
223 392 240 408 0.000421 0
741 424 830 458 0.000416 0
1038 386 1052 423 0.000416 0
1187 346 1198 359 0.000408 0
1144 376 1152 385 0.000406 0
895 414 905 429 0.000405 0
1015 319 1041 345 0.000401 0
831 479 841 489 0.000399 0
931 442 944 455 0.000398 0
919 338 925 350 0.000396 0
1188 496 1222 510 0.000391 0
863 319 878 343 0.000390 0
979 371 994 414 0.000390 0
1246 466 1263 487 0.000389 0
400 194 417 203 0.000387 0
1011 423 1024 437 0.000387 0
631 433 640 451 0.000381 0
1232 504 1244 510 0.000379 0
1111 440 1119 452 0.000378 0
520 393 529 425 0.000374 0
854 400 863 412 0.000374 0
1086 415 1105 455 0.000373 0
319 235 336 370 0.000370 0
320 375 336 391 0.000370 0
31 215 40 227 0.000370 0
554 201 567 216 0.000365 0
1074 332 1088 344 0.000359 0
815 334 832 372 0.000359 0
718 431 727 441 0.000357 0
1032 376 1038 389 0.000351 0
815 418 829 441 0.000351 0
256 64 362 195 0.000350 0
752 416 761 426 0.000337 0
1159 501 1174 510 0.000333 0
928 405 944 424 0.000333 0
991 409 1000 424 0.000331 0
1060 425 1072 443 0.000325 0
614 361 624 376 0.000323 0
563 587 586 617 0.000323 0
126 375 144 405 0.000322 0
1033 483 1066 509 0.000322 0
457 202 466 215 0.000322 0
406 251 414 271 0.000319 0
1072 423 1079 433 0.000319 0
663 294 680 348 0.000318 0
1262 73 1279 171 0.000310 0
902 536 913 586 0.000306 0
759 255 847 346 0.000304 0
1093 312 1124 344 0.000297 0
45 311 65 390 0.000296 0
648 481 655 487 0.000296 0
1168 407 1177 423 0.000296 0
853 429 943 485 0.000293 0
326 236 334 248 0.000291 0
1023 420 1034 439 0.000288 0
719 324 745 362 0.000288 0
831 439 846 452 0.000285 0
989 440 1001 455 0.000280 0
550 593 562 617 0.000280 0
1142 389 1154 408 0.000279 0
494 627 506 664 0.000278 0
1159 376 1168 386 0.000275 0
1096 439 1104 450 0.000275 0
719 320 728 341 0.000275 0
1264 348 1279 494 0.000274 0
880 407 896 442 0.000274 0
1169 456 1186 472 0.000270 0
566 414 576 428 0.000269 0
1165 471 1179 480 0.000268 0
942 384 957 430 0.000266 0
1013 412 1024 424 0.000265 0
697 328 703 336 0.000265 0
1141 399 1158 424 0.000264 0
898 455 914 476 0.000263 0
773 326 787 343 0.000262 0
0 506 16 561 0.000261 0
1263 481 1279 692 0.000261 0
1107 394 1122 409 0.000259 0
672 548 681 582 0.000258 0
1113 186 1130 207 0.000258 0
931 374 947 392 0.000256 0
1067 190 1081 206 0.000254 0
776 410 783 415 0.000254 0
796 170 858 207 0.000253 0
1215 368 1223 384 0.000252 0
304 520 314 535 0.000252 0
1191 488 1200 501 0.000250 0
928 199 962 254 0.000247 0
680 186 690 215 0.000245 0
1176 499 1185 511 0.000245 0
1111 206 1151 233 0.000243 0
1078 339 1089 360 0.000243 0
444 156 492 296 0.000241 0
793 363 811 392 0.000239 0
351 188 358 199 0.000239 0
1157 411 1168 424 0.000236 0
1027 377 1041 408 0.000234 0
1247 421 1253 429 0.000233 0
637 160 650 187 0.000232 0
1072 397 1081 409 0.000232 0
1176 405 1184 423 0.000231 0
223 212 244 238 0.000230 0
703 416 732 469 0.000226 0
879 391 892 408 0.000225 0
111 202 121 234 0.000224 0
1028 277 1058 334 0.000224 0
1169 479 1185 502 0.000223 0
1150 376 1187 418 0.000222 0
1136 451 1155 466 0.000220 0
266 202 273 218 0.000219 0
155 93 215 228 0.000218 0
687 424 695 436 0.000208 0
486 633 496 660 0.000207 0
755 405 770 423 0.000207 0
703 312 725 375 0.000205 0
728 416 735 425 0.000204 0
820 408 836 422 0.000201 0
1058 439 1072 456 0.000201 0
1085 485 1133 507 0.000201 0
447 576 456 592 0.000200 0
256 392 279 405 0.000197 0
239 242 256 295 0.000197 0
0 181 5 203 0.000196 0
590 593 601 615 0.000196 0
1231 477 1262 509 0.000196 0
1195 355 1209 391 0.000196 0
578 407 592 440 0.000195 0
591 363 609 392 0.000194 0
960 198 970 208 0.000194 0
1202 389 1233 424 0.000192 0
991 420 1000 436 0.000188 0
1097 330 1106 344 0.000186 0
847 427 856 440 0.000186 0
813 441 825 454 0.000186 0
319 64 370 109 0.000184 0
1220 165 1257 235 0.000182 0
1274 159 1279 170 0.000181 0
725 343 735 360 0.000179 0
917 376 932 409 0.000178 0
1053 390 1127 469 0.000176 0
1008 510 1018 523 0.000176 0
932 478 944 487 0.000176 0
915 426 929 446 0.000169 0
1126 500 1136 509 0.000167 0
628 361 639 378 0.000165 0
922 340 1025 425 0.000164 0
1056 423 1064 434 0.000164 0
478 182 498 211 0.000162 0
650 194 663 216 0.000162 0
1111 503 1120 520 0.000159 0
887 558 897 595 0.000157 0
567 534 577 556 0.000154 0
592 406 608 426 0.000154 0
639 540 648 568 0.000154 0
1103 414 1113 435 0.000154 0
975 456 984 464 0.000153 0
1028 64 1169 204 0.000152 0
1145 459 1167 477 0.000152 0
1242 409 1255 427 0.000151 0
1254 173 1279 219 0.000149 0
560 613 576 633 0.000148 0
852 302 864 336 0.000148 0
854 381 863 392 0.000147 0
455 455 463 462 0.000147 0
680 403 688 417 0.000146 0
344 64 496 96 0.000146 0
1263 406 1278 423 0.000145 0
687 534 697 568 0.000144 0
858 275 916 343 0.000143 0
826 406 891 458 0.000143 0
726 419 736 441 0.000142 0
1231 602 1249 652 0.000142 0
1135 396 1145 419 0.000142 0
1223 384 1264 428 0.000142 0
112 390 130 403 0.000139 0
847 379 877 415 0.000139 0
354 211 374 276 0.000139 0
530 202 552 222 0.000136 0
992 680 1048 703 0.000135 0
909 414 920 424 0.000134 0
982 448 1001 486 0.000133 0
1047 455 1059 467 0.000131 0
911 502 927 511 0.000131 0
663 173 674 217 0.000130 0
499 391 523 428 0.000130 0
755 682 768 703 0.000129 0
1006 533 1016 546 0.000129 0
737 408 754 455 0.000129 0
0 392 31 463 0.000128 0
162 64 327 96 0.000127 0
1182 452 1192 472 0.000126 0
667 422 690 438 0.000125 0
1112 419 1121 438 0.000124 0
670 468 680 488 0.000123 0
699 324 716 344 0.000122 0
1220 470 1233 486 0.000120 0
49 391 65 402 0.000120 0
239 390 259 407 0.000119 0
1269 562 1279 628 0.000119 0
830 385 838 403 0.000117 0
800 593 808 616 0.000117 0
959 430 1099 473 0.000117 0
1086 396 1097 411 0.000113 0
998 645 1017 681 0.000113 0
1068 64 1122 75 0.000113 0
939 412 973 457 0.000113 0
574 64 602 201 0.000113 0
655 423 665 437 0.000110 0
532 394 545 410 0.000109 0
1151 642 1169 681 0.000109 0
1199 456 1209 470 0.000108 0
1055 391 1064 402 0.000108 0
0 370 9 401 0.000107 0
669 276 708 347 0.000106 0
287 583 296 627 0.000105 0
967 641 977 679 0.000105 0
1136 503 1144 510 0.000105 0
0 257 49 391 0.000105 0
840 493 848 503 0.000104 0
801 307 834 343 0.000104 0
1169 442 1185 458 0.000103 0
602 359 634 430 0.000103 0
14 510 50 569 0.000102 0
100 184 107 202 0.000101 0
1107 349 1118 361 0.000101 0
1014 227 1048 271 0.575982 1
1132 212 1166 254 0.556305 1
772 214 843 280 0.174268 1
1110 218 1139 250 0.068319 1
973 225 1024 263 0.038145 1
822 225 883 280 0.021184 1
865 235 922 289 0.009418 1
834 209 871 241 0.008088 1
950 272 960 300 0.007716 1
1059 213 1092 248 0.007629 1
931 241 946 253 0.005967 1
923 208 942 255 0.005555 1
771 247 803 279 0.005534 1
910 270 928 296 0.005319 1
863 249 883 283 0.004826 1
1143 308 1182 358 0.004802 1
1038 219 1071 265 0.004056 1
908 216 929 265 0.003855 1
920 271 958 310 0.003541 1
1016 319 1057 338 0.003450 1
1104 231 1118 248 0.002710 1
893 265 910 288 0.001971 1
1166 231 1177 247 0.001392 1
1152 214 1191 247 0.001280 1
648 249 1209 368 0.001246 1
1069 243 1092 254 0.001168 1
809 247 840 294 0.000760 1
875 208 903 244 0.000591 1
862 208 883 245 0.000590 1
1178 232 1187 247 0.000563 1
1181 178 1228 222 0.000543 1
891 238 906 247 0.000470 1
1208 197 1259 241 0.000450 1
1086 230 1096 252 0.000431 1
1140 306 1274 414 0.000424 1
948 246 958 254 0.000382 1
871 213 1051 288 0.000276 1
1021 278 1057 296 0.000232 1
1178 207 1195 222 0.000226 1
1074 206 1203 284 0.000182 1
923 239 962 264 0.000152 1
836 268 899 297 0.000112 1
692 200 729 235 0.040891 2
305 186 322 198 0.021015 2
484 199 516 217 0.016521 2
823 329 848 344 0.014781 2
592 447 608 458 0.013875 2
832 481 840 486 0.010690 2
574 444 592 457 0.009737 2
607 447 624 462 0.008773 2
1104 487 1116 496 0.007814 2
159 416 168 423 0.007186 2
667 453 687 464 0.007048 2
431 422 463 442 0.006648 2
636 383 658 396 0.006260 2
530 201 553 218 0.006198 2
647 455 656 461 0.005899 2
1118 487 1136 498 0.005792 2
847 471 866 479 0.005755 2
641 689 672 703 0.005612 2
591 199 650 216 0.004015 2
207 399 223 414 0.003981 2
1263 248 1279 270 0.003690 2
593 423 608 433 0.003443 2
593 464 608 471 0.003431 2
246 415 264 423 0.003380 2
910 188 956 211 0.003247 2
1047 214 1069 242 0.002993 2
551 173 579 202 0.002970 2
1066 208 1131 249 0.002913 2
45 435 80 449 0.002823 2
831 473 840 479 0.002704 2
293 176 306 198 0.002623 2
896 479 911 487 0.002558 2
656 453 668 462 0.002452 2
495 238 535 251 0.002319 2
111 408 138 426 0.002234 2
1145 211 1191 247 0.002195 2
1015 338 1024 345 0.002158 2
463 420 502 443 0.002065 2
1270 198 1279 249 0.001906 2
924 455 936 463 0.001904 2
771 460 796 473 0.001864 2
1019 318 1087 344 0.001728 2
982 205 1004 231 0.001667 2
1102 161 1205 217 0.001660 2
456 205 465 215 0.001521 2
904 456 913 463 0.001481 2
1174 381 1186 391 0.001466 2
868 186 934 237 0.001414 2
1183 502 1200 512 0.001338 2
501 434 528 447 0.001271 2
1121 64 1152 77 0.001240 2
158 398 180 424 0.001234 2
319 216 331 231 0.001131 2
36 411 64 422 0.001127 2
572 424 609 457 0.001102 2
599 319 608 329 0.001060 2
633 204 653 216 0.001052 2
1148 471 1168 479 0.001039 2
1259 168 1279 181 0.001036 2
1263 349 1279 359 0.000991 2
0 400 31 423 0.000989 2
1223 162 1279 210 0.000961 2
1016 319 1047 332 0.000927 2
690 454 703 466 0.000917 2
359 409 367 415 0.000836 2
100 463 114 470 0.000826 2
718 454 756 470 0.000825 2
1191 471 1216 481 0.000819 2
735 423 779 458 0.000802 2
582 184 622 204 0.000770 2
1224 196 1256 233 0.000705 2
399 196 417 205 0.000702 2
1007 511 1016 520 0.000675 2
191 392 215 406 0.000670 2
1264 367 1279 375 0.000670 2
863 336 876 343 0.000657 2
383 415 432 438 0.000651 2
1257 198 1275 225 0.000648 2
63 504 79 522 0.000617 2
1150 344 1172 360 0.000586 2
550 203 562 216 0.000576 2
1022 487 1032 495 0.000558 2
230 398 288 446 0.000550 2
19 200 35 206 0.000546 2
79 519 96 535 0.000529 2
606 201 618 215 0.000519 2
1070 323 1088 338 0.000514 2
623 322 662 361 0.000504 2
1161 501 1177 510 0.000495 2
972 208 990 239 0.000488 2
325 192 342 199 0.000484 2
734 462 748 471 0.000468 2
1254 327 1279 415 0.000465 2
639 449 650 459 0.000456 2
943 456 959 464 0.000432 2
640 461 650 471 0.000432 2
1121 326 1154 344 0.000431 2
384 455 401 472 0.000428 2
1067 196 1082 211 0.000411 2
32 440 46 446 0.000406 2
850 438 873 454 0.000403 2
1078 198 1093 209 0.000400 2
1215 479 1226 488 0.000398 2
939 209 1030 264 0.000392 2
640 430 649 437 0.000388 2
1099 192 1122 209 0.000377 2
659 230 849 348 0.000363 2
1181 378 1262 419 0.000359 2
829 536 848 552 0.000358 2
1048 454 1096 472 0.000357 2
273 184 294 193 0.000354 2
263 197 271 207 0.000347 2
616 174 694 216 0.000343 2
335 624 352 646 0.000343 2
959 482 970 487 0.000341 2
356 218 368 231 0.000334 2
411 395 519 441 0.000321 2
919 199 942 229 0.000316 2
969 480 985 487 0.000314 2
294 543 310 552 0.000306 2
239 493 256 503 0.000305 2
239 397 248 408 0.000296 2
375 408 384 414 0.000291 2
1157 377 1205 408 0.000290 2
665 432 678 440 0.000289 2
608 423 617 432 0.000286 2
493 408 522 423 0.000286 2
439 567 448 575 0.000285 2
670 386 684 397 0.000280 2
661 273 688 283 0.000272 2
1199 302 1232 311 0.000270 2
208 489 227 500 0.000270 2
304 409 320 422 0.000269 2
358 410 384 437 0.000259 2
718 329 734 345 0.000258 2
606 455 665 471 0.000257 2
1247 345 1261 356 0.000256 2
262 392 287 400 0.000253 2
219 393 240 408 0.000250 2
829 416 848 425 0.000249 2
200 393 224 463 0.000242 2
602 376 701 432 0.000238 2
335 424 351 440 0.000237 2
1178 225 1279 305 0.000234 2
963 199 987 212 0.000234 2
37 567 97 595 0.000232 2
1102 293 1169 345 0.000230 2
876 176 930 188 0.000230 2
5 216 623 401 0.000229 2
256 485 276 496 0.000221 2
741 200 792 234 0.000219 2
306 186 333 229 0.000214 2
1142 316 1201 354 0.000212 2
466 392 482 399 0.000212 2
1234 504 1248 510 0.000211 2
600 362 624 377 0.000210 2
689 310 752 348 0.000208 2
624 405 657 425 0.000203 2
1027 183 1081 238 0.000201 2
620 424 634 435 0.000195 2
637 674 714 703 0.000194 2
304 407 352 439 0.000183 2
462 304 502 351 0.000174 2
1174 270 1232 288 0.000174 2
1258 482 1279 501 0.000173 2
325 407 348 414 0.000172 2
269 394 288 425 0.000170 2
238 439 290 466 0.000165 2
13 504 81 536 0.000164 2
163 480 188 500 0.000164 2
982 480 992 487 0.000162 2
383 430 416 469 0.000157 2
159 481 169 490 0.000155 2
0 508 16 532 0.000154 2
1248 277 1279 298 0.000153 2
752 412 800 424 0.000151 2
1228 345 1272 365 0.000144 2
800 184 862 233 0.000140 2
1073 330 1115 345 0.000137 2
1044 279 1090 295 0.000136 2
0 278 25 294 0.000133 2
455 400 463 406 0.000132 2
1166 263 1191 269 0.000131 2
0 560 54 600 0.000131 2
288 481 328 507 0.000130 2
240 393 279 408 0.000128 2
268 198 279 210 0.000127 2
622 439 633 449 0.000121 2
1165 164 1202 185 0.000119 2
704 185 1165 283 0.000118 2
120 518 156 536 0.000116 2
1198 293 1279 317 0.000115 2
207 520 224 530 0.000114 2
379 408 394 417 0.000113 2
592 166 621 189 0.000110 2
306 537 320 551 0.000109 2
81 406 144 456 0.000106 2
0 438 8 446 0.000105 2
64 425 72 435 0.000104 2
772 213 850 279 0.116856 3
628 207 958 378 0.000221 3
1181 163 1279 232 0.002032 5
831 135 939 168 0.001424 5
477 166 584 213 0.000840 5
795 162 858 208 0.000430 5
446 145 526 173 0.000414 5
1162 274 1280 315 0.000266 5
643 240 1278 488 0.062925 6
924 264 1277 343 0.010285 6
487 170 580 207 0.002510 6
329 410 705 464 0.002261 6
830 135 939 165 0.001664 6
339 257 945 474 0.001307 6
1088 157 1279 267 0.001307 6
0 255 320 398 0.000879 6
1121 422 1279 482 0.000830 6
1049 470 1256 503 0.000780 6
70 513 164 540 0.000747 6
669 424 1100 484 0.000275 6
698 128 956 237 0.000264 6
597 389 811 468 0.000248 6
8 425 259 475 0.000203 6
463 144 526 166 0.000167 6
152 172 271 229 0.000163 6
1159 296 1280 355 0.000155 6
437 112 699 223 0.000145 6
165 64 331 93 0.000122 6
866 176 956 236 0.271153 7
714 152 865 234 0.040860 7
1182 165 1279 267 0.034713 7
587 184 621 214 0.017399 7
660 266 769 350 0.004895 7
548 172 579 203 0.003962 7
691 194 730 235 0.003540 7
463 422 497 446 0.002516 7
1027 275 1278 351 0.001481 7
1101 163 1205 211 0.001379 7
175 393 215 419 0.001103 7
735 423 772 458 0.000870 7
589 152 676 217 0.000757 7
1179 383 1261 426 0.000612 7
62 403 150 427 0.000547 7
478 168 526 216 0.000512 7
606 434 625 463 0.000386 7
936 203 977 254 0.000349 7
605 406 656 435 0.000229 7
944 207 1148 333 0.000186 7
660 168 692 216 0.000156 7
457 152 523 173 0.000148 7
200 391 224 464 0.000146 7
529 64 950 236 0.000137 7
0 396 32 461 0.000136 7
1266 169 1279 257 0.000131 7
725 152 811 174 0.000114 7
1189 350 1266 400 0.000107 7
297 198 333 233 0.000101 7
1090 150 1103 178 0.613996 9
512 151 524 181 0.130519 9
895 153 908 176 0.074027 9
365 167 373 189 0.072998 9
372 167 382 185 0.069356 9
239 178 247 190 0.064096 9
1207 170 1215 187 0.038745 9
880 152 895 171 0.036095 9
119 64 160 78 0.026303 9
449 157 490 170 0.025876 9
1013 137 1024 169 0.022323 9
868 155 880 177 0.021648 9
202 204 211 226 0.019564 9
551 173 577 201 0.017102 9
927 150 937 170 0.016325 9
313 151 342 194 0.013611 9
523 183 536 196 0.012948 9
511 195 518 210 0.012567 9
966 372 979 389 0.012255 9
1215 167 1224 183 0.011239 9
224 183 231 192 0.011170 9
1197 384 1206 400 0.010253 9
216 183 224 195 0.010177 9
516 191 526 201 0.009845 9
171 64 202 91 0.008778 9
959 135 976 162 0.007832 9
1154 160 1167 184 0.007515 9
814 144 823 153 0.007213 9
257 179 262 190 0.005886 9
216 192 224 226 0.005691 9
1006 137 1014 170 0.005655 9
809 168 815 185 0.004642 9
681 167 688 184 0.004245 9
265 215 277 231 0.004133 9
665 180 670 197 0.004019 9
864 164 871 182 0.003847 9
694 177 704 199 0.003806 9
1087 184 1096 208 0.003754 9
690 168 696 184 0.003659 9
167 64 176 76 0.003456 9
545 168 552 185 0.003009 9
1191 163 1201 186 0.003009 9
111 151 128 163 0.002933 9
510 171 550 191 0.002745 9
977 368 984 390 0.002742 9
257 146 267 160 0.002647 9
1230 167 1247 181 0.002611 9
844 150 858 166 0.002529 9
159 64 170 75 0.002399 9
1097 132 1105 166 0.002392 9
247 176 257 192 0.002358 9
802 143 811 157 0.002349 9
248 195 255 214 0.002294 9
751 360 759 375 0.002279 9
809 156 858 181 0.002253 9
952 347 960 364 0.002118 9
463 255 478 304 0.001946 9
840 118 866 136 0.001931 9
1104 168 1120 203 0.001844 9
586 118 598 135 0.001746 9
487 173 495 183 0.001690 9
950 342 981 404 0.001591 9
992 143 1000 168 0.001548 9
1048 157 1056 168 0.001522 9
94 156 103 176 0.001513 9
1055 152 1063 165 0.001348 9
1181 164 1203 217 0.001255 9
960 340 967 352 0.001252 9
1014 362 1024 383 0.001241 9
580 64 596 91 0.001194 9
312 79 366 196 0.001180 9
988 344 1009 386 0.001167 9
969 176 975 186 0.001160 9
333 184 343 199 0.001074 9
219 176 249 194 0.001071 9
988 680 1009 703 0.001060 9
587 165 603 184 0.001030 9
478 164 579 206 0.001029 9
596 64 625 93 0.000955 9
842 164 870 223 0.000944 9
1203 406 1215 415 0.000865 9
44 312 59 343 0.000856 9
855 136 938 170 0.000852 9
465 199 471 214 0.000798 9
571 162 581 179 0.000798 9
574 180 582 201 0.000797 9
214 163 224 178 0.000788 9
352 164 361 188 0.000780 9
210 167 217 176 0.000775 9
996 132 1009 172 0.000761 9
238 185 252 215 0.000732 9
945 168 960 185 0.000703 9
512 182 527 196 0.000674 9
340 163 353 194 0.000670 9
111 202 121 218 0.000665 9
1143 164 1155 185 0.000646 9
1108 154 1118 168 0.000645 9
464 183 471 197 0.000643 9
312 183 328 197 0.000640 9
241 161 249 179 0.000624 9
697 125 705 152 0.000624 9
223 168 231 176 0.000607 9
534 179 552 202 0.000603 9
476 144 525 182 0.000596 9
701 118 720 129 0.000592 9
903 536 912 558 0.000592 9
575 276 599 348 0.000590 9
260 166 271 179 0.000588 9
964 336 977 344 0.000546 9
1019 158 1030 169 0.000545 9
664 168 679 211 0.000533 9
96 183 101 200 0.000532 9
67 170 81 177 0.000522 9
1214 372 1222 386 0.000504 9
903 64 944 120 0.000498 9
943 366 952 387 0.000493 9
743 360 751 374 0.000482 9
997 557 1016 579 0.000480 9
1176 615 1181 622 0.000479 9
664 318 678 348 0.000477 9
1108 165 1148 185 0.000477 9
664 295 672 314 0.000460 9
498 171 512 186 0.000441 9
607 581 624 616 0.000439 9
1072 147 1094 197 0.000426 9
690 119 708 179 0.000426 9
1087 677 1104 703 0.000425 9
976 168 992 185 0.000419 9
767 96 785 146 0.000416 9
233 201 242 216 0.000398 9
979 141 993 167 0.000393 9
1090 229 1103 270 0.000391 9
365 186 375 200 0.000390 9
735 626 744 649 0.000388 9
1017 169 1032 185 0.000387 9
830 135 860 161 0.000386 9
597 135 606 150 0.000384 9
1207 152 1221 177 0.000380 9
796 130 822 157 0.000379 9
403 182 418 200 0.000376 9
1045 171 1056 184 0.000369 9
1100 131 1128 169 0.000362 9
930 327 944 345 0.000354 9
975 124 982 136 0.000352 9
1171 148 1184 164 0.000349 9
664 167 671 182 0.000332 9
345 185 353 199 0.000330 9
637 160 644 170 0.000325 9
913 165 929 181 0.000316 9
574 128 581 162 0.000316 9
433 171 446 191 0.000313 9
657 152 671 174 0.000303 9
860 111 869 119 0.000293 9
1079 168 1092 185 0.000286 9
1212 164 1234 207 0.000284 9
1150 344 1172 360 0.000284 9
983 351 993 360 0.000284 9
350 183 362 199 0.000281 9
248 163 257 175 0.000273 9
1073 151 1081 164 0.000266 9
1023 149 1039 162 0.000255 9
811 138 833 160 0.000252 9
309 106 325 160 0.000251 9
905 126 912 136 0.000250 9
999 328 1009 342 0.000245 9
777 686 783 695 0.000243 9
470 164 498 189 0.000243 9
974 189 981 201 0.000239 9
192 186 202 214 0.000236 9
1015 338 1024 350 0.000233 9
815 345 824 363 0.000232 9
928 358 939 377 0.000231 9
856 282 864 295 0.000227 9
712 598 720 614 0.000226 9
624 64 638 73 0.000214 9
70 183 79 199 0.000214 9
1000 166 1010 199 0.000214 9
937 592 943 599 0.000213 9
358 153 385 189 0.000209 9
679 122 691 164 0.000209 9
1151 126 1160 134 0.000206 9
735 120 752 157 0.000203 9
193 169 234 201 0.000201 9
375 165 407 186 0.000198 9
1055 157 1064 185 0.000196 9
1015 116 1041 166 0.000196 9
454 180 466 201 0.000194 9
801 631 807 639 0.000193 9
413 175 421 194 0.000193 9
703 169 711 179 0.000185 9
751 679 760 696 0.000184 9
208 67 223 86 0.000184 9
981 321 991 342 0.000183 9
232 130 240 146 0.000183 9
934 358 955 377 0.000182 9
927 104 936 120 0.000182 9
259 176 271 196 0.000182 9
922 147 987 185 0.000181 9
799 590 808 616 0.000178 9
1151 103 1170 134 0.000177 9
710 336 757 376 0.000176 9
1122 142 1136 152 0.000175 9
639 159 657 194 0.000175 9
290 175 309 198 0.000172 9
886 118 914 139 0.000165 9
373 150 383 170 0.000164 9
1040 183 1051 200 0.000162 9
701 122 717 158 0.000162 9
1002 159 1061 187 0.000161 9
1137 127 1199 178 0.000156 9
255 110 263 127 0.000155 9
1255 630 1263 640 0.000154 9
479 335 496 358 0.000153 9
576 75 584 103 0.000152 9
382 149 404 164 0.000149 9
1030 647 1041 686 0.000147 9
444 159 478 204 0.000146 9
1041 110 1114 201 0.000146 9
888 557 897 594 0.000143 9
941 341 956 363 0.000143 9
999 126 1007 138 0.000142 9
594 135 614 171 0.000139 9
971 160 985 169 0.000138 9
49 184 64 206 0.000137 9
816 566 825 589 0.000137 9
947 119 960 139 0.000135 9
1007 173 1016 184 0.000135 9
664 276 705 350 0.000131 9
471 190 481 203 0.000129 9
855 634 863 648 0.000128 9
170 147 178 168 0.000128 9
322 91 340 154 0.000125 9
817 353 832 375 0.000124 9
947 332 961 346 0.000122 9
832 118 844 133 0.000121 9
968 177 985 206 0.000119 9
1095 375 1104 392 0.000116 9
894 624 906 650 0.000115 9
1046 645 1057 688 0.000113 9
979 653 1000 681 0.000113 9
1198 124 1232 189 0.000111 9
1231 102 1249 160 0.000111 9
260 196 270 205 0.000110 9
255 531 265 552 0.000107 9
606 679 646 703 0.000105 9
807 630 816 656 0.000105 9
277 215 287 233 0.000104 9
186 149 199 168 0.000103 9
652 166 670 202 0.000102 9
1182 192 1198 216 0.007976 11
1053 110 1084 147 0.003240 11
