541 188 575 252 0.815924 0
736 199 771 273 0.726930 0
830 192 855 266 0.704242 0
914 192 945 269 0.680200 0
1145 202 1167 254 0.673768 0
224 199 238 240 0.062380 0
1087 188 1099 225 0.036296 0
965 372 979 390 0.030878 0
1015 205 1024 225 0.026242 0
711 209 728 234 0.025967 0
1072 485 1080 499 0.020991 0
787 198 793 212 0.020308 0
517 191 523 205 0.018636 0
632 201 644 215 0.018604 0
511 196 518 209 0.015392 0
1175 498 1185 511 0.014511 0
758 200 771 215 0.014468 0
1015 456 1024 466 0.014070 0
1177 343 1191 359 0.014049 0
1157 496 1169 507 0.013762 0
614 152 627 169 0.013182 0
199 208 208 225 0.012983 0
883 200 905 244 0.012746 0
843 186 877 243 0.012687 0
789 330 810 344 0.012672 0
863 438 874 455 0.011557 0
841 187 855 213 0.011191 0
213 187 226 227 0.010620 0
1056 488 1066 496 0.010240 0
895 326 903 343 0.009810 0
1112 194 1120 208 0.009596 0
751 463 761 472 0.009235 0
1208 504 1217 512 0.009181 0
1077 334 1088 361 0.009101 0
692 207 703 235 0.008679 0
1039 207 1050 229 0.008634 0
1135 446 1143 463 0.008564 0
917 472 928 483 0.008367 0
937 204 945 217 0.007643 0
787 328 814 388 0.007194 0
1045 483 1055 495 0.007122 0
1199 503 1209 512 0.006978 0
983 373 992 391 0.006374 0
1190 496 1200 504 0.006119 0
1148 308 1168 344 0.005663 0
1000 385 1013 399 0.005533 0
1271 199 1279 237 0.005509 0
1007 455 1015 466 0.005327 0
1123 500 1131 507 0.005312 0
991 456 999 464 0.005243 0
887 471 897 484 0.005103 0
1213 197 1229 233 0.004911 0
503 313 512 335 0.004731 0
1158 201 1169 224 0.004476 0
779 197 792 237 0.004435 0
1166 199 1181 219 0.004374 0
948 344 961 392 0.004250 0
832 471 840 478 0.004231 0
639 688 672 703 0.004129 0
1040 454 1047 464 0.004089 0
1031 485 1040 498 0.004042 0
670 208 678 229 0.003977 0
1237 197 1248 231 0.003970 0
1030 453 1039 464 0.003818 0
977 368 985 390 0.003771 0
1256 485 1264 501 0.003732 0
1102 312 1119 344 0.003711 0
822 329 848 344 0.003661 0
1024 455 1033 464 0.003633 0
575 423 584 431 0.003609 0
319 204 331 231 0.003595 0
558 185 574 201 0.003592 0
588 170 594 183 0.003364 0
750 449 769 472 0.003342 0
1012 387 1022 401 0.003341 0
1015 326 1024 344 0.003331 0
1251 194 1273 237 0.003273 0
897 473 911 484 0.003176 0
912 454 928 486 0.003088 0
1202 496 1216 504 0.002931 0
960 455 968 466 0.002916 0
1023 480 1034 495 0.002842 0
376 186 385 201 0.002793 0
470 202 478 219 0.002786 0
609 151 640 193 0.002706 0
509 191 534 249 0.002611 0
862 432 870 443 0.002505 0
465 201 478 250 0.002457 0
806 327 818 343 0.002443 0
1191 211 1202 228 0.002421 0
991 447 1000 457 0.002359 0
1086 198 1121 252 0.002270 0
1231 457 1241 469 0.002238 0
0 64 57 217 0.002232 0
1008 471 1016 489 0.002210 0
616 448 624 462 0.002191 0
242 195 254 215 0.002160 0
1119 312 1130 342 0.002157 0
1178 217 1190 244 0.002120 0
974 211 984 227 0.002094 0
1044 278 1058 295 0.002076 0
1098 329 1104 344 0.002054 0
1072 464 1080 470 0.002022 0
464 199 472 215 0.002006 0
1129 500 1137 508 0.001969 0
914 198 927 221 0.001942 0
850 462 866 477 0.001924 0
1007 513 1017 521 0.001865 0
990 206 998 225 0.001850 0
977 203 995 243 0.001806 0
925 447 934 456 0.001774 0
907 335 923 345 0.001735 0
983 447 993 456 0.001712 0
664 454 672 463 0.001702 0
960 441 968 459 0.001698 0
431 523 440 551 0.001682 0
1119 324 1137 380 0.001672 0
1093 455 1104 471 0.001661 0
969 456 976 462 0.001610 0
813 209 825 237 0.001583 0
862 436 884 478 0.001574 0
877 437 887 451 0.001555 0
738 201 744 212 0.001461 0
1112 464 1122 475 0.001453 0
1054 222 1066 246 0.001437 0
680 197 691 215 0.001433 0
736 450 753 467 0.001424 0
1096 502 1104 511 0.001418 0
703 456 721 469 0.001400 0
363 166 374 187 0.001369 0
680 449 688 460 0.001284 0
1007 431 1014 439 0.001247 0
924 454 936 463 0.001224 0
990 281 1002 312 0.001212 0
1054 279 1063 295 0.001200 0
1151 441 1158 451 0.001195 0
1251 626 1279 703 0.001191 0
896 440 904 456 0.001182 0
836 466 848 476 0.001169 0
120 64 211 91 0.001160 0
936 455 943 464 0.001156 0
1214 368 1223 385 0.001144 0
1079 690 1091 703 0.001120 0
965 350 996 391 0.001093 0
1102 175 1121 208 0.001093 0
735 448 743 457 0.001067 0
477 196 487 216 0.001061 0
574 427 592 459 0.001059 0
1127 446 1133 456 0.001046 0
979 689 987 703 0.001045 0
320 626 328 648 0.001045 0
1160 425 1168 439 0.001034 0
1231 458 1260 477 0.001026 0
208 393 224 414 0.001025 0
328 64 496 209 0.000998 0
1118 440 1133 471 0.000985 0
905 336 925 375 0.000976 0
1247 474 1258 486 0.000976 0
862 463 875 478 0.000965 0
1221 404 1231 424 0.000943 0
458 202 465 215 0.000934 0
157 202 171 235 0.000930 0
573 180 582 201 0.000900 0
919 449 928 457 0.000891 0
955 369 979 425 0.000866 0
266 196 272 210 0.000855 0
990 341 1008 387 0.000851 0
822 461 831 472 0.000843 0
951 456 960 465 0.000811 0
12 64 284 215 0.000801 0
933 434 944 453 0.000793 0
1039 322 1054 335 0.000771 0
1119 389 1128 410 0.000756 0
657 452 667 461 0.000745 0
1085 457 1096 472 0.000744 0
1151 452 1161 467 0.000738 0
1092 497 1102 506 0.000723 0
862 298 881 343 0.000722 0
1070 64 1079 70 0.000715 0
704 327 720 377 0.000705 0
719 428 726 440 0.000703 0
1116 470 1130 475 0.000691 0
1141 388 1155 408 0.000677 0
899 201 912 241 0.000668 0
803 185 815 211 0.000658 0
1247 419 1253 431 0.000652 0
1184 211 1246 265 0.000650 0
1064 465 1071 470 0.000648 0
930 345 948 391 0.000647 0
415 249 420 270 0.000647 0
726 423 737 439 0.000645 0
1134 428 1144 440 0.000642 0
997 385 1024 422 0.000633 0
799 440 807 450 0.000629 0
665 185 672 216 0.000627 0
706 468 714 473 0.000623 0
944 327 960 347 0.000622 0
1214 337 1266 428 0.000620 0
864 333 882 343 0.000616 0
735 465 748 473 0.000615 0
1046 411 1056 427 0.000608 0
527 626 537 647 0.000606 0
1216 407 1224 425 0.000603 0
690 455 703 466 0.000591 0
1025 279 1040 295 0.000575 0
223 391 240 408 0.000572 0
244 186 323 371 0.000556 0
839 504 847 511 0.000555 0
1151 328 1197 360 0.000551 0
767 429 776 442 0.000551 0
733 324 744 337 0.000550 0
645 406 656 423 0.000548 0
1185 526 1192 544 0.000536 0
1061 205 1086 235 0.000532 0
344 174 353 199 0.000532 0
664 461 672 471 0.000529 0
1033 277 1058 330 0.000527 0
999 512 1008 534 0.000518 0
536 182 552 216 0.000514 0
653 196 662 216 0.000510 0
351 189 358 199 0.000504 0
367 207 375 229 0.000501 0
1144 376 1152 388 0.000495 0
1181 348 1217 412 0.000490 0
831 439 845 456 0.000488 0
317 64 368 184 0.000487 0
436 191 445 204 0.000475 0
878 319 887 343 0.000475 0
1247 348 1264 393 0.000472 0
959 238 977 271 0.000469 0
832 479 841 490 0.000464 0
636 629 674 703 0.000462 0
406 250 414 271 0.000460 0
999 455 1008 465 0.000459 0
668 335 693 382 0.000459 0
806 362 816 392 0.000458 0
1158 375 1172 393 0.000458 0
752 424 768 440 0.000457 0
1263 364 1279 420 0.000455 0
1076 332 1104 394 0.000455 0
332 185 343 199 0.000454 0
626 537 640 584 0.000449 0
1001 432 1007 440 0.000444 0
1072 503 1080 511 0.000440 0
1023 228 1074 296 0.000440 0
896 418 905 439 0.000439 0
961 341 968 351 0.000434 0
1015 477 1025 488 0.000430 0
527 574 537 616 0.000426 0
766 459 776 483 0.000425 0
368 198 383 218 0.000425 0
695 471 704 490 0.000420 0
1047 455 1056 466 0.000420 0
1135 472 1143 479 0.000417 0
751 322 764 344 0.000412 0
1183 445 1190 456 0.000412 0
1039 410 1057 459 0.000411 0
734 424 750 458 0.000411 0
1148 375 1162 404 0.000410 0
1166 380 1183 407 0.000404 0
687 464 697 487 0.000403 0
1140 440 1154 457 0.000401 0
111 222 119 238 0.000399 0
1095 440 1103 455 0.000399 0
1260 141 1279 182 0.000397 0
992 183 1010 223 0.000389 0
1158 328 1174 341 0.000388 0
816 440 824 452 0.000378 0
1055 681 1092 703 0.000378 0
1174 456 1184 471 0.000377 0
846 274 866 338 0.000377 0
385 195 397 206 0.000377 0
772 426 785 440 0.000372 0
773 325 789 343 0.000370 0
31 215 40 229 0.000368 0
979 325 991 343 0.000366 0
719 326 741 363 0.000363 0
1223 509 1233 517 0.000361 0
1239 423 1247 440 0.000358 0
1188 195 1218 227 0.000348 0
1072 436 1088 455 0.000347 0
1246 429 1255 454 0.000347 0
1038 412 1046 430 0.000346 0
1009 359 1024 387 0.000345 0
1216 453 1223 468 0.000341 0
981 452 993 463 0.000341 0
718 439 734 465 0.000339 0
856 312 864 336 0.000334 0
525 628 552 667 0.000334 0
1169 479 1177 490 0.000334 0
770 459 796 473 0.000333 0
175 185 184 205 0.000331 0
1137 339 1186 398 0.000328 0
1225 168 1260 235 0.000328 0
661 424 671 435 0.000318 0
1078 427 1087 441 0.000313 0
1183 454 1191 471 0.000313 0
680 380 688 394 0.000304 0
1025 484 1071 506 0.000303 0
271 632 288 681 0.000301 0
752 416 764 426 0.000301 0
1032 373 1043 384 0.000300 0
854 631 879 682 0.000298 0
614 424 623 434 0.000292 0
1072 396 1080 409 0.000290 0
802 497 811 506 0.000290 0
1008 423 1024 439 0.000286 0
602 363 625 412 0.000286 0
1025 327 1042 360 0.000282 0
1078 398 1088 411 0.000281 0
1184 507 1194 517 0.000278 0
671 463 680 471 0.000278 0
1239 448 1248 456 0.000277 0
1027 359 1052 386 0.000271 0
770 189 793 210 0.000271 0
646 456 656 472 0.000270 0
59 408 79 424 0.000269 0
238 216 250 239 0.000268 0
991 481 1001 487 0.000268 0
524 231 537 246 0.000263 0
1270 627 1279 676 0.000261 0
126 374 144 403 0.000260 0
0 138 27 306 0.000260 0
785 433 805 453 0.000256 0
605 172 617 185 0.000255 0
219 230 241 298 0.000254 0
631 440 639 448 0.000253 0
632 473 640 487 0.000253 0
175 207 184 217 0.000252 0
364 186 375 200 0.000250 0
1093 114 1138 172 0.000247 0
629 449 640 460 0.000247 0
814 344 825 369 0.000244 0
903 416 913 427 0.000241 0
798 440 813 470 0.000239 0
0 181 6 203 0.000239 0
663 293 682 351 0.000238 0
1189 441 1199 456 0.000237 0
1206 64 1279 269 0.000236 0
1153 434 1167 456 0.000234 0
1237 405 1253 429 0.000234 0
976 448 985 457 0.000233 0
852 256 913 345 0.000232 0
648 481 655 487 0.000230 0
49 64 126 170 0.000230 0
881 429 906 457 0.000229 0
271 232 291 295 0.000225 0
823 419 839 434 0.000216 0
687 352 693 359 0.000215 0
1140 454 1157 476 0.000215 0
935 376 946 391 0.000214 0
1216 447 1224 456 0.000213 0
590 579 601 611 0.000209 0
576 365 592 391 0.000208 0
1274 159 1279 173 0.000208 0
856 426 943 483 0.000207 0
350 64 496 95 0.000207 0
934 419 944 441 0.000206 0
1104 333 1119 377 0.000206 0
802 325 848 382 0.000206 0
471 191 481 205 0.000205 0
1168 411 1177 423 0.000204 0
64 64 162 78 0.000200 0
488 470 496 480 0.000199 0
104 248 129 264 0.000197 0
1032 417 1041 439 0.000197 0
777 409 783 414 0.000196 0
787 311 803 334 0.000192 0
390 599 401 644 0.000192 0
951 442 960 458 0.000191 0
398 184 407 202 0.000191 0
802 416 810 423 0.000190 0
995 325 1008 343 0.000190 0
497 579 512 616 0.000189 0
1033 683 1059 703 0.000188 0
957 338 977 375 0.000185 0
0 380 17 414 0.000184 0
8 512 48 567 0.000183 0
293 192 320 291 0.000181 0
217 181 233 203 0.000181 0
1075 393 1124 455 0.000180 0
734 381 747 399 0.000179 0
848 423 884 443 0.000179 0
1064 64 1112 72 0.000178 0
1021 440 1040 451 0.000178 0
1134 344 1169 360 0.000177 0
687 424 695 434 0.000177 0
256 64 339 190 0.000176 0
189 379 210 416 0.000175 0
509 688 671 703 0.000175 0
604 346 613 363 0.000174 0
518 392 529 428 0.000174 0
743 246 765 303 0.000173 0
706 424 723 461 0.000172 0
158 81 214 217 0.000171 0
143 452 160 547 0.000170 0
1061 228 1094 287 0.000170 0
1026 326 1078 394 0.000169 0
886 301 911 343 0.000169 0
909 273 930 345 0.000169 0
1170 444 1184 456 0.000168 0
0 419 97 602 0.000167 0
863 302 872 315 0.000167 0
833 494 843 506 0.000166 0
1110 439 1121 471 0.000165 0
1199 456 1208 468 0.000165 0
1097 398 1103 407 0.000164 0
1252 428 1262 441 0.000162 0
269 392 287 399 0.000160 0
946 681 1020 703 0.000157 0
831 689 841 703 0.000157 0
991 313 1001 329 0.000156 0
1190 457 1200 473 0.000156 0
1252 408 1263 424 0.000155 0
520 638 528 648 0.000155 0
807 280 816 300 0.000155 0
1120 409 1129 425 0.000155 0
616 468 624 480 0.000154 0
913 438 932 455 0.000153 0
623 587 633 617 0.000153 0
661 414 670 424 0.000152 0
772 343 796 366 0.000152 0
918 422 928 435 0.000151 0
318 237 336 367 0.000151 0
1038 437 1048 457 0.000150 0
1263 405 1276 423 0.000149 0
1174 409 1185 423 0.000149 0
824 271 848 330 0.000147 0
193 186 203 212 0.000147 0
575 277 597 322 0.000146 0
607 423 616 434 0.000146 0
1055 374 1068 402 0.000144 0
704 418 779 472 0.000144 0
1112 104 1120 120 0.000143 0
1173 614 1184 646 0.000142 0
827 297 842 312 0.000141 0
1014 440 1025 451 0.000140 0
956 426 971 449 0.000140 0
498 394 551 433 0.000140 0
631 426 640 444 0.000139 0
1021 85 1043 161 0.000139 0
448 423 464 457 0.000138 0
1264 316 1279 366 0.000138 0
1054 695 1065 703 0.000137 0
1007 528 1015 535 0.000137 0
305 185 325 203 0.000137 0
1179 211 1280 401 0.000136 0
960 199 974 209 0.000133 0
1212 478 1280 561 0.000133 0
1011 410 1024 428 0.000131 0
1088 230 1103 270 0.000130 0
579 278 591 290 0.000129 0
767 553 775 568 0.000128 0
1023 383 1031 394 0.000127 0
939 274 961 340 0.000126 0
1041 468 1057 485 0.000125 0
1020 64 1158 203 0.000125 0
391 423 400 438 0.000125 0
1053 456 1067 467 0.000125 0
1261 694 1277 703 0.000125 0
1002 465 1053 496 0.000122 0
439 208 446 218 0.000122 0
878 423 887 441 0.000121 0
542 581 553 622 0.000121 0
1228 641 1251 699 0.000121 0
775 399 784 409 0.000119 0
335 620 347 646 0.000119 0
1000 488 1009 495 0.000119 0
644 429 656 438 0.000118 0
1052 396 1091 464 0.000118 0
1039 460 1052 471 0.000118 0
0 397 32 524 0.000118 0
1113 122 1237 230 0.000116 0
956 411 970 426 0.000116 0
183 197 190 206 0.000115 0
1214 582 1226 636 0.000114 0
810 414 847 449 0.000114 0
917 373 928 407 0.000114 0
1037 394 1050 411 0.000113 0
928 391 936 405 0.000113 0
591 389 609 428 0.000112 0
1199 406 1210 433 0.000109 0
590 527 608 569 0.000109 0
1054 64 1068 71 0.000109 0
367 349 384 376 0.000108 0
995 422 1014 440 0.000108 0
354 364 367 390 0.000108 0
799 420 809 436 0.000108 0
809 496 816 510 0.000108 0
902 555 912 586 0.000107 0
429 222 439 230 0.000107 0
1096 368 1127 409 0.000107 0
305 140 385 317 0.000105 0
872 497 879 502 0.000105 0
240 242 256 296 0.000105 0
901 419 921 443 0.000104 0
1057 432 1073 462 0.000104 0
825 496 833 510 0.000102 0
570 198 586 216 0.000102 0
816 411 831 426 0.000102 0
1141 173 1157 221 0.000101 0
960 64 1043 217 0.000101 0
496 391 504 398 0.000101 0
112 391 130 402 0.000101 0
924 421 936 448 0.000100 0
1141 231 1169 263 0.608446 1
733 229 764 292 0.483726 1
909 211 953 270 0.158084 1
821 220 864 280 0.119802 1
816 231 838 260 0.049247 1
949 275 960 303 0.046583 1
908 245 929 296 0.040016 1
1064 217 1093 261 0.023742 1
867 229 918 288 0.010310 1
846 229 858 250 0.009230 1
691 209 704 238 0.005143 1
937 224 977 266 0.004940 1
325 236 352 255 0.004571 1
1125 231 1139 248 0.004523 1
893 264 912 288 0.003938 1
863 199 879 216 0.003787 1
802 217 826 239 0.003605 1
851 225 885 269 0.002403 1
50 233 100 256 0.001992 1
934 280 944 293 0.001769 1
1070 194 1100 234 0.001327 1
1160 218 1189 264 0.001103 1
1249 200 1279 269 0.001081 1
867 232 885 248 0.001054 1
1200 252 1232 274 0.000878 1
124 236 196 262 0.000803 1
64 224 97 239 0.000754 1
197 218 243 258 0.000735 1
1057 219 1076 240 0.000693 1
1025 276 1061 296 0.000663 1
815 266 833 282 0.000651 1
15 215 43 257 0.000644 1
1088 223 1112 258 0.000522 1
927 288 940 311 0.000398 1
1110 279 1167 344 0.000353 1
755 219 933 347 0.000331 1
1179 178 1229 222 0.000324 1
679 213 696 234 0.000295 1
1063 217 1263 314 0.000263 1
755 246 786 282 0.000260 1
1141 326 1193 361 0.000259 1
721 221 743 235 0.000240 1
154 222 180 251 0.000230 1
515 231 536 247 0.000227 1
221 239 241 264 0.000223 1
896 286 911 305 0.000181 1
630 212 788 327 0.000165 1
868 277 880 297 0.000160 1
917 272 964 319 0.000114 1
1026 299 1043 328 0.000113 1
631 380 657 396 0.109154 2
691 204 728 236 0.056712 2
863 176 973 267 0.054456 2
1103 487 1115 495 0.043616 2
528 203 544 218 0.038024 2
484 198 517 216 0.036358 2
822 328 848 344 0.033792 2
1118 488 1136 497 0.030378 2
1004 198 1038 228 0.030014 2
1112 216 1161 248 0.027452 2
304 185 323 198 0.020269 2
624 191 655 215 0.018671 2
1162 200 1188 226 0.018256 2
803 210 835 239 0.009588 2
319 207 331 231 0.008067 2
1007 216 1024 229 0.008012 2
866 177 940 203 0.007871 2
593 448 608 458 0.006414 2
974 245 991 261 0.006260 2
1103 222 1120 246 0.005815 2
648 455 656 461 0.005503 2
588 190 616 214 0.005492 2
158 416 168 423 0.005456 2
599 364 624 377 0.004976 2
669 454 685 463 0.004910 2
207 399 224 414 0.004784 2
500 174 576 220 0.004588 2
914 197 948 223 0.004484 2
503 316 512 335 0.004396 2
596 464 608 471 0.004291 2
660 375 681 386 0.004131 2
1247 345 1260 355 0.004098 2
293 178 309 198 0.003684 2
1119 501 1129 509 0.003660 2
878 199 907 244 0.003377 2
972 198 1069 261 0.003316 2
556 181 577 204 0.003067 2
511 341 522 351 0.003032 2
945 233 978 266 0.003018 2
1004 235 1024 250 0.002572 2
1120 64 1152 76 0.002365 2
599 319 608 329 0.002279 2
246 411 264 422 0.002188 2
635 370 656 383 0.002079 2
415 402 424 407 0.002031 2
1148 471 1166 479 0.001823 2
61 398 179 425 0.001790 2
495 239 531 251 0.001787 2
983 456 994 464 0.001677 2
592 423 609 434 0.001665 2
1263 246 1279 270 0.001660 2
657 454 665 462 0.001603 2
456 204 465 216 0.001562 2
0 394 32 422 0.001516 2
703 456 715 468 0.001449 2
639 456 651 461 0.001437 2
584 431 591 439 0.001414 2
623 317 670 364 0.001376 2
950 206 988 246 0.001355 2
575 445 590 457 0.001348 2
148 403 176 424 0.001325 2
684 375 694 384 0.001283 2
1006 303 1022 311 0.001203 2
724 463 739 471 0.001187 2
626 373 638 382 0.001145 2
735 465 744 471 0.001090 2
1263 347 1279 365 0.001070 2
1198 471 1215 481 0.001057 2
1145 320 1169 345 0.001036 2
1090 488 1110 502 0.000950 2
970 480 986 487 0.000948 2
975 301 991 312 0.000947 2
589 362 625 410 0.000912 2
47 406 77 424 0.000908 2
463 418 504 438 0.000897 2
1167 381 1179 392 0.000896 2
1176 381 1183 391 0.000828 2
126 410 143 425 0.000796 2
1112 471 1123 476 0.000793 2
801 161 858 242 0.000767 2
274 184 294 193 0.000761 2
174 400 192 417 0.000731 2
1134 342 1189 362 0.000715 2
1135 199 1220 263 0.000714 2
842 180 882 232 0.000701 2
536 427 591 439 0.000678 2
1123 326 1151 344 0.000670 2
1263 363 1279 375 0.000668 2
1041 221 1067 241 0.000659 2
1039 322 1056 334 0.000656 2
1261 169 1279 183 0.000614 2
1237 345 1250 354 0.000608 2
1026 252 1045 261 0.000607 2
749 439 766 449 0.000607 2
661 190 693 220 0.000606 2
973 284 1004 312 0.000603 2
943 327 960 344 0.000602 2
19 200 35 206 0.000570 2
961 480 975 487 0.000562 2
1222 179 1277 237 0.000561 2
454 305 521 348 0.000559 2
1165 472 1179 479 0.000557 2
719 331 733 345 0.000537 2
1002 247 1022 261 0.000527 2
479 335 496 355 0.000517 2
975 456 982 463 0.000511 2
1175 471 1198 479 0.000500 2
653 352 694 386 0.000488 2
630 453 639 461 0.000485 2
942 456 956 463 0.000482 2
688 454 702 466 0.000467 2
1086 183 1124 248 0.000459 2
1110 503 1120 509 0.000459 2
963 200 986 214 0.000459 2
1069 195 1097 223 0.000436 2
255 197 271 211 0.000428 2
1187 382 1262 427 0.000414 2
427 422 464 444 0.000401 2
498 479 520 486 0.000398 2
25 395 296 478 0.000394 2
639 461 649 471 0.000393 2
356 219 368 231 0.000391 2
631 471 640 478 0.000385 2
391 423 399 436 0.000384 2
1036 195 1076 229 0.000376 2
982 480 991 487 0.000361 2
1101 160 1216 221 0.000354 2
720 318 745 336 0.000352 2
111 412 126 426 0.000342 2
463 432 482 446 0.000340 2
325 198 381 232 0.000339 2
386 197 398 206 0.000337 2
818 359 832 375 0.000323 2
966 510 976 520 0.000322 2
717 453 767 471 0.000317 2
359 409 368 415 0.000305 2
297 185 331 232 0.000304 2
1180 381 1202 394 0.000299 2
742 438 784 458 0.000293 2
496 434 525 448 0.000290 2
950 693 991 703 0.000290 2
0 509 96 600 0.000286 2
206 403 288 449 0.000285 2
411 398 519 437 0.000285 2
1184 328 1200 339 0.000284 2
503 314 529 351 0.000277 2
1247 679 1279 703 0.000273 2
1175 226 1279 298 0.000268 2
366 452 410 471 0.000262 2
975 342 1008 384 0.000260 2
0 258 315 405 0.000259 2
762 439 776 447 0.000255 2
607 449 624 470 0.000251 2
928 184 945 203 0.000250 2
76 426 143 456 0.000248 2
1214 473 1224 482 0.000238 2
658 429 676 439 0.000228 2
1254 277 1279 296 0.000225 2
465 392 487 399 0.000225 2
620 342 644 380 0.000223 2
79 515 96 534 0.000223 2
852 439 872 455 0.000222 2
662 274 673 283 0.000220 2
1056 465 1067 471 0.000218 2
1072 321 1120 345 0.000213 2
374 184 396 205 0.000213 2
974 526 990 535 0.000212 2
704 323 738 375 0.000210 2
399 421 437 435 0.000206 2
363 423 383 437 0.000206 2
264 403 288 433 0.000203 2
33 407 48 423 0.000201 2
1165 379 1214 409 0.000200 2
1008 424 1025 440 0.000199 2
679 208 697 233 0.000198 2
639 688 690 703 0.000189 2
612 180 633 202 0.000187 2
412 418 431 423 0.000186 2
351 422 384 463 0.000186 2
79 408 116 424 0.000186 2
468 408 515 425 0.000180 2
1037 193 1057 207 0.000177 2
687 449 697 458 0.000176 2
639 404 660 423 0.000176 2
1221 144 1280 183 0.000175 2
777 471 793 477 0.000174 2
1034 319 1082 347 0.000173 2
1018 319 1041 337 0.000173 2
591 272 708 369 0.000169 2
1026 440 1041 450 0.000167 2
63 424 75 434 0.000167 2
615 281 658 313 0.000162 2
790 345 832 377 0.000161 2
703 471 711 477 0.000157 2
704 302 768 338 0.000155 2
1106 275 1147 344 0.000155 2
274 392 288 398 0.000154 2
39 435 80 470 0.000147 2
1054 672 1094 703 0.000146 2
47 439 63 445 0.000141 2
959 329 977 345 0.000139 2
928 154 995 226 0.000137 2
703 327 714 341 0.000133 2
583 200 667 227 0.000131 2
960 520 972 528 0.000129 2
353 190 372 200 0.000129 2
67 169 88 177 0.000128 2
267 184 298 215 0.000123 2
487 465 496 473 0.000120 2
670 302 705 346 0.000119 2
0 267 10 295 0.000116 2
211 449 239 463 0.000114 2
873 528 890 535 0.000113 2
246 440 271 448 0.000112 2
941 307 989 347 0.000112 2
445 176 468 218 0.000111 2
634 380 689 425 0.000110 2
301 405 394 439 0.000108 2
774 231 790 237 0.000104 2
721 197 872 276 0.000102 2
324 407 351 414 0.000102 2
931 207 953 266 0.022458 3
690 209 728 237 0.001301 3
1176 163 1279 268 0.003377 5
480 168 581 217 0.003179 5
783 184 1279 344 0.000327 5
823 135 939 167 0.000278 5
479 174 498 203 0.000192 5
1007 183 1064 222 0.000166 5
672 265 1279 424 0.085197 6
1053 169 1279 273 0.001876 6
476 158 579 218 0.001598 6
1009 471 1272 503 0.001405 6
324 416 719 461 0.000676 6
829 135 938 169 0.000668 6
0 396 311 483 0.000572 6
1 67 439 390 0.000493 6
680 441 1271 494 0.000389 6
601 430 700 464 0.000244 6
0 511 48 567 0.000234 6
452 283 953 462 0.000229 6
1161 301 1280 358 0.000199 6
945 493 1250 531 0.000188 6
734 334 1014 386 0.000157 6
1111 413 1279 463 0.000136 6
165 64 325 95 0.000107 6
865 176 962 263 0.145228 7
708 152 859 238 0.120027 7
588 183 622 214 0.033239 7
1183 178 1279 268 0.013798 7
1004 196 1052 229 0.012952 7
520 171 578 205 0.011035 7
1051 271 1277 350 0.004917 7
691 184 732 232 0.002967 7
661 273 769 375 0.002256 7
480 173 519 217 0.002122 7
1101 170 1217 253 0.001116 7
625 314 697 382 0.000503 7
1179 377 1263 426 0.000502 7
1126 274 1169 345 0.000458 7
616 171 659 214 0.000443 7
709 302 769 336 0.000333 7
646 175 1034 338 0.000301 7
713 309 860 391 0.000252 7
881 275 1100 390 0.000234 7
456 163 581 254 0.000231 7
762 277 847 346 0.000208 7
930 154 994 248 0.000194 7
559 134 729 229 0.000108 7
1089 150 1103 178 0.619097 9
512 151 523 180 0.453126 9
366 167 374 189 0.098655 9
1207 170 1215 186 0.070216 9
373 167 382 185 0.044622 9
894 153 908 176 0.032758 9
119 64 160 78 0.031815 9
1013 135 1024 168 0.030884 9
239 178 246 190 0.030266 9
448 157 490 171 0.026041 9
1215 167 1223 184 0.024954 9
313 150 341 194 0.024163 9
878 155 890 169 0.022990 9
865 151 878 169 0.020139 9
523 183 536 196 0.019132 9
1154 163 1168 184 0.017703 9
587 169 593 185 0.016647 9
174 64 201 91 0.016069 9
1230 167 1247 181 0.013405 9
558 184 568 198 0.011158 9
927 149 938 168 0.011079 9
863 166 869 184 0.010922 9
844 151 858 166 0.010360 9
680 167 687 184 0.010292 9
1192 164 1201 186 0.010239 9
665 183 671 196 0.008640 9
904 66 929 120 0.008037 9
814 145 823 159 0.007938 9
1199 401 1206 416 0.007916 9
990 680 1004 703 0.007592 9
1104 168 1120 205 0.007524 9
693 177 704 199 0.007476 9
1194 384 1206 402 0.007464 9
1145 165 1154 185 0.007138 9
517 191 526 201 0.006821 9
224 183 231 192 0.006356 9
1181 163 1203 217 0.006331 9
464 169 471 183 0.005724 9
257 179 262 190 0.004733 9
970 176 976 186 0.004665 9
664 153 671 173 0.004624 9
551 172 576 202 0.004571 9
690 168 697 181 0.004558 9
1005 136 1014 171 0.004167 9
167 64 175 76 0.003788 9
570 161 580 179 0.003767 9
510 169 548 198 0.003762 9
215 183 226 195 0.003707 9
1055 375 1065 391 0.003457 9
574 180 582 201 0.003151 9
257 144 266 160 0.003151 9
801 143 811 157 0.003118 9
1135 165 1146 185 0.003004 9
160 64 177 91 0.002921 9
816 150 859 180 0.002891 9
545 168 552 182 0.002754 9
1185 382 1219 419 0.002308 9
663 294 672 318 0.002245 9
158 203 171 230 0.002153 9
951 346 960 363 0.002148 9
652 153 667 174 0.002101 9
1055 152 1064 164 0.002098 9
241 164 247 179 0.001981 9
1161 376 1166 382 0.001848 9
1216 186 1224 205 0.001776 9
1022 159 1029 168 0.001707 9
809 166 819 179 0.001650 9
1204 407 1215 417 0.001645 9
831 151 840 163 0.001590 9
111 151 128 163 0.001586 9
1048 158 1056 168 0.001513 9
843 166 871 206 0.001473 9
480 149 532 211 0.001357 9
665 170 671 185 0.001331 9
312 82 371 197 0.001326 9
704 166 711 178 0.001287 9
994 140 1001 167 0.001286 9
1120 64 1152 77 0.001276 9
1214 369 1223 385 0.001255 9
701 118 716 129 0.001254 9
94 151 105 176 0.001216 9
1151 104 1169 134 0.001207 9
543 597 552 623 0.001194 9
484 173 496 187 0.001145 9
862 112 869 118 0.001101 9
596 147 608 167 0.001081 9
68 169 80 177 0.001079 9
1114 164 1141 185 0.001070 9
664 328 677 349 0.001047 9
852 117 866 136 0.001026 9
871 121 879 131 0.001005 9
595 64 624 93 0.000996 9
1025 151 1040 159 0.000986 9
211 167 217 176 0.000973 9
1005 677 1024 703 0.000936 9
623 263 640 283 0.000930 9
839 119 851 135 0.000913 9
903 567 912 586 0.000903 9
571 137 581 163 0.000893 9
996 130 1009 173 0.000883 9
1215 585 1224 627 0.000845 9
498 171 513 187 0.000841 9
342 166 353 198 0.000839 9
830 135 860 162 0.000819 9
991 282 1001 304 0.000818 9
586 118 598 134 0.000806 9
1101 138 1110 159 0.000802 9
698 143 704 152 0.000789 9
863 658 873 675 0.000787 9
805 184 814 197 0.000779 9
580 64 597 92 0.000775 9
1255 632 1265 645 0.000766 9
855 283 863 294 0.000759 9
1097 128 1104 139 0.000733 9
1100 121 1138 168 0.000731 9
847 136 939 175 0.000729 9
650 162 657 175 0.000723 9
1198 136 1205 184 0.000696 9
808 375 814 392 0.000663 9
1126 162 1136 174 0.000660 9
1207 166 1230 222 0.000637 9
1001 173 1009 186 0.000628 9
692 120 705 153 0.000615 9
847 119 856 135 0.000614 9
903 635 912 664 0.000613 9
1070 149 1100 220 0.000607 9
479 335 496 356 0.000597 9
671 316 681 334 0.000587 9
352 162 366 192 0.000573 9
1050 120 1058 136 0.000569 9
1019 153 1048 168 0.000568 9
904 123 912 137 0.000567 9
784 113 834 158 0.000566 9
248 176 257 191 0.000557 9
314 89 333 157 0.000541 9
664 168 682 207 0.000539 9
171 146 179 165 0.000537 9
680 137 690 156 0.000523 9
952 173 959 185 0.000507 9
697 146 710 176 0.000506 9
630 167 638 189 0.000503 9
992 667 1000 681 0.000498 9
637 160 644 168 0.000485 9
1045 645 1057 681 0.000484 9
1073 150 1080 162 0.000481 9
594 166 610 185 0.000479 9
1021 126 1040 161 0.000478 9
1150 149 1199 185 0.000474 9
799 556 808 615 0.000473 9
854 632 880 682 0.000471 9
265 216 275 231 0.000456 9
894 118 905 137 0.000441 9
502 577 512 600 0.000441 9
975 174 984 185 0.000438 9
255 114 263 128 0.000437 9
1212 152 1223 163 0.000434 9
855 634 864 657 0.000421 9
1117 142 1137 159 0.000416 9
259 165 271 179 0.000415 9
1171 149 1184 163 0.000415 9
903 535 912 553 0.000414 9
415 175 421 202 0.000407 9
384 149 395 161 0.000407 9
1029 686 1040 703 0.000403 9
1148 345 1186 396 0.000397 9
574 273 606 342 0.000374 9
959 161 991 187 0.000368 9
1107 156 1118 168 0.000362 9
965 359 977 374 0.000352 9
940 151 959 168 0.000346 9
880 118 899 137 0.000346 9
1164 375 1181 392 0.000344 9
95 183 101 201 0.000343 9
935 670 944 688 0.000339 9
1090 233 1104 269 0.000338 9
700 119 720 157 0.000336 9
984 667 993 699 0.000334 9
861 167 913 205 0.000332 9
1017 177 1024 185 0.000324 9
579 300 593 317 0.000321 9
1081 172 1091 183 0.000315 9
208 66 252 87 0.000314 9
895 565 903 585 0.000314 9
1223 163 1268 194 0.000311 9
928 73 944 119 0.000307 9
936 586 943 599 0.000301 9
999 126 1007 143 0.000297 9
1167 614 1184 647 0.000296 9
763 68 785 139 0.000293 9
984 136 994 158 0.000287 9
223 167 232 176 0.000280 9
909 151 962 185 0.000280 9
1101 163 1210 209 0.000268 9
711 165 718 178 0.000262 9
595 126 603 141 0.000260 9
960 174 969 185 0.000258 9
764 134 810 153 0.000256 9
825 678 831 686 0.000250 9
644 168 657 191 0.000250 9
559 596 568 622 0.000248 9
974 189 981 200 0.000248 9
715 335 756 379 0.000247 9
899 136 938 152 0.000245 9
970 122 982 136 0.000243 9
248 163 257 175 0.000239 9
434 171 446 183 0.000238 9
750 363 759 376 0.000238 9
1052 116 1117 184 0.000233 9
919 562 928 578 0.000226 9
1043 339 1055 359 0.000222 9
664 120 671 144 0.000222 9
69 177 79 199 0.000222 9
214 161 226 176 0.000220 9
0 142 9 204 0.000210 9
801 153 812 206 0.000210 9
938 132 959 151 0.000207 9
661 313 689 364 0.000205 9
575 520 585 528 0.000204 9
591 528 601 534 0.000203 9
831 371 848 392 0.000202 9
292 176 309 198 0.000200 9
698 174 711 187 0.000198 9
1055 675 1062 690 0.000192 9
1041 169 1059 184 0.000190 9
1231 576 1239 587 0.000186 9
1044 674 1094 703 0.000173 9
895 648 904 673 0.000171 9
1202 186 1214 202 0.000170 9
258 178 271 200 0.000170 9
256 85 262 97 0.000167 9
240 100 247 115 0.000167 9
822 117 835 134 0.000166 9
591 526 613 561 0.000165 9
740 361 753 375 0.000164 9
221 177 247 194 0.000163 9
404 181 418 205 0.000163 9
1085 122 1102 160 0.000159 9
486 149 523 164 0.000154 9
927 585 937 600 0.000152 9
446 156 497 218 0.000151 9
560 147 568 162 0.000151 9
1189 356 1211 385 0.000151 9
985 558 1000 583 0.000151 9
1040 130 1064 161 0.000150 9
1038 597 1048 624 0.000150 9
680 280 704 346 0.000149 9
1003 160 1065 216 0.000149 9
57 126 64 144 0.000146 9
576 74 584 104 0.000145 9
1151 606 1160 632 0.000145 9
161 374 176 392 0.000144 9
361 149 369 164 0.000143 9
543 160 572 174 0.000143 9
952 648 960 657 0.000141 9
872 687 881 703 0.000137 9
1005 173 1016 185 0.000137 9
416 171 440 203 0.000132 9
912 168 920 178 0.000131 9
683 118 718 208 0.000130 9
1015 183 1029 205 0.000129 9
599 334 610 362 0.000128 9
1161 98 1200 136 0.000128 9
1078 581 1089 612 0.000127 9
669 152 677 168 0.000122 9
887 562 896 589 0.000120 9
624 64 636 73 0.000120 9
374 150 383 167 0.000119 9
1017 170 1034 187 0.000118 9
458 180 481 201 0.000117 9
48 184 64 207 0.000116 9
527 558 537 585 0.000115 9
961 133 995 164 0.000114 9
1154 184 1189 208 0.000113 9
821 81 860 136 0.000113 9
1116 174 1145 212 0.000111 9
578 125 601 168 0.000111 9
807 590 814 602 0.000110 9
461 137 473 171 0.000109 9
1072 135 1089 166 0.000109 9
573 520 587 555 0.000108 9
100 177 109 201 0.000107 9
95 198 102 208 0.000107 9
111 203 121 228 0.000107 9
596 288 608 328 0.000103 9
873 559 880 568 0.000103 9
1015 643 1057 697 0.000103 9
1103 535 1119 583 0.000103 9
567 535 575 553 0.000102 9
895 85 904 109 0.000102 9
1039 671 1048 681 0.000101 9
638 137 659 168 0.000100 9
313 151 341 194 0.016531 11
1050 111 1083 146 0.012966 11
1182 193 1197 216 0.008994 11
