742 199 785 299 0.825931 0
522 185 551 263 0.802849 0
966 189 996 256 0.699164 0
789 194 825 273 0.674051 0
1045 188 1073 256 0.560478 0
1210 192 1229 220 0.138577 0
228 201 244 246 0.101115 0
510 189 529 249 0.058661 0
1071 483 1080 500 0.045449 0
926 203 945 252 0.043123 0
789 328 810 344 0.040580 0
1015 204 1025 223 0.039665 0
780 197 797 259 0.034077 0
613 152 625 168 0.032089 0
756 190 770 216 0.030079 0
863 437 876 455 0.029703 0
716 212 727 235 0.028751 0
606 150 630 192 0.026738 0
632 202 643 215 0.024808 0
741 212 753 251 0.023687 0
1112 194 1119 202 0.020959 0
968 198 983 220 0.018288 0
934 204 944 215 0.018050 0
751 191 758 207 0.017518 0
1198 198 1211 221 0.017333 0
847 200 856 225 0.016301 0
510 191 521 212 0.016084 0
691 207 705 238 0.015568 0
1190 191 1232 267 0.014749 0
212 186 225 229 0.014709 0
769 199 785 252 0.014674 0
991 455 998 463 0.013650 0
1146 309 1168 344 0.012932 0
1271 199 1279 235 0.011945 0
1119 312 1129 329 0.010336 0
832 470 840 483 0.009579 0
1103 312 1113 327 0.009339 0
1186 214 1206 250 0.009337 0
793 198 804 230 0.008858 0
742 191 759 225 0.007581 0
1007 473 1016 492 0.007527 0
623 149 632 168 0.007383 0
983 450 993 463 0.006750 0
852 425 885 479 0.006413 0
804 184 816 206 0.006307 0
960 439 968 454 0.006109 0
1087 187 1095 209 0.005929 0
896 200 904 226 0.005683 0
1039 198 1052 226 0.005574 0
926 448 935 456 0.005369 0
736 325 744 339 0.005334 0
638 160 645 184 0.005233 0
727 325 737 345 0.005063 0
774 313 785 342 0.004983 0
1177 496 1184 509 0.004833 0
1031 491 1039 503 0.004369 0
1191 496 1200 504 0.004324 0
521 182 534 201 0.004267 0
710 317 720 344 0.004111 0
975 183 991 204 0.003929 0
1174 209 1185 245 0.003859 0
1176 344 1188 359 0.003702 0
1207 504 1217 513 0.003696 0
1072 462 1079 470 0.003600 0
846 212 867 242 0.003523 0
750 454 767 472 0.003481 0
912 455 928 484 0.003444 0
1044 482 1056 493 0.003431 0
423 491 481 519 0.003362 0
1244 199 1256 232 0.003331 0
866 208 873 231 0.003252 0
880 199 903 241 0.003163 0
853 463 866 476 0.003071 0
1199 502 1209 512 0.003053 0
1136 447 1143 456 0.002864 0
1231 459 1249 510 0.002734 0
1152 439 1159 448 0.002734 0
920 220 930 246 0.002667 0
814 329 845 344 0.002665 0
738 201 744 213 0.002656 0
1015 457 1025 466 0.002521 0
704 323 718 376 0.002498 0
442 492 463 507 0.002461 0
719 322 739 379 0.002428 0
719 325 728 342 0.002261 0
641 689 672 703 0.002225 0
718 192 729 219 0.002207 0
1129 503 1136 509 0.002197 0
999 384 1023 400 0.002160 0
536 190 550 217 0.002155 0
698 329 703 337 0.002149 0
1096 176 1104 206 0.002017 0
1077 333 1092 359 0.001980 0
1040 455 1048 464 0.001975 0
558 178 579 216 0.001973 0
671 460 684 488 0.001972 0
631 164 639 190 0.001963 0
241 197 251 217 0.001948 0
1015 442 1025 460 0.001882 0
837 466 848 477 0.001847 0
319 203 331 230 0.001834 0
959 455 969 464 0.001811 0
934 437 944 450 0.001799 0
693 177 703 199 0.001766 0
200 208 208 225 0.001762 0
913 448 930 456 0.001758 0
670 207 678 229 0.001755 0
1182 344 1194 380 0.001737 0
1203 496 1216 505 0.001712 0
1145 327 1155 343 0.001709 0
813 209 822 229 0.001694 0
1112 326 1142 344 0.001622 0
764 313 776 339 0.001587 0
665 315 688 391 0.001580 0
1023 456 1031 464 0.001577 0
477 196 486 216 0.001503 0
1248 345 1258 355 0.001473 0
1182 164 1202 202 0.001461 0
862 466 873 478 0.001447 0
1009 431 1015 439 0.001443 0
895 472 913 487 0.001436 0
1098 329 1104 344 0.001423 0
1143 504 1151 510 0.001370 0
1030 453 1040 465 0.001369 0
885 472 897 486 0.001366 0
1033 464 1040 470 0.001337 0
799 439 807 449 0.001329 0
874 326 881 342 0.001302 0
1180 212 1194 226 0.001292 0
984 482 992 487 0.001267 0
633 159 657 201 0.001266 0
649 407 657 424 0.001227 0
1169 409 1177 423 0.001226 0
876 155 892 174 0.001222 0
1023 445 1034 457 0.001194 0
464 200 479 271 0.001179 0
1247 358 1264 377 0.001159 0
682 197 692 215 0.001096 0
1251 199 1264 224 0.001073 0
751 244 768 340 0.001026 0
755 312 769 337 0.001020 0
1120 393 1128 409 0.001014 0
1200 472 1216 485 0.001011 0
1245 461 1264 501 0.001003 0
1150 450 1160 466 0.000983 0
804 316 820 343 0.000982 0
1252 496 1280 516 0.000980 0
704 439 721 463 0.000979 0
664 327 679 349 0.000975 0
960 366 986 408 0.000968 0
1043 279 1059 295 0.000967 0
1167 327 1174 336 0.000964 0
703 327 713 342 0.000946 0
608 447 624 465 0.000936 0
1008 448 1015 460 0.000929 0
752 429 769 449 0.000920 0
783 423 798 447 0.000912 0
471 196 480 216 0.000894 0
784 327 815 390 0.000876 0
465 199 472 216 0.000873 0
895 154 907 176 0.000863 0
801 416 809 427 0.000836 0
1135 486 1152 509 0.000833 0
1110 501 1120 509 0.000826 0
847 693 859 703 0.000825 0
782 193 798 210 0.000824 0
1105 606 1112 614 0.000818 0
895 326 904 343 0.000808 0
1231 459 1243 473 0.000780 0
1071 494 1081 512 0.000777 0
786 415 822 453 0.000755 0
988 449 1012 466 0.000743 0
662 415 671 436 0.000741 0
809 328 847 390 0.000738 0
1127 445 1135 456 0.000721 0
1175 410 1183 423 0.000720 0
768 431 776 447 0.000715 0
814 410 833 450 0.000707 0
1079 429 1087 441 0.000706 0
1216 193 1276 267 0.000692 0
1086 488 1098 501 0.000690 0
1039 322 1055 335 0.000680 0
1215 443 1223 456 0.000674 0
1215 473 1224 482 0.000674 0
1015 479 1025 489 0.000670 0
823 544 833 573 0.000667 0
1001 432 1008 440 0.000661 0
572 180 581 201 0.000649 0
944 203 964 254 0.000643 0
1139 440 1152 457 0.000636 0
678 359 688 375 0.000635 0
606 367 624 438 0.000635 0
766 173 784 198 0.000626 0
1064 463 1071 470 0.000618 0
785 312 802 332 0.000602 0
1171 471 1184 480 0.000601 0
833 485 848 503 0.000599 0
399 485 417 518 0.000595 0
875 434 914 486 0.000593 0
665 178 673 217 0.000591 0
648 158 657 176 0.000590 0
1073 428 1081 441 0.000585 0
738 432 792 459 0.000579 0
1092 312 1116 345 0.000569 0
0 64 59 220 0.000559 0
915 431 944 458 0.000559 0
1007 530 1015 537 0.000557 0
637 366 658 394 0.000556 0
1044 409 1057 436 0.000553 0
720 432 727 440 0.000543 0
804 440 816 451 0.000541 0
1191 459 1199 473 0.000533 0
934 455 942 463 0.000528 0
831 419 845 448 0.000527 0
687 423 696 438 0.000521 0
966 428 975 444 0.000521 0
223 183 231 199 0.000512 0
1112 519 1119 527 0.000504 0
837 639 861 683 0.000504 0
943 364 961 408 0.000497 0
986 196 1005 228 0.000495 0
933 190 949 204 0.000488 0
773 433 784 449 0.000488 0
367 207 376 231 0.000481 0
686 460 696 487 0.000474 0
1116 438 1139 472 0.000474 0
385 198 396 206 0.000473 0
1023 419 1031 440 0.000472 0
631 447 640 460 0.000469 0
767 252 846 345 0.000467 0
894 425 905 458 0.000464 0
1039 417 1048 437 0.000464 0
1210 368 1224 409 0.000455 0
429 223 439 230 0.000454 0
881 440 900 456 0.000452 0
1217 419 1224 432 0.000447 0
1129 64 1152 74 0.000447 0
854 314 863 336 0.000446 0
1216 356 1267 413 0.000425 0
653 195 662 216 0.000423 0
1015 415 1023 425 0.000416 0
1222 466 1233 487 0.000410 0
726 417 736 440 0.000410 0
1166 478 1176 490 0.000408 0
266 196 274 213 0.000407 0
847 424 857 440 0.000406 0
375 186 385 201 0.000404 0
658 345 672 376 0.000396 0
821 463 832 474 0.000391 0
690 458 704 469 0.000389 0
1076 334 1119 377 0.000386 0
863 321 878 343 0.000384 0
384 485 402 515 0.000378 0
1151 438 1168 457 0.000378 0
696 475 704 490 0.000377 0
879 316 886 332 0.000374 0
1084 204 1106 234 0.000374 0
1090 447 1104 471 0.000373 0
688 312 704 344 0.000370 0
421 502 442 516 0.000368 0
736 448 744 457 0.000367 0
1239 448 1248 456 0.000365 0
1222 408 1230 423 0.000359 0
858 225 871 269 0.000354 0
1030 487 1050 521 0.000352 0
958 424 971 447 0.000350 0
932 376 945 391 0.000347 0
1103 393 1124 409 0.000343 0
1185 488 1206 505 0.000337 0
757 329 773 344 0.000335 0
768 431 828 473 0.000331 0
1215 453 1224 469 0.000326 0
415 251 420 271 0.000321 0
356 247 367 272 0.000321 0
1087 459 1094 471 0.000318 0
964 683 976 703 0.000316 0
1230 65 1279 173 0.000311 0
1069 190 1082 207 0.000308 0
887 318 893 327 0.000302 0
331 185 342 199 0.000300 0
905 339 930 393 0.000299 0
895 414 912 436 0.000297 0
320 573 333 600 0.000297 0
592 407 608 433 0.000291 0
332 586 349 610 0.000290 0
1033 417 1041 439 0.000290 0
1073 434 1087 453 0.000284 0
343 178 353 199 0.000281 0
1071 338 1081 358 0.000279 0
913 381 928 407 0.000278 0
681 172 702 215 0.000278 0
1111 185 1131 205 0.000278 0
1133 431 1144 440 0.000276 0
948 424 961 456 0.000271 0
1183 444 1190 456 0.000271 0
1152 482 1180 507 0.000270 0
674 423 692 436 0.000267 0
894 268 911 310 0.000264 0
813 447 828 459 0.000261 0
988 438 1000 451 0.000261 0
1206 246 1237 268 0.000258 0
878 412 887 445 0.000252 0
250 563 291 652 0.000252 0
1095 498 1104 510 0.000250 0
688 352 694 360 0.000244 0
882 318 895 342 0.000239 0
927 383 937 404 0.000236 0
720 438 736 457 0.000235 0
1176 424 1184 441 0.000233 0
175 186 184 205 0.000230 0
13 64 281 210 0.000230 0
1183 591 1192 607 0.000230 0
242 238 257 300 0.000229 0
303 561 348 685 0.000227 0
919 320 928 344 0.000224 0
205 310 224 328 0.000224 0
551 464 575 499 0.000222 0
1169 457 1184 475 0.000219 0
665 203 697 233 0.000217 0
719 372 727 384 0.000216 0
1161 431 1168 440 0.000212 0
366 183 608 390 0.000207 0
1186 686 1219 703 0.000204 0
943 423 953 433 0.000201 0
1221 444 1232 456 0.000201 0
1247 413 1256 428 0.000201 0
999 182 1009 203 0.000201 0
519 396 528 409 0.000201 0
832 689 842 703 0.000201 0
1189 604 1217 689 0.000200 0
1270 408 1279 424 0.000199 0
1015 321 1025 345 0.000198 0
932 390 945 408 0.000196 0
816 567 824 581 0.000195 0
1145 410 1153 425 0.000193 0
1015 524 1023 535 0.000188 0
457 202 466 215 0.000185 0
1076 401 1090 420 0.000184 0
739 385 753 403 0.000183 0
648 478 655 487 0.000181 0
914 422 928 439 0.000178 0
752 414 763 425 0.000177 0
819 693 834 703 0.000176 0
1248 350 1279 499 0.000175 0
591 392 604 408 0.000172 0
1143 387 1177 408 0.000170 0
1051 417 1091 471 0.000168 0
670 381 688 414 0.000165 0
294 194 320 286 0.000165 0
1122 431 1136 440 0.000164 0
1148 329 1201 359 0.000164 0
907 179 956 219 0.000162 0
576 363 592 392 0.000160 0
476 182 625 255 0.000159 0
837 193 896 281 0.000159 0
957 697 971 703 0.000157 0
756 340 788 359 0.000157 0
1078 169 1099 204 0.000156 0
956 410 970 424 0.000156 0
783 344 792 358 0.000153 0
732 318 756 344 0.000152 0
907 336 922 344 0.000151 0
195 190 205 218 0.000151 0
942 410 955 424 0.000150 0
1191 441 1200 456 0.000150 0
686 352 702 376 0.000148 0
1092 416 1104 436 0.000148 0
629 403 643 424 0.000148 0
563 427 591 479 0.000147 0
906 271 929 344 0.000145 0
540 412 552 424 0.000144 0
1158 412 1168 424 0.000142 0
1035 323 1084 398 0.000142 0
663 295 673 326 0.000140 0
1097 398 1104 409 0.000140 0
566 367 606 440 0.000138 0
655 492 665 517 0.000138 0
1107 434 1122 462 0.000137 0
992 528 998 536 0.000136 0
255 566 273 600 0.000136 0
1005 412 1024 442 0.000136 0
1032 536 1039 550 0.000135 0
1059 220 1073 295 0.000134 0
1205 455 1218 471 0.000134 0
1055 423 1063 434 0.000133 0
912 343 998 407 0.000133 0
188 460 443 663 0.000131 0
351 189 358 199 0.000129 0
775 400 783 420 0.000128 0
1184 470 1200 483 0.000128 0
1032 273 1059 338 0.000128 0
808 172 817 193 0.000127 0
356 417 387 440 0.000124 0
669 489 686 513 0.000123 0
933 412 943 423 0.000122 0
1226 409 1244 427 0.000120 0
510 317 528 350 0.000119 0
1168 678 1186 703 0.000119 0
787 402 801 424 0.000119 0
998 515 1012 536 0.000116 0
732 356 752 378 0.000116 0
878 327 889 360 0.000115 0
988 677 1018 703 0.000114 0
1103 285 1169 343 0.000114 0
989 64 1065 245 0.000113 0
1072 506 1087 526 0.000113 0
635 377 671 425 0.000112 0
0 179 6 204 0.000111 0
299 65 393 197 0.000111 0
759 378 768 395 0.000109 0
439 209 446 218 0.000108 0
1273 425 1279 441 0.000108 0
800 444 833 474 0.000108 0
891 697 912 703 0.000107 0
1188 237 1280 374 0.000106 0
406 250 416 271 0.000106 0
1199 64 1208 76 0.000104 0
831 554 839 577 0.000104 0
58 64 126 167 0.000103 0
216 243 241 264 0.000103 0
523 478 546 497 0.000103 0
1152 511 1167 521 0.000102 0
544 64 650 211 0.000101 0
1042 434 1056 455 0.000101 0
962 219 1025 271 0.737351 1
1034 220 1075 262 0.627425 1
749 239 784 298 0.221201 1
726 228 750 258 0.152459 1
1020 236 1049 262 0.015749 1
778 242 827 282 0.015705 1
949 273 960 304 0.015059 1
924 272 953 306 0.009561 1
690 205 728 236 0.008340 1
1012 240 1025 267 0.008274 1
1069 213 1090 247 0.007742 1
925 204 948 253 0.007719 1
864 248 893 286 0.006756 1
1183 223 1220 263 0.006687 1
992 209 1009 252 0.006493 1
883 244 929 296 0.005885 1
927 239 941 253 0.004286 1
743 257 760 299 0.003970 1
961 239 978 270 0.003552 1
989 205 1002 223 0.002438 1
916 216 932 252 0.002012 1
16 229 72 259 0.001919 1
555 201 573 216 0.001530 1
1180 163 1203 217 0.001431 1
894 267 911 294 0.001245 1
1069 207 1077 223 0.001167 1
1183 242 1202 255 0.001161 1
955 272 1063 294 0.001010 1
870 197 1010 304 0.000876 1
909 271 927 296 0.000802 1
948 245 961 254 0.000687 1
814 254 834 283 0.000505 1
1044 278 1059 295 0.000487 1
856 227 871 277 0.000384 1
749 229 919 307 0.000370 1
1085 218 1097 232 0.000338 1
960 212 974 251 0.000249 1
209 229 242 263 0.000216 1
867 271 881 298 0.000197 1
816 261 857 306 0.000175 1
112 222 195 258 0.000164 1
26 215 42 249 0.000139 1
680 213 695 234 0.000138 1
58 224 83 241 0.000123 1
662 205 775 281 0.000119 1
922 239 967 271 0.000103 1
0 277 600 641 0.448186 2
631 375 657 395 0.046901 2
821 329 848 344 0.046505 2
1007 199 1031 224 0.032167 2
1104 487 1119 497 0.029875 2
305 187 322 198 0.025464 2
831 477 840 485 0.021119 2
96 393 144 420 0.017197 2
566 428 591 441 0.013250 2
960 480 975 487 0.012047 2
691 198 731 234 0.011780 2
80 393 95 423 0.007550 2
670 384 684 394 0.007189 2
848 472 866 479 0.006649 2
929 447 944 456 0.006320 2
838 469 849 479 0.006132 2
485 200 515 217 0.004945 2
847 439 876 455 0.004763 2
968 455 976 462 0.004398 2
917 473 928 482 0.004327 2
924 455 936 462 0.004266 2
642 688 672 703 0.003869 2
893 476 914 488 0.003758 2
824 504 833 511 0.003723 2
836 494 848 504 0.003638 2
647 456 656 461 0.003583 2
951 480 964 486 0.003565 2
556 176 579 203 0.003504 2
589 192 654 215 0.003302 2
994 206 1009 227 0.003063 2
587 183 622 202 0.002860 2
495 238 528 251 0.002661 2
942 455 956 463 0.002636 2
912 455 925 463 0.002559 2
623 323 661 377 0.002442 2
607 448 624 466 0.002431 2
1263 348 1279 367 0.002405 2
659 456 673 464 0.002345 2
299 560 356 680 0.002279 2
662 375 672 386 0.002170 2
1114 220 1134 235 0.002120 2
599 318 608 329 0.002076 2
911 449 926 456 0.002060 2
818 218 852 241 0.002057 2
670 454 683 464 0.002035 2
322 376 595 485 0.002003 2
1023 208 1040 230 0.001937 2
901 456 913 462 0.001763 2
319 209 331 231 0.001743 2
1261 464 1279 500 0.001730 2
1113 217 1189 247 0.001633 2
595 422 608 434 0.001611 2
392 482 498 528 0.001608 2
632 202 652 217 0.001565 2
1101 226 1120 247 0.001533 2
1095 494 1105 504 0.001499 2
1199 472 1215 482 0.001453 2
1182 217 1274 267 0.001436 2
1074 327 1088 336 0.001431 2
1186 328 1200 339 0.001374 2
925 203 965 254 0.001355 2
1104 169 1120 203 0.001324 2
601 361 623 376 0.001261 2
987 482 1000 487 0.001259 2
293 179 312 198 0.001253 2
1037 322 1056 334 0.001233 2
1016 337 1024 344 0.001090 2
688 375 695 384 0.001085 2
1262 250 1279 270 0.001055 2
1119 502 1130 509 0.001053 2
1260 168 1279 181 0.001034 2
1120 64 1152 77 0.000912 2
1023 319 1042 331 0.000890 2
685 452 703 468 0.000890 2
1258 202 1278 233 0.000856 2
598 462 608 472 0.000832 2
564 423 608 462 0.000830 2
870 197 931 233 0.000794 2
676 360 688 391 0.000781 2
804 182 852 221 0.000718 2
1027 312 1086 335 0.000704 2
1116 327 1146 344 0.000682 2
273 184 294 194 0.000653 2
649 443 702 465 0.000652 2
741 437 768 456 0.000633 2
799 494 809 503 0.000629 2
591 448 608 457 0.000621 2
997 455 1008 465 0.000618 2
703 439 722 466 0.000578 2
716 247 769 339 0.000576 2
631 451 640 463 0.000549 2
645 379 686 400 0.000546 2
636 427 654 439 0.000533 2
1167 267 1205 282 0.000527 2
890 439 945 456 0.000525 2
456 204 465 216 0.000497 2
1072 323 1126 345 0.000488 2
3 281 79 295 0.000482 2
958 456 969 469 0.000478 2
357 219 368 230 0.000462 2
1068 211 1130 247 0.000462 2
663 462 672 471 0.000461 2
863 335 876 343 0.000456 2
504 327 512 335 0.000454 2
0 281 265 435 0.000445 2
1071 333 1088 346 0.000438 2
1050 455 1069 466 0.000435 2
1204 254 1223 266 0.000430 2
627 403 664 429 0.000425 2
704 454 755 471 0.000421 2
1099 208 1129 223 0.000408 2
670 430 681 440 0.000398 2
975 455 985 463 0.000398 2
1263 364 1279 376 0.000392 2
951 459 961 471 0.000382 2
587 171 603 185 0.000378 2
648 425 690 440 0.000374 2
48 406 86 423 0.000369 2
972 277 1043 295 0.000367 2
606 414 624 438 0.000342 2
585 453 608 481 0.000338 2
717 326 769 363 0.000337 2
385 198 398 206 0.000337 2
0 251 65 283 0.000333 2
1181 161 1210 223 0.000333 2
819 469 831 477 0.000327 2
661 183 692 221 0.000321 2
506 411 593 482 0.000311 2
1119 598 1127 606 0.000311 2
1235 345 1253 354 0.000308 2
380 428 400 439 0.000301 2
614 376 700 438 0.000295 2
597 167 623 187 0.000292 2
750 343 786 361 0.000289 2
914 179 951 203 0.000283 2
996 479 1010 488 0.000281 2
255 555 320 593 0.000279 2
1166 263 1196 271 0.000277 2
475 555 546 632 0.000274 2
518 170 554 197 0.000270 2
1214 249 1279 284 0.000268 2
871 497 880 503 0.000267 2
638 440 656 462 0.000262 2
1016 439 1041 456 0.000261 2
324 190 339 199 0.000259 2
1167 329 1200 358 0.000257 2
1022 333 1033 343 0.000256 2
326 199 387 231 0.000252 2
1075 194 1092 210 0.000248 2
469 179 499 218 0.000244 2
114 236 189 265 0.000234 2
591 364 619 408 0.000233 2
447 150 522 171 0.000231 2
1151 470 1184 484 0.000220 2
824 451 886 478 0.000218 2
816 180 1198 298 0.000218 2
242 422 320 445 0.000213 2
253 197 272 211 0.000199 2
623 359 635 377 0.000199 2
193 473 216 488 0.000194 2
1103 494 1120 510 0.000188 2
1076 335 1120 369 0.000187 2
488 349 531 407 0.000179 2
0 300 68 349 0.000179 2
1121 247 1220 282 0.000176 2
1007 303 1023 311 0.000175 2
662 273 688 283 0.000175 2
320 570 350 612 0.000173 2
831 416 847 429 0.000171 2
1258 278 1279 295 0.000170 2
535 405 558 422 0.000168 2
305 186 332 224 0.000166 2
503 317 528 350 0.000166 2
320 385 386 433 0.000165 2
1184 350 1268 399 0.000162 2
333 423 385 455 0.000161 2
623 423 638 439 0.000157 2
519 459 591 532 0.000154 2
515 391 528 408 0.000152 2
1071 414 1091 425 0.000150 2
826 281 850 300 0.000149 2
1168 327 1186 339 0.000149 2
267 196 279 215 0.000147 2
955 339 994 382 0.000146 2
522 481 543 505 0.000146 2
957 438 993 458 0.000142 2
1179 275 1279 292 0.000141 2
971 480 993 487 0.000141 2
1003 324 1042 362 0.000140 2
1213 335 1225 348 0.000137 2
749 269 979 342 0.000135 2
1224 182 1269 216 0.000127 2
631 468 640 478 0.000124 2
1244 316 1279 401 0.000122 2
852 496 863 503 0.000122 2
631 455 667 473 0.000119 2
990 433 1002 440 0.000116 2
0 408 48 424 0.000112 2
994 422 1014 436 0.000111 2
1154 164 1201 184 0.000107 2
948 286 1008 326 0.000105 2
1027 321 1079 393 0.000104 2
1254 631 1264 644 0.000101 2
1180 164 1279 268 0.006573 5
444 168 516 217 0.006419 5
1006 183 1053 223 0.001023 5
706 198 1276 361 0.000694 5
1224 180 1279 203 0.000441 5
446 154 519 170 0.000292 5
821 135 938 163 0.000254 5
1202 281 1280 316 0.000208 5
952 277 1037 311 0.000107 5
0 279 602 667 0.160955 6
651 259 1279 501 0.066091 6
1180 163 1279 269 0.008985 6
444 165 518 217 0.005012 6
726 447 1276 506 0.002572 6
753 438 884 479 0.002298 6
1135 276 1279 351 0.001489 6
1122 410 1279 482 0.001222 6
834 449 945 487 0.000790 6
876 160 1279 335 0.000679 6
830 135 938 167 0.000456 6
609 414 702 466 0.000442 6
1228 440 1279 493 0.000385 6
1172 343 1277 419 0.000343 6
11 167 502 360 0.000288 6
709 307 850 380 0.000285 6
1 280 227 339 0.000256 6
589 150 636 194 0.000254 6
410 142 890 231 0.000194 6
973 297 1164 349 0.000167 6
828 408 1035 465 0.000158 6
707 409 832 467 0.000149 6
72 283 348 434 0.000143 6
865 176 959 244 0.274832 7
717 152 859 235 0.067925 7
1113 172 1199 247 0.017659 7
544 170 580 204 0.016139 7
1181 177 1279 269 0.014457 7
1005 195 1048 225 0.007111 7
587 183 621 214 0.006504 7
803 178 855 222 0.005272 7
1042 270 1277 350 0.003011 7
691 197 728 235 0.002052 7
1106 172 1120 202 0.001915 7
713 299 768 335 0.001875 7
477 169 518 215 0.001531 7
727 215 802 260 0.000888 7
831 439 889 479 0.000539 7
634 438 705 464 0.000443 7
1098 164 1147 216 0.000421 7
1250 181 1279 238 0.000387 7
459 142 580 207 0.000382 7
798 453 831 474 0.000381 7
907 279 1059 396 0.000329 7
660 280 767 372 0.000321 7
460 152 520 170 0.000284 7
847 176 869 235 0.000260 7
519 184 573 237 0.000248 7
1150 184 1182 217 0.000247 7
1070 455 1089 472 0.000225 7
816 175 1116 288 0.000219 7
1167 307 1235 349 0.000179 7
590 274 691 380 0.000175 7
985 431 1041 463 0.000171 7
1206 291 1279 419 0.000137 7
918 151 992 185 0.000103 7
1038 211 1109 307 0.000102 7
1088 150 1103 178 0.627592 9
966 372 979 392 0.140440 9
990 680 1000 703 0.118826 9
512 151 524 178 0.076949 9
847 638 856 676 0.052425 9
1044 646 1056 680 0.043872 9
1207 169 1215 185 0.028334 9
449 157 490 171 0.023010 9
866 151 881 176 0.020237 9
313 150 341 190 0.019530 9
895 653 905 688 0.018901 9
373 167 382 184 0.016862 9
862 166 870 184 0.016103 9
239 178 246 190 0.015132 9
365 167 374 188 0.015041 9
855 648 864 669 0.014747 9
1214 167 1223 184 0.014563 9
1199 405 1205 415 0.012318 9
894 152 907 176 0.012200 9
1196 385 1206 401 0.010590 9
982 374 990 391 0.010107 9
863 652 873 684 0.009234 9
1104 169 1120 203 0.009014 9
1013 137 1024 168 0.008962 9
878 154 891 170 0.008962 9
972 356 992 391 0.008472 9
991 343 1008 388 0.007797 9
950 347 961 391 0.007598 9
558 184 567 196 0.006872 9
959 374 967 391 0.006426 9
878 647 891 685 0.005804 9
680 167 687 184 0.005725 9
821 335 848 392 0.005676 9
224 183 231 194 0.004892 9
842 151 859 166 0.004849 9
1000 385 1010 399 0.004766 9
934 343 954 370 0.004694 9
1000 647 1017 687 0.004552 9
1247 358 1264 381 0.004379 9
553 171 576 202 0.003853 9
119 64 159 76 0.003691 9
696 176 705 199 0.003620 9
257 180 262 190 0.003613 9
1007 340 1024 399 0.003334 9
935 670 945 688 0.003251 9
1063 646 1072 670 0.003240 9
919 686 928 703 0.003068 9
545 167 554 199 0.003056 9
895 631 905 648 0.002959 9
665 180 671 198 0.002944 9
111 150 128 164 0.002921 9
1232 166 1247 181 0.002794 9
1013 389 1023 401 0.002787 9
895 438 902 455 0.002786 9
979 689 987 703 0.002756 9
167 64 175 76 0.002689 9
799 360 809 381 0.002610 9
967 646 976 675 0.002393 9
824 672 832 688 0.002263 9
1146 324 1169 360 0.002255 9
690 168 698 180 0.002254 9
1183 346 1193 378 0.002134 9
569 161 580 178 0.002069 9
840 119 854 135 0.002054 9
1177 382 1184 391 0.001944 9
1048 155 1056 168 0.001901 9
215 183 224 197 0.001884 9
172 64 201 90 0.001878 9
849 119 865 136 0.001860 9
1111 360 1119 372 0.001847 9
904 337 924 373 0.001811 9
1152 165 1171 184 0.001806 9
596 133 603 143 0.001796 9
698 127 705 152 0.001775 9
810 152 859 181 0.001768 9
928 152 937 169 0.001740 9
1191 384 1221 416 0.001727 9
1039 674 1056 703 0.001709 9
832 691 841 703 0.001661 9
991 623 997 630 0.001600 9
918 341 1018 396 0.001575 9
1032 376 1039 391 0.001554 9
801 143 811 155 0.001516 9
983 666 994 680 0.001430 9
960 340 968 352 0.001405 9
1217 408 1224 425 0.001296 9
1203 407 1216 415 0.001270 9
751 362 759 375 0.001267 9
1119 335 1136 390 0.001248 9
848 182 858 207 0.001222 9
586 118 599 134 0.001161 9
1081 174 1089 183 0.001146 9
983 633 993 653 0.001140 9
831 374 847 392 0.001111 9
1213 368 1223 386 0.001107 9
813 143 824 154 0.001073 9
1055 674 1062 691 0.001070 9
1071 336 1088 403 0.001056 9
1189 163 1202 186 0.001053 9
846 166 871 220 0.001039 9
784 329 816 393 0.000992 9
1108 155 1118 168 0.000972 9
257 144 266 160 0.000896 9
1058 665 1073 703 0.000873 9
1039 696 1050 703 0.000844 9
808 642 816 656 0.000840 9
836 648 851 681 0.000837 9
919 583 928 603 0.000833 9
1183 388 1191 401 0.000833 9
992 146 1001 166 0.000832 9
816 344 827 362 0.000820 9
872 689 879 696 0.000817 9
241 165 247 178 0.000797 9
664 152 671 173 0.000794 9
1014 338 1024 358 0.000786 9
668 316 681 342 0.000780 9
835 681 849 703 0.000738 9
895 327 903 343 0.000731 9
160 64 178 92 0.000724 9
1198 357 1209 379 0.000709 9
265 215 276 231 0.000708 9
1038 323 1074 392 0.000689 9
1119 375 1136 386 0.000687 9
623 263 640 283 0.000667 9
986 635 1005 674 0.000666 9
1074 686 1093 703 0.000660 9
870 635 882 684 0.000647 9
312 89 368 195 0.000635 9
1182 353 1211 396 0.000622 9
1146 337 1186 399 0.000615 9
740 356 753 375 0.000610 9
935 576 944 599 0.000610 9
68 169 81 178 0.000602 9
352 159 363 192 0.000599 9
1102 359 1120 392 0.000599 9
697 151 708 180 0.000597 9
94 168 106 176 0.000596 9
997 133 1009 175 0.000593 9
587 167 595 184 0.000590 9
320 91 332 155 0.000588 9
1168 381 1180 391 0.000585 9
952 647 960 657 0.000579 9
580 64 596 90 0.000564 9
684 118 707 171 0.000517 9
1000 634 1008 655 0.000502 9
1039 602 1047 625 0.000500 9
905 127 912 137 0.000494 9
840 626 909 689 0.000489 9
943 373 952 392 0.000481 9
1127 165 1146 185 0.000465 9
1050 391 1066 420 0.000461 9
830 135 861 157 0.000452 9
973 648 985 677 0.000448 9
814 150 827 161 0.000448 9
384 149 394 161 0.000446 9
953 646 969 678 0.000443 9
932 374 945 390 0.000435 9
1100 138 1110 159 0.000426 9
1247 73 1264 95 0.000424 9
1019 157 1029 168 0.000423 9
1049 111 1083 146 0.000422 9
803 150 814 161 0.000422 9
1027 358 1039 383 0.000420 9
799 642 808 656 0.000419 9
1039 366 1058 391 0.000416 9
862 137 922 176 0.000397 9
848 302 855 311 0.000395 9
342 165 353 199 0.000394 9
1097 129 1105 139 0.000390 9
713 133 720 154 0.000386 9
808 129 816 152 0.000365 9
1067 647 1096 703 0.000361 9
1039 174 1048 188 0.000357 9
1089 265 1095 270 0.000354 9
1171 149 1184 163 0.000352 9
1119 685 1126 700 0.000352 9
971 639 1060 704 0.000351 9
567 142 580 162 0.000347 9
1182 162 1222 210 0.000342 9
799 131 831 157 0.000341 9
246 177 257 192 0.000335 9
1143 376 1152 387 0.000331 9
1207 165 1243 194 0.000330 9
486 336 496 354 0.000323 9
1247 327 1264 356 0.000322 9
158 205 168 224 0.000317 9
680 146 689 164 0.000316 9
1077 400 1088 410 0.000312 9
1160 377 1171 389 0.000310 9
815 407 833 426 0.000310 9
1055 152 1063 168 0.000306 9
906 65 944 120 0.000302 9
596 149 616 175 0.000302 9
1197 148 1206 185 0.000297 9
595 64 623 93 0.000293 9
960 686 968 698 0.000293 9
593 148 601 164 0.000289 9
221 176 247 192 0.000287 9
861 118 870 136 0.000285 9
872 637 880 649 0.000267 9
510 150 573 190 0.000267 9
856 282 863 295 0.000251 9
663 168 689 215 0.000250 9
1210 152 1224 163 0.000250 9
210 167 217 176 0.000250 9
1130 344 1145 359 0.000247 9
941 672 953 699 0.000246 9
1089 229 1103 271 0.000245 9
650 154 664 175 0.000238 9
961 424 975 440 0.000237 9
735 87 753 122 0.000235 9
624 64 639 73 0.000230 9
544 264 559 280 0.000228 9
975 551 985 578 0.000226 9
1135 604 1155 649 0.000225 9
911 584 923 609 0.000222 9
861 112 869 119 0.000221 9
1013 649 1023 683 0.000216 9
1076 648 1088 671 0.000213 9
999 333 1009 344 0.000208 9
828 152 846 164 0.000207 9
991 406 1002 421 0.000206 9
478 150 524 202 0.000205 9
255 109 262 128 0.000201 9
909 104 936 120 0.000194 9
575 134 581 145 0.000194 9
753 591 876 699 0.000191 9
945 328 960 345 0.000182 9
1150 100 1169 134 0.000181 9
542 539 559 564 0.000180 9
895 624 905 631 0.000179 9
831 117 838 132 0.000177 9
914 167 928 180 0.000175 9
976 327 991 343 0.000175 9
800 536 806 545 0.000175 9
806 628 816 645 0.000172 9
1006 613 1021 670 0.000171 9
960 119 968 131 0.000169 9
1051 130 1104 193 0.000168 9
357 149 383 189 0.000168 9
846 692 860 703 0.000168 9
932 327 944 348 0.000167 9
653 127 661 145 0.000164 9
820 681 837 703 0.000163 9
1079 344 1120 362 0.000161 9
927 137 937 152 0.000160 9
1029 658 1044 693 0.000159 9
999 126 1007 136 0.000159 9
586 123 606 173 0.000158 9
807 377 815 392 0.000158 9
1179 373 1267 429 0.000157 9
1069 399 1095 425 0.000151 9
926 685 936 698 0.000151 9
1118 157 1195 186 0.000148 9
1007 173 1016 184 0.000145 9
1025 148 1039 164 0.000143 9
256 84 262 97 0.000143 9
983 564 996 577 0.000141 9
309 104 324 159 0.000140 9
879 686 888 698 0.000140 9
415 176 422 203 0.000138 9
1043 617 1060 632 0.000135 9
813 376 831 392 0.000134 9
576 282 595 333 0.000133 9
1006 333 1022 345 0.000132 9
942 659 952 677 0.000132 9
256 159 268 177 0.000131 9
974 119 982 129 0.000128 9
984 618 995 641 0.000126 9
662 273 687 283 0.000126 9
1023 321 1043 364 0.000126 9
1103 127 1111 138 0.000125 9
920 661 929 672 0.000122 9
952 670 963 680 0.000122 9
867 121 879 136 0.000122 9
897 630 921 682 0.000119 9
1150 125 1161 134 0.000118 9
533 405 555 421 0.000118 9
846 271 856 311 0.000117 9
965 676 977 702 0.000116 9
1096 121 1137 170 0.000115 9
1036 395 1049 408 0.000114 9
702 118 716 128 0.000113 9
852 685 864 696 0.000113 9
223 168 231 176 0.000112 9
405 180 418 203 0.000111 9
799 85 807 100 0.000109 9
69 177 79 199 0.000108 9
372 159 408 185 0.000105 9
991 556 1000 570 0.000105 9
943 137 960 151 0.000104 9
95 182 102 200 0.000103 9
879 343 887 359 0.000100 9
313 151 341 194 0.019144 11
1051 111 1083 146 0.009569 11
1182 192 1198 214 0.006506 11
