740 187 767 273 0.790640 0
1141 194 1164 248 0.627652 0
605 189 627 246 0.601766 0
903 199 955 291 0.548729 0
239 204 254 239 0.433833 0
960 190 987 258 0.349941 0
477 192 498 256 0.338433 0
1066 212 1086 264 0.286903 0
213 185 225 228 0.144249 0
957 365 980 461 0.100672 0
466 197 479 252 0.077054 0
225 183 231 199 0.041497 0
784 197 794 215 0.041327 0
1111 193 1121 208 0.032923 0
998 377 1024 438 0.026855 0
789 330 810 344 0.025867 0
859 424 887 455 0.024638 0
1016 205 1024 223 0.022722 0
1039 205 1050 229 0.021564 0
510 196 517 215 0.020799 0
711 208 728 234 0.020722 0
1145 309 1168 345 0.017622 0
960 199 978 219 0.015730 0
979 351 1002 413 0.015544 0
693 207 703 234 0.015161 0
1103 312 1119 353 0.013747 0
472 197 481 216 0.013723 0
1000 381 1017 399 0.013650 0
1119 312 1133 345 0.013531 0
717 196 729 218 0.012709 0
517 192 523 203 0.012671 0
847 185 857 223 0.010109 0
1214 196 1229 231 0.009909 0
822 329 847 344 0.008135 0
319 204 331 231 0.008075 0
1084 212 1114 261 0.008071 0
640 689 671 703 0.007781 0
1056 191 1080 236 0.007277 0
246 197 256 219 0.007166 0
305 185 323 198 0.007015 0
1144 327 1154 344 0.006714 0
1079 426 1094 454 0.006236 0
965 369 979 391 0.006147 0
925 373 946 446 0.005823 0
935 203 945 218 0.005063 0
600 538 609 569 0.004903 0
670 207 679 229 0.004760 0
893 415 909 456 0.004662 0
977 368 985 390 0.004200 0
1 64 262 218 0.004194 0
912 471 928 483 0.004079 0
464 200 472 216 0.004043 0
1058 524 1279 703 0.003800 0
972 185 987 214 0.003736 0
936 191 948 203 0.003672 0
514 192 527 235 0.003640 0
318 64 494 211 0.003555 0
346 187 353 199 0.003387 0
199 211 208 226 0.003358 0
1056 202 1064 226 0.003182 0
878 202 892 234 0.003180 0
750 460 762 472 0.003137 0
1031 402 1040 431 0.003082 0
892 242 932 345 0.002935 0
814 209 825 232 0.002894 0
618 196 642 228 0.002733 0
1071 438 1078 451 0.002578 0
993 447 1000 461 0.002552 0
649 407 656 423 0.002461 0
1191 212 1206 228 0.002420 0
849 219 866 242 0.002291 0
616 455 624 462 0.002258 0
886 471 897 487 0.002244 0
683 200 692 219 0.002200 0
1168 231 1176 248 0.002159 0
575 424 584 432 0.002124 0
415 251 420 270 0.002118 0
264 196 279 220 0.001939 0
704 422 721 465 0.001933 0
854 463 864 475 0.001843 0
1215 190 1222 206 0.001812 0
1023 380 1029 392 0.001726 0
921 447 929 460 0.001721 0
1039 399 1049 428 0.001572 0
1098 329 1104 345 0.001532 0
1254 214 1264 233 0.001514 0
988 205 999 228 0.001490 0
1014 361 1024 392 0.001488 0
1086 186 1100 217 0.001466 0
1273 198 1279 240 0.001436 0
457 202 466 216 0.001422 0
982 441 992 463 0.001402 0
1239 196 1256 233 0.001399 0
1006 409 1017 439 0.001398 0
1209 169 1218 201 0.001393 0
800 439 817 471 0.001386 0
664 303 681 349 0.001358 0
335 551 344 586 0.001354 0
632 190 651 215 0.001353 0
332 186 342 199 0.001349 0
835 466 848 479 0.001324 0
947 355 961 397 0.001322 0
742 183 760 206 0.001316 0
926 445 935 457 0.001316 0
785 196 803 238 0.001237 0
428 222 439 230 0.001219 0
893 200 905 229 0.001198 0
796 328 813 390 0.001182 0
634 183 642 200 0.001167 0
367 208 374 231 0.001148 0
865 209 875 236 0.001140 0
1028 447 1040 464 0.001137 0
376 186 386 201 0.001133 0
1039 321 1050 335 0.001123 0
897 472 906 483 0.001122 0
158 206 166 225 0.001113 0
0 64 22 211 0.001107 0
319 581 328 608 0.001090 0
41 316 57 345 0.001070 0
758 431 769 448 0.001053 0
560 176 579 216 0.001046 0
437 192 445 204 0.001042 0
767 431 773 443 0.001030 0
975 392 1003 464 0.001021 0
386 198 396 206 0.001019 0
703 311 720 377 0.001000 0
1174 219 1190 246 0.000985 0
436 647 449 689 0.000980 0
851 423 927 485 0.000975 0
441 173 476 234 0.000974 0
1074 331 1094 359 0.000966 0
194 186 205 221 0.000956 0
503 313 513 335 0.000953 0
998 445 1008 464 0.000945 0
1000 431 1008 440 0.000937 0
617 156 624 184 0.000935 0
574 429 593 458 0.000928 0
1015 319 1028 344 0.000920 0
1261 203 1279 268 0.000905 0
406 250 415 271 0.000900 0
527 625 538 647 0.000897 0
1151 332 1178 381 0.000879 0
676 449 688 463 0.000858 0
1181 165 1203 217 0.000839 0
798 421 809 449 0.000787 0
708 459 720 470 0.000775 0
990 401 1001 421 0.000744 0
567 202 575 215 0.000739 0
646 192 655 209 0.000731 0
1056 455 1064 464 0.000730 0
1093 179 1104 202 0.000724 0
1189 379 1200 410 0.000722 0
928 430 944 454 0.000713 0
917 199 932 220 0.000711 0
606 160 616 183 0.000710 0
1043 474 1104 574 0.000704 0
616 424 623 433 0.000700 0
687 422 696 435 0.000674 0
1134 327 1147 344 0.000667 0
280 194 324 364 0.000661 0
803 185 815 216 0.000640 0
383 617 392 634 0.000631 0
719 432 736 461 0.000623 0
661 418 671 436 0.000619 0
925 453 936 463 0.000617 0
554 202 568 216 0.000606 0
528 503 536 520 0.000600 0
911 375 927 408 0.000600 0
719 325 740 360 0.000593 0
255 64 350 194 0.000591 0
623 184 630 200 0.000585 0
1023 408 1034 439 0.000572 0
680 384 688 395 0.000563 0
1088 328 1106 357 0.000562 0
732 584 744 603 0.000561 0
1030 375 1038 386 0.000554 0
737 438 771 467 0.000548 0
800 413 809 424 0.000546 0
532 204 547 221 0.000536 0
926 357 944 393 0.000533 0
809 382 814 392 0.000533 0
749 421 785 454 0.000530 0
1076 190 1093 204 0.000525 0
956 450 976 462 0.000522 0
943 382 955 398 0.000522 0
857 230 870 268 0.000520 0
573 350 609 447 0.000515 0
568 534 576 552 0.000508 0
735 446 744 457 0.000504 0
816 440 824 453 0.000503 0
1128 379 1136 392 0.000495 0
508 221 532 248 0.000494 0
989 218 1008 257 0.000494 0
0 256 31 423 0.000493 0
823 463 831 472 0.000473 0
1075 381 1088 406 0.000452 0
952 343 960 360 0.000449 0
34 311 71 403 0.000435 0
810 183 857 232 0.000431 0
154 191 162 230 0.000408 0
677 351 688 372 0.000399 0
614 360 623 376 0.000399 0
183 191 191 205 0.000394 0
726 417 736 439 0.000387 0
879 408 887 434 0.000386 0
118 64 160 78 0.000384 0
806 274 851 344 0.000383 0
1050 520 1067 549 0.000378 0
671 432 679 440 0.000373 0
0 374 14 403 0.000369 0
174 206 183 216 0.000368 0
832 421 849 442 0.000356 0
870 322 883 343 0.000351 0
1150 103 1167 134 0.000350 0
928 145 940 171 0.000349 0
733 324 744 340 0.000347 0
847 423 857 439 0.000346 0
199 260 208 276 0.000346 0
536 177 552 212 0.000345 0
664 463 672 471 0.000344 0
503 576 514 616 0.000343 0
354 187 371 199 0.000341 0
720 519 728 536 0.000331 0
832 437 841 450 0.000330 0
995 426 1040 464 0.000329 0
1175 349 1200 416 0.000327 0
1061 444 1075 457 0.000327 0
319 253 336 355 0.000324 0
654 199 661 216 0.000323 0
323 232 336 278 0.000322 0
266 211 278 231 0.000319 0
800 314 818 343 0.000318 0
669 290 705 372 0.000316 0
1142 375 1152 385 0.000315 0
1132 308 1142 331 0.000312 0
1031 478 1041 499 0.000311 0
693 181 703 201 0.000307 0
1196 372 1227 424 0.000304 0
909 336 928 390 0.000301 0
0 468 16 596 0.000301 0
597 521 608 549 0.000300 0
911 601 921 616 0.000294 0
832 480 841 486 0.000286 0
557 168 761 250 0.000286 0
959 335 969 351 0.000286 0
680 168 691 215 0.000283 0
0 182 6 203 0.000283 0
879 315 889 337 0.000279 0
1103 347 1112 358 0.000279 0
603 449 623 462 0.000278 0
175 185 184 207 0.000276 0
307 129 364 278 0.000275 0
659 342 672 375 0.000275 0
895 305 906 343 0.000274 0
914 402 929 439 0.000272 0
1026 676 1279 703 0.000272 0
1264 336 1279 373 0.000270 0
1166 361 1180 385 0.000269 0
879 375 886 393 0.000261 0
880 439 903 456 0.000259 0
751 406 766 424 0.000255 0
388 421 399 468 0.000254 0
941 267 973 342 0.000250 0
166 240 191 275 0.000249 0
330 199 354 255 0.000248 0
402 646 416 691 0.000247 0
247 267 256 326 0.000246 0
1028 360 1039 377 0.000244 0
860 259 900 343 0.000238 0
1104 174 1120 205 0.000237 0
987 187 1011 219 0.000233 0
688 352 694 359 0.000232 0
270 227 292 292 0.000224 0
1056 564 1090 596 0.000224 0
876 154 894 173 0.000220 0
438 205 448 219 0.000219 0
1261 138 1279 182 0.000219 0
978 406 995 424 0.000218 0
694 425 703 440 0.000217 0
886 392 897 431 0.000212 0
1055 371 1067 391 0.000209 0
818 406 832 424 0.000205 0
1071 411 1103 436 0.000204 0
905 441 944 486 0.000203 0
1166 100 1186 135 0.000201 0
1182 80 1193 101 0.000201 0
770 312 793 344 0.000200 0
580 398 592 441 0.000199 0
197 240 210 266 0.000196 0
629 356 639 379 0.000194 0
798 409 833 441 0.000191 0
1160 196 1179 222 0.000190 0
1111 361 1117 366 0.000190 0
143 640 161 679 0.000189 0
664 423 690 439 0.000186 0
977 316 992 343 0.000186 0
641 414 668 438 0.000185 0
1030 344 1039 366 0.000183 0
354 207 373 275 0.000183 0
1037 567 1050 590 0.000182 0
910 335 926 347 0.000181 0
824 424 833 434 0.000181 0
749 420 858 475 0.000180 0
63 64 125 158 0.000179 0
166 64 329 98 0.000176 0
1213 64 1233 106 0.000176 0
1018 393 1091 468 0.000175 0
446 647 464 688 0.000175 0
936 314 1015 455 0.000174 0
943 295 954 336 0.000173 0
1263 168 1279 212 0.000170 0
319 408 336 449 0.000168 0
748 455 781 483 0.000168 0
334 64 501 96 0.000166 0
756 326 767 343 0.000166 0
517 392 531 426 0.000165 0
319 64 369 108 0.000165 0
1120 336 1136 360 0.000164 0
665 188 673 216 0.000163 0
687 407 701 424 0.000162 0
1073 349 1111 390 0.000162 0
415 520 425 560 0.000161 0
952 575 959 584 0.000161 0
719 375 725 381 0.000161 0
1096 486 1153 602 0.000161 0
752 324 760 344 0.000160 0
224 375 240 406 0.000160 0
647 480 656 487 0.000160 0
211 109 267 217 0.000158 0
494 181 545 253 0.000158 0
1055 226 1073 296 0.000157 0
776 408 784 421 0.000156 0
576 359 592 392 0.000153 0
632 473 639 478 0.000152 0
712 312 771 465 0.000152 0
853 313 864 337 0.000149 0
1011 341 1024 372 0.000149 0
1119 402 1131 423 0.000148 0
978 194 1105 261 0.000148 0
910 470 933 529 0.000147 0
814 446 879 480 0.000146 0
222 249 241 275 0.000144 0
1048 446 1075 492 0.000144 0
116 377 152 428 0.000142 0
671 397 679 407 0.000142 0
815 430 840 452 0.000141 0
1131 101 1147 135 0.000138 0
1023 318 1050 364 0.000136 0
1119 186 1137 212 0.000135 0
431 196 494 301 0.000134 0
591 408 608 435 0.000133 0
679 407 688 423 0.000133 0
599 351 614 372 0.000131 0
496 410 543 432 0.000130 0
945 328 972 360 0.000129 0
1099 275 1148 346 0.000129 0
687 350 700 372 0.000127 0
102 245 128 298 0.000126 0
31 376 49 401 0.000122 0
808 392 815 418 0.000121 0
112 388 128 414 0.000121 0
628 424 640 437 0.000118 0
975 687 992 703 0.000118 0
822 469 831 477 0.000117 0
831 414 846 426 0.000116 0
776 330 785 344 0.000114 0
1033 331 1075 408 0.000113 0
373 198 387 207 0.000112 0
815 345 837 361 0.000111 0
751 70 786 153 0.000110 0
835 474 848 510 0.000110 0
228 196 294 248 0.000109 0
1051 109 1083 147 0.000109 0
1047 462 1057 489 0.000109 0
1042 330 1057 362 0.000108 0
680 302 689 340 0.000107 0
629 406 640 419 0.000107 0
856 295 953 461 0.000106 0
1120 64 1153 77 0.000104 0
1039 372 1054 399 0.000103 0
1080 477 1104 523 0.000101 0
770 328 845 439 0.000101 0
420 647 435 689 0.000100 0
591 215 641 256 0.845116 1
892 241 979 314 0.655740 1
1054 225 1109 265 0.307037 1
965 220 982 259 0.110116 1
20 227 72 257 0.083447 1
1145 216 1163 249 0.031048 1
889 261 918 290 0.018003 1
1135 225 1151 249 0.017976 1
74 224 100 256 0.016349 1
1018 314 1090 343 0.008841 1
948 231 964 260 0.008433 1
158 231 210 263 0.007719 1
865 247 900 286 0.005469 1
106 236 159 263 0.004938 1
1104 222 1147 253 0.003992 1
0 236 34 258 0.003726 1
1100 228 1110 263 0.003415 1
882 240 1275 354 0.002866 1
209 233 242 264 0.001657 1
640 249 987 335 0.001464 1
979 241 1007 262 0.001416 1
1167 224 1176 248 0.001264 1
1021 274 1060 331 0.000937 1
688 219 702 238 0.000922 1
130 216 147 238 0.000783 1
1138 190 1198 249 0.000733 1
911 265 934 332 0.000718 1
4 254 99 292 0.000717 1
30 215 41 249 0.000699 1
681 203 690 216 0.000667 1
924 285 947 314 0.000595 1
1043 279 1058 296 0.000583 1
823 277 856 311 0.000581 1
1181 165 1213 248 0.000580 1
934 201 980 253 0.000568 1
139 219 172 248 0.000555 1
930 204 1156 270 0.000535 1
52 217 83 242 0.000521 1
674 207 698 232 0.000519 1
930 237 955 278 0.000498 1
848 263 897 342 0.000472 1
1024 229 1071 264 0.000470 1
233 209 252 230 0.000403 1
830 432 889 480 0.000392 1
0 109 117 263 0.000389 1
701 212 730 237 0.000360 1
498 239 528 253 0.000324 1
1193 193 1216 218 0.000304 1
7 223 239 261 0.000301 1
329 235 352 255 0.000287 1
82 217 95 235 0.000287 1
1024 277 1040 296 0.000280 1
626 204 658 239 0.000249 1
516 231 534 247 0.000219 1
1039 255 1072 296 0.000207 1
855 279 864 295 0.000203 1
194 196 259 244 0.000191 1
624 239 640 284 0.000149 1
854 190 951 282 0.000149 1
1177 197 1198 217 0.000116 1
1014 340 1279 703 0.706566 2
1182 687 1279 703 0.150158 2
692 204 729 235 0.059064 2
823 329 847 344 0.040554 2
499 205 516 216 0.031165 2
532 207 546 218 0.027113 2
630 201 648 216 0.026725 2
631 378 658 396 0.026529 2
865 176 947 230 0.024276 2
1005 198 1040 225 0.023385 2
304 185 323 198 0.022831 2
1102 227 1122 249 0.017300 2
319 203 331 231 0.016903 2
432 422 463 442 0.016097 2
529 248 593 280 0.009388 2
207 399 224 417 0.008719 2
495 431 528 448 0.007677 2
159 403 176 422 0.007157 2
483 189 519 216 0.007025 2
111 410 128 426 0.006981 2
641 689 672 703 0.005803 2
930 197 955 210 0.005105 2
670 453 687 463 0.004845 2
1015 336 1024 344 0.004512 2
1029 319 1088 341 0.004285 2
462 428 482 441 0.003383 2
0 254 15 289 0.003369 2
648 456 656 461 0.003209 2
592 448 608 459 0.002911 2
109 400 168 426 0.002909 2
454 203 466 218 0.002858 2
51 254 93 288 0.002572 2
1153 212 1180 248 0.002533 2
1015 551 1077 703 0.002452 2
463 415 525 442 0.002317 2
267 451 319 469 0.002276 2
624 376 633 383 0.002240 2
983 447 993 463 0.002221 2
599 319 607 328 0.002213 2
1121 204 1163 247 0.002160 2
1007 218 1024 229 0.002155 2
356 216 368 228 0.002107 2
104 250 145 264 0.002067 2
655 453 666 462 0.001984 2
47 408 63 422 0.001947 2
1263 249 1279 270 0.001892 2
1263 168 1279 181 0.001776 2
590 209 603 215 0.001696 2
741 439 768 454 0.001671 2
599 463 608 470 0.001663 2
878 199 903 236 0.001550 2
680 198 691 215 0.001530 2
273 184 294 193 0.001526 2
0 278 10 294 0.001455 2
548 203 563 216 0.001453 2
243 413 264 424 0.001453 2
664 456 672 463 0.001408 2
1175 336 1279 405 0.001392 2
335 407 384 441 0.001377 2
662 273 688 283 0.001335 2
1020 267 1279 390 0.001329 2
41 434 80 468 0.001305 2
1074 210 1088 225 0.001217 2
592 423 608 432 0.001195 2
625 322 672 364 0.001154 2
503 328 512 335 0.001151 2
261 196 275 208 0.001143 2
911 520 927 528 0.001112 2
1120 64 1153 77 0.001102 2
526 184 548 204 0.001074 2
294 177 306 195 0.001067 2
368 453 403 471 0.001043 2
902 456 914 464 0.001019 2
577 446 592 458 0.001007 2
849 469 865 478 0.000990 2
64 406 124 424 0.000987 2
686 451 703 466 0.000960 2
191 392 211 411 0.000955 2
0 440 8 447 0.000947 2
997 203 1015 225 0.000920 2
326 191 340 199 0.000918 2
1043 428 1104 570 0.000888 2
607 455 624 464 0.000847 2
802 189 852 240 0.000844 2
45 438 72 447 0.000832 2
775 459 799 473 0.000830 2
34 408 48 422 0.000806 2
930 198 968 240 0.000767 2
328 199 381 232 0.000747 2
995 360 1024 396 0.000705 2
1101 195 1121 209 0.000698 2
1263 277 1279 296 0.000678 2
1056 392 1064 400 0.000667 2
31 262 48 294 0.000656 2
1007 296 1024 311 0.000640 2
581 431 592 440 0.000632 2
335 423 352 441 0.000619 2
175 401 201 419 0.000618 2
66 277 96 288 0.000607 2
1037 196 1055 229 0.000586 2
1173 334 1200 348 0.000583 2
134 416 144 429 0.000580 2
587 183 625 207 0.000562 2
1242 179 1279 236 0.000554 2
0 397 63 423 0.000553 2
1015 318 1044 344 0.000547 2
503 312 529 336 0.000544 2
1096 206 1122 227 0.000538 2
889 473 913 486 0.000536 2
703 451 720 468 0.000531 2
912 454 927 463 0.000524 2
575 428 608 449 0.000493 2
910 471 940 485 0.000491 2
10 281 24 295 0.000489 2
671 463 686 470 0.000452 2
659 375 672 387 0.000439 2
611 460 624 470 0.000438 2
504 232 541 256 0.000419 2
129 236 198 277 0.000419 2
1176 625 1279 703 0.000418 2
445 180 469 218 0.000417 2
0 559 79 599 0.000414 2
730 461 750 471 0.000414 2
871 471 898 487 0.000405 2
20 200 36 206 0.000405 2
537 429 592 440 0.000405 2
0 465 16 509 0.000399 2
988 440 1040 465 0.000396 2
951 480 969 486 0.000395 2
304 409 320 424 0.000393 2
658 443 680 463 0.000385 2
664 196 693 229 0.000376 2
359 408 368 415 0.000373 2
604 361 623 376 0.000360 2
1031 482 1041 500 0.000360 2
320 408 336 416 0.000356 2
630 368 642 383 0.000354 2
1197 295 1280 346 0.000354 2
1152 677 1215 703 0.000348 2
192 445 254 481 0.000347 2
773 231 789 237 0.000346 2
669 384 680 394 0.000343 2
1226 164 1276 182 0.000329 2
1135 330 1188 378 0.000306 2
491 409 522 425 0.000305 2
643 426 690 440 0.000302 2
962 456 976 463 0.000302 2
715 448 768 471 0.000300 2
863 335 879 343 0.000294 2
181 240 242 276 0.000286 2
1039 453 1049 463 0.000277 2
2 190 493 379 0.000274 2
1095 159 1209 225 0.000264 2
639 448 653 460 0.000264 2
399 454 416 466 0.000257 2
814 340 847 361 0.000254 2
639 428 655 445 0.000250 2
1053 377 1074 397 0.000248 2
623 208 676 228 0.000247 2
498 404 591 438 0.000245 2
1009 464 1042 498 0.000244 2
174 392 226 451 0.000241 2
623 227 657 286 0.000229 2
687 376 695 384 0.000216 2
588 372 705 444 0.000215 2
239 490 248 494 0.000213 2
639 268 656 284 0.000206 2
330 407 352 419 0.000205 2
202 407 271 426 0.000204 2
320 437 382 471 0.000197 2
210 482 224 495 0.000192 2
777 470 794 476 0.000185 2
0 508 16 566 0.000172 2
1031 443 1060 505 0.000169 2
455 247 602 331 0.000164 2
990 294 1028 332 0.000160 2
288 583 296 592 0.000157 2
608 446 643 459 0.000155 2
1219 219 1241 233 0.000153 2
390 423 399 437 0.000152 2
305 408 336 446 0.000151 2
983 480 991 487 0.000148 2
511 341 524 350 0.000143 2
211 387 240 409 0.000133 2
227 405 310 451 0.000132 2
1086 477 1104 499 0.000125 2
1030 326 1108 378 0.000124 2
911 180 945 202 0.000124 2
645 383 676 400 0.000122 2
914 606 928 616 0.000121 2
648 201 665 217 0.000120 2
46 393 79 450 0.000118 2
351 447 375 464 0.000114 2
1035 270 1127 329 0.000114 2
74 570 96 584 0.000113 2
725 319 745 336 0.000112 2
463 391 472 399 0.000108 2
268 183 311 236 0.000108 2
210 262 224 278 0.000107 2
33 390 105 407 0.000106 2
20 514 42 526 0.000106 2
934 292 1101 348 0.000103 2
974 332 1169 447 0.000103 2
1180 673 1279 703 0.001775 3
478 170 517 216 0.007950 5
546 171 579 203 0.001603 5
909 259 1279 356 0.001260 5
826 135 940 163 0.000932 5
446 154 519 170 0.000738 5
1197 166 1279 232 0.000467 5
443 178 485 221 0.000172 5
1004 183 1045 216 0.000127 5
0 395 178 425 0.011474 6
462 162 581 210 0.006179 6
0 400 339 475 0.002347 6
827 135 941 165 0.001270 6
510 249 956 473 0.000556 6
1093 153 1279 267 0.000373 6
328 390 728 459 0.000328 6
191 444 295 467 0.000304 6
1051 269 1280 345 0.000284 6
0 72 342 409 0.000124 6
152 170 252 226 0.000124 6
428 160 500 216 0.000116 6
645 321 998 483 0.000113 6
854 176 956 242 0.263909 7
709 152 858 234 0.109765 7
586 184 627 214 0.021515 7
1183 230 1279 268 0.015343 7
1004 196 1050 228 0.012795 7
549 172 580 203 0.010011 7
693 184 731 234 0.009676 7
802 182 853 234 0.003582 7
0 392 32 423 0.003063 7
440 171 520 218 0.001019 7
191 392 212 416 0.000978 7
1207 171 1279 236 0.000751 7
294 199 389 275 0.000538 7
295 199 332 233 0.000330 7
287 449 320 504 0.000328 7
335 411 385 472 0.000318 7
1099 164 1173 208 0.000182 7
1025 269 1276 353 0.000176 7
215 196 443 362 0.000167 7
1105 176 1253 255 0.000167 7
640 204 994 353 0.000130 7
808 160 857 190 0.000115 7
496 206 959 419 0.000107 7
234 405 320 456 0.000104 7
1089 150 1103 177 0.587877 9
512 151 524 180 0.245130 9
1208 171 1215 185 0.074000 9
372 167 381 184 0.069088 9
239 178 246 190 0.049519 9
448 157 490 171 0.044662 9
1215 167 1223 184 0.027003 9
366 167 373 186 0.026883 9
313 150 342 194 0.021667 9
680 166 687 183 0.021471 9
865 151 880 175 0.019940 9
559 184 567 195 0.016228 9
553 173 574 201 0.015492 9
878 153 890 169 0.015394 9
895 155 907 174 0.015279 9
517 191 526 200 0.013173 9
1231 168 1246 184 0.012930 9
1013 136 1024 171 0.012748 9
863 166 869 184 0.012535 9
1080 412 1103 454 0.012176 9
927 150 937 168 0.011895 9
523 183 535 196 0.011517 9
257 179 262 190 0.011245 9
1225 164 1232 181 0.010461 9
257 142 268 160 0.010452 9
848 182 858 208 0.009498 9
959 135 969 159 0.008576 9
111 151 127 164 0.008084 9
844 151 859 166 0.007732 9
361 167 368 188 0.006949 9
1154 164 1167 184 0.004965 9
638 160 644 168 0.004850 9
544 168 552 198 0.004659 9
693 177 699 189 0.004360 9
173 64 201 90 0.004348 9
94 168 104 176 0.004174 9
463 171 471 184 0.004145 9
240 167 247 178 0.004064 9
814 144 823 155 0.004010 9
665 182 671 195 0.003884 9
588 174 603 185 0.003427 9
119 64 160 77 0.002779 9
690 168 698 180 0.002638 9
700 119 715 153 0.002414 9
840 119 859 135 0.002261 9
827 135 861 158 0.002241 9
617 156 624 171 0.002170 9
569 161 580 178 0.002147 9
812 158 858 180 0.002023 9
801 143 811 156 0.001996 9
905 68 943 119 0.001919 9
515 168 547 187 0.001919 9
167 64 175 76 0.001723 9
43 316 56 344 0.001715 9
992 144 1000 168 0.001698 9
1150 103 1167 134 0.001627 9
951 347 959 363 0.001603 9
1192 167 1201 186 0.001563 9
210 166 218 176 0.001553 9
68 169 80 178 0.001530 9
1104 171 1120 203 0.001524 9
998 133 1009 177 0.001464 9
704 169 711 179 0.001402 9
259 167 271 179 0.001288 9
611 158 619 176 0.001239 9
1133 165 1146 185 0.001221 9
1181 163 1204 217 0.001195 9
95 183 102 200 0.001180 9
410 178 418 203 0.001170 9
580 64 596 91 0.001148 9
665 154 671 174 0.001145 9
545 265 557 280 0.001083 9
386 198 398 206 0.001076 9
339 166 352 197 0.001047 9
1023 160 1029 170 0.001045 9
158 64 181 91 0.001035 9
483 172 500 195 0.001032 9
463 150 547 212 0.001019 9
768 102 784 136 0.001011 9
845 165 871 217 0.001008 9
1096 131 1105 165 0.000992 9
713 133 720 152 0.000964 9
696 168 707 181 0.000886 9
606 166 617 184 0.000823 9
895 655 905 687 0.000764 9
352 162 362 190 0.000745 9
851 135 941 171 0.000741 9
665 171 671 186 0.000716 9
311 114 389 196 0.000689 9
860 112 870 136 0.000649 9
246 178 258 192 0.000632 9
624 256 640 284 0.000631 9
664 321 680 349 0.000551 9
570 136 581 165 0.000532 9
751 362 759 375 0.000527 9
958 336 968 354 0.000523 9
463 249 479 304 0.000520 9
256 84 263 98 0.000501 9
1000 123 1007 134 0.000499 9
629 168 637 180 0.000492 9
684 165 703 204 0.000464 9
1022 126 1040 163 0.000457 9
596 64 625 92 0.000451 9
48 184 64 206 0.000445 9
69 173 80 199 0.000441 9
435 172 446 183 0.000440 9
578 301 593 317 0.000434 9
223 168 231 176 0.000431 9
879 376 885 388 0.000426 9
1108 156 1117 168 0.000425 9
294 175 307 196 0.000424 9
1114 158 1170 184 0.000422 9
388 65 495 226 0.000419 9
690 118 704 145 0.000417 9
374 162 408 185 0.000410 9
248 165 257 176 0.000396 9
663 294 672 315 0.000395 9
1050 111 1083 146 0.000388 9
830 150 849 164 0.000388 9
638 163 648 179 0.000383 9
945 167 960 185 0.000367 9
653 158 661 175 0.000357 9
665 168 688 196 0.000357 9
671 153 677 168 0.000355 9
1170 148 1184 164 0.000337 9
480 335 497 357 0.000333 9
223 177 232 199 0.000327 9
361 150 384 188 0.000326 9
555 248 592 279 0.000320 9
463 182 477 201 0.000318 9
363 186 375 200 0.000314 9
751 119 764 151 0.000309 9
399 183 409 202 0.000297 9
1081 173 1090 184 0.000284 9
596 149 609 166 0.000279 9
1047 155 1055 167 0.000269 9
1085 128 1136 173 0.000259 9
597 280 608 328 0.000253 9
1198 130 1205 186 0.000250 9
911 135 939 154 0.000245 9
255 115 263 127 0.000242 9
680 134 689 158 0.000242 9
961 163 979 186 0.000241 9
788 87 801 98 0.000241 9
576 79 584 101 0.000227 9
320 93 332 154 0.000224 9
260 179 273 196 0.000219 9
751 82 781 153 0.000216 9
927 107 936 120 0.000216 9
621 158 644 170 0.000215 9
1046 337 1056 351 0.000212 9
809 76 854 90 0.000200 9
989 119 999 145 0.000197 9
790 137 801 153 0.000192 9
575 279 597 351 0.000189 9
679 303 688 352 0.000189 9
1204 148 1228 190 0.000188 9
582 278 590 289 0.000184 9
917 144 992 184 0.000184 9
742 361 752 375 0.000183 9
999 170 1009 184 0.000182 9
797 133 824 154 0.000180 9
941 133 955 146 0.000176 9
624 163 632 181 0.000173 9
650 166 657 177 0.000171 9
969 119 987 129 0.000171 9
16 157 25 179 0.000169 9
1008 173 1016 184 0.000167 9
1165 101 1186 135 0.000166 9
158 189 172 207 0.000163 9
960 131 997 166 0.000161 9
700 147 720 183 0.000161 9
733 339 758 376 0.000159 9
588 161 619 196 0.000159 9
119 163 127 175 0.000158 9
95 151 121 177 0.000157 9
574 125 581 142 0.000155 9
0 142 9 204 0.000155 9
784 113 838 136 0.000154 9
624 64 639 73 0.000153 9
1051 138 1104 191 0.000152 9
765 134 791 153 0.000149 9
888 345 895 364 0.000147 9
638 81 657 104 0.000147 9
799 86 807 100 0.000146 9
232 130 240 145 0.000143 9
199 261 209 278 0.000141 9
641 150 657 166 0.000140 9
1027 157 1038 168 0.000140 9
415 172 438 203 0.000137 9
241 148 271 189 0.000135 9
210 104 321 231 0.000134 9
1016 175 1027 185 0.000132 9
90 168 110 201 0.000131 9
808 168 827 190 0.000129 9
381 149 404 168 0.000128 9
586 121 600 166 0.000125 9
676 116 716 224 0.000125 9
857 156 906 204 0.000124 9
55 159 62 170 0.000120 9
685 298 702 342 0.000119 9
203 166 229 208 0.000115 9
207 65 241 87 0.000112 9
1073 150 1081 171 0.000112 9
816 79 865 136 0.000111 9
1167 164 1195 185 0.000111 9
257 139 304 162 0.000109 9
111 136 121 149 0.000107 9
1210 152 1224 163 0.000106 9
882 121 897 137 0.000105 9
653 172 661 193 0.000104 9
766 70 784 104 0.000104 9
950 160 989 169 0.000100 9
1182 193 1198 215 0.007242 11
1050 110 1083 146 0.002405 11
1056 116 1065 132 0.001394 11
1050 123 1058 136 0.000167 11
