728 191 763 275 0.843500 0
937 198 992 301 0.805056 0
1128 193 1152 250 0.703103 0
585 191 609 251 0.647206 0
1071 191 1095 258 0.614296 0
241 202 256 241 0.290574 0
474 199 488 247 0.188451 0
213 185 225 229 0.186514 0
1216 194 1227 233 0.072762 0
958 370 981 426 0.055643 0
1112 193 1120 203 0.047890 0
225 183 231 199 0.046552 0
784 198 794 215 0.021798 0
1103 312 1113 327 0.020738 0
996 379 1023 424 0.019994 0
633 202 644 215 0.019393 0
1146 309 1168 344 0.019338 0
789 329 809 344 0.017437 0
926 447 935 456 0.016861 0
1015 205 1024 224 0.016802 0
863 438 875 455 0.016631 0
887 471 897 486 0.015719 0
974 208 983 229 0.015652 0
832 465 848 510 0.015053 0
983 446 993 456 0.015029 0
693 207 703 233 0.014649 0
1120 408 1128 424 0.012533 0
992 447 1000 461 0.011743 0
916 472 928 483 0.011157 0
510 197 517 212 0.010980 0
1217 192 1224 202 0.010662 0
1119 312 1129 329 0.010585 0
319 204 331 230 0.010067 0
1136 446 1144 457 0.009310 0
1178 344 1184 358 0.009302 0
623 185 629 200 0.009146 0
959 440 969 458 0.009010 0
847 195 856 240 0.008937 0
1039 207 1050 229 0.008820 0
1015 388 1023 404 0.008717 0
1151 443 1160 462 0.008291 0
634 184 643 200 0.007807 0
606 160 614 183 0.007728 0
1144 327 1155 343 0.007696 0
1102 311 1119 355 0.007630 0
798 435 818 472 0.007506 0
897 472 909 486 0.007221 0
856 462 864 474 0.007212 0
306 185 323 198 0.007158 0
927 379 945 424 0.007112 0
861 431 870 445 0.007065 0
1087 193 1097 222 0.006943 0
750 460 761 472 0.006843 0
966 201 975 229 0.006762 0
831 465 841 477 0.006749 0
1032 455 1040 464 0.006571 0
1040 455 1048 464 0.006250 0
639 689 671 703 0.006248 0
518 191 527 209 0.006088 0
1191 383 1207 415 0.006015 0
665 453 672 463 0.005998 0
1071 485 1080 500 0.005992 0
1127 445 1136 471 0.005828 0
838 465 848 478 0.005802 0
679 451 688 463 0.005765 0
1272 197 1279 234 0.005658 0
847 463 857 474 0.005595 0
1208 169 1217 200 0.005368 0
3 64 318 216 0.005355 0
878 434 888 456 0.005309 0
708 203 728 233 0.005286 0
1024 456 1032 464 0.004813 0
463 201 471 219 0.004807 0
822 329 847 344 0.004800 0
1000 384 1015 398 0.004796 0
1046 482 1054 491 0.004702 0
316 64 495 211 0.004639 0
617 155 625 183 0.004478 0
1074 439 1087 455 0.004445 0
961 186 970 210 0.004320 0
586 199 601 215 0.004229 0
1056 488 1066 496 0.004190 0
822 460 832 473 0.004141 0
617 455 623 462 0.004044 0
1096 403 1104 423 0.003921 0
1127 383 1135 391 0.003910 0
663 294 683 350 0.003888 0
1111 418 1120 433 0.003879 0
510 192 532 247 0.003870 0
703 427 723 468 0.003745 0
891 202 903 237 0.003688 0
772 429 784 456 0.003666 0
1064 464 1070 470 0.003661 0
671 207 680 231 0.003651 0
1120 321 1136 344 0.003517 0
346 187 353 199 0.003495 0
1231 196 1259 233 0.003492 0
1012 419 1025 440 0.003408 0
1047 455 1056 466 0.003336 0
895 416 904 438 0.003314 0
1191 209 1206 228 0.003308 0
966 372 979 391 0.003282 0
649 408 656 424 0.003279 0
1071 456 1080 470 0.003267 0
1008 431 1014 440 0.003203 0
703 320 720 376 0.003156 0
914 455 927 464 0.003152 0
976 368 984 390 0.003118 0
575 424 584 432 0.003104 0
1015 456 1024 465 0.003006 0
610 158 619 181 0.002958 0
759 430 767 442 0.002954 0
926 454 937 464 0.002935 0
1140 393 1153 407 0.002898 0
967 440 976 461 0.002830 0
1176 406 1184 423 0.002828 0
1247 341 1264 387 0.002809 0
1134 451 1145 472 0.002784 0
1247 421 1253 429 0.002754 0
930 438 944 455 0.002737 0
912 448 923 457 0.002710 0
805 327 815 344 0.002690 0
1007 456 1016 465 0.002674 0
1031 480 1041 504 0.002671 0
767 431 773 443 0.002668 0
1087 458 1096 471 0.002641 0
1167 402 1176 422 0.002632 0
999 452 1009 464 0.002631 0
831 417 848 455 0.002595 0
415 252 420 270 0.002552 0
798 418 809 443 0.002535 0
894 439 903 456 0.002532 0
1039 420 1049 438 0.002495 0
727 325 738 345 0.002490 0
1004 441 1019 457 0.002476 0
865 453 880 477 0.002424 0
649 191 655 210 0.002420 0
199 210 208 226 0.002416 0
978 446 993 487 0.002298 0
1093 456 1104 471 0.002288 0
1000 432 1009 440 0.002241 0
683 201 692 216 0.002238 0
588 170 595 182 0.002202 0
979 358 997 392 0.002202 0
687 451 702 467 0.002124 0
931 407 944 442 0.002073 0
910 336 926 360 0.002071 0
735 325 744 338 0.002048 0
1206 408 1216 424 0.002038 0
1026 376 1040 406 0.001914 0
1063 395 1073 408 0.001911 0
0 64 59 216 0.001886 0
0 274 31 424 0.001886 0
1205 502 1216 513 0.001875 0
1014 471 1024 495 0.001861 0
1214 407 1225 424 0.001836 0
743 440 765 462 0.001787 0
990 204 998 227 0.001768 0
1183 447 1193 472 0.001726 0
813 325 829 344 0.001714 0
808 209 826 238 0.001700 0
1102 487 1120 504 0.001699 0
158 206 166 226 0.001688 0
1202 379 1225 424 0.001664 0
575 445 590 457 0.001661 0
895 265 913 310 0.001644 0
457 201 466 215 0.001642 0
949 442 961 456 0.001635 0
1036 484 1059 503 0.001599 0
935 455 943 464 0.001592 0
1166 455 1184 480 0.001588 0
720 429 737 460 0.001572 0
1065 422 1072 435 0.001564 0
1055 390 1065 407 0.001557 0
831 477 841 490 0.001537 0
863 469 874 478 0.001531 0
1107 455 1120 470 0.001509 0
948 357 961 391 0.001500 0
1079 399 1088 411 0.001497 0
332 186 342 199 0.001497 0
687 423 696 437 0.001487 0
777 459 785 473 0.001486 0
1023 420 1033 440 0.001457 0
1169 380 1179 392 0.001455 0
750 450 776 474 0.001455 0
885 420 895 438 0.001444 0
942 204 952 217 0.001422 0
1022 446 1039 461 0.001412 0
1048 427 1056 439 0.001353 0
1144 376 1151 386 0.001350 0
809 381 814 391 0.001346 0
1055 372 1065 387 0.001326 0
865 208 875 237 0.001326 0
1054 421 1064 437 0.001325 0
735 445 744 457 0.001303 0
454 201 481 252 0.001274 0
801 415 809 423 0.001263 0
1087 411 1097 424 0.001261 0
616 423 624 432 0.001245 0
877 435 906 487 0.001232 0
1180 164 1203 217 0.001222 0
1094 490 1105 504 0.001218 0
1151 457 1168 479 0.001197 0
767 460 777 488 0.001190 0
659 411 672 436 0.001169 0
880 317 896 343 0.001164 0
1055 663 1066 703 0.001152 0
664 462 672 472 0.001147 0
753 205 767 231 0.001143 0
849 407 882 454 0.001134 0
901 414 913 430 0.001125 0
1111 504 1120 511 0.001121 0
406 251 415 271 0.001120 0
1071 399 1079 408 0.001110 0
879 454 888 465 0.001110 0
367 208 374 231 0.001101 0
437 192 444 203 0.001092 0
1046 412 1060 425 0.001089 0
1118 392 1127 408 0.001088 0
265 196 279 229 0.001066 0
1022 379 1031 393 0.001064 0
1151 409 1159 423 0.001060 0
734 190 754 215 0.001056 0
503 312 514 335 0.001052 0
1030 421 1040 440 0.001050 0
957 360 1028 465 0.001042 0
710 460 720 470 0.001041 0
944 382 952 392 0.001038 0
1206 201 1219 223 0.001037 0
1209 334 1216 345 0.001016 0
1223 408 1232 424 0.001016 0
974 447 987 459 0.001009 0
719 326 739 377 0.001009 0
746 422 775 449 0.001009 0
879 411 887 435 0.000996 0
983 353 993 361 0.000985 0
1071 423 1082 439 0.000974 0
1208 344 1263 427 0.000970 0
758 326 767 343 0.000969 0
895 326 904 343 0.000948 0
911 380 922 408 0.000946 0
1189 449 1200 471 0.000946 0
916 202 931 250 0.000946 0
1098 330 1104 345 0.000945 0
869 327 882 341 0.000935 0
822 470 831 477 0.000934 0
194 187 205 222 0.000929 0
886 416 915 453 0.000919 0
1065 198 1076 226 0.000918 0
428 222 439 230 0.000915 0
947 456 961 463 0.000915 0
1160 377 1166 383 0.000900 0
989 398 1004 424 0.000897 0
1260 212 1279 264 0.000880 0
1077 462 1089 471 0.000879 0
935 378 945 391 0.000872 0
979 201 994 224 0.000865 0
949 383 959 394 0.000849 0
786 436 801 451 0.000845 0
817 423 832 441 0.000845 0
819 185 858 241 0.000835 0
566 201 577 216 0.000825 0
775 317 785 343 0.000818 0
1076 334 1093 359 0.000814 0
1111 391 1121 406 0.000800 0
752 323 760 344 0.000789 0
1185 501 1200 512 0.000789 0
999 510 1016 523 0.000787 0
1214 376 1224 399 0.000786 0
675 338 688 375 0.000778 0
1071 382 1082 405 0.000773 0
1235 456 1259 471 0.000767 0
726 416 736 439 0.000761 0
950 440 976 488 0.000760 0
960 424 976 450 0.000745 0
1064 415 1072 424 0.000743 0
719 324 728 343 0.000743 0
1157 498 1168 511 0.000737 0
951 343 960 361 0.000736 0
752 417 762 425 0.000733 0
1095 196 1122 236 0.000732 0
376 186 386 201 0.000721 0
901 440 913 457 0.000721 0
815 407 827 424 0.000718 0
607 454 622 464 0.000715 0
934 372 969 454 0.000705 0
983 426 992 440 0.000703 0
39 319 56 345 0.000693 0
547 172 575 216 0.000688 0
386 198 396 206 0.000688 0
814 472 825 477 0.000685 0
1182 344 1193 376 0.000659 0
903 536 912 552 0.000655 0
1191 407 1200 423 0.000653 0
783 424 791 437 0.000651 0
654 199 662 216 0.000642 0
255 64 347 194 0.000640 0
1048 434 1056 454 0.000628 0
1007 459 1023 474 0.000628 0
803 185 815 216 0.000627 0
945 202 967 221 0.000626 0
923 472 943 484 0.000619 0
0 374 15 407 0.000615 0
1175 234 1184 248 0.000613 0
1175 447 1184 456 0.000613 0
1182 394 1196 411 0.000611 0
852 217 869 269 0.000611 0
708 419 784 471 0.000602 0
1039 429 1050 462 0.000601 0
780 415 884 477 0.000597 0
1039 321 1051 334 0.000577 0
43 312 71 400 0.000576 0
957 337 969 353 0.000563 0
847 422 856 439 0.000563 0
840 444 874 478 0.000562 0
952 335 977 384 0.000560 0
583 451 592 460 0.000558 0
654 322 674 375 0.000552 0
1250 215 1266 233 0.000552 0
279 194 325 365 0.000550 0
907 340 939 425 0.000538 0
1207 253 1225 266 0.000536 0
1151 468 1178 509 0.000536 0
767 318 777 342 0.000527 0
876 335 886 344 0.000526 0
1157 377 1168 396 0.000525 0
1087 398 1100 415 0.000516 0
663 295 672 315 0.000511 0
1262 131 1279 182 0.000498 0
798 285 851 344 0.000497 0
1185 192 1246 243 0.000493 0
1039 340 1058 391 0.000492 0
1206 472 1216 483 0.000490 0
614 358 624 375 0.000490 0
591 404 608 432 0.000482 0
1089 327 1108 360 0.000473 0
572 352 609 443 0.000472 0
1195 496 1214 509 0.000470 0
799 352 809 380 0.000468 0
600 560 608 569 0.000468 0
1012 361 1023 378 0.000465 0
1136 390 1160 428 0.000464 0
1132 311 1143 332 0.000461 0
687 407 700 426 0.000447 0
720 519 728 535 0.000441 0
239 175 251 193 0.000437 0
183 192 191 205 0.000437 0
567 528 576 551 0.000436 0
987 343 1008 376 0.000435 0
681 297 704 369 0.000433 0
175 186 183 205 0.000431 0
1143 505 1151 510 0.000430 0
960 484 968 496 0.000424 0
1111 361 1118 365 0.000420 0
927 344 944 381 0.000418 0
680 384 688 395 0.000416 0
1239 413 1252 429 0.000414 0
1073 358 1088 376 0.000410 0
174 206 183 216 0.000410 0
697 328 703 339 0.000409 0
879 377 885 387 0.000405 0
112 388 128 426 0.000404 0
903 270 929 345 0.000402 0
532 204 546 221 0.000401 0
727 496 736 504 0.000398 0
1232 471 1248 481 0.000398 0
1042 277 1058 332 0.000398 0
1144 199 1158 224 0.000395 0
1175 669 1184 698 0.000394 0
1176 213 1183 223 0.000386 0
718 457 736 471 0.000385 0
319 251 336 361 0.000385 0
1119 429 1127 440 0.000383 0
937 190 949 203 0.000377 0
670 423 690 437 0.000377 0
871 560 880 576 0.000372 0
846 267 855 310 0.000368 0
629 363 640 384 0.000367 0
1222 220 1279 390 0.000366 0
223 364 240 409 0.000361 0
643 427 656 441 0.000360 0
1147 336 1178 360 0.000352 0
1238 345 1249 355 0.000350 0
1079 623 1085 631 0.000348 0
1188 470 1200 481 0.000347 0
1040 466 1056 489 0.000344 0
900 454 930 486 0.000343 0
912 473 928 510 0.000341 0
1023 479 1033 495 0.000339 0
1151 431 1161 447 0.000338 0
804 408 815 421 0.000338 0
785 324 818 401 0.000335 0
824 504 847 511 0.000334 0
728 584 744 601 0.000331 0
1008 456 1041 500 0.000328 0
536 179 552 214 0.000327 0
1256 427 1263 441 0.000327 0
1128 432 1135 440 0.000326 0
1232 504 1241 512 0.000326 0
679 404 687 424 0.000322 0
656 440 703 469 0.000320 0
752 346 760 375 0.000317 0
580 405 592 442 0.000315 0
608 408 624 432 0.000313 0
1251 65 1279 271 0.000308 0
910 179 944 202 0.000306 0
1223 413 1277 475 0.000305 0
1039 389 1049 405 0.000300 0
1214 64 1233 104 0.000293 0
680 168 691 215 0.000291 0
688 352 694 360 0.000290 0
687 350 700 374 0.000288 0
1168 333 1217 394 0.000288 0
1157 430 1168 441 0.000288 0
816 342 847 361 0.000285 0
1040 377 1067 403 0.000279 0
465 241 487 266 0.000278 0
851 394 863 411 0.000274 0
864 260 903 343 0.000274 0
992 648 1004 681 0.000271 0
1053 64 1138 215 0.000269 0
615 462 624 470 0.000267 0
353 186 371 199 0.000265 0
648 480 655 487 0.000264 0
1035 388 1085 430 0.000262 0
1216 420 1225 434 0.000262 0
990 185 1014 222 0.000262 0
809 390 815 404 0.000261 0
1148 64 1279 292 0.000260 0
862 304 880 340 0.000259 0
1095 367 1104 375 0.000253 0
943 275 956 330 0.000253 0
783 341 792 357 0.000251 0
995 427 1040 464 0.000245 0
0 181 6 203 0.000244 0
1119 440 1129 457 0.000243 0
121 380 161 426 0.000242 0
1071 452 1089 501 0.000241 0
751 406 773 424 0.000241 0
309 131 366 282 0.000241 0
764 199 795 237 0.000234 0
199 260 208 277 0.000234 0
153 192 161 221 0.000230 0
1087 389 1098 403 0.000229 0
970 223 989 243 0.000229 0
1030 358 1039 374 0.000227 0
663 479 672 487 0.000226 0
665 187 673 216 0.000225 0
63 64 129 177 0.000223 0
1036 189 1072 235 0.000221 0
1253 358 1279 414 0.000221 0
1264 472 1279 703 0.000220 0
0 560 16 648 0.000220 0
1178 205 1196 221 0.000219 0
679 302 688 347 0.000218 0
849 527 858 535 0.000217 0
576 337 593 392 0.000213 0
717 405 753 435 0.000212 0
596 129 603 141 0.000212 0
167 241 190 275 0.000208 0
972 187 982 205 0.000203 0
1166 504 1177 511 0.000202 0
632 473 639 478 0.000202 0
1095 504 1104 520 0.000202 0
1062 460 1070 487 0.000202 0
1105 607 1111 615 0.000200 0
1191 353 1208 377 0.000200 0
1159 652 1168 680 0.000198 0
629 424 640 435 0.000197 0
1108 433 1120 448 0.000197 0
1239 424 1247 440 0.000196 0
319 64 369 109 0.000196 0
1070 367 1123 409 0.000196 0
247 274 256 326 0.000195 0
1084 359 1096 376 0.000195 0
116 64 205 94 0.000193 0
1177 381 1195 396 0.000192 0
807 270 817 301 0.000190 0
831 408 839 418 0.000190 0
736 469 744 478 0.000188 0
1059 477 1279 703 0.000188 0
518 392 538 427 0.000185 0
439 165 519 245 0.000184 0
439 207 447 219 0.000184 0
1230 463 1269 486 0.000183 0
765 343 784 358 0.000183 0
1263 395 1276 424 0.000182 0
178 64 327 100 0.000181 0
344 64 498 97 0.000181 0
818 396 831 413 0.000180 0
1232 410 1241 426 0.000179 0
1027 319 1067 352 0.000178 0
1120 64 1154 78 0.000178 0
833 394 848 409 0.000178 0
559 502 569 520 0.000177 0
1183 653 1201 691 0.000177 0
775 185 788 213 0.000174 0
852 183 966 296 0.000173 0
271 227 291 292 0.000173 0
1031 346 1040 364 0.000172 0
1141 360 1158 387 0.000169 0
1088 423 1105 437 0.000168 0
329 185 355 226 0.000166 0
1134 431 1143 440 0.000166 0
845 469 868 486 0.000165 0
1103 355 1114 369 0.000164 0
853 313 864 336 0.000163 0
719 375 725 381 0.000162 0
588 429 608 457 0.000162 0
1142 655 1185 701 0.000162 0
866 391 889 408 0.000162 0
1273 157 1279 181 0.000160 0
488 485 495 496 0.000159 0
626 286 689 375 0.000159 0
1228 486 1255 551 0.000158 0
776 408 783 420 0.000157 0
1263 70 1279 121 0.000157 0
599 536 610 569 0.000157 0
1175 522 1184 551 0.000156 0
1144 371 1207 419 0.000155 0
646 393 690 439 0.000155 0
960 284 976 328 0.000155 0
1063 645 1072 675 0.000154 0
323 233 337 278 0.000153 0
1141 439 1152 458 0.000153 0
959 64 1051 179 0.000153 0
154 77 223 217 0.000152 0
807 472 817 478 0.000151 0
1121 358 1136 378 0.000151 0
575 393 584 422 0.000151 0
1192 439 1199 452 0.000150 0
856 407 864 418 0.000149 0
887 392 896 405 0.000148 0
1101 364 1115 375 0.000147 0
355 362 368 392 0.000147 0
1174 608 1184 681 0.000147 0
1268 667 1279 703 0.000145 0
211 107 271 216 0.000144 0
1086 637 1121 703 0.000143 0
854 270 864 296 0.000142 0
64 433 80 470 0.000141 0
552 413 583 432 0.000140 0
845 271 873 341 0.000138 0
1129 419 1176 471 0.000137 0
1051 109 1083 147 0.000135 0
254 413 264 429 0.000135 0
736 386 745 401 0.000134 0
1176 500 1185 511 0.000133 0
163 187 176 206 0.000132 0
1009 395 1257 479 0.000132 0
1215 445 1224 456 0.000129 0
554 176 720 228 0.000128 0
211 250 225 277 0.000127 0
1199 409 1210 433 0.000127 0
1263 64 1279 79 0.000127 0
599 344 610 362 0.000127 0
1177 328 1199 352 0.000127 0
895 384 905 407 0.000127 0
788 405 802 423 0.000126 0
632 351 655 386 0.000125 0
1232 606 1240 616 0.000125 0
479 446 493 455 0.000125 0
656 556 664 568 0.000124 0
354 209 373 276 0.000124 0
185 189 257 260 0.000123 0
1040 591 1048 600 0.000120 0
958 678 977 703 0.000120 0
1052 187 1064 201 0.000120 0
831 373 848 399 0.000119 0
671 396 680 407 0.000119 0
879 510 903 521 0.000119 0
209 377 241 460 0.000119 0
1083 416 1121 448 0.000118 0
1064 591 1072 600 0.000117 0
1192 654 1199 666 0.000117 0
911 601 920 616 0.000117 0
1161 64 1220 123 0.000116 0
626 405 640 420 0.000115 0
1063 293 1151 330 0.000115 0
0 392 64 522 0.000115 0
960 173 994 217 0.000114 0
716 305 769 441 0.000114 0
887 344 895 364 0.000113 0
811 64 946 178 0.000113 0
871 374 880 384 0.000112 0
576 568 584 581 0.000111 0
1216 495 1232 511 0.000109 0
463 421 498 465 0.000109 0
373 198 387 207 0.000108 0
550 647 560 667 0.000108 0
1083 478 1245 511 0.000108 0
479 333 498 358 0.000108 0
639 382 662 420 0.000106 0
1256 623 1263 635 0.000105 0
926 281 945 345 0.000105 0
391 162 782 283 0.000104 0
1171 437 1202 466 0.000104 0
533 447 544 454 0.000104 0
1215 356 1227 379 0.000103 0
28 254 71 351 0.000103 0
1070 64 1079 70 0.000102 0
804 371 832 424 0.000101 0
898 395 912 415 0.000100 0
1085 486 1114 518 0.000100 0
570 219 618 255 0.816921 1
925 246 1013 323 0.782798 1
1065 223 1122 265 0.421200 1
20 224 72 257 0.101747 1
1119 214 1154 252 0.088298 1
1125 227 1137 248 0.041984 1
1146 221 1159 243 0.038208 1
70 223 100 257 0.025350 1
923 264 954 297 0.013336 1
104 236 159 263 0.009469 1
159 229 209 262 0.009039 1
0 238 14 258 0.004493 1
708 209 728 233 0.004490 1
691 209 703 238 0.003718 1
895 262 918 296 0.003428 1
1105 226 1132 258 0.002956 1
1096 211 1106 230 0.002385 1
1061 218 1077 245 0.001922 1
29 215 41 247 0.001348 1
131 215 148 238 0.001185 1
863 264 895 286 0.001113 1
495 238 529 251 0.001102 1
1056 223 1066 242 0.001059 1
196 216 229 259 0.001022 1
1024 306 1090 339 0.000985 1
6 254 96 292 0.000972 1
151 223 173 255 0.000827 1
473 243 487 255 0.000826 1
824 279 855 311 0.000752 1
1182 192 1201 217 0.000708 1
981 238 995 254 0.000667 1
681 202 690 216 0.000657 1
919 265 932 280 0.000550 1
1 118 110 263 0.000527 1
987 229 1015 255 0.000473 1
1181 167 1212 244 0.000455 1
110 223 124 252 0.000420 1
574 203 593 225 0.000385 1
212 237 241 264 0.000353 1
1042 213 1223 279 0.000337 1
958 269 982 328 0.000329 1
329 236 352 255 0.000328 1
88 226 244 278 0.000304 1
963 216 992 294 0.000266 1
806 256 827 284 0.000258 1
955 270 1136 338 0.000221 1
1043 278 1058 295 0.000209 1
1023 319 1045 333 0.000205 1
864 219 907 280 0.000178 1
969 241 1041 265 0.000168 1
0 220 289 384 0.000141 1
221 208 254 246 0.000126 1
0 207 39 264 0.000126 1
854 274 880 302 0.000118 1
1112 215 1159 250 0.048446 2
462 409 588 444 0.044276 2
822 329 847 344 0.035441 2
0 392 31 423 0.034849 2
1113 216 1134 230 0.029453 2
1003 196 1050 229 0.029449 2
532 207 545 218 0.019122 2
304 185 323 198 0.018986 2
432 422 462 442 0.018718 2
127 402 160 425 0.011466 2
692 197 731 229 0.011363 2
631 379 658 397 0.011181 2
111 409 128 426 0.011167 2
641 690 672 703 0.011166 2
494 428 514 446 0.010943 2
159 402 176 421 0.010324 2
501 199 516 211 0.009524 2
511 435 528 447 0.009219 2
670 454 684 463 0.008733 2
319 205 331 231 0.007310 2
951 479 960 485 0.007113 2
1104 487 1120 496 0.005959 2
64 401 134 426 0.005795 2
875 198 946 243 0.005744 2
648 456 656 461 0.005425 2
208 399 224 414 0.004919 2
849 470 865 478 0.004236 2
1100 487 1137 508 0.003601 2
512 424 552 439 0.003601 2
599 320 607 328 0.003172 2
1025 308 1090 338 0.003060 2
592 422 608 434 0.003046 2
1007 217 1025 230 0.003013 2
593 448 608 458 0.003004 2
255 415 264 423 0.002884 2
1271 197 1279 235 0.002860 2
624 322 667 364 0.002843 2
911 520 926 527 0.002817 2
454 203 466 218 0.002782 2
0 254 15 292 0.002707 2
492 409 526 431 0.002620 2
1120 488 1136 497 0.002540 2
485 198 498 216 0.002481 2
0 279 7 293 0.002292 2
639 373 648 389 0.002283 2
656 453 665 462 0.002266 2
31 393 64 422 0.002242 2
1041 519 1068 529 0.002242 2
586 183 623 205 0.002241 2
578 446 592 459 0.002188 2
740 438 767 457 0.002144 2
138 393 223 417 0.002119 2
524 190 553 217 0.002063 2
1263 168 1279 181 0.002024 2
867 177 942 204 0.001932 2
975 210 997 233 0.001878 2
1029 269 1160 336 0.001863 2
802 213 851 240 0.001816 2
633 201 652 216 0.001812 2
334 406 383 446 0.001743 2
903 456 913 463 0.001729 2
104 250 145 264 0.001711 2
356 216 368 228 0.001697 2
480 173 518 216 0.001697 2
191 392 211 413 0.001691 2
504 329 512 335 0.001685 2
584 431 592 440 0.001681 2
896 476 913 487 0.001666 2
59 254 93 288 0.001657 2
1262 247 1279 270 0.001647 2
1222 195 1258 233 0.001578 2
1001 254 1022 262 0.001549 2
1120 64 1153 77 0.001471 2
680 198 691 215 0.001381 2
863 336 882 343 0.001341 2
273 184 294 192 0.001262 2
598 462 608 470 0.001253 2
555 429 590 440 0.001245 2
689 453 704 468 0.001231 2
1070 326 1088 338 0.001227 2
963 480 975 487 0.001189 2
511 341 521 350 0.001172 2
549 203 563 216 0.001140 2
175 399 198 418 0.001126 2
943 456 953 462 0.001121 2
503 312 529 335 0.001050 2
640 456 649 462 0.001035 2
1111 398 1120 406 0.000880 2
1053 215 1070 241 0.000855 2
1016 336 1024 344 0.000842 2
294 177 306 195 0.000836 2
550 174 580 202 0.000821 2
1260 509 1279 517 0.000813 2
1250 198 1266 229 0.000811 2
31 260 48 294 0.000768 2
1263 349 1279 359 0.000758 2
1001 211 1104 259 0.000749 2
11 281 24 294 0.000747 2
1263 364 1279 375 0.000741 2
671 464 680 471 0.000727 2
484 189 496 201 0.000723 2
613 204 632 216 0.000723 2
1068 214 1277 263 0.000686 2
327 190 341 199 0.000668 2
20 200 35 206 0.000648 2
1220 503 1232 511 0.000645 2
1232 289 1279 327 0.000626 2
630 455 639 461 0.000613 2
624 376 632 383 0.000610 2
1064 313 1125 347 0.000608 2
624 265 656 285 0.000605 2
0 440 8 446 0.000586 2
788 233 809 239 0.000581 2
638 437 704 464 0.000543 2
1179 332 1216 350 0.000541 2
645 426 684 440 0.000538 2
984 481 991 487 0.000536 2
190 391 224 476 0.000511 2
1042 194 1056 202 0.000509 2
254 405 272 426 0.000491 2
974 455 985 463 0.000477 2
711 301 768 330 0.000475 2
41 393 224 448 0.000473 2
1181 276 1214 286 0.000471 2
320 199 355 246 0.000466 2
1166 262 1279 349 0.000456 2
606 410 624 433 0.000441 2
260 196 275 206 0.000437 2
626 448 640 459 0.000426 2
777 471 793 476 0.000426 2
735 463 745 471 0.000409 2
669 431 680 440 0.000401 2
661 194 693 227 0.000400 2
572 427 609 466 0.000395 2
926 477 943 484 0.000370 2
47 438 64 446 0.000361 2
1034 320 1056 337 0.000359 2
638 424 655 435 0.000357 2
566 188 667 219 0.000351 2
270 455 289 465 0.000348 2
159 599 184 615 0.000339 2
0 262 233 410 0.000337 2
639 439 649 450 0.000322 2
263 456 273 462 0.000321 2
1221 165 1280 211 0.000319 2
1021 336 1031 344 0.000311 2
1259 337 1279 410 0.000307 2
917 197 951 213 0.000305 2
501 232 541 255 0.000296 2
1149 206 1180 222 0.000286 2
1247 480 1264 486 0.000282 2
368 454 401 471 0.000275 2
31 376 48 395 0.000266 2
54 436 80 450 0.000261 2
719 458 742 471 0.000257 2
0 393 64 470 0.000255 2
445 178 470 218 0.000253 2
605 361 623 376 0.000247 2
127 238 201 278 0.000245 2
40 568 96 591 0.000235 2
359 408 368 415 0.000228 2
1141 279 1168 345 0.000228 2
541 248 596 279 0.000223 2
230 404 313 465 0.000221 2
1093 161 1210 219 0.000219 2
479 150 523 170 0.000217 2
1199 478 1212 488 0.000211 2
180 243 234 273 0.000209 2
772 231 789 237 0.000209 2
662 274 687 283 0.000209 2
239 489 248 495 0.000205 2
1138 265 1218 282 0.000202 2
1257 277 1279 301 0.000201 2
866 214 894 243 0.000201 2
1134 338 1190 360 0.000198 2
659 375 672 387 0.000195 2
687 376 695 384 0.000187 2
607 462 624 470 0.000177 2
522 407 545 427 0.000172 2
923 150 993 192 0.000170 2
964 182 1008 224 0.000163 2
671 387 682 399 0.000161 2
1219 251 1280 296 0.000159 2
287 477 320 505 0.000158 2
624 304 677 332 0.000158 2
1040 277 1124 296 0.000155 2
1111 191 1131 209 0.000153 2
344 198 389 230 0.000151 2
463 391 472 400 0.000151 2
216 404 266 425 0.000149 2
59 413 75 441 0.000143 2
60 392 94 411 0.000143 2
320 408 336 414 0.000142 2
632 383 677 432 0.000138 2
1265 320 1279 349 0.000137 2
21 513 42 526 0.000136 2
415 393 446 408 0.000136 2
320 484 328 495 0.000135 2
1202 291 1232 329 0.000135 2
491 202 519 228 0.000127 2
1167 273 1221 306 0.000127 2
550 545 560 551 0.000124 2
95 423 108 434 0.000124 2
656 389 672 401 0.000124 2
335 426 352 440 0.000123 2
623 424 638 435 0.000123 2
273 389 288 400 0.000119 2
143 465 160 490 0.000119 2
859 135 939 153 0.000115 2
725 316 758 352 0.000114 2
454 293 497 345 0.000113 2
462 391 517 428 0.000113 2
399 419 447 438 0.000111 2
204 480 224 500 0.000110 2
42 433 67 469 0.000110 2
114 400 145 460 0.000106 2
579 317 685 411 0.000101 2
1183 493 1235 512 0.000100 2
478 170 517 211 0.002148 5
951 214 1276 346 0.001721 5
822 135 940 165 0.001528 5
1192 167 1279 233 0.001204 5
544 171 580 213 0.001059 5
585 183 624 200 0.000906 5
446 153 519 170 0.000515 5
1206 276 1280 331 0.000428 5
999 181 1047 221 0.000222 5
1167 272 1219 338 0.000103 5
1033 261 1279 349 0.006707 6
457 163 582 211 0.006252 6
641 267 1247 507 0.003653 6
827 135 940 166 0.002295 6
516 264 956 466 0.000474 6
1180 168 1279 267 0.000428 6
1 81 375 403 0.000231 6
423 400 712 458 0.000221 6
337 64 639 228 0.000189 6
692 432 944 481 0.000138 6
153 170 256 226 0.000115 6
849 176 949 242 0.272640 7
702 152 859 237 0.122396 7
1184 230 1279 268 0.045553 7
1004 196 1052 229 0.038837 7
0 392 31 423 0.025011 7
547 172 580 204 0.009667 7
589 184 621 203 0.008313 7
1038 267 1280 348 0.003335 7
803 182 851 240 0.003136 7
1194 171 1279 235 0.001421 7
191 392 213 416 0.001384 7
689 183 736 231 0.001039 7
1229 285 1279 412 0.000597 7
293 199 389 281 0.000563 7
703 298 767 377 0.000458 7
829 140 942 196 0.000454 7
539 177 617 251 0.000452 7
783 186 796 229 0.000397 7
1264 190 1279 262 0.000383 7
972 191 1083 275 0.000348 7
299 199 332 232 0.000296 7
1132 273 1168 346 0.000245 7
1 190 507 383 0.000236 7
254 456 321 506 0.000228 7
706 123 1139 285 0.000159 7
1176 291 1233 353 0.000148 7
658 293 725 374 0.000123 7
1089 150 1103 177 0.620850 9
512 151 524 180 0.267631 9
372 167 381 184 0.066960 9
1207 170 1215 187 0.042771 9
448 157 490 171 0.033526 9
366 167 373 187 0.028312 9
239 178 246 190 0.026823 9
1215 167 1223 184 0.023291 9
866 151 880 174 0.021761 9
680 166 687 184 0.021107 9
879 153 891 169 0.020961 9
896 154 906 173 0.019254 9
517 192 523 202 0.017794 9
927 148 938 168 0.017474 9
863 166 869 184 0.017380 9
1013 137 1024 171 0.016931 9
1225 164 1232 181 0.014331 9
558 184 566 195 0.014242 9
848 182 858 213 0.013532 9
844 151 859 166 0.013427 9
313 149 342 194 0.012583 9
1232 168 1246 183 0.012274 9
523 183 535 196 0.011038 9
257 142 268 160 0.009110 9
257 179 262 190 0.008748 9
553 173 570 200 0.008177 9
111 151 128 164 0.007827 9
959 136 974 160 0.007092 9
638 160 644 168 0.006580 9
693 176 699 190 0.005899 9
1191 383 1206 410 0.005691 9
814 143 822 155 0.005541 9
665 182 671 195 0.004652 9
119 64 202 89 0.003794 9
588 174 599 185 0.003651 9
464 171 471 184 0.003572 9
690 168 697 180 0.003394 9
240 166 247 178 0.003219 9
809 167 818 179 0.003207 9
94 168 105 176 0.003050 9
1155 164 1167 184 0.003026 9
544 168 552 196 0.002761 9
358 168 368 189 0.002736 9
841 119 859 135 0.002689 9
828 135 861 162 0.002584 9
992 147 1000 166 0.002525 9
568 534 576 552 0.002524 9
1081 174 1089 183 0.002420 9
43 315 56 344 0.002377 9
1193 167 1201 186 0.002368 9
812 153 859 180 0.002338 9
751 362 759 375 0.002163 9
1022 160 1030 170 0.002023 9
507 170 549 197 0.001981 9
704 168 711 179 0.001830 9
1150 104 1166 134 0.001812 9
947 168 960 184 0.001807 9
167 64 175 76 0.001732 9
1104 169 1120 204 0.001686 9
569 161 580 177 0.001669 9
1180 163 1204 218 0.001661 9
700 125 713 153 0.001660 9
210 166 218 176 0.001534 9
463 249 478 304 0.001521 9
802 143 811 156 0.001461 9
997 133 1011 174 0.001436 9
665 154 671 173 0.001425 9
992 667 1000 680 0.001372 9
904 66 944 119 0.001348 9
698 152 707 178 0.001308 9
386 198 398 206 0.001297 9
1047 156 1055 167 0.001297 9
1020 122 1040 164 0.001244 9
846 164 871 226 0.001181 9
1055 663 1065 703 0.001176 9
256 157 267 176 0.001171 9
1177 381 1183 391 0.001145 9
951 355 960 379 0.001135 9
570 179 581 201 0.001100 9
410 178 418 203 0.001099 9
1124 165 1146 185 0.001096 9
473 150 533 185 0.001093 9
714 134 720 152 0.001088 9
1000 124 1007 135 0.001015 9
67 169 84 178 0.001004 9
841 135 940 171 0.000987 9
580 64 596 90 0.000973 9
95 183 102 200 0.000915 9
339 166 352 196 0.000896 9
1201 164 1224 202 0.000887 9
861 112 869 119 0.000862 9
545 265 558 281 0.000842 9
485 172 498 192 0.000841 9
1151 666 1160 680 0.000840 9
575 520 585 550 0.000815 9
1214 370 1223 387 0.000805 9
768 102 784 135 0.000769 9
858 112 870 136 0.000745 9
352 162 362 190 0.000735 9
959 424 972 447 0.000720 9
1170 149 1184 164 0.000714 9
1048 171 1057 184 0.000699 9
463 183 475 197 0.000695 9
1088 180 1102 203 0.000644 9
1100 137 1110 161 0.000644 9
578 301 593 317 0.000613 9
847 302 855 311 0.000599 9
701 118 715 128 0.000591 9
1030 158 1039 168 0.000581 9
968 172 976 185 0.000552 9
244 176 260 192 0.000536 9
483 336 497 356 0.000532 9
1097 129 1104 149 0.000530 9
492 170 513 194 0.000507 9
375 162 408 185 0.000484 9
1108 155 1118 168 0.000483 9
1019 168 1032 184 0.000476 9
671 153 677 168 0.000475 9
684 165 703 202 0.000457 9
653 160 660 175 0.000445 9
664 168 688 199 0.000433 9
1063 663 1072 680 0.000428 9
975 171 987 185 0.000425 9
1072 159 1092 192 0.000424 9
470 181 482 199 0.000422 9
690 119 705 154 0.000418 9
959 679 976 696 0.000410 9
311 109 392 197 0.000408 9
571 135 581 163 0.000395 9
1076 124 1136 188 0.000390 9
223 168 231 176 0.000386 9
574 275 607 338 0.000383 9
742 362 751 375 0.000382 9
628 168 637 180 0.000382 9
990 122 998 143 0.000377 9
435 171 446 183 0.000374 9
1046 341 1056 355 0.000373 9
256 84 263 97 0.000368 9
596 64 625 92 0.000365 9
871 560 880 575 0.000360 9
247 164 257 176 0.000336 9
294 175 307 196 0.000322 9
48 184 64 206 0.000320 9
887 346 894 364 0.000318 9
1239 349 1248 374 0.000317 9
357 149 384 188 0.000305 9
1051 111 1085 147 0.000299 9
799 86 807 100 0.000294 9
855 282 863 294 0.000288 9
594 149 600 164 0.000283 9
920 145 987 184 0.000281 9
568 224 594 279 0.000280 9
576 80 584 103 0.000277 9
1198 132 1206 187 0.000276 9
575 126 580 141 0.000274 9
223 177 233 199 0.000252 9
399 184 407 202 0.000250 9
1027 147 1056 168 0.000243 9
1157 662 1168 680 0.000227 9
980 133 991 143 0.000224 9
952 181 960 199 0.000214 9
363 185 375 200 0.000213 9
1175 521 1184 549 0.000213 9
856 156 907 200 0.000208 9
1210 152 1224 163 0.000200 9
598 134 606 144 0.000196 9
321 94 332 153 0.000196 9
968 119 988 131 0.000194 9
255 113 264 127 0.000183 9
1164 100 1186 135 0.000183 9
1050 121 1058 137 0.000183 9
479 663 488 676 0.000182 9
586 118 599 133 0.000182 9
653 172 661 191 0.000181 9
940 133 957 147 0.000181 9
1110 146 1136 165 0.000180 9
909 135 939 157 0.000180 9
575 314 594 391 0.000171 9
645 151 657 166 0.000170 9
686 527 704 560 0.000169 9
232 130 240 145 0.000168 9
261 179 274 195 0.000168 9
793 133 826 156 0.000168 9
496 142 581 209 0.000166 9
1073 150 1081 172 0.000162 9
997 170 1009 191 0.000161 9
158 190 172 207 0.000160 9
580 278 590 289 0.000160 9
621 158 645 171 0.000150 9
593 158 602 176 0.000148 9
1023 160 1062 184 0.000147 9
680 147 689 163 0.000146 9
1013 130 1024 144 0.000145 9
949 616 960 633 0.000144 9
735 358 743 376 0.000143 9
865 672 873 680 0.000142 9
159 65 177 96 0.000142 9
870 120 878 134 0.000141 9
1024 120 1031 129 0.000139 9
766 133 793 153 0.000139 9
67 169 101 200 0.000138 9
16 157 25 180 0.000138 9
822 85 866 136 0.000138 9
719 156 728 168 0.000137 9
1129 102 1151 135 0.000136 9
415 172 437 203 0.000135 9
678 116 716 221 0.000135 9
19 169 35 187 0.000133 9
751 119 764 151 0.000131 9
702 148 721 184 0.000131 9
809 76 852 89 0.000130 9
624 64 638 73 0.000125 9
638 81 657 104 0.000123 9
1138 152 1152 162 0.000121 9
896 654 904 673 0.000120 9
784 113 840 136 0.000116 9
999 109 1137 248 0.000115 9
935 176 961 206 0.000115 9
788 137 804 153 0.000114 9
116 159 128 179 0.000112 9
100 183 107 202 0.000111 9
877 118 904 139 0.000110 9
1223 161 1273 182 0.000110 9
971 124 1027 173 0.000109 9
210 104 326 230 0.000109 9
209 64 252 87 0.000108 9
788 87 801 99 0.000108 9
1138 163 1199 189 0.000108 9
186 151 199 168 0.000107 9
207 166 226 206 0.000104 9
313 150 342 194 0.016424 11
1182 192 1198 215 0.009566 11
1051 109 1083 146 0.001776 11
1056 116 1065 131 0.001062 11
