525 184 555 259 0.747949 0
792 192 829 275 0.733271 0
957 189 986 257 0.700363 0
738 200 777 299 0.581348 0
750 200 776 287 0.280277 0
770 188 795 245 0.260319 0
717 212 728 234 0.136522 0
770 187 791 230 0.083108 0
1215 191 1226 231 0.077678 0
633 201 644 218 0.074269 0
1214 190 1225 214 0.072969 0
737 226 762 300 0.066336 0
752 201 776 247 0.060295 0
554 172 571 205 0.059943 0
1053 199 1075 252 0.055089 0
772 197 790 246 0.050287 0
519 190 528 216 0.048465 0
1038 198 1051 229 0.043854 0
1217 204 1228 233 0.043066 0
644 199 654 214 0.039541 0
1181 169 1202 220 0.038440 0
515 187 530 242 0.036461 0
709 212 727 234 0.036235 0
713 202 728 234 0.034837 0
768 186 788 217 0.034309 0
520 190 527 207 0.032712 0
1054 199 1070 226 0.030316 0
306 183 324 199 0.029894 0
513 189 523 213 0.028443 0
213 191 223 226 0.027284 0
727 206 738 235 0.027137 0
761 193 786 241 0.025959 0
786 197 799 231 0.025863 0
735 203 745 234 0.024114 0
770 185 786 201 0.023235 0
553 183 569 216 0.022392 0
959 221 985 262 0.021589 0
719 210 730 235 0.021084 0
694 209 702 232 0.020563 0
737 201 745 215 0.020425 0
960 372 981 405 0.017357 0
739 203 758 237 0.017208 0
743 190 796 288 0.015398 0
758 200 773 216 0.015240 0
670 210 680 233 0.014711 0
693 184 702 227 0.014306 0
963 216 985 253 0.012770 0
958 192 983 230 0.012334 0
1053 197 1081 233 0.012075 0
521 180 536 207 0.011892 0
983 209 1007 235 0.011262 0
1207 190 1225 219 0.010975 0
982 212 1012 261 0.010701 0
865 207 876 236 0.009467 0
738 230 758 252 0.009369 0
976 206 996 249 0.009299 0
1185 227 1201 253 0.009262 0
997 187 1009 217 0.009030 0
539 188 553 216 0.008747 0
332 185 343 198 0.008180 0
800 196 815 228 0.007727 0
737 208 757 251 0.007677 0
1273 200 1279 236 0.007556 0
639 198 654 218 0.007361 0
326 479 372 507 0.007117 0
749 202 772 237 0.007092 0
788 197 803 236 0.007031 0
384 197 395 206 0.006799 0
980 210 996 258 0.006521 0
758 186 786 216 0.006405 0
512 178 525 211 0.006309 0
865 443 876 455 0.006068 0
219 185 232 225 0.005946 0
982 222 994 259 0.005382 0
964 188 981 216 0.005294 0
1234 195 1253 232 0.005066 0
803 184 816 208 0.004954 0
994 216 1009 236 0.004904 0
1040 198 1064 229 0.004766 0
801 201 826 234 0.004751 0
291 479 370 507 0.004616 0
949 275 960 299 0.004542 0
515 183 526 215 0.004500 0
740 201 755 214 0.004467 0
1246 195 1260 234 0.004460 0
311 478 355 499 0.004326 0
796 196 820 264 0.004129 0
954 190 960 204 0.004011 0
1177 344 1187 359 0.003990 0
965 186 980 204 0.003788 0
336 184 354 198 0.003710 0
958 189 979 218 0.003615 0
632 192 643 213 0.003505 0
1212 251 1225 267 0.003433 0
469 190 481 214 0.003423 0
1053 192 1076 221 0.003359 0
645 193 657 213 0.003319 0
280 474 309 501 0.003306 0
270 471 336 506 0.003280 0
1205 409 1216 422 0.003277 0
743 191 796 249 0.003137 0
666 186 672 225 0.003136 0
1216 208 1230 255 0.003090 0
1252 199 1276 233 0.003035 0
282 473 319 504 0.002863 0
992 197 1005 216 0.002858 0
222 188 236 233 0.002837 0
1220 190 1234 214 0.002638 0
1206 209 1227 258 0.002590 0
717 194 728 217 0.002573 0
666 202 677 231 0.002487 0
1237 196 1263 233 0.002368 0
870 156 896 177 0.002368 0
571 181 581 200 0.002311 0
1000 182 1009 211 0.002267 0
666 188 671 204 0.002214 0
693 216 706 237 0.002212 0
350 187 358 198 0.002205 0
782 191 800 231 0.002191 0
768 177 782 198 0.002157 0
863 165 870 179 0.002081 0
1273 203 1279 258 0.002078 0
569 183 581 207 0.002076 0
609 152 625 170 0.001989 0
325 170 343 198 0.001890 0
326 474 398 523 0.001883 0
872 199 904 245 0.001783 0
227 203 239 238 0.001702 0
374 180 392 203 0.001673 0
690 183 703 215 0.001668 0
1178 231 1188 249 0.001655 0
635 192 653 214 0.001626 0
386 440 467 501 0.001588 0
366 166 376 187 0.001550 0
877 200 897 234 0.001531 0
334 491 371 508 0.001484 0
653 201 662 215 0.001466 0
373 166 382 190 0.001464 0
616 176 633 199 0.001435 0
1208 168 1221 216 0.001431 0
632 184 640 198 0.001409 0
693 177 702 203 0.001398 0
1260 200 1279 254 0.001360 0
972 199 993 227 0.001302 0
322 539 381 607 0.001266 0
573 289 596 391 0.001255 0
284 496 370 509 0.001254 0
532 197 554 258 0.001230 0
322 230 356 317 0.001161 0
30 372 87 419 0.001127 0
211 190 231 248 0.001105 0
605 156 633 193 0.001051 0
298 476 340 498 0.001049 0
1233 188 1264 263 0.001048 0
804 170 815 206 0.001034 0
850 208 880 243 0.001002 0
414 250 422 270 0.001001 0
787 192 873 275 0.000990 0
354 185 369 199 0.000986 0
396 182 409 205 0.000981 0
0 360 70 416 0.000979 0
406 179 419 205 0.000974 0
221 198 239 240 0.000959 0
632 201 649 220 0.000936 0
686 189 702 225 0.000908 0
391 452 449 497 0.000898 0
213 187 236 233 0.000895 0
1210 167 1226 215 0.000872 0
220 183 231 194 0.000870 0
335 498 369 509 0.000867 0
1182 184 1223 266 0.000857 0
225 198 241 228 0.000818 0
269 471 306 504 0.000812 0
215 189 243 244 0.000744 0
990 188 1009 216 0.000728 0
1054 227 1077 295 0.000720 0
377 182 397 205 0.000707 0
1227 189 1239 209 0.000693 0
364 165 378 201 0.000670 0
525 186 580 255 0.000663 0
941 199 962 249 0.000658 0
362 165 373 190 0.000656 0
1200 405 1216 421 0.000648 0
1228 199 1245 232 0.000640 0
679 179 693 217 0.000636 0
693 191 711 229 0.000621 0
650 190 662 214 0.000611 0
199 204 207 216 0.000608 0
432 174 445 205 0.000588 0
905 200 940 247 0.000570 0
1239 192 1268 249 0.000559 0
355 205 378 231 0.000550 0
575 282 596 347 0.000537 0
994 191 1015 230 0.000513 0
801 176 815 213 0.000495 0
950 180 961 205 0.000492 0
175 188 182 204 0.000473 0
393 464 437 494 0.000470 0
307 184 326 206 0.000452 0
635 181 650 203 0.000452 0
393 457 471 522 0.000450 0
1196 369 1229 413 0.000436 0
975 187 996 217 0.000433 0
847 194 857 229 0.000431 0
370 168 384 199 0.000403 0
394 463 455 505 0.000391 0
139 589 229 656 0.000385 0
1190 384 1212 411 0.000372 0
0 385 33 448 0.000371 0
679 197 692 215 0.000366 0
612 161 644 198 0.000362 0
957 183 981 209 0.000361 0
1205 405 1228 424 0.000345 0
238 223 248 239 0.000341 0
237 209 252 238 0.000337 0
365 187 376 201 0.000334 0
0 385 35 548 0.000333 0
1189 384 1207 406 0.000331 0
859 148 891 177 0.000298 0
131 542 177 603 0.000298 0
408 250 416 272 0.000297 0
199 197 213 216 0.000296 0
321 238 331 276 0.000293 0
315 200 359 348 0.000288 0
238 216 249 238 0.000282 0
0 337 95 431 0.000276 0
313 472 378 503 0.000276 0
0 377 35 409 0.000268 0
600 343 611 362 0.000264 0
982 182 993 209 0.000259 0
720 232 834 293 0.000256 0
150 601 217 654 0.000251 0
394 470 442 500 0.000248 0
636 161 657 198 0.000248 0
338 187 389 228 0.000230 0
319 245 339 318 0.000227 0
665 192 698 232 0.000223 0
707 240 949 347 0.000222 0
942 201 981 255 0.000219 0
137 596 182 650 0.000217 0
1213 198 1245 264 0.000216 0
1008 455 1022 466 0.000213 0
319 227 352 278 0.000206 0
534 221 548 261 0.000206 0
307 183 326 218 0.000205 0
161 252 171 262 0.000204 0
318 202 330 228 0.000197 0
237 194 256 221 0.000193 0
279 469 380 504 0.000191 0
414 179 427 204 0.000188 0
304 175 368 218 0.000187 0
204 174 234 227 0.000182 0
805 227 835 277 0.000181 0
715 204 778 295 0.000175 0
1212 164 1248 214 0.000175 0
941 169 988 207 0.000169 0
0 401 30 469 0.000168 0
856 221 881 258 0.000168 0
176 609 210 649 0.000163 0
842 167 858 221 0.000163 0
541 201 557 256 0.000162 0
1182 384 1217 420 0.000159 0
573 278 609 379 0.000159 0
243 195 256 214 0.000158 0
190 572 230 652 0.000158 0
349 187 382 290 0.000157 0
0 384 66 531 0.000154 0
0 421 17 444 0.000148 0
853 226 874 282 0.000146 0
194 187 201 212 0.000144 0
0 142 6 205 0.000143 0
325 539 403 586 0.000139 0
363 198 397 218 0.000137 0
355 243 369 274 0.000135 0
394 473 476 535 0.000129 0
197 208 219 226 0.000128 0
167 193 192 218 0.000127 0
132 541 218 602 0.000126 0
410 503 468 549 0.000124 0
638 682 677 703 0.000120 0
597 241 954 352 0.000120 0
462 202 477 271 0.000114 0
401 492 472 555 0.000111 0
160 247 171 261 0.000111 0
852 442 878 472 0.000107 0
357 201 384 229 0.000106 0
0 337 35 384 0.000106 0
0 347 50 404 0.000106 0
843 142 872 192 0.000103 0
0 407 22 479 0.000102 0
353 212 376 279 0.000102 0
954 226 986 270 0.241944 1
740 244 766 301 0.132740 1
952 225 1011 270 0.091591 1
1043 231 1079 262 0.090344 1
780 231 824 277 0.053182 1
739 253 759 301 0.051445 1
953 238 977 270 0.039507 1
749 244 769 292 0.034429 1
785 260 832 282 0.026937 1
1042 231 1066 260 0.025286 1
784 249 828 281 0.022767 1
554 195 569 216 0.022276 1
802 265 832 282 0.020494 1
1027 233 1063 261 0.018727 1
1066 231 1088 256 0.018344 1
781 230 800 271 0.017528 1
1044 210 1074 260 0.017322 1
1060 225 1091 254 0.016257 1
1144 308 1171 348 0.016122 1
1181 186 1201 219 0.016107 1
738 263 753 300 0.015353 1
549 197 559 216 0.014353 1
765 228 794 274 0.011150 1
551 194 564 216 0.010621 1
755 227 787 272 0.008911 1
814 264 833 281 0.008828 1
1053 233 1083 263 0.008779 1
1181 226 1202 259 0.007817 1
740 230 776 302 0.007737 1
1184 215 1205 245 0.007230 1
941 220 983 269 0.006800 1
1071 229 1091 251 0.006707 1
926 272 961 301 0.006652 1
776 238 801 282 0.006391 1
566 201 578 217 0.005637 1
771 211 792 251 0.005603 1
1180 177 1214 222 0.005156 1
751 235 791 283 0.005130 1
1181 203 1203 250 0.005082 1
739 213 789 301 0.004984 1
558 196 580 216 0.004535 1
969 233 1001 269 0.004305 1
1053 202 1091 251 0.004100 1
952 234 985 291 0.003963 1
785 231 802 249 0.003874 1
1104 308 1171 349 0.003692 1
816 262 856 282 0.003601 1
1186 210 1206 227 0.003601 1
783 233 794 249 0.003417 1
1043 200 1070 249 0.003228 1
875 257 909 286 0.003143 1
1181 185 1225 237 0.003120 1
1019 230 1079 279 0.003015 1
880 238 982 276 0.002460 1
889 263 915 295 0.002061 1
1077 215 1096 233 0.001926 1
1041 228 1096 267 0.001924 1
905 263 961 298 0.001882 1
1047 229 1078 285 0.001871 1
864 245 902 285 0.001862 1
892 262 911 288 0.001793 1
1044 209 1122 256 0.001602 1
892 262 924 298 0.001594 1
738 230 833 291 0.001465 1
948 257 961 294 0.001355 1
796 231 838 279 0.001335 1
772 264 835 288 0.001287 1
1068 233 1092 263 0.001240 1
921 210 944 245 0.001131 1
737 272 758 303 0.001126 1
1204 200 1227 230 0.001102 1
1140 310 1181 362 0.001093 1
944 204 983 262 0.001057 1
880 259 924 286 0.000864 1
1175 173 1201 215 0.000819 1
807 266 837 286 0.000818 1
770 258 874 285 0.000789 1
739 202 955 296 0.000762 1
1144 345 1182 360 0.000680 1
952 233 1010 290 0.000658 1
741 243 798 303 0.000649 1
1103 310 1135 336 0.000542 1
885 265 961 305 0.000526 1
868 211 1015 278 0.000496 1
1177 210 1188 223 0.000439 1
960 371 987 396 0.000409 1
509 200 530 247 0.000386 1
927 276 960 315 0.000385 1
958 367 1027 401 0.000379 1
575 295 596 365 0.000369 1
853 255 892 283 0.000366 1
1135 343 1197 368 0.000345 1
1111 315 1197 367 0.000329 1
780 273 812 286 0.000307 1
854 240 889 283 0.000305 1
747 268 925 341 0.000290 1
934 243 989 303 0.000287 1
829 256 890 283 0.000278 1
891 266 932 315 0.000257 1
821 268 853 286 0.000255 1
752 271 768 303 0.000239 1
1104 312 1143 344 0.000230 1
1136 339 1173 361 0.000224 1
1041 276 1061 295 0.000212 1
926 278 944 308 0.000211 1
1139 213 1204 249 0.000209 1
1038 244 1076 295 0.000202 1
902 269 931 300 0.000199 1
925 265 981 303 0.000194 1
726 226 748 248 0.000185 1
1069 309 1177 366 0.000177 1
1165 163 1206 240 0.000177 1
893 269 921 310 0.000171 1
876 267 916 298 0.000170 1
784 200 873 281 0.000169 1
753 215 1221 350 0.000164 1
530 262 599 401 0.000162 1
875 263 930 303 0.000158 1
726 223 742 238 0.000151 1
574 273 602 366 0.000151 1
545 195 574 221 0.000150 1
851 249 878 282 0.000149 1
859 259 901 291 0.000146 1
718 217 775 299 0.000143 1
1173 166 1201 201 0.000135 1
1165 344 1202 386 0.000130 1
1104 309 1163 336 0.000125 1
705 262 775 334 0.000108 1
762 265 839 300 0.000103 1
823 266 865 293 0.000103 1
1005 197 1051 230 0.151487 2
1006 196 1077 230 0.075247 2
480 172 516 216 0.067999 2
523 182 536 195 0.056970 2
1252 197 1277 230 0.049764 2
1007 204 1042 228 0.048860 2
1005 203 1026 223 0.044101 2
1016 202 1048 229 0.038892 2
1006 199 1038 221 0.038851 2
1233 176 1279 233 0.035004 2
864 177 958 251 0.033971 2
480 175 495 198 0.033382 2
825 330 847 343 0.032569 2
691 204 727 234 0.031071 2
554 171 573 200 0.024962 2
483 197 515 217 0.024058 2
1182 232 1225 266 0.023112 2
1272 198 1279 218 0.021649 2
522 182 549 199 0.021502 2
522 170 553 194 0.020992 2
1120 488 1136 496 0.019925 2
479 176 501 210 0.018872 2
670 207 729 234 0.017687 2
1100 224 1120 248 0.016469 2
954 219 1009 268 0.015800 2
1110 487 1137 497 0.015729 2
820 211 854 240 0.015476 2
1008 202 1089 254 0.015441 2
1097 216 1123 248 0.015354 2
1034 196 1052 230 0.015067 2
586 184 620 216 0.015008 2
933 195 956 209 0.013834 2
472 187 507 216 0.013804 2
449 153 523 178 0.013689 2
928 184 955 205 0.013553 2
1271 198 1279 237 0.013320 2
924 186 957 211 0.011543 2
834 223 854 241 0.011077 2
699 209 726 231 0.010638 2
1038 197 1064 227 0.010556 2
522 172 556 206 0.009452 2
498 187 515 211 0.009411 2
449 154 518 203 0.008762 2
1076 212 1109 231 0.008482 2
1194 231 1224 261 0.007944 2
1104 487 1113 495 0.007877 2
1006 208 1041 239 0.007849 2
993 214 1010 236 0.007682 2
1232 181 1279 214 0.007262 2
1074 216 1121 248 0.007084 2
1074 206 1123 237 0.006944 2
877 197 942 244 0.006852 2
522 169 571 200 0.006755 2
832 218 865 241 0.006669 2
922 183 949 204 0.006576 2
1001 212 1027 244 0.006379 2
673 211 701 233 0.006089 2
1051 198 1101 236 0.005964 2
859 177 943 219 0.005875 2
1208 371 1226 388 0.005728 2
996 212 1046 254 0.005645 2
468 187 480 205 0.005558 2
822 221 850 241 0.005556 2
305 180 324 199 0.005382 2
292 177 323 198 0.005316 2
989 214 1014 259 0.005222 2
827 196 950 246 0.005196 2
395 200 409 205 0.005160 2
1235 195 1272 233 0.005124 2
994 215 1027 255 0.005047 2
449 156 489 171 0.004993 2
1003 210 1068 257 0.004847 2
1071 201 1098 232 0.004812 2
994 203 1025 227 0.004743 2
934 197 958 239 0.004576 2
923 189 959 246 0.004509 2
1260 191 1279 206 0.004499 2
1054 197 1083 223 0.004422 2
751 201 769 216 0.004379 2
715 199 742 235 0.004354 2
386 199 397 206 0.003991 2
1232 184 1279 264 0.003959 2
542 160 580 203 0.003884 2
1237 174 1279 206 0.003766 2
325 235 352 255 0.003677 2
495 236 530 251 0.003621 2
970 211 1015 261 0.003588 2
1043 216 1121 249 0.003517 2
907 181 955 211 0.003267 2
873 178 956 210 0.003267 2
459 183 480 206 0.003260 2
824 204 868 240 0.003237 2
449 159 464 170 0.002858 2
1102 217 1136 246 0.002798 2
598 198 648 217 0.002773 2
834 211 877 240 0.002753 2
1261 169 1279 186 0.002743 2
919 215 957 254 0.002697 2
807 198 857 241 0.002674 2
1253 174 1279 201 0.002657 2
1068 226 1121 253 0.002646 2
1042 226 1120 258 0.002552 2
1072 197 1095 217 0.002459 2
1005 178 1057 230 0.002269 2
453 195 473 216 0.002263 2
448 157 491 180 0.002260 2
463 253 478 271 0.002130 2
1266 169 1279 179 0.002082 2
877 198 911 245 0.002007 2
455 202 467 216 0.001977 2
465 180 480 204 0.001927 2
953 194 959 210 0.001926 2
866 207 904 245 0.001842 2
521 169 545 183 0.001831 2
925 178 952 202 0.001826 2
1120 220 1170 247 0.001815 2
1095 210 1133 243 0.001762 2
827 201 901 243 0.001754 2
456 184 479 215 0.001719 2
1096 207 1124 233 0.001637 2
1205 370 1226 405 0.001630 2
433 172 445 194 0.001614 2
1227 167 1247 182 0.001608 2
1049 192 1076 222 0.001582 2
319 219 330 232 0.001575 2
322 210 353 256 0.001544 2
791 330 847 346 0.001539 2
532 248 600 400 0.001517 2
1067 230 1109 260 0.001514 2
1052 192 1090 219 0.001463 2
913 175 953 203 0.001461 2
913 225 948 253 0.001444 2
1185 218 1208 231 0.001416 2
1265 196 1279 261 0.001400 2
436 201 468 218 0.001337 2
921 204 948 245 0.001314 2
567 195 582 216 0.001265 2
1247 167 1279 182 0.001262 2
355 215 370 229 0.001229 2
866 194 959 279 0.001207 2
844 206 874 239 0.001168 2
914 178 937 202 0.001155 2
563 161 580 192 0.001111 2
517 176 536 200 0.001074 2
644 197 664 215 0.001065 2
0 386 34 411 0.001049 2
488 162 523 204 0.001029 2
1002 189 1049 219 0.001020 2
1228 167 1280 199 0.001013 2
438 179 480 215 0.000993 2
848 142 904 175 0.000992 2
866 215 886 243 0.000987 2
1186 216 1227 232 0.000961 2
0 386 34 442 0.000935 2
1272 220 1279 263 0.000917 2
857 177 938 203 0.000860 2
869 198 1005 265 0.000850 2
877 199 901 234 0.000830 2
599 180 628 201 0.000829 2
431 169 455 190 0.000800 2
865 206 885 236 0.000791 2
866 152 895 175 0.000775 2
1260 212 1279 263 0.000748 2
448 159 477 178 0.000741 2
562 173 582 200 0.000729 2
1264 363 1279 377 0.000716 2
434 167 464 183 0.000716 2
437 205 453 219 0.000667 2
1078 191 1092 204 0.000650 2
397 199 419 206 0.000641 2
703 302 770 335 0.000636 2
1118 180 1202 247 0.000617 2
1245 167 1263 182 0.000614 2
432 173 454 206 0.000603 2
613 185 641 207 0.000602 2
853 441 878 455 0.000592 2
352 203 371 228 0.000588 2
380 177 447 205 0.000580 2
382 182 405 205 0.000579 2
1221 164 1253 205 0.000575 2
604 171 624 186 0.000568 2
373 198 393 206 0.000556 2
1079 191 1120 219 0.000544 2
1266 237 1279 269 0.000542 2
326 196 370 237 0.000538 2
1188 365 1233 418 0.000533 2
354 199 384 229 0.000511 2
319 191 368 252 0.000511 2
1116 215 1143 243 0.000504 2
919 211 941 245 0.000492 2
353 188 369 200 0.000472 2
411 172 446 203 0.000465 2
1249 209 1277 243 0.000465 2
802 181 848 225 0.000462 2
520 147 574 200 0.000455 2
353 197 389 213 0.000454 2
414 204 453 223 0.000443 2
446 161 466 181 0.000442 2
946 199 960 230 0.000424 2
910 177 932 191 0.000416 2
1181 164 1221 222 0.000414 2
872 177 936 195 0.000412 2
433 199 459 212 0.000408 2
431 193 451 207 0.000404 2
636 205 730 232 0.000402 2
1006 161 1090 229 0.000396 2
467 144 525 177 0.000395 2
357 193 392 208 0.000377 2
1187 352 1278 419 0.000372 2
360 202 383 220 0.000367 2
0 279 72 290 0.000366 2
348 197 375 229 0.000358 2
1012 456 1025 466 0.000344 2
1205 366 1253 391 0.000338 2
916 209 1240 324 0.000336 2
329 205 372 231 0.000334 2
1191 374 1223 406 0.000331 2
847 201 859 237 0.000323 2
1094 187 1121 216 0.000318 2
297 188 393 225 0.000312 2
318 204 331 231 0.000306 2
659 185 699 229 0.000301 2
273 176 324 200 0.000301 2
0 386 48 471 0.000301 2
449 198 479 219 0.000300 2
446 162 475 188 0.000293 2
447 160 495 204 0.000288 2
1182 351 1227 412 0.000288 2
856 177 931 186 0.000286 2
1103 164 1148 185 0.000285 2
1263 363 1279 385 0.000277 2
1201 354 1263 390 0.000274 2
0 385 71 434 0.000263 2
574 274 601 347 0.000262 2
391 180 602 316 0.000261 2
615 183 729 225 0.000249 2
826 221 869 246 0.000246 2
832 164 858 180 0.000242 2
697 184 729 211 0.000239 2
1197 358 1232 389 0.000230 2
1154 183 1192 215 0.000216 2
941 216 1126 290 0.000215 2
1194 369 1265 409 0.000204 2
952 218 1032 277 0.000202 2
0 382 85 465 0.000196 2
388 192 416 206 0.000189 2
452 202 472 222 0.000189 2
1119 487 1143 499 0.000187 2
1182 382 1206 403 0.000186 2
802 213 834 249 0.000180 2
1138 185 1183 218 0.000178 2
943 161 993 210 0.000174 2
415 206 453 232 0.000173 2
432 160 470 182 0.000170 2
122 225 135 235 0.000168 2
840 438 878 454 0.000166 2
114 223 136 237 0.000160 2
325 184 375 276 0.000149 2
696 177 713 201 0.000141 2
1020 312 1091 340 0.000139 2
440 204 471 223 0.000137 2
575 276 596 328 0.000137 2
836 136 898 150 0.000135 2
1163 338 1274 414 0.000134 2
1267 254 1279 270 0.000133 2
0 255 49 281 0.000131 2
591 171 612 192 0.000130 2
819 219 855 246 0.000130 2
838 140 867 169 0.000128 2
410 204 454 243 0.000127 2
0 386 34 494 0.000125 2
1013 455 1034 466 0.000124 2
1123 209 1188 238 0.000123 2
454 201 476 237 0.000121 2
0 335 35 433 0.000120 2
492 143 526 179 0.000117 2
603 159 666 210 0.000113 2
845 174 905 238 0.000112 2
1095 164 1149 207 0.000105 2
211 183 272 236 0.000105 2
576 279 593 306 0.000105 2
412 201 432 205 0.000103 2
581 227 916 305 0.000101 2
1043 227 1077 262 0.032574 3
954 234 1012 269 0.013155 3
1048 205 1078 257 0.012701 3
1011 228 1071 261 0.004267 3
1006 214 1095 261 0.003815 3
738 205 898 282 0.000664 3
723 236 934 340 0.000166 3
806 137 947 246 0.127547 5
831 135 936 177 0.033933 5
449 151 522 180 0.018712 5
1230 169 1279 232 0.014484 5
830 135 901 168 0.010398 5
586 184 636 216 0.004605 5
1244 168 1279 203 0.003280 5
810 158 858 184 0.001917 5
500 150 524 179 0.000833 5
831 136 862 166 0.000787 5
1101 162 1152 186 0.000739 5
1136 183 1185 218 0.000428 5
853 137 939 167 0.000426 5
868 144 907 176 0.000318 5
1090 181 1154 235 0.000259 5
885 136 938 171 0.000249 5
847 158 914 240 0.000208 5
1115 183 1177 223 0.000196 5
1154 184 1180 214 0.000184 5
825 158 858 171 0.000181 5
846 154 869 239 0.000160 5
836 137 950 207 0.000126 5
806 137 944 243 0.253364 7
1118 183 1186 247 0.184514 7
803 159 856 237 0.132341 7
1120 210 1185 247 0.082475 7
851 176 956 244 0.063279 7
586 183 620 216 0.056480 7
1231 174 1279 233 0.036326 7
691 143 945 242 0.027093 7
1096 181 1202 253 0.019914 7
550 172 576 202 0.018782 7
522 166 577 204 0.016511 7
451 151 524 188 0.013354 7
1180 185 1222 260 0.012929 7
807 173 958 256 0.012873 7
672 200 728 233 0.011218 7
585 183 643 218 0.008899 7
1005 190 1056 230 0.007474 7
1204 168 1279 233 0.006247 7
451 160 576 209 0.005985 7
447 157 521 213 0.005322 7
1094 163 1159 242 0.004454 7
998 188 1189 253 0.004221 7
804 139 880 238 0.004176 7
540 172 575 210 0.004172 7
1083 189 1177 248 0.004069 7
694 192 801 236 0.004049 7
721 171 954 262 0.003976 7
682 197 894 234 0.003964 7
474 172 554 215 0.003936 7
547 162 574 200 0.003583 7
512 172 569 204 0.003379 7
693 195 746 233 0.003033 7
712 152 861 243 0.002508 7
1052 200 1121 238 0.002289 7
1139 165 1225 255 0.001848 7
448 154 503 177 0.001496 7
692 157 809 236 0.001477 7
1206 185 1279 266 0.001448 7
809 159 856 184 0.001398 7
680 76 946 240 0.001333 7
482 169 581 220 0.001323 7
449 127 529 180 0.001184 7
1077 150 1189 247 0.001134 7
313 197 392 336 0.001071 7
856 174 925 238 0.000974 7
877 197 908 237 0.000909 7
694 185 731 231 0.000875 7
663 184 730 233 0.000778 7
517 143 579 203 0.000678 7
546 184 653 220 0.000675 7
808 141 1045 257 0.000579 7
1121 183 1185 219 0.000550 7
502 159 685 217 0.000513 7
559 189 730 232 0.000501 7
869 184 914 236 0.000497 7
465 170 719 227 0.000488 7
909 200 1247 338 0.000395 7
607 169 722 222 0.000385 7
301 196 392 289 0.000383 7
1038 185 1256 289 0.000370 7
541 176 623 216 0.000335 7
1097 162 1155 207 0.000334 7
1058 105 1202 250 0.000314 7
446 133 563 210 0.000313 7
925 175 985 209 0.000290 7
596 163 643 217 0.000269 7
1008 143 1093 231 0.000255 7
713 197 843 274 0.000245 7
1018 111 1117 233 0.000235 7
346 199 391 319 0.000215 7
320 188 593 323 0.000215 7
756 170 1049 291 0.000186 7
377 185 470 207 0.000184 7
664 172 723 224 0.000183 7
303 194 366 317 0.000179 7
459 176 755 375 0.000168 7
1146 173 1280 299 0.000164 7
717 147 839 220 0.000154 7
660 139 838 233 0.000151 7
853 144 990 211 0.000149 7
470 183 604 398 0.000149 7
577 157 623 217 0.000148 7
534 158 619 214 0.000144 7
1083 91 1242 249 0.000136 7
847 162 869 237 0.000135 7
727 161 800 215 0.000134 7
508 93 727 229 0.000122 7
391 203 456 268 0.000116 7
605 165 666 216 0.000114 7
313 192 376 256 0.000112 7
601 155 636 209 0.000112 7
794 122 936 178 0.000107 7
791 103 1137 252 0.000105 7
410 207 452 255 0.000104 7
731 175 786 215 0.000101 7
1088 150 1103 178 0.286598 9
513 151 523 176 0.178129 9
1005 136 1015 172 0.057739 9
1001 135 1013 176 0.033733 9
693 185 702 204 0.024553 9
704 154 712 174 0.022307 9
325 162 353 199 0.013021 9
1002 168 1008 177 0.010321 9
170 64 203 91 0.010137 9
1090 150 1110 176 0.008816 9
313 151 344 198 0.007320 9
1052 110 1083 147 0.006730 9
1014 136 1024 154 0.006358 9
696 151 708 175 0.006300 9
700 86 716 128 0.006129 9
1014 135 1023 170 0.005988 9
693 176 701 188 0.005810 9
332 182 346 199 0.005665 9
894 156 905 171 0.005247 9
1183 163 1201 218 0.005137 9
701 152 713 174 0.005042 9
373 166 381 183 0.004935 9
336 163 352 198 0.004832 9
1186 163 1201 188 0.004818 9
993 142 1000 164 0.004581 9
596 125 605 144 0.004320 9
366 166 375 187 0.004237 9
895 164 904 177 0.004073 9
703 115 714 130 0.004013 9
1006 134 1023 174 0.003941 9
1015 135 1025 147 0.003764 9
1015 149 1024 170 0.003691 9
879 155 894 174 0.003534 9
1192 384 1205 402 0.003363 9
1207 169 1217 195 0.003262 9
665 183 671 202 0.003256 9
1090 134 1107 177 0.003117 9
702 110 716 129 0.003043 9
706 154 717 178 0.002941 9
663 171 671 189 0.002859 9
692 168 703 180 0.002461 9
587 174 594 185 0.002457 9
586 118 598 141 0.002455 9
689 170 702 202 0.002324 9
1206 167 1221 194 0.002221 9
689 169 700 181 0.002184 9
1210 167 1226 193 0.002171 9
702 172 712 184 0.002148 9
698 72 719 129 0.002106 9
596 64 625 93 0.002019 9
1110 191 1120 204 0.001934 9
702 99 718 129 0.001848 9
592 119 603 148 0.001827 9
259 143 269 159 0.001811 9
1142 164 1155 185 0.001758 9
885 150 906 172 0.001661 9
119 64 161 76 0.001655 9
680 180 688 199 0.001633 9
586 168 594 184 0.001627 9
1080 150 1102 182 0.001602 9
1121 165 1150 185 0.001563 9
681 173 688 192 0.001537 9
595 115 626 166 0.001510 9
900 155 909 174 0.001483 9
581 64 596 94 0.001480 9
678 65 694 119 0.001450 9
569 161 579 176 0.001446 9
834 138 860 165 0.001382 9
513 164 524 201 0.001318 9
697 120 709 155 0.001318 9
997 133 1008 174 0.001315 9
697 67 713 122 0.001314 9
869 153 894 176 0.001302 9
1227 166 1248 181 0.001248 9
997 134 1016 175 0.001205 9
512 140 526 176 0.001129 9
681 165 689 184 0.001116 9
1001 171 1009 190 0.001108 9
881 137 938 173 0.001059 9
706 84 719 119 0.001027 9
698 122 714 154 0.000980 9
587 175 599 185 0.000939 9
678 69 691 103 0.000915 9
1096 174 1104 199 0.000911 9
804 162 845 208 0.000908 9
692 99 718 167 0.000896 9
362 165 374 188 0.000857 9
651 180 663 205 0.000843 9
593 64 657 94 0.000838 9
705 121 717 155 0.000835 9
609 152 624 167 0.000833 9
312 151 327 198 0.000811 9
852 116 864 137 0.000741 9
708 149 718 176 0.000725 9
1097 129 1109 150 0.000701 9
641 164 659 188 0.000698 9
691 127 716 180 0.000696 9
588 119 602 162 0.000674 9
1105 164 1153 186 0.000659 9
1098 166 1112 186 0.000654 9
650 167 662 191 0.000650 9
690 119 711 130 0.000644 9
838 119 851 135 0.000630 9
595 115 606 145 0.000613 9
1088 183 1098 196 0.000607 9
645 168 667 203 0.000603 9
1093 129 1111 176 0.000597 9
898 159 911 178 0.000590 9
687 120 698 154 0.000585 9
156 64 202 86 0.000578 9
681 65 716 150 0.000574 9
636 162 648 187 0.000560 9
504 150 524 179 0.000547 9
698 65 708 117 0.000546 9
1081 172 1092 184 0.000539 9
803 156 856 198 0.000531 9
636 162 660 202 0.000527 9
1221 164 1240 190 0.000522 9
726 97 738 116 0.000510 9
585 119 601 154 0.000502 9
161 64 174 76 0.000502 9
240 177 246 190 0.000491 9
800 154 812 210 0.000490 9
351 156 362 196 0.000481 9
1100 186 1120 205 0.000478 9
869 121 880 136 0.000474 9
691 146 708 180 0.000468 9
643 178 660 204 0.000454 9
685 64 708 122 0.000454 9
356 218 370 230 0.000452 9
334 159 360 199 0.000445 9
157 64 172 74 0.000439 9
312 142 363 199 0.000439 9
719 118 729 130 0.000437 9
832 147 846 164 0.000424 9
581 78 600 138 0.000422 9
681 91 714 179 0.000420 9
1048 166 1055 177 0.000418 9
623 64 649 92 0.000416 9
1105 192 1121 208 0.000413 9
1076 141 1103 179 0.000411 9
109 148 127 166 0.000402 9
684 120 700 178 0.000393 9
582 64 596 72 0.000387 9
993 135 1000 152 0.000387 9
844 116 860 137 0.000384 9
726 96 739 106 0.000384 9
518 149 542 176 0.000383 9
1205 158 1226 193 0.000377 9
719 150 726 158 0.000373 9
892 137 937 156 0.000369 9
569 161 581 186 0.000368 9
680 123 691 160 0.000367 9
597 145 618 165 0.000365 9
680 138 690 172 0.000359 9
688 150 700 177 0.000349 9
999 129 1006 136 0.000334 9
697 73 738 130 0.000330 9
1151 164 1164 185 0.000326 9
831 164 858 184 0.000323 9
1098 171 1123 206 0.000317 9
586 164 601 185 0.000316 9
624 121 636 158 0.000303 9
119 64 177 79 0.000302 9
183 144 199 168 0.000302 9
463 241 478 271 0.000302 9
865 122 871 136 0.000299 9
605 139 625 167 0.000297 9
637 121 653 163 0.000295 9
908 137 938 154 0.000293 9
1086 189 1095 201 0.000284 9
1019 138 1031 157 0.000284 9
1154 163 1167 184 0.000275 9
1189 159 1212 187 0.000274 9
610 151 630 181 0.000271 9
1047 175 1057 194 0.000269 9
713 95 729 131 0.000268 9
97 178 105 202 0.000266 9
708 81 724 112 0.000266 9
680 151 689 183 0.000263 9
1214 163 1250 208 0.000254 9
624 64 638 74 0.000249 9
643 119 660 163 0.000245 9
1206 155 1228 182 0.000240 9
698 64 715 97 0.000239 9
586 123 606 185 0.000239 9
1086 149 1106 201 0.000239 9
725 96 739 126 0.000232 9
568 144 579 173 0.000229 9
1146 163 1160 185 0.000226 9
98 177 110 203 0.000225 9
1096 184 1107 206 0.000223 9
0 144 6 189 0.000223 9
598 117 626 148 0.000221 9
581 64 597 83 0.000212 9
625 138 632 158 0.000211 9
981 141 996 163 0.000209 9
648 133 657 162 0.000207 9
415 64 434 127 0.000203 9
651 178 694 220 0.000201 9
637 85 660 104 0.000199 9
578 64 662 157 0.000198 9
1017 144 1034 163 0.000193 9
716 152 726 177 0.000191 9
100 147 128 178 0.000188 9
1225 158 1251 182 0.000184 9
566 142 577 161 0.000183 9
1013 159 1026 176 0.000177 9
257 143 270 180 0.000177 9
853 109 865 124 0.000176 9
370 160 382 185 0.000175 9
545 141 551 156 0.000171 9
717 89 732 127 0.000168 9
660 168 693 199 0.000167 9
1041 183 1050 199 0.000163 9
583 66 607 157 0.000162 9
993 160 1011 177 0.000158 9
580 120 601 177 0.000158 9
905 136 938 169 0.000156 9
713 156 728 184 0.000155 9
1205 149 1224 173 0.000155 9
800 151 810 161 0.000153 9
629 64 659 93 0.000152 9
341 64 363 111 0.000149 9
1059 112 1075 171 0.000149 9
831 123 844 134 0.000147 9
1053 138 1065 159 0.000145 9
1132 160 1154 170 0.000142 9
210 68 220 85 0.000140 9
637 79 655 91 0.000139 9
712 80 722 92 0.000138 9
1050 109 1084 232 0.000136 9
1064 109 1085 143 0.000134 9
161 75 190 91 0.000132 9
322 94 330 118 0.000132 9
666 168 684 188 0.000132 9
715 81 730 98 0.000129 9
1075 182 1096 203 0.000129 9
579 64 603 98 0.000127 9
675 64 697 173 0.000125 9
168 64 249 91 0.000125 9
545 112 551 135 0.000125 9
1207 148 1225 166 0.000124 9
850 116 878 136 0.000123 9
578 66 589 95 0.000120 9
209 66 232 86 0.000119 9
712 81 730 116 0.000118 9
1015 133 1031 157 0.000118 9
831 117 849 134 0.000116 9
312 141 337 194 0.000114 9
636 79 658 102 0.000114 9
170 144 182 170 0.000113 9
703 157 721 184 0.000112 9
1200 131 1214 186 0.000112 9
1047 159 1056 176 0.000112 9
1070 141 1095 198 0.000111 9
1031 149 1040 160 0.000109 9
264 68 273 82 0.000108 9
1106 153 1124 172 0.000108 9
360 154 379 189 0.000108 9
449 151 490 171 0.000107 9
880 127 892 138 0.000107 9
1215 158 1233 176 0.000106 9
753 132 763 150 0.000106 9
635 88 659 113 0.000105 9
578 71 586 101 0.000104 9
813 151 833 163 0.000104 9
1043 181 1063 202 0.000102 9
1031 143 1040 155 0.000102 9
255 83 267 97 0.000102 9
1051 111 1082 147 0.082631 11
1181 189 1200 214 0.047772 11
324 110 367 163 0.043057 11
1181 169 1201 216 0.017546 11
416 64 433 98 0.000389 11
415 64 434 121 0.000341 11
320 112 367 199 0.000140 11
1070 129 1089 150 0.000121 11
351 126 366 159 0.000108 11
