705 195 737 273 0.765779 0
1027 199 1072 323 0.569389 0
1121 212 1137 247 0.304803 0
911 187 943 263 0.152216 0
527 195 560 246 0.087815 0
919 187 938 252 0.061875 0
1102 195 1115 221 0.060546 0
555 172 569 199 0.053458 0
1119 218 1139 255 0.052383 0
1102 196 1115 244 0.039781 0
920 187 938 223 0.039264 0
991 210 997 224 0.039249 0
1125 210 1137 225 0.035032 0
692 184 705 232 0.032930 0
522 182 536 200 0.032426 0
526 196 550 239 0.031685 0
645 199 654 214 0.030031 0
1029 199 1070 278 0.027891 0
1102 215 1115 249 0.027682 0
1025 204 1101 312 0.026667 0
214 194 224 226 0.026252 0
692 205 706 235 0.024185 0
1133 212 1145 233 0.023586 0
670 209 681 233 0.021407 0
865 207 876 235 0.020943 0
1103 215 1137 254 0.020431 0
909 192 930 263 0.020111 0
386 197 395 206 0.019353 0
1213 197 1226 225 0.018671 0
1115 207 1127 224 0.017986 0
693 183 703 212 0.016495 0
245 207 261 240 0.016154 0
573 181 581 200 0.015079 0
1127 213 1159 251 0.014929 0
518 196 531 238 0.014714 0
306 184 325 198 0.014320 0
633 202 645 217 0.014285 0
917 192 949 257 0.013963 0
948 273 960 299 0.013228 0
692 202 715 274 0.012516 0
519 192 527 207 0.012007 0
1165 234 1175 247 0.011960 0
1037 199 1058 222 0.011507 0
985 208 996 224 0.010975 0
1217 213 1227 232 0.010631 0
785 197 793 214 0.009670 0
691 208 712 241 0.009466 0
973 209 983 223 0.009293 0
522 183 537 213 0.008892 0
528 193 551 221 0.008810 0
568 177 579 201 0.008786 0
1216 199 1227 231 0.008416 0
1097 195 1112 219 0.008405 0
560 177 579 202 0.007667 0
1131 209 1144 222 0.007554 0
513 194 520 209 0.007287 0
1106 196 1119 223 0.006409 0
738 201 745 213 0.006243 0
1032 200 1059 264 0.006240 0
1037 199 1069 240 0.006217 0
737 202 746 223 0.006037 0
997 206 1006 220 0.006008 0
539 189 550 201 0.005815 0
1178 232 1188 247 0.005722 0
241 213 254 240 0.005661 0
1210 194 1226 216 0.005426 0
905 183 939 246 0.005386 0
1194 384 1205 402 0.005199 0
988 201 1001 223 0.005109 0
513 186 524 209 0.005006 0
1093 210 1114 238 0.004937 0
864 441 876 455 0.004796 0
1110 193 1119 210 0.004756 0
534 187 547 201 0.004531 0
1043 200 1063 222 0.004402 0
222 185 231 205 0.004399 0
1002 238 1026 255 0.004326 0
1115 197 1127 221 0.004234 0
1206 368 1227 415 0.004183 0
379 182 396 205 0.003970 0
1000 193 1007 213 0.003950 0
950 273 960 291 0.003810 0
374 171 391 203 0.003695 0
919 183 938 206 0.003621 0
242 194 261 231 0.003605 0
1055 487 1066 497 0.003572 0
515 182 526 216 0.003560 0
703 225 718 274 0.003365 0
918 191 951 224 0.003271 0
666 187 672 230 0.003268 0
989 206 1003 225 0.003104 0
734 201 746 234 0.003094 0
890 202 904 239 0.003075 0
513 193 522 216 0.003020 0
1002 241 1013 256 0.002918 0
374 182 388 204 0.002853 0
372 166 382 192 0.002738 0
693 176 704 219 0.002591 0
666 198 679 232 0.002457 0
1071 482 1080 493 0.002390 0
1273 207 1279 255 0.002253 0
653 201 662 216 0.002222 0
1193 384 1212 417 0.002217 0
1092 193 1115 237 0.002169 0
629 202 647 220 0.002168 0
848 206 876 238 0.002150 0
219 184 230 224 0.002134 0
873 203 893 235 0.002104 0
1203 408 1215 421 0.002080 0
785 197 797 232 0.002067 0
1053 224 1068 258 0.002064 0
397 185 409 205 0.002007 0
1175 227 1188 247 0.001996 0
784 195 793 207 0.001962 0
587 171 594 185 0.001877 0
975 214 1023 247 0.001874 0
646 191 660 214 0.001852 0
1215 216 1226 234 0.001841 0
330 186 343 199 0.001778 0
408 178 419 205 0.001740 0
1205 376 1222 406 0.001737 0
1219 209 1229 231 0.001735 0
210 189 225 225 0.001666 0
861 207 879 242 0.001617 0
1097 192 1108 212 0.001596 0
325 235 351 254 0.001540 0
880 155 895 174 0.001531 0
666 189 671 204 0.001529 0
222 182 232 197 0.001501 0
697 198 710 230 0.001480 0
978 207 991 224 0.001461 0
981 202 997 224 0.001453 0
240 207 260 259 0.001420 0
863 165 869 178 0.001416 0
371 167 384 198 0.001404 0
878 153 900 176 0.001400 0
352 188 363 199 0.001372 0
341 187 353 198 0.001318 0
1241 205 1248 232 0.001241 0
215 182 229 223 0.001230 0
1051 482 1065 496 0.001228 0
718 193 730 215 0.001223 0
1209 370 1226 400 0.001207 0
513 179 532 207 0.001144 0
878 199 900 233 0.001137 0
1116 193 1137 246 0.001130 0
638 161 652 206 0.001128 0
691 175 712 231 0.001107 0
212 191 227 242 0.001087 0
650 187 662 212 0.001079 0
415 250 422 270 0.001068 0
574 300 594 371 0.001055 0
175 187 182 203 0.001037 0
706 235 736 272 0.001018 0
86 221 94 235 0.000998 0
264 202 276 233 0.000992 0
1001 182 1008 210 0.000933 0
466 197 482 217 0.000870 0
513 199 533 242 0.000862 0
1055 202 1071 235 0.000850 0
901 202 912 240 0.000846 0
353 185 369 199 0.000843 0
522 179 566 247 0.000831 0
1036 192 1049 221 0.000826 0
1057 224 1088 254 0.000819 0
1061 201 1071 223 0.000815 0
667 192 695 232 0.000804 0
361 165 385 201 0.000780 0
1025 222 1044 263 0.000764 0
214 186 234 235 0.000757 0
1049 213 1082 254 0.000753 0
679 180 693 218 0.000749 0
1243 197 1255 231 0.000749 0
671 211 691 234 0.000698 0
1266 191 1279 257 0.000689 0
1118 194 1135 223 0.000689 0
1088 198 1117 251 0.000682 0
575 280 595 346 0.000662 0
722 200 734 233 0.000600 0
117 393 129 402 0.000577 0
864 177 948 253 0.000576 0
320 232 357 323 0.000555 0
630 180 641 201 0.000545 0
1193 381 1220 422 0.000532 0
679 193 692 216 0.000511 0
616 196 738 276 0.000492 0
324 201 354 255 0.000489 0
354 205 377 231 0.000481 0
1090 197 1098 211 0.000477 0
1019 206 1045 247 0.000472 0
879 192 925 242 0.000466 0
1119 188 1133 218 0.000466 0
694 171 711 202 0.000455 0
634 161 658 202 0.000437 0
1057 194 1073 223 0.000436 0
171 186 188 216 0.000427 0
379 198 396 217 0.000421 0
629 188 646 215 0.000419 0
570 184 582 215 0.000413 0
737 201 750 226 0.000411 0
847 201 864 239 0.000384 0
633 188 657 214 0.000376 0
962 370 981 407 0.000358 0
1195 368 1231 424 0.000357 0
769 197 794 234 0.000350 0
802 170 817 207 0.000349 0
453 199 480 250 0.000348 0
989 200 1087 275 0.000347 0
230 212 259 258 0.000344 0
1247 202 1260 233 0.000341 0
384 184 399 206 0.000339 0
575 282 594 322 0.000338 0
408 250 415 272 0.000337 0
372 172 399 206 0.000331 0
1123 186 1135 202 0.000322 0
707 191 731 229 0.000313 0
863 434 876 456 0.000311 0
1261 208 1279 254 0.000291 0
210 203 264 263 0.000289 0
1076 234 1096 267 0.000283 0
854 193 876 237 0.000281 0
803 184 825 211 0.000271 0
218 253 226 263 0.000257 0
0 375 17 398 0.000257 0
240 192 261 219 0.000254 0
1209 167 1226 216 0.000251 0
952 184 959 206 0.000248 0
1186 393 1215 421 0.000235 0
624 176 637 194 0.000233 0
993 195 1011 224 0.000230 0
292 197 360 355 0.000227 0
846 183 861 238 0.000223 0
864 442 877 463 0.000217 0
207 187 262 245 0.000213 0
654 542 719 611 0.000213 0
1039 185 1049 200 0.000209 0
262 195 272 211 0.000207 0
210 183 249 234 0.000206 0
242 197 268 239 0.000188 0
394 193 413 206 0.000187 0
194 187 201 211 0.000187 0
182 190 260 255 0.000186 0
577 278 592 295 0.000175 0
833 164 859 236 0.000175 0
321 240 330 276 0.000171 0
1121 196 1144 223 0.000168 0
204 175 228 227 0.000167 0
847 156 916 240 0.000166 0
919 183 946 213 0.000161 0
859 147 887 176 0.000160 0
572 278 609 385 0.000153 0
411 178 427 204 0.000152 0
847 145 869 242 0.000149 0
1272 407 1279 418 0.000147 0
856 217 875 268 0.000143 0
319 221 351 278 0.000143 0
840 176 860 239 0.000141 0
669 180 706 233 0.000133 0
855 223 871 280 0.000132 0
319 247 346 319 0.000130 0
327 192 371 271 0.000130 0
848 187 871 237 0.000128 0
195 175 231 221 0.000128 0
1039 190 1070 222 0.000127 0
267 217 278 232 0.000126 0
1050 108 1084 221 0.000118 0
608 158 624 186 0.000118 0
318 216 338 318 0.000117 0
841 221 872 259 0.000109 0
0 152 7 203 0.000109 0
344 192 378 290 0.000109 0
384 196 412 216 0.000107 0
717 188 746 215 0.000107 0
327 215 369 284 0.000103 0
199 203 213 218 0.000103 0
1022 244 1103 337 0.716207 1
528 211 560 253 0.223080 1
919 210 944 262 0.110747 1
1108 229 1125 261 0.099662 1
912 188 946 263 0.098241 1
1113 230 1130 258 0.074076 1
510 200 561 253 0.054512 1
1115 223 1135 257 0.046635 1
1118 228 1163 257 0.041717 1
1102 217 1129 260 0.035085 1
1101 228 1122 261 0.033923 1
1055 250 1104 334 0.033315 1
497 235 537 254 0.029899 1
1101 225 1116 257 0.026788 1
1021 259 1048 301 0.025425 1
1022 275 1057 332 0.023906 1
1143 309 1171 350 0.023122 1
1099 224 1166 261 0.022120 1
532 225 560 254 0.017590 1
920 204 970 262 0.016995 1
1021 271 1046 297 0.016840 1
1021 271 1047 323 0.016714 1
486 231 560 255 0.012522 1
1181 183 1202 215 0.012139 1
1021 254 1054 312 0.011859 1
515 187 560 242 0.011367 1
1069 230 1090 249 0.010632 1
1052 223 1170 263 0.009980 1
927 274 959 302 0.009939 1
1030 242 1073 330 0.009829 1
1101 219 1147 258 0.009377 1
1065 273 1103 335 0.008208 1
1025 270 1091 336 0.007668 1
689 207 706 234 0.006647 1
1101 238 1117 261 0.006193 1
632 201 649 217 0.005958 1
1025 271 1056 315 0.005865 1
1118 308 1170 351 0.005512 1
1183 192 1224 230 0.005399 1
1028 230 1104 296 0.005332 1
1068 233 1092 259 0.005069 1
535 198 559 217 0.004864 1
868 183 944 261 0.004838 1
1142 309 1184 355 0.004593 1
1180 183 1223 217 0.004469 1
527 197 626 251 0.004241 1
1180 189 1200 226 0.004071 1
1043 241 1090 326 0.003786 1
1029 216 1084 329 0.003712 1
494 217 559 254 0.003684 1
940 273 959 302 0.003443 1
1067 227 1118 255 0.003377 1
1027 254 1050 276 0.002894 1
1190 214 1224 231 0.002368 1
480 243 602 282 0.002314 1
548 198 575 217 0.002282 1
458 196 560 254 0.002096 1
909 208 938 265 0.002043 1
673 209 697 232 0.001799 1
1181 168 1217 216 0.001637 1
1059 248 1092 319 0.001636 1
914 204 975 296 0.001635 1
1011 236 1033 257 0.001431 1
534 223 594 253 0.001402 1
1074 232 1118 264 0.001398 1
884 204 906 244 0.001385 1
1057 226 1092 257 0.001378 1
1062 236 1091 280 0.001328 1
964 371 986 393 0.001327 1
534 219 566 245 0.001312 1
1119 277 1169 350 0.001160 1
1136 309 1198 373 0.001147 1
894 196 958 303 0.001089 1
1038 222 1083 305 0.001023 1
962 370 1028 400 0.000979 1
1064 253 1102 319 0.000826 1
919 215 1112 341 0.000773 1
1144 337 1195 359 0.000762 1
1016 233 1214 351 0.000728 1
526 230 599 280 0.000715 1
561 200 579 217 0.000694 1
1078 288 1103 331 0.000685 1
1174 213 1187 223 0.000684 1
575 298 595 349 0.000684 1
902 202 918 244 0.000671 1
858 198 946 286 0.000663 1
471 227 584 273 0.000634 1
1065 249 1086 298 0.000618 1
1024 301 1091 335 0.000605 1
1141 183 1200 238 0.000601 1
1172 219 1197 247 0.000528 1
911 197 995 259 0.000525 1
1024 308 1061 334 0.000478 1
894 271 961 309 0.000469 1
921 224 1233 450 0.000429 1
573 293 596 394 0.000421 1
1062 297 1098 337 0.000419 1
805 261 831 282 0.000403 1
1017 267 1041 295 0.000387 1
896 216 939 286 0.000382 1
926 279 943 307 0.000373 1
864 245 909 287 0.000369 1
965 261 1103 338 0.000351 1
896 228 916 259 0.000338 1
528 202 577 236 0.000337 1
919 272 984 303 0.000314 1
1075 284 1103 318 0.000297 1
785 259 824 282 0.000284 1
1091 307 1193 384 0.000277 1
893 262 906 286 0.000276 1
928 282 951 313 0.000264 1
969 259 1079 316 0.000262 1
892 266 909 293 0.000253 1
1181 213 1225 266 0.000252 1
1008 222 1173 313 0.000240 1
532 258 599 400 0.000237 1
574 279 605 356 0.000237 1
766 251 803 282 0.000205 1
921 271 964 324 0.000197 1
896 279 932 314 0.000195 1
1150 309 1168 341 0.000187 1
897 237 916 269 0.000184 1
907 273 930 305 0.000183 1
899 267 916 297 0.000180 1
895 283 909 305 0.000178 1
894 238 923 294 0.000170 1
911 277 934 314 0.000169 1
1015 265 1107 361 0.000161 1
897 283 915 312 0.000158 1
1150 167 1203 219 0.000145 1
789 329 847 361 0.000144 1
1167 344 1212 402 0.000140 1
783 254 807 282 0.000134 1
832 213 1142 423 0.000128 1
1095 301 1114 331 0.000124 1
18 230 39 256 0.000123 1
699 177 1163 386 0.000121 1
1099 305 1112 327 0.000117 1
180 228 241 259 0.000114 1
913 268 930 299 0.000109 1
913 225 936 289 0.000108 1
1162 345 1187 361 0.000107 1
947 371 1029 428 0.000106 1
1124 275 1242 356 0.000103 1
193 222 238 242 0.000103 1
1099 225 1165 258 0.110284 2
1131 228 1165 253 0.083148 2
1008 212 1025 226 0.046570 2
523 183 536 198 0.035245 2
1007 198 1043 226 0.032537 2
1118 228 1164 260 0.030150 2
1005 234 1028 253 0.027769 2
1007 205 1033 226 0.027527 2
480 171 526 217 0.026611 2
1123 217 1164 251 0.024677 2
1023 198 1044 224 0.024189 2
481 174 494 194 0.023696 2
826 329 846 343 0.021649 2
593 201 653 217 0.018996 2
1007 211 1033 235 0.014870 2
586 184 622 215 0.014624 2
633 201 646 216 0.014127 2
1068 223 1112 253 0.013697 2
586 184 645 216 0.012527 2
465 186 480 203 0.011489 2
1144 228 1174 248 0.011019 2
1256 195 1276 227 0.010246 2
1258 209 1274 226 0.010076 2
587 184 619 203 0.009822 2
1069 230 1091 249 0.009305 2
543 160 580 201 0.008939 2
1102 211 1162 254 0.008770 2
1007 198 1062 240 0.007932 2
483 199 516 217 0.007672 2
864 180 941 261 0.007534 2
1069 230 1108 263 0.007333 2
1069 220 1099 249 0.007012 2
522 183 546 200 0.006728 2
449 156 521 177 0.006465 2
832 220 855 241 0.006379 2
480 175 497 208 0.006219 2
543 159 580 179 0.005954 2
1270 196 1279 219 0.005906 2
1007 212 1041 245 0.005551 2
1120 488 1137 496 0.005456 2
909 191 979 255 0.005237 2
989 210 1018 225 0.004750 2
1162 231 1177 248 0.004715 2
396 199 409 206 0.004631 2
1131 217 1191 248 0.004622 2
481 187 514 217 0.004545 2
1069 215 1103 231 0.004456 2
495 195 516 214 0.004313 2
305 177 324 198 0.004273 2
812 215 854 241 0.004200 2
833 219 872 241 0.004072 2
458 182 480 205 0.004031 2
522 170 554 199 0.003786 2
451 183 480 214 0.003584 2
1104 486 1126 496 0.003518 2
1010 228 1035 252 0.003470 2
1191 214 1224 231 0.003459 2
493 185 516 211 0.003163 2
938 200 953 209 0.003101 2
480 172 559 218 0.003048 2
293 176 311 198 0.003026 2
975 216 1027 250 0.002965 2
1270 196 1279 236 0.002906 2
1267 192 1279 204 0.002860 2
588 183 634 207 0.002760 2
449 157 489 175 0.002662 2
477 187 499 217 0.002553 2
294 176 324 198 0.002524 2
482 172 517 204 0.002499 2
449 167 520 209 0.002420 2
816 207 879 242 0.002413 2
465 185 481 214 0.002316 2
1156 220 1190 248 0.001956 2
806 329 847 346 0.001899 2
433 172 446 195 0.001828 2
1003 208 1034 252 0.001781 2
801 205 854 241 0.001758 2
701 302 768 334 0.001694 2
550 160 581 191 0.001659 2
500 177 530 214 0.001599 2
866 177 939 223 0.001573 2
645 198 664 215 0.001407 2
1137 212 1162 245 0.001402 2
1257 184 1279 223 0.001384 2
1245 180 1278 228 0.001374 2
830 187 942 246 0.001308 2
1138 232 1168 258 0.001290 2
824 203 907 242 0.001279 2
477 197 489 217 0.001276 2
567 182 619 215 0.001275 2
564 173 581 200 0.001268 2
919 198 954 248 0.001210 2
1259 169 1279 184 0.001072 2
455 145 526 183 0.001068 2
1071 207 1100 228 0.001010 2
398 198 417 206 0.000996 2
1210 369 1226 389 0.000994 2
1258 170 1279 202 0.000983 2
522 176 537 199 0.000973 2
1263 169 1279 179 0.000941 2
1086 207 1100 223 0.000928 2
1250 210 1271 232 0.000892 2
123 224 135 235 0.000880 2
117 224 135 236 0.000870 2
326 235 352 255 0.000833 2
1023 198 1069 252 0.000831 2
721 198 735 219 0.000796 2
412 172 447 203 0.000766 2
1209 368 1230 393 0.000754 2
738 201 749 214 0.000739 2
353 188 370 200 0.000730 2
1130 209 1159 236 0.000719 2
431 170 451 195 0.000713 2
868 177 936 198 0.000709 2
439 178 478 205 0.000707 2
1224 180 1279 222 0.000688 2
355 215 371 229 0.000687 2
929 203 980 249 0.000687 2
353 195 389 222 0.000673 2
353 195 389 207 0.000672 2
1271 230 1279 265 0.000667 2
319 210 331 233 0.000658 2
450 168 502 208 0.000627 2
965 206 982 221 0.000626 2
431 177 445 205 0.000618 2
464 260 479 272 0.000610 2
875 196 910 238 0.000605 2
192 393 213 400 0.000597 2
432 167 467 188 0.000579 2
320 200 355 255 0.000569 2
1261 253 1279 270 0.000550 2
373 195 393 206 0.000476 2
339 189 388 228 0.000476 2
1151 183 1196 218 0.000462 2
1242 197 1256 231 0.000458 2
574 275 605 342 0.000440 2
878 197 900 233 0.000436 2
398 175 446 205 0.000435 2
789 329 847 348 0.000423 2
739 201 772 226 0.000418 2
1026 198 1128 270 0.000410 2
1072 198 1093 210 0.000401 2
967 200 997 223 0.000395 2
349 205 371 228 0.000393 2
1186 226 1228 256 0.000389 2
948 206 979 240 0.000389 2
1224 216 1239 232 0.000379 2
359 204 380 226 0.000377 2
860 187 916 236 0.000372 2
937 199 960 209 0.000372 2
299 191 392 216 0.000368 2
664 185 695 231 0.000360 2
381 181 407 206 0.000359 2
802 206 833 239 0.000348 2
431 191 446 206 0.000332 2
1196 367 1229 422 0.000321 2
1248 168 1279 182 0.000317 2
433 196 451 206 0.000316 2
328 203 372 232 0.000314 2
587 180 706 223 0.000312 2
616 179 640 202 0.000310 2
328 198 370 247 0.000306 2
819 329 847 351 0.000306 2
737 198 792 233 0.000286 2
110 222 138 240 0.000281 2
1230 170 1247 182 0.000254 2
1230 171 1278 188 0.000253 2
865 172 936 208 0.000242 2
1145 193 1185 222 0.000242 2
223 214 253 239 0.000240 2
416 177 482 207 0.000239 2
856 136 904 176 0.000236 2
112 222 124 237 0.000234 2
1132 208 1171 231 0.000225 2
743 202 779 233 0.000222 2
1227 202 1240 231 0.000219 2
1226 178 1264 234 0.000215 2
1264 366 1279 376 0.000212 2
275 176 310 198 0.000205 2
111 223 152 238 0.000197 2
575 278 594 320 0.000196 2
1207 361 1230 389 0.000194 2
1182 345 1278 419 0.000194 2
1183 223 1279 269 0.000191 2
1070 197 1088 215 0.000185 2
825 328 855 346 0.000185 2
576 279 593 303 0.000183 2
463 254 479 271 0.000181 2
1078 191 1093 202 0.000179 2
410 177 435 204 0.000176 2
651 171 699 221 0.000170 2
470 144 523 175 0.000165 2
408 201 431 205 0.000164 2
596 170 616 187 0.000164 2
1035 189 1063 222 0.000163 2
199 224 244 257 0.000160 2
916 187 953 210 0.000155 2
95 200 111 206 0.000154 2
360 201 385 222 0.000152 2
19 225 63 241 0.000151 2
1178 348 1228 420 0.000149 2
701 301 823 344 0.000148 2
968 237 1277 368 0.000143 2
1264 356 1279 372 0.000141 2
223 195 257 229 0.000140 2
416 203 453 241 0.000137 2
574 277 606 399 0.000137 2
1263 366 1279 394 0.000133 2
195 237 242 263 0.000133 2
592 161 618 185 0.000126 2
1188 357 1229 390 0.000124 2
1200 357 1237 389 0.000119 2
206 200 254 247 0.000118 2
788 328 847 366 0.000116 2
960 201 990 221 0.000116 2
1261 348 1279 361 0.000113 2
273 181 295 193 0.000113 2
996 189 1043 219 0.000112 2
1077 196 1166 259 0.000111 2
435 201 460 230 0.000109 2
1204 363 1253 395 0.000107 2
218 251 241 264 0.000106 2
181 238 235 261 0.000106 2
121 218 149 237 0.000103 2
1069 191 1093 211 0.000102 2
716 190 743 217 0.000101 2
801 136 940 243 0.278997 5
542 158 581 202 0.048602 5
449 152 523 181 0.011211 5
831 135 938 177 0.008218 5
829 135 900 168 0.004033 5
543 158 608 203 0.001762 5
543 158 580 178 0.001620 5
1255 170 1279 210 0.000828 5
585 180 633 217 0.000730 5
830 136 863 166 0.000428 5
494 168 675 222 0.000374 5
448 127 528 181 0.000222 5
446 134 547 208 0.000219 5
298 199 387 323 0.000201 5
549 160 918 224 0.000140 6
801 137 939 242 0.447770 7
801 158 857 240 0.140530 7
718 152 858 239 0.090763 7
710 142 936 242 0.050983 7
542 159 581 201 0.047555 7
480 172 525 217 0.021842 7
842 176 939 240 0.015890 7
717 153 806 234 0.014095 7
802 185 879 241 0.009468 7
802 191 854 241 0.007648 7
443 152 519 184 0.006643 7
531 169 570 200 0.005888 7
510 176 551 201 0.005649 7
519 156 581 202 0.004180 7
528 173 554 200 0.003585 7
444 154 518 202 0.003319 7
451 158 578 205 0.002758 7
811 181 968 253 0.002349 7
471 156 519 208 0.002193 7
808 159 858 189 0.002131 7
1181 166 1279 259 0.001972 7
467 184 563 239 0.001801 7
827 135 906 174 0.001780 7
1227 173 1279 231 0.001686 7
1180 170 1226 261 0.001488 7
1180 201 1222 263 0.001457 7
449 155 490 175 0.001324 7
1253 170 1279 228 0.001297 7
1003 190 1048 225 0.001026 7
586 181 653 218 0.000976 7
607 149 942 262 0.000943 7
529 182 651 217 0.000931 7
530 160 674 209 0.000842 7
933 205 978 251 0.000801 7
877 197 902 235 0.000781 7
1091 184 1192 255 0.000727 7
1017 194 1048 223 0.000637 7
1153 183 1185 220 0.000558 7
311 198 392 332 0.000551 7
491 166 586 229 0.000550 7
466 198 561 256 0.000518 7
1102 163 1155 185 0.000515 7
812 159 858 178 0.000496 7
800 137 881 238 0.000455 7
662 154 809 259 0.000452 7
745 198 796 237 0.000435 7
669 151 812 221 0.000417 7
597 168 710 220 0.000375 7
1135 183 1186 222 0.000320 7
724 190 798 237 0.000301 7
600 164 663 215 0.000300 7
727 154 802 207 0.000270 7
300 198 389 262 0.000195 7
391 182 478 206 0.000181 7
624 73 934 240 0.000180 7
447 127 537 185 0.000175 7
848 160 869 239 0.000169 7
660 168 709 227 0.000151 7
1099 154 1231 261 0.000148 7
911 189 983 255 0.000139 7
1071 148 1182 262 0.000132 7
296 186 582 276 0.000132 7
585 152 955 354 0.000101 7
1089 150 1102 177 0.469246 9
513 150 524 179 0.237806 9
452 199 468 251 0.045706 9
312 147 351 199 0.024895 9
1090 150 1110 176 0.022529 9
1005 136 1015 173 0.020902 9
451 199 466 222 0.016183 9
450 159 464 170 0.015321 9
693 179 702 203 0.014134 9
1001 136 1013 177 0.012050 9
895 156 905 173 0.011067 9
311 123 362 198 0.010480 9
372 166 381 185 0.010294 9
312 151 327 198 0.009107 9
1212 192 1225 215 0.008299 9
326 163 353 199 0.007991 9
449 156 490 171 0.007510 9
1002 169 1009 181 0.006787 9
369 166 378 187 0.006075 9
1002 171 1009 185 0.005952 9
596 118 606 146 0.005746 9
169 64 203 91 0.005551 9
329 172 346 199 0.005523 9
596 116 626 161 0.005003 9
453 209 466 251 0.004558 9
637 161 649 185 0.004520 9
638 161 648 175 0.004518 9
596 117 612 150 0.004217 9
451 197 476 226 0.004084 9
1090 138 1106 176 0.003824 9
451 197 478 252 0.003800 9
888 152 908 174 0.003751 9
1154 162 1168 184 0.003649 9
648 163 659 183 0.003265 9
517 177 535 199 0.003104 9
1208 170 1216 187 0.003101 9
897 154 909 175 0.003088 9
1004 159 1014 177 0.003076 9
307 162 325 199 0.002958 9
1188 163 1201 186 0.002912 9
595 64 624 93 0.002892 9
308 175 350 199 0.002720 9
448 159 470 177 0.002620 9
1050 109 1084 147 0.002501 9
589 174 598 185 0.002471 9
1183 163 1201 217 0.002454 9
1001 175 1008 197 0.002429 9
665 181 671 199 0.002393 9
1136 164 1154 185 0.002322 9
1082 150 1101 183 0.002239 9
586 118 598 143 0.002203 9
450 181 481 216 0.002200 9
1015 154 1023 170 0.002183 9
663 171 671 190 0.002180 9
893 137 938 175 0.002074 9
119 64 162 77 0.002073 9
639 162 659 199 0.002041 9
592 64 651 94 0.002033 9
448 157 491 180 0.001904 9
1126 164 1149 185 0.001894 9
637 123 652 163 0.001879 9
1096 177 1104 194 0.001866 9
697 122 706 152 0.001825 9
1014 136 1023 170 0.001790 9
1015 135 1025 146 0.001735 9
1014 136 1024 153 0.001681 9
586 168 593 184 0.001658 9
259 143 269 159 0.001657 9
701 172 712 185 0.001652 9
693 170 702 182 0.001620 9
651 179 661 203 0.001609 9
589 119 602 146 0.001602 9
835 77 850 93 0.001534 9
703 168 713 182 0.001519 9
700 125 714 153 0.001474 9
702 116 715 129 0.001448 9
609 152 625 165 0.001418 9
356 218 370 230 0.001399 9
851 116 865 137 0.001369 9
647 123 659 163 0.001368 9
701 100 716 129 0.001345 9
446 160 481 203 0.001317 9
687 169 705 202 0.001307 9
601 130 625 162 0.001298 9
689 176 703 206 0.001289 9
640 122 659 163 0.001256 9
1211 168 1225 200 0.001242 9
581 64 596 93 0.001229 9
834 138 860 165 0.001229 9
110 149 127 166 0.001200 9
1089 182 1098 194 0.001190 9
1098 165 1111 185 0.001172 9
1208 169 1222 212 0.001117 9
1097 131 1108 148 0.001029 9
648 169 664 201 0.001010 9
705 156 713 174 0.001010 9
1081 171 1091 185 0.001002 9
361 165 375 189 0.000996 9
688 169 701 184 0.000959 9
516 148 539 176 0.000950 9
240 177 246 190 0.000935 9
1089 190 1095 201 0.000890 9
838 117 852 135 0.000888 9
521 169 539 179 0.000873 9
842 114 859 136 0.000837 9
504 148 525 182 0.000837 9
645 173 660 202 0.000810 9
597 143 621 163 0.000807 9
1212 197 1229 229 0.000762 9
463 226 477 251 0.000721 9
650 166 662 189 0.000680 9
355 206 377 231 0.000678 9
727 94 738 107 0.000678 9
680 178 689 212 0.000675 9
1197 164 1208 186 0.000668 9
306 163 371 209 0.000660 9
1237 197 1251 231 0.000659 9
568 149 579 161 0.000643 9
606 174 616 185 0.000632 9
681 169 691 191 0.000625 9
351 155 362 194 0.000619 9
333 159 360 199 0.000608 9
689 119 710 130 0.000594 9
726 94 739 114 0.000589 9
1185 165 1211 211 0.000587 9
1094 130 1111 175 0.000582 9
489 150 525 205 0.000564 9
162 64 175 76 0.000564 9
838 142 858 167 0.000561 9
1108 162 1152 186 0.000559 9
450 202 462 251 0.000556 9
1007 135 1021 170 0.000552 9
150 64 172 75 0.000551 9
868 137 939 165 0.000549 9
587 119 610 162 0.000529 9
680 160 692 187 0.000527 9
126 64 202 85 0.000512 9
832 147 844 164 0.000508 9
610 154 625 173 0.000495 9
878 152 899 176 0.000481 9
692 151 706 181 0.000481 9
587 164 599 185 0.000476 9
624 119 636 154 0.000473 9
522 146 543 176 0.000465 9
698 82 717 128 0.000461 9
585 120 599 152 0.000450 9
183 143 199 168 0.000449 9
1230 168 1247 180 0.000441 9
698 80 711 119 0.000433 9
993 143 1000 163 0.000424 9
96 178 105 202 0.000422 9
581 64 596 77 0.000411 9
171 145 182 169 0.000410 9
832 77 849 100 0.000404 9
869 153 895 176 0.000387 9
1102 164 1130 185 0.000380 9
119 64 187 79 0.000380 9
679 64 696 120 0.000375 9
1103 151 1119 171 0.000367 9
1002 170 1013 185 0.000358 9
580 77 600 140 0.000358 9
434 165 467 197 0.000355 9
710 85 719 114 0.000343 9
716 154 727 182 0.000343 9
1231 199 1247 230 0.000343 9
701 143 713 174 0.000338 9
686 119 706 153 0.000336 9
695 65 715 120 0.000322 9
700 115 718 152 0.000322 9
624 64 644 92 0.000315 9
1123 185 1138 201 0.000309 9
993 168 1003 179 0.000307 9
306 167 386 223 0.000301 9
886 137 940 157 0.000298 9
630 64 661 90 0.000291 9
130 64 171 79 0.000290 9
678 67 691 126 0.000288 9
1224 191 1231 211 0.000288 9
828 162 858 180 0.000285 9
697 70 724 129 0.000277 9
1098 175 1112 199 0.000277 9
446 180 473 208 0.000269 9
103 147 128 177 0.000267 9
567 143 579 161 0.000267 9
628 162 652 190 0.000259 9
97 175 109 203 0.000253 9
610 155 624 184 0.000251 9
951 182 959 207 0.000248 9
319 204 330 231 0.000243 9
908 136 939 156 0.000239 9
725 93 739 129 0.000239 9
587 103 625 161 0.000229 9
992 146 1002 171 0.000222 9
625 118 641 162 0.000219 9
998 132 1010 173 0.000217 9
319 204 330 223 0.000216 9
685 151 700 187 0.000216 9
816 159 858 173 0.000214 9
992 173 1001 189 0.000212 9
832 124 843 134 0.000210 9
580 64 663 165 0.000206 9
684 65 714 148 0.000200 9
639 84 659 104 0.000197 9
680 123 691 153 0.000189 9
680 147 691 169 0.000188 9
256 83 266 97 0.000187 9
1221 165 1231 186 0.000186 9
319 200 361 254 0.000185 9
717 152 726 161 0.000183 9
572 125 621 186 0.000182 9
584 97 600 138 0.000180 9
544 141 551 156 0.000180 9
454 128 529 182 0.000176 9
98 173 109 184 0.000174 9
579 64 616 95 0.000172 9
840 111 854 134 0.000172 9
415 64 437 128 0.000172 9
685 111 712 166 0.000171 9
833 116 847 134 0.000171 9
687 69 697 120 0.000171 9
682 138 700 184 0.000170 9
664 148 671 169 0.000163 9
566 124 599 173 0.000163 9
1189 160 1211 186 0.000163 9
579 64 598 126 0.000162 9
257 179 264 191 0.000161 9
990 180 1003 210 0.000159 9
838 75 855 98 0.000158 9
1209 164 1238 213 0.000153 9
453 223 473 254 0.000151 9
806 159 860 188 0.000150 9
1120 182 1135 201 0.000150 9
173 64 220 92 0.000148 9
463 251 478 271 0.000145 9
711 153 722 181 0.000145 9
1154 161 1196 185 0.000144 9
491 143 527 181 0.000141 9
1012 156 1025 176 0.000141 9
1228 189 1247 219 0.000140 9
223 125 268 150 0.000138 9
1124 185 1142 207 0.000136 9
254 112 265 129 0.000135 9
219 109 269 149 0.000131 9
650 149 662 171 0.000128 9
719 115 730 130 0.000128 9
830 134 862 156 0.000126 9
357 149 378 190 0.000125 9
610 146 634 179 0.000125 9
162 76 186 92 0.000122 9
701 80 739 129 0.000122 9
1076 181 1096 199 0.000120 9
340 64 364 111 0.000120 9
650 159 663 177 0.000118 9
256 125 270 161 0.000118 9
240 129 257 146 0.000117 9
836 75 858 108 0.000115 9
1179 161 1201 188 0.000114 9
753 140 761 153 0.000114 9
637 80 657 97 0.000112 9
660 167 700 201 0.000110 9
718 96 734 130 0.000109 9
553 143 573 159 0.000107 9
301 177 379 207 0.000107 9
309 106 394 200 0.000104 9
805 166 837 189 0.000103 9
846 115 871 137 0.000102 9
96 170 108 178 0.000101 9
1203 158 1222 190 0.000100 9
324 109 366 164 0.109196 11
1181 191 1199 214 0.041240 11
1050 109 1083 148 0.017809 11
1181 178 1201 215 0.015171 11
320 199 356 254 0.000549 11
1169 182 1200 215 0.000380 11
415 64 438 124 0.000250 11
900 137 939 153 0.000215 11
1225 167 1247 202 0.000171 11
416 64 434 104 0.000161 11
352 127 366 158 0.000123 11
