608 202 654 292 0.858019 0
760 193 794 276 0.615161 0
959 191 985 250 0.605382 0
967 192 985 241 0.281071 0
670 210 681 233 0.063264 0
972 195 986 238 0.061034 0
959 199 978 228 0.052950 0
715 212 728 234 0.049595 0
693 209 702 234 0.044205 0
307 183 324 198 0.042409 0
261 203 277 243 0.038772 0
555 172 569 199 0.031455 0
761 201 783 233 0.031078 0
1164 236 1174 249 0.030305 0
520 192 526 208 0.025981 0
865 207 874 235 0.025185 0
774 196 793 249 0.022013 0
1177 236 1186 248 0.021248 0
545 204 555 218 0.018312 0
573 183 581 201 0.017978 0
964 372 982 392 0.017852 0
214 194 223 227 0.016460 0
565 179 579 202 0.015665 0
865 444 876 455 0.015272 0
965 190 985 218 0.015263 0
782 197 793 235 0.015224 0
385 196 395 206 0.014995 0
513 193 520 209 0.014489 0
1212 190 1224 212 0.014466 0
721 211 731 235 0.013317 0
949 273 960 292 0.012282 0
972 190 986 209 0.011919 0
692 216 704 237 0.011796 0
848 201 859 234 0.011045 0
544 200 557 218 0.010251 0
725 206 736 235 0.010150 0
543 189 551 202 0.009482 0
972 193 995 236 0.009067 0
693 184 702 227 0.008913 0
377 182 393 204 0.008772 0
991 202 998 221 0.008647 0
547 203 559 217 0.008589 0
513 186 523 210 0.008569 0
331 186 343 199 0.008461 0
709 205 728 234 0.008310 0
1061 220 1072 246 0.008203 0
634 202 648 218 0.008136 0
980 198 994 229 0.007705 0
1204 408 1216 423 0.007632 0
368 165 376 187 0.007625 0
1038 205 1050 229 0.007514 0
1209 187 1224 215 0.007172 0
1211 191 1226 223 0.006842 0
518 191 527 216 0.006702 0
666 202 678 232 0.006563 0
775 193 786 209 0.006463 0
848 205 871 237 0.006395 0
521 185 527 208 0.006351 0
1058 214 1071 234 0.006326 0
758 208 778 232 0.005957 0
738 202 744 213 0.005671 0
370 165 384 198 0.005596 0
635 203 651 285 0.005474 0
1062 225 1072 254 0.005450 0
548 200 564 217 0.005339 0
787 197 798 234 0.005315 0
767 193 786 234 0.004855 0
1219 217 1229 233 0.004712 0
736 203 745 235 0.004591 0
988 209 997 223 0.004331 0
790 197 800 235 0.004236 0
639 200 655 215 0.004121 0
338 185 353 198 0.003927 0
512 192 520 216 0.003695 0
929 203 946 252 0.003370 0
323 158 343 198 0.003319 0
936 205 945 216 0.003088 0
469 188 482 216 0.002973 0
666 195 673 231 0.002814 0
671 210 712 234 0.002786 0
1217 207 1227 232 0.002767 0
862 165 869 178 0.002766 0
621 202 633 240 0.002650 0
409 179 419 203 0.002409 0
365 169 392 200 0.002336 0
351 188 358 198 0.002317 0
397 181 409 204 0.002280 0
778 193 793 213 0.002160 0
520 183 544 209 0.002103 0
781 225 795 269 0.002079 0
716 197 728 224 0.001912 0
356 184 374 198 0.001896 0
630 201 649 223 0.001846 0
221 185 231 212 0.001833 0
684 212 702 236 0.001710 0
516 190 532 246 0.001709 0
942 276 959 302 0.001698 0
216 184 230 228 0.001686 0
325 235 351 254 0.001621 0
878 205 892 232 0.001606 0
245 201 277 242 0.001593 0
525 196 547 217 0.001537 0
789 205 815 238 0.001522 0
385 183 398 205 0.001517 0
1192 384 1209 415 0.001489 0
848 185 857 207 0.001444 0
346 185 358 198 0.001439 0
879 199 905 240 0.001386 0
731 205 745 234 0.001385 0
1209 168 1222 213 0.001285 0
362 164 374 188 0.001218 0
1177 227 1194 248 0.001216 0
1206 366 1227 418 0.001140 0
759 204 820 239 0.001133 0
1241 219 1246 231 0.000972 0
613 201 632 230 0.000965 0
221 183 231 194 0.000963 0
961 372 980 401 0.000913 0
687 218 703 237 0.000906 0
360 190 393 205 0.000868 0
213 191 228 241 0.000815 0
243 214 270 238 0.000800 0
972 191 990 226 0.000796 0
208 186 226 225 0.000783 0
455 183 481 219 0.000762 0
1246 198 1260 233 0.000752 0
944 199 976 261 0.000728 0
255 207 278 250 0.000712 0
322 201 353 256 0.000697 0
1242 194 1257 231 0.000686 0
370 161 382 184 0.000662 0
928 200 964 251 0.000632 0
215 181 230 213 0.000627 0
618 203 629 239 0.000621 0
370 174 396 203 0.000606 0
687 193 699 220 0.000591 0
320 223 356 316 0.000591 0
1062 223 1071 274 0.000590 0
950 206 971 241 0.000583 0
364 156 379 187 0.000579 0
675 206 695 229 0.000574 0
1239 196 1251 231 0.000571 0
373 187 391 206 0.000557 0
847 188 870 236 0.000539 0
1195 390 1218 422 0.000523 0
415 250 421 270 0.000518 0
574 294 596 386 0.000518 0
1210 406 1226 424 0.000514 0
999 191 1008 215 0.000512 0
976 196 1018 232 0.000509 0
803 184 819 214 0.000504 0
1095 198 1102 208 0.000488 0
308 184 327 205 0.000477 0
455 187 480 264 0.000476 0
368 196 395 218 0.000471 0
969 185 985 206 0.000467 0
953 184 959 207 0.000441 0
1196 375 1221 408 0.000438 0
355 204 378 231 0.000434 0
693 188 717 231 0.000434 0
240 178 246 191 0.000427 0
1252 203 1268 231 0.000422 0
461 200 481 271 0.000421 0
1194 366 1222 421 0.000414 0
377 178 401 204 0.000411 0
847 266 855 282 0.000404 0
411 176 425 203 0.000375 0
1202 175 1232 231 0.000359 0
864 442 877 469 0.000357 0
575 289 595 344 0.000355 0
363 204 381 222 0.000347 0
463 243 478 271 0.000331 0
680 180 692 216 0.000329 0
358 147 375 190 0.000309 0
887 200 917 246 0.000306 0
666 195 699 233 0.000306 0
1211 193 1230 231 0.000298 0
1252 215 1265 232 0.000298 0
366 201 385 219 0.000298 0
605 159 636 184 0.000289 0
900 199 937 250 0.000275 0
263 192 275 209 0.000272 0
162 395 223 417 0.000271 0
1169 474 1181 493 0.000256 0
863 434 877 456 0.000251 0
679 197 692 215 0.000237 0
539 203 556 220 0.000236 0
408 250 415 271 0.000233 0
1198 374 1231 424 0.000228 0
85 219 94 235 0.000222 0
505 190 535 249 0.000216 0
319 203 329 221 0.000203 0
319 234 331 277 0.000186 0
0 144 7 204 0.000184 0
317 219 353 280 0.000176 0
1201 391 1221 426 0.000175 0
242 194 258 229 0.000173 0
260 196 295 247 0.000167 0
453 201 478 254 0.000166 0
609 209 701 268 0.000165 0
530 203 655 264 0.000147 0
512 190 527 239 0.000146 0
308 160 369 199 0.000141 0
194 186 200 208 0.000137 0
464 206 477 254 0.000137 0
637 189 658 216 0.000130 0
464 198 482 225 0.000130 0
165 185 184 210 0.000129 0
841 210 884 264 0.000128 0
353 197 377 288 0.000124 0
384 196 411 215 0.000124 0
947 370 985 430 0.000123 0
624 188 652 215 0.000122 0
1042 236 1075 297 0.000121 0
200 201 215 218 0.000119 0
512 220 535 248 0.000119 0
303 177 358 204 0.000116 0
319 203 331 234 0.000116 0
291 175 324 263 0.000114 0
599 342 612 361 0.000110 0
318 237 339 318 0.000107 0
193 185 203 216 0.000101 0
358 201 386 230 0.000101 0
742 234 799 286 0.716974 1
944 222 993 264 0.402689 1
963 222 992 262 0.283823 1
962 214 985 254 0.133887 1
742 237 766 286 0.071538 1
979 226 994 251 0.049779 1
762 239 798 279 0.042374 1
1181 173 1202 216 0.040487 1
783 240 797 273 0.030360 1
944 229 976 264 0.028119 1
957 204 984 262 0.027532 1
1181 188 1201 215 0.023551 1
749 216 795 281 0.019399 1
707 212 727 234 0.017067 1
976 213 995 250 0.016489 1
972 226 1000 255 0.015963 1
933 273 960 300 0.013157 1
1180 188 1205 228 0.013104 1
782 241 818 280 0.010251 1
552 201 575 217 0.008012 1
779 241 802 279 0.007678 1
1181 167 1216 217 0.007003 1
939 227 967 260 0.005902 1
979 221 1005 253 0.005571 1
942 241 966 263 0.005518 1
876 260 906 285 0.005510 1
553 198 569 215 0.005439 1
892 262 925 294 0.005323 1
759 210 776 230 0.005000 1
746 222 820 284 0.004768 1
751 219 764 233 0.004621 1
893 264 910 293 0.004574 1
869 224 996 271 0.004437 1
944 211 976 262 0.004414 1
871 252 912 285 0.004366 1
751 209 772 232 0.004210 1
755 237 767 256 0.004136 1
535 204 545 218 0.004082 1
1138 308 1170 349 0.004010 1
809 259 833 282 0.003820 1
906 266 928 296 0.003531 1
876 244 927 293 0.003502 1
798 256 832 282 0.003231 1
751 210 784 257 0.002708 1
607 265 655 292 0.002587 1
911 218 993 259 0.002584 1
940 192 988 264 0.002432 1
912 269 928 299 0.002351 1
894 264 905 286 0.002278 1
870 252 895 285 0.002170 1
562 201 579 215 0.002167 1
889 262 908 285 0.002139 1
835 217 876 242 0.002137 1
944 222 1042 269 0.001962 1
889 268 960 299 0.001905 1
1182 197 1221 230 0.001879 1
1104 309 1170 349 0.001877 1
740 235 883 285 0.001704 1
743 234 768 269 0.001599 1
747 251 854 285 0.001535 1
866 238 998 294 0.001384 1
929 283 958 303 0.001337 1
1181 171 1231 231 0.001285 1
899 270 921 296 0.001254 1
925 213 947 253 0.001209 1
911 270 931 314 0.001161 1
819 262 834 282 0.001158 1
745 221 775 245 0.001075 1
882 266 900 287 0.001040 1
922 218 994 296 0.001038 1
629 257 654 285 0.001031 1
924 204 968 257 0.001018 1
822 262 849 283 0.000959 1
742 220 762 234 0.000917 1
1111 171 1202 247 0.000813 1
1185 215 1207 230 0.000790 1
606 247 656 291 0.000759 1
947 215 1033 253 0.000754 1
878 261 929 302 0.000742 1
874 206 906 245 0.000681 1
743 243 774 294 0.000655 1
925 275 954 295 0.000601 1
693 204 798 263 0.000582 1
734 206 766 234 0.000580 1
741 234 842 310 0.000569 1
1176 208 1207 244 0.000559 1
928 284 943 297 0.000549 1
575 300 595 351 0.000542 1
930 219 1057 297 0.000535 1
897 273 928 310 0.000533 1
1165 163 1203 228 0.000492 1
668 218 801 269 0.000483 1
878 264 893 286 0.000459 1
799 248 912 285 0.000447 1
799 250 857 283 0.000366 1
934 230 991 271 0.000343 1
829 251 930 306 0.000335 1
782 231 849 277 0.000334 1
927 284 940 307 0.000315 1
919 271 958 294 0.000304 1
1173 213 1192 222 0.000291 1
826 265 856 283 0.000282 1
744 214 886 273 0.000272 1
700 233 802 317 0.000262 1
773 243 811 286 0.000253 1
713 189 945 293 0.000237 1
937 241 987 286 0.000225 1
643 232 799 281 0.000220 1
785 258 834 288 0.000218 1
809 253 931 336 0.000209 1
867 247 886 275 0.000206 1
588 216 836 286 0.000201 1
964 371 986 394 0.000192 1
1175 165 1201 202 0.000189 1
927 285 951 312 0.000181 1
795 176 1039 298 0.000177 1
573 293 596 393 0.000177 1
899 217 912 245 0.000171 1
927 277 960 314 0.000168 1
961 372 1026 399 0.000163 1
846 260 882 282 0.000162 1
610 209 654 290 0.000161 1
901 211 939 253 0.000157 1
893 279 911 306 0.000154 1
531 267 598 401 0.000147 1
575 293 609 355 0.000141 1
674 148 1215 420 0.000129 1
924 285 938 312 0.000122 1
752 250 930 346 0.000120 1
864 262 899 289 0.000118 1
944 211 999 281 0.000115 1
1021 253 1078 297 0.000113 1
1103 308 1199 373 0.000112 1
540 202 574 220 0.000104 1
532 203 552 220 0.000100 1
1011 199 1050 229 0.077857 2
1104 487 1137 500 0.065000 2
523 183 536 195 0.047878 2
480 172 534 217 0.046425 2
801 215 824 239 0.043163 2
1007 198 1070 230 0.035466 2
1008 214 1025 229 0.034849 2
825 329 846 343 0.034822 2
695 202 727 231 0.032921 2
863 177 955 251 0.026743 2
1003 236 1033 253 0.025143 2
1104 487 1124 496 0.024614 2
1068 217 1119 235 0.023569 2
1005 198 1035 217 0.022818 2
481 174 496 195 0.021888 2
482 197 515 217 0.021444 2
1004 204 1024 220 0.020456 2
801 215 853 239 0.020453 2
828 219 855 240 0.019947 2
1068 208 1122 234 0.017871 2
481 180 517 217 0.017760 2
522 183 545 198 0.014939 2
1047 215 1070 232 0.014784 2
1203 255 1225 267 0.014057 2
704 211 726 231 0.013932 2
1070 215 1132 242 0.012637 2
1006 209 1044 230 0.012228 2
1069 213 1106 233 0.012129 2
1094 211 1133 232 0.011738 2
993 204 1022 222 0.011369 2
1272 197 1279 210 0.011273 2
993 210 1022 225 0.011182 2
936 198 955 208 0.010109 2
1115 217 1130 232 0.009803 2
1055 216 1099 241 0.009662 2
471 189 511 217 0.009549 2
467 186 480 205 0.009446 2
859 177 953 219 0.008879 2
1036 202 1072 232 0.008821 2
1058 221 1072 244 0.008704 2
511 182 525 217 0.008673 2
479 175 501 210 0.008315 2
1112 218 1127 234 0.008292 2
449 155 522 177 0.007532 2
1053 220 1070 237 0.007472 2
833 219 872 241 0.007415 2
920 192 956 210 0.007287 2
1260 196 1279 213 0.007176 2
1008 195 1114 231 0.007132 2
456 181 482 216 0.006922 2
1120 221 1185 247 0.006877 2
631 201 649 216 0.006671 2
824 194 952 252 0.006524 2
818 217 860 240 0.006405 2
1047 221 1071 243 0.006399 2
484 183 540 214 0.006272 2
803 209 875 241 0.006196 2
1002 237 1024 256 0.005868 2
1105 218 1140 245 0.005818 2
483 172 519 206 0.005732 2
1137 232 1176 248 0.005668 2
449 157 491 175 0.005441 2
1103 220 1124 248 0.005268 2
1209 370 1226 391 0.005248 2
591 199 622 215 0.005227 2
292 176 320 198 0.004757 2
877 197 941 242 0.004659 2
1102 231 1120 249 0.004649 2
795 222 817 239 0.004480 2
1069 224 1096 245 0.004462 2
1158 235 1174 249 0.004335 2
1261 170 1279 183 0.004306 2
493 179 547 200 0.004247 2
922 183 952 205 0.004214 2
701 207 731 235 0.004121 2
521 171 551 197 0.003971 2
980 213 1025 250 0.003966 2
586 186 622 216 0.003870 2
622 200 634 213 0.003816 2
1234 178 1279 215 0.003784 2
1066 222 1118 245 0.003604 2
586 181 648 216 0.003461 2
1108 214 1149 233 0.003423 2
1186 231 1241 257 0.003332 2
855 177 938 206 0.003261 2
1041 228 1060 243 0.003243 2
1267 192 1279 203 0.003196 2
304 177 324 198 0.003074 2
464 181 480 204 0.003057 2
1200 247 1225 262 0.002988 2
1271 198 1279 222 0.002978 2
993 196 1026 221 0.002973 2
293 175 308 198 0.002966 2
1230 170 1279 202 0.002905 2
1209 365 1230 390 0.002835 2
1253 196 1278 217 0.002800 2
1114 216 1168 246 0.002793 2
592 194 638 216 0.002750 2
807 329 846 346 0.002749 2
684 210 702 233 0.002692 2
895 186 953 211 0.002668 2
1254 177 1279 213 0.002667 2
673 211 698 232 0.002634 2
1071 207 1108 228 0.002484 2
542 199 625 219 0.002473 2
1019 237 1038 251 0.002395 2
1259 238 1275 254 0.002379 2
1092 207 1146 234 0.002337 2
433 171 445 193 0.002289 2
920 195 952 249 0.002175 2
588 205 612 216 0.002153 2
1257 170 1279 200 0.002152 2
537 172 553 201 0.002151 2
439 179 481 215 0.002033 2
791 229 810 239 0.001987 2
1228 169 1247 182 0.001924 2
741 201 772 227 0.001877 2
519 190 560 217 0.001867 2
1043 230 1069 246 0.001861 2
1055 226 1092 248 0.001848 2
829 205 889 245 0.001749 2
887 198 952 253 0.001720 2
1061 207 1071 232 0.001695 2
1199 231 1241 267 0.001686 2
1224 181 1279 234 0.001664 2
672 211 713 235 0.001650 2
498 183 531 218 0.001632 2
1246 237 1276 257 0.001545 2
456 146 526 180 0.001537 2
422 172 481 207 0.001477 2
453 200 478 216 0.001449 2
448 156 505 181 0.001446 2
395 198 412 205 0.001444 2
449 180 480 207 0.001378 2
712 200 738 235 0.001376 2
953 199 959 209 0.001312 2
544 160 580 191 0.001302 2
1248 168 1279 182 0.001288 2
1273 230 1279 257 0.001216 2
454 203 467 216 0.001214 2
758 205 779 231 0.001206 2
879 199 904 237 0.001196 2
244 216 272 241 0.001188 2
1177 228 1228 253 0.001165 2
513 179 529 208 0.001163 2
739 201 770 217 0.001162 2
1002 221 1035 253 0.001134 2
530 193 541 218 0.001130 2
561 193 581 217 0.001111 2
1216 231 1239 246 0.001095 2
1254 238 1279 266 0.001083 2
1224 164 1270 182 0.001065 2
432 169 466 190 0.001064 2
1210 232 1240 251 0.001063 2
933 200 957 220 0.001059 2
1191 222 1227 231 0.001039 2
385 177 445 205 0.001025 2
1002 193 1041 217 0.001012 2
544 161 580 178 0.000996 2
853 176 933 193 0.000971 2
1182 165 1279 220 0.000963 2
1256 197 1279 240 0.000958 2
913 178 941 203 0.000957 2
119 224 135 236 0.000939 2
791 203 824 238 0.000924 2
1122 228 1157 247 0.000916 2
434 168 464 183 0.000886 2
1059 226 1119 259 0.000885 2
1223 166 1276 214 0.000882 2
449 157 501 202 0.000880 2
353 189 375 200 0.000836 2
1111 215 1183 237 0.000815 2
1200 359 1228 390 0.000806 2
354 187 389 201 0.000772 2
1187 219 1220 231 0.000747 2
591 174 646 207 0.000725 2
603 161 636 186 0.000717 2
636 203 675 236 0.000716 2
1250 208 1279 257 0.000711 2
1184 228 1279 266 0.000696 2
1270 197 1279 251 0.000692 2
406 200 418 205 0.000678 2
1033 225 1072 256 0.000673 2
557 185 623 216 0.000670 2
463 251 479 271 0.000664 2
1079 191 1092 202 0.000652 2
512 179 571 217 0.000648 2
1052 220 1171 253 0.000646 2
412 172 446 202 0.000632 2
431 187 476 216 0.000625 2
1272 213 1279 257 0.000616 2
863 215 884 242 0.000610 2
1073 197 1094 210 0.000592 2
1087 197 1098 210 0.000578 2
830 221 860 245 0.000578 2
844 177 921 235 0.000546 2
1024 239 1071 255 0.000545 2
1176 343 1279 420 0.000540 2
905 216 943 253 0.000534 2
442 200 469 218 0.000532 2
1208 367 1231 406 0.000530 2
612 179 653 216 0.000528 2
943 188 997 258 0.000528 2
578 176 621 214 0.000526 2
916 205 945 253 0.000510 2
382 180 407 204 0.000490 2
1073 226 1122 251 0.000481 2
320 199 354 256 0.000478 2
327 234 353 255 0.000476 2
1047 226 1134 253 0.000470 2
952 209 1052 256 0.000465 2
1192 362 1229 421 0.000462 2
356 217 370 229 0.000461 2
1044 195 1081 228 0.000459 2
1071 191 1091 205 0.000457 2
447 161 476 189 0.000454 2
644 217 669 235 0.000449 2
497 240 528 251 0.000439 2
1025 242 1038 256 0.000435 2
1191 213 1225 229 0.000431 2
609 204 720 235 0.000399 2
1092 195 1120 207 0.000392 2
1002 199 1142 251 0.000389 2
1198 354 1257 390 0.000383 2
785 329 846 349 0.000383 2
432 173 445 205 0.000382 2
985 196 1071 236 0.000376 2
829 135 905 161 0.000368 2
18 225 64 254 0.000367 2
1222 220 1239 232 0.000351 2
107 223 145 240 0.000344 2
354 199 386 229 0.000342 2
1258 254 1279 269 0.000339 2
1123 214 1191 231 0.000335 2
1218 163 1263 203 0.000333 2
193 226 236 255 0.000331 2
319 214 331 236 0.000324 2
482 157 524 206 0.000321 2
858 176 930 185 0.000314 2
1262 189 1279 260 0.000303 2
641 197 674 222 0.000296 2
204 235 231 255 0.000290 2
949 204 964 223 0.000286 2
168 224 233 256 0.000284 2
353 194 390 208 0.000280 2
1002 221 1072 254 0.000276 2
382 178 419 204 0.000275 2
1266 250 1279 268 0.000265 2
1228 222 1275 256 0.000254 2
825 328 858 345 0.000249 2
1039 190 1071 225 0.000248 2
1185 355 1228 402 0.000247 2
1209 165 1251 207 0.000242 2
27 225 60 238 0.000230 2
431 190 448 206 0.000215 2
1038 193 1061 227 0.000212 2
988 192 1006 219 0.000212 2
290 188 396 208 0.000211 2
111 223 133 237 0.000210 2
496 241 518 251 0.000208 2
918 203 1205 368 0.000204 2
1215 357 1256 387 0.000204 2
1151 183 1201 218 0.000200 2
354 208 371 228 0.000197 2
191 394 220 405 0.000193 2
1258 349 1279 362 0.000192 2
328 197 363 254 0.000191 2
574 274 601 331 0.000186 2
593 162 627 185 0.000186 2
1099 188 1120 205 0.000185 2
389 187 426 206 0.000182 2
436 206 452 219 0.000178 2
273 181 295 194 0.000174 2
432 194 453 208 0.000174 2
277 175 316 199 0.000173 2
990 194 1019 228 0.000172 2
153 182 198 219 0.000169 2
911 177 929 185 0.000167 2
1195 360 1279 428 0.000167 2
818 329 926 348 0.000166 2
585 201 631 224 0.000157 2
1226 195 1256 231 0.000156 2
852 440 878 456 0.000156 2
831 219 877 254 0.000152 2
162 249 221 263 0.000150 2
1180 383 1205 403 0.000148 2
843 136 894 148 0.000147 2
215 218 268 238 0.000138 2
707 308 766 334 0.000138 2
588 171 613 187 0.000136 2
817 221 856 245 0.000136 2
414 205 453 226 0.000136 2
1205 220 1270 248 0.000135 2
204 243 221 259 0.000135 2
1181 364 1223 416 0.000135 2
1146 208 1180 218 0.000135 2
122 212 149 237 0.000134 2
1204 365 1237 424 0.000132 2
1195 365 1267 412 0.000132 2
159 239 210 263 0.000131 2
1022 225 1077 272 0.000130 2
576 278 593 298 0.000130 2
1021 308 1090 333 0.000128 2
452 202 474 222 0.000126 2
1223 202 1242 231 0.000125 2
202 239 235 261 0.000125 2
1061 191 1087 212 0.000119 2
345 190 390 222 0.000113 2
161 212 243 257 0.000112 2
1016 304 1101 340 0.000111 2
466 199 498 222 0.000104 2
1059 229 1091 270 0.000103 2
783 227 812 264 0.000103 2
1117 216 1191 248 0.056773 5
586 183 621 215 0.019967 5
829 135 936 176 0.019411 5
824 135 940 235 0.013400 5
449 153 522 179 0.010121 5
828 135 901 169 0.007728 5
544 160 581 201 0.006820 5
550 173 580 200 0.006596 5
1203 165 1279 230 0.004689 5
1221 169 1279 217 0.004335 5
1107 183 1192 248 0.002321 5
1248 170 1279 201 0.001959 5
448 127 528 178 0.000623 5
488 149 525 177 0.000542 5
811 158 857 180 0.000340 5
540 142 581 202 0.000283 5
848 162 921 236 0.000256 5
725 152 858 237 0.225698 7
804 166 953 246 0.168427 7
698 145 948 246 0.153194 7
1007 196 1070 230 0.077219 7
802 159 858 240 0.055190 7
1118 218 1191 249 0.037213 7
586 183 621 216 0.031556 7
694 154 808 236 0.028264 7
851 177 954 248 0.025090 7
1064 213 1202 251 0.016644 7
801 149 892 239 0.010376 7
1067 208 1135 237 0.009666 7
586 183 655 218 0.008964 7
444 153 518 183 0.008825 7
699 201 726 230 0.008519 7
478 171 521 216 0.008475 7
1017 195 1052 229 0.007430 7
1181 165 1279 237 0.007071 7
800 202 853 240 0.005511 7
1012 206 1132 235 0.004866 7
1067 188 1204 251 0.004804 7
452 150 524 195 0.004720 7
807 158 856 193 0.004564 7
696 187 788 234 0.004444 7
527 167 581 202 0.004416 7
693 192 730 232 0.003959 7
1010 199 1204 238 0.003937 7
547 161 575 200 0.003911 7
845 176 927 237 0.003862 7
704 156 869 264 0.003588 7
607 156 905 235 0.003419 7
1220 169 1279 233 0.002806 7
469 157 518 208 0.002604 7
547 182 623 218 0.002239 7
539 183 658 219 0.002049 7
448 156 490 180 0.002045 7
823 136 911 180 0.002032 7
1002 193 1047 228 0.001976 7
726 155 803 226 0.001920 7
1086 207 1230 260 0.001901 7
1007 206 1215 253 0.001864 7
449 162 522 212 0.001726 7
554 176 583 203 0.001696 7
454 159 574 211 0.001381 7
537 171 558 199 0.001347 7
1180 227 1237 265 0.001233 7
1005 191 1132 232 0.001160 7
758 174 856 240 0.000970 7
1004 194 1044 216 0.000954 7
691 174 726 226 0.000927 7
1101 163 1155 185 0.000916 7
1003 199 1072 248 0.000855 7
801 182 875 239 0.000833 7
1005 177 1062 231 0.000710 7
864 177 940 228 0.000698 7
620 181 735 233 0.000620 7
812 158 858 179 0.000575 7
1248 169 1279 260 0.000512 7
499 175 812 231 0.000497 7
741 164 966 308 0.000430 7
792 139 1089 255 0.000428 7
698 184 731 206 0.000420 7
1183 176 1279 267 0.000416 7
594 162 651 217 0.000407 7
1100 165 1199 249 0.000389 7
387 181 468 207 0.000384 7
1073 194 1125 233 0.000356 7
916 208 1215 358 0.000353 7
816 179 993 258 0.000347 7
1056 145 1205 251 0.000343 7
589 159 707 223 0.000341 7
449 127 529 180 0.000333 7
557 201 924 270 0.000320 7
525 144 581 202 0.000282 7
659 90 886 239 0.000282 7
604 173 648 210 0.000271 7
298 185 590 303 0.000271 7
584 190 692 228 0.000270 7
1133 183 1191 218 0.000236 7
453 166 646 220 0.000234 7
291 197 394 308 0.000232 7
1007 147 1103 231 0.000218 7
581 159 632 216 0.000213 7
543 159 624 210 0.000195 7
1126 205 1188 220 0.000185 7
475 141 694 224 0.000181 7
705 81 940 246 0.000180 7
1106 203 1187 230 0.000175 7
1151 186 1178 214 0.000173 7
1159 165 1280 287 0.000164 7
1060 214 1269 283 0.000156 7
1073 161 1155 199 0.000142 7
1004 107 1135 232 0.000139 7
993 212 1217 316 0.000136 7
660 170 726 226 0.000133 7
663 183 704 231 0.000121 7
571 65 938 234 0.000114 7
442 131 558 213 0.000113 7
832 140 994 216 0.000109 7
379 178 417 204 0.000104 7
1179 127 1279 230 0.000103 7
307 97 460 336 0.000102 7
754 105 1126 259 0.000100 7
513 151 524 176 0.189011 9
1088 150 1103 178 0.124941 9
1003 137 1015 174 0.055179 9
693 185 702 202 0.043255 9
1089 150 1111 176 0.021350 9
554 172 566 199 0.019463 9
319 157 352 198 0.018409 9
694 176 702 185 0.017244 9
313 153 343 198 0.017165 9
1002 167 1009 180 0.015998 9
330 164 353 199 0.011518 9
1192 385 1205 403 0.010906 9
705 154 714 174 0.010180 9
170 64 203 92 0.009342 9
895 156 905 173 0.007510 9
895 161 904 177 0.007327 9
1051 109 1084 146 0.007268 9
450 159 464 170 0.006878 9
368 165 376 186 0.006242 9
596 119 605 144 0.006214 9
595 64 624 93 0.005804 9
586 118 600 153 0.005281 9
371 165 381 184 0.005074 9
329 173 346 199 0.004783 9
879 154 894 171 0.004714 9
587 171 594 185 0.004708 9
703 172 713 183 0.004068 9
1121 164 1151 185 0.003955 9
1133 164 1155 186 0.003881 9
1002 171 1008 184 0.003864 9
293 175 308 197 0.003737 9
898 140 919 172 0.003628 9
312 153 326 197 0.003590 9
687 169 703 202 0.003581 9
692 169 702 182 0.003566 9
1142 165 1155 185 0.003494 9
1014 135 1023 170 0.003360 9
1207 169 1216 196 0.003145 9
1111 193 1119 204 0.003087 9
1015 135 1025 145 0.003032 9
312 137 362 199 0.002953 9
581 64 596 93 0.002897 9
1006 135 1021 173 0.002851 9
665 180 671 201 0.002685 9
308 176 329 199 0.002683 9
1014 135 1025 155 0.002670 9
994 138 1001 161 0.002640 9
553 172 580 201 0.002573 9
880 152 907 174 0.002568 9
586 118 598 137 0.002474 9
899 154 909 176 0.002474 9
1209 370 1225 402 0.002426 9
712 153 720 175 0.002362 9
663 170 671 189 0.002339 9
595 117 624 164 0.002305 9
681 179 688 200 0.002238 9
1209 168 1225 199 0.002132 9
1155 164 1169 183 0.002089 9
624 64 640 92 0.002075 9
513 141 527 175 0.002000 9
680 171 690 191 0.001964 9
695 151 706 176 0.001934 9
716 154 726 176 0.001790 9
903 158 910 178 0.001785 9
583 64 630 94 0.001761 9
514 175 524 191 0.001722 9
689 169 700 184 0.001698 9
992 147 1000 169 0.001630 9
834 142 858 165 0.001624 9
119 64 162 76 0.001622 9
1091 130 1109 176 0.001540 9
698 122 713 154 0.001532 9
1183 162 1201 188 0.001497 9
588 174 599 186 0.001439 9
1219 214 1229 231 0.001416 9
570 162 581 182 0.001370 9
870 165 888 177 0.001344 9
1001 182 1008 194 0.001344 9
690 182 703 215 0.001339 9
848 181 858 197 0.001329 9
584 120 598 163 0.001308 9
707 155 719 181 0.001202 9
666 189 671 211 0.001144 9
681 162 690 185 0.001140 9
1103 162 1152 186 0.001113 9
568 143 578 161 0.001094 9
718 193 728 210 0.001084 9
448 159 473 178 0.001077 9
698 79 716 128 0.001063 9
983 142 993 159 0.001052 9
1092 172 1103 202 0.001015 9
996 134 1014 175 0.000996 9
1089 182 1098 195 0.000956 9
756 136 765 153 0.000936 9
993 166 1000 175 0.000936 9
651 172 664 215 0.000931 9
701 118 714 130 0.000912 9
357 219 370 229 0.000912 9
1079 146 1104 181 0.000896 9
693 176 702 205 0.000854 9
875 157 897 176 0.000833 9
843 152 858 167 0.000822 9
515 177 536 197 0.000816 9
1240 197 1248 231 0.000803 9
292 175 318 199 0.000799 9
336 160 359 198 0.000776 9
693 119 709 153 0.000760 9
695 118 716 158 0.000759 9
141 64 202 88 0.000695 9
308 172 352 202 0.000685 9
832 162 858 188 0.000677 9
804 180 814 201 0.000665 9
867 152 899 176 0.000657 9
566 173 581 201 0.000652 9
351 155 362 195 0.000630 9
832 147 846 165 0.000620 9
877 137 938 155 0.000620 9
693 158 705 181 0.000617 9
754 139 761 153 0.000586 9
543 139 551 157 0.000584 9
587 163 601 186 0.000580 9
165 64 175 76 0.000579 9
624 64 640 77 0.000576 9
503 149 525 177 0.000568 9
703 123 717 155 0.000566 9
852 115 865 137 0.000561 9
869 124 880 137 0.000552 9
1088 190 1095 201 0.000550 9
678 65 694 120 0.000545 9
697 68 712 120 0.000535 9
149 64 173 75 0.000534 9
448 161 465 181 0.000524 9
1098 159 1113 185 0.000522 9
596 137 619 162 0.000517 9
1096 190 1102 204 0.000516 9
694 127 716 181 0.000508 9
1097 130 1109 151 0.000502 9
636 161 660 208 0.000467 9
651 167 661 192 0.000462 9
829 135 892 166 0.000457 9
860 165 874 186 0.000437 9
183 144 199 168 0.000429 9
861 137 939 166 0.000426 9
866 126 872 136 0.000421 9
1120 181 1127 191 0.000418 9
691 119 710 131 0.000396 9
999 129 1007 137 0.000396 9
1075 132 1103 178 0.000393 9
806 169 828 188 0.000386 9
119 64 202 80 0.000380 9
521 169 549 185 0.000377 9
689 119 713 164 0.000373 9
815 161 857 178 0.000372 9
1222 164 1249 184 0.000355 9
1088 150 1110 194 0.000342 9
688 119 704 153 0.000335 9
717 151 726 164 0.000334 9
312 133 332 194 0.000326 9
259 143 269 159 0.000324 9
825 158 857 172 0.000319 9
662 176 696 221 0.000319 9
521 148 545 175 0.000313 9
624 118 637 156 0.000308 9
905 136 938 155 0.000301 9
449 152 489 172 0.000300 9
571 120 600 186 0.000295 9
1080 170 1098 184 0.000283 9
1030 149 1040 160 0.000279 9
1098 152 1124 174 0.000279 9
704 117 717 130 0.000279 9
463 249 479 271 0.000269 9
680 151 690 184 0.000265 9
805 159 859 194 0.000258 9
664 167 692 194 0.000256 9
306 164 376 209 0.000254 9
649 121 660 161 0.000253 9
1088 136 1103 176 0.000248 9
835 77 849 93 0.000248 9
1020 148 1035 160 0.000246 9
678 71 691 103 0.000243 9
1148 125 1160 135 0.000241 9
579 64 597 115 0.000238 9
133 64 172 79 0.000232 9
308 112 367 195 0.000231 9
551 142 572 162 0.000228 9
637 119 655 164 0.000227 9
886 136 938 173 0.000223 9
844 114 864 136 0.000219 9
610 148 626 169 0.000215 9
687 152 696 180 0.000215 9
685 120 697 153 0.000214 9
173 64 230 92 0.000213 9
848 149 891 176 0.000209 9
581 73 600 142 0.000209 9
96 179 105 202 0.000207 9
687 65 715 154 0.000207 9
680 147 690 171 0.000207 9
854 161 871 192 0.000203 9
1128 160 1154 180 0.000202 9
645 160 659 190 0.000201 9
586 117 619 169 0.000200 9
463 205 477 267 0.000199 9
1113 182 1133 206 0.000197 9
1225 159 1255 182 0.000195 9
578 64 665 156 0.000193 9
696 176 726 202 0.000192 9
1010 140 1024 176 0.000192 9
569 132 591 165 0.000189 9
1003 169 1013 184 0.000187 9
680 122 690 153 0.000186 9
108 147 128 168 0.000186 9
829 135 862 165 0.000185 9
1099 168 1130 205 0.000180 9
833 78 845 92 0.000177 9
1122 178 1143 192 0.000174 9
644 120 659 164 0.000171 9
695 65 721 128 0.000168 9
1063 109 1085 143 0.000167 9
702 160 723 185 0.000167 9
1017 138 1032 158 0.000164 9
847 161 868 238 0.000164 9
637 161 648 185 0.000160 9
573 134 582 160 0.000158 9
845 162 870 210 0.000156 9
578 64 603 166 0.000155 9
584 106 608 156 0.000154 9
161 74 196 92 0.000154 9
448 127 530 178 0.000154 9
713 160 728 185 0.000149 9
624 116 642 163 0.000147 9
1202 159 1221 194 0.000146 9
667 168 679 186 0.000145 9
683 144 695 178 0.000143 9
983 152 995 168 0.000139 9
800 154 820 234 0.000139 9
1055 109 1077 169 0.000138 9
1133 185 1143 203 0.000136 9
96 171 107 182 0.000134 9
724 140 739 159 0.000132 9
1031 145 1040 156 0.000130 9
544 113 552 135 0.000130 9
597 117 626 149 0.000129 9
169 64 263 99 0.000126 9
1074 181 1097 202 0.000126 9
990 170 1009 196 0.000126 9
1123 185 1140 202 0.000125 9
688 64 711 122 0.000125 9
256 83 265 97 0.000119 9
984 136 995 159 0.000117 9
631 64 663 89 0.000116 9
542 144 572 166 0.000114 9
875 127 892 138 0.000114 9
565 135 579 160 0.000112 9
829 121 846 134 0.000112 9
96 175 110 203 0.000111 9
1050 108 1091 232 0.000109 9
50 184 63 206 0.000109 9
837 115 854 135 0.000108 9
849 116 878 138 0.000107 9
1049 109 1099 180 0.000106 9
620 151 636 178 0.000105 9
262 67 273 82 0.000103 9
331 206 372 233 0.000101 9
117 64 206 101 0.000100 9
324 109 366 164 0.121423 11
1052 109 1083 147 0.037388 11
1181 189 1200 215 0.033126 11
415 64 440 124 0.000210 11
416 64 433 105 0.000174 11
1071 129 1089 152 0.000108 11
359 147 373 164 0.000108 11
