865 190 902 269 0.755027 0
1102 192 1129 261 0.737928 0
758 196 798 278 0.655529 0
530 192 569 257 0.475191 0
917 191 940 232 0.338940 0
530 192 569 281 0.329852 0
917 192 938 231 0.266074 0
530 192 569 270 0.261894 0
917 192 936 230 0.213918 0
1158 197 1170 219 0.194263 0
1159 198 1169 217 0.170290 0
917 191 942 231 0.168352 0
718 210 728 235 0.163358 0
770 197 798 278 0.143690 0
1037 197 1050 230 0.138974 0
917 195 947 232 0.109298 0
176 198 187 227 0.092783 0
222 201 235 230 0.091400 0
1158 197 1169 220 0.087005 0
1038 199 1051 230 0.082668 0
917 193 946 235 0.077167 0
1036 196 1051 229 0.065270 0
1159 197 1170 222 0.064161 0
718 211 728 235 0.063213 0
917 192 947 230 0.061611 0
223 201 235 221 0.057138 0
863 190 873 216 0.055074 0
916 192 936 224 0.053230 0
223 201 235 226 0.053107 0
916 192 935 228 0.050707 0
864 190 873 212 0.045490 0
864 191 873 216 0.045216 0
861 190 874 230 0.040931 0
916 190 947 222 0.039369 0
222 201 236 239 0.029891 0
174 198 188 227 0.028637 0
774 197 800 278 0.028569 0
848 202 856 224 0.027650 0
848 202 856 222 0.026145 0
849 190 873 234 0.025400 0
176 197 189 227 0.024276 0
849 190 873 229 0.023928 0
897 206 905 216 0.022775 0
848 201 857 222 0.022091 0
859 191 875 241 0.021725 0
861 191 874 234 0.020767 0
847 200 857 239 0.019552 0
1270 200 1279 248 0.019298 0
470 203 478 219 0.018547 0
222 201 237 232 0.018177 0
933 200 948 217 0.017940 0
1159 197 1173 218 0.017801 0
848 201 857 225 0.017114 0
470 204 478 217 0.015687 0
850 190 873 224 0.015276 0
471 202 479 217 0.015022 0
534 197 568 281 0.014268 0
860 191 876 256 0.013770 0
853 190 899 274 0.013662 0
1036 194 1049 229 0.013656 0
914 192 932 225 0.012546 0
773 199 796 264 0.010959 0
914 193 930 226 0.010488 0
898 192 935 238 0.010398 0
862 438 879 478 0.010262 0
1231 197 1256 233 0.010095 0
1270 198 1279 242 0.009996 0
849 190 875 263 0.009445 0
860 438 878 478 0.009359 0
1268 197 1279 258 0.009046 0
709 210 728 235 0.008842 0
758 197 797 265 0.008788 0
1038 200 1053 230 0.008699 0
849 191 879 271 0.008654 0
1234 197 1256 233 0.008601 0
856 191 880 269 0.008587 0
718 211 728 236 0.008127 0
773 197 797 248 0.008076 0
914 192 934 227 0.007887 0
1034 198 1051 230 0.007816 0
762 197 797 264 0.007813 0
602 150 633 182 0.007784 0
758 197 793 276 0.007769 0
774 198 798 261 0.007713 0
633 202 644 216 0.007645 0
965 372 979 391 0.007459 0
848 188 866 223 0.007408 0
1016 203 1025 223 0.007377 0
712 209 728 234 0.006837 0
880 178 925 253 0.006786 0
950 272 959 293 0.006381 0
1037 197 1053 230 0.006152 0
1216 205 1228 233 0.006113 0
1269 199 1279 265 0.006021 0
889 206 908 237 0.005872 0
222 201 238 242 0.005870 0
775 197 796 244 0.005678 0
1216 200 1228 233 0.005349 0
1264 196 1279 269 0.005338 0
857 433 879 479 0.005296 0
863 440 879 477 0.005147 0
1000 384 1022 400 0.005095 0
891 203 934 243 0.004979 0
470 203 478 224 0.004913 0
815 210 826 239 0.004805 0
965 373 979 389 0.004672 0
517 191 524 201 0.004405 0
847 429 880 479 0.004128 0
964 372 982 391 0.003845 0
891 208 939 256 0.003842 0
963 372 984 391 0.003778 0
1158 194 1170 218 0.003758 0
1263 199 1279 270 0.003745 0
865 190 881 218 0.003719 0
863 438 879 470 0.003719 0
1118 206 1130 227 0.003709 0
536 197 570 281 0.003629 0
175 194 188 227 0.003585 0
775 198 794 241 0.003496 0
896 205 911 227 0.003450 0
1216 199 1227 232 0.003419 0
1264 199 1279 250 0.003374 0
1010 196 1051 230 0.003340 0
632 202 645 225 0.003310 0
897 202 906 217 0.003278 0
222 198 235 230 0.003217 0
1011 204 1025 227 0.003186 0
815 209 826 234 0.003057 0
1258 199 1279 268 0.003011 0
243 196 255 215 0.002993 0
718 197 729 235 0.002918 0
965 371 980 390 0.002907 0
865 191 887 224 0.002810 0
375 186 386 201 0.002762 0
242 195 253 216 0.002611 0
964 372 980 393 0.002610 0
999 384 1023 401 0.002605 0
1258 198 1277 228 0.002597 0
769 198 801 278 0.002481 0
175 198 187 228 0.002426 0
645 191 654 209 0.002424 0
999 383 1024 403 0.002402 0
1117 199 1128 222 0.002387 0
871 190 890 218 0.002317 0
509 198 517 216 0.002249 0
779 198 797 246 0.002239 0
858 438 884 479 0.002231 0
465 200 478 217 0.002212 0
1106 192 1121 211 0.002196 0
949 273 960 301 0.002180 0
788 330 814 391 0.002155 0
517 191 526 209 0.002143 0
1217 215 1231 234 0.002086 0
865 441 874 455 0.002079 0
1231 169 1246 181 0.002024 0
1258 199 1278 230 0.001985 0
964 368 986 392 0.001973 0
785 330 815 391 0.001969 0
960 373 980 392 0.001959 0
856 190 885 271 0.001940 0
914 472 928 487 0.001938 0
1216 206 1230 234 0.001915 0
1216 201 1230 233 0.001889 0
864 440 875 455 0.001879 0
632 202 645 216 0.001873 0
446 190 798 286 0.001845 0
1226 196 1259 261 0.001824 0
241 196 255 217 0.001800 0
1229 168 1246 181 0.001778 0
1153 197 1170 220 0.001763 0
645 194 655 215 0.001754 0
1263 201 1279 233 0.001751 0
1181 167 1201 216 0.001727 0
693 207 703 230 0.001652 0
1217 193 1226 214 0.001636 0
848 435 880 479 0.001628 0
530 203 568 281 0.001626 0
963 351 992 392 0.001616 0
1119 312 1129 332 0.001604 0
160 204 172 228 0.001587 0
1251 199 1269 231 0.001555 0
1254 199 1279 269 0.001530 0
1251 197 1271 230 0.001528 0
846 423 881 479 0.001508 0
465 203 474 218 0.001502 0
693 208 701 230 0.001494 0
990 204 1000 223 0.001470 0
1119 312 1131 344 0.001452 0
964 371 989 391 0.001439 0
1252 203 1267 232 0.001430 0
788 330 812 389 0.001423 0
999 384 1023 408 0.001367 0
1158 197 1174 222 0.001352 0
826 191 902 274 0.001293 0
1119 312 1129 339 0.001265 0
843 423 879 480 0.001265 0
998 383 1023 409 0.001256 0
1232 170 1246 181 0.001251 0
1059 210 1083 245 0.001226 0
513 190 524 204 0.001220 0
1231 169 1247 181 0.001194 0
670 208 679 230 0.001181 0
1060 211 1085 248 0.001180 0
681 200 690 216 0.001158 0
1059 209 1082 244 0.001157 0
850 431 879 479 0.001151 0
1109 192 1127 223 0.001144 0
643 207 653 216 0.001077 0
241 195 255 237 0.001073 0
198 210 206 222 0.001071 0
1215 192 1231 234 0.001063 0
858 436 896 483 0.001046 0
213 200 220 225 0.001036 0
1216 190 1223 207 0.001031 0
1249 213 1265 233 0.001030 0
869 191 894 233 0.001007 0
241 195 253 225 0.001006 0
992 383 1024 458 0.000999 0
989 383 1024 457 0.000999 0
784 198 797 232 0.000997 0
1261 168 1279 248 0.000995 0
832 470 840 487 0.000988 0
1067 213 1091 244 0.000985 0
465 203 478 226 0.000970 0
964 346 992 392 0.000970 0
459 202 469 218 0.000955 0
912 453 928 487 0.000950 0
1059 203 1078 240 0.000940 0
1066 211 1089 244 0.000925 0
534 197 569 257 0.000918 0
861 429 884 473 0.000916 0
913 472 928 487 0.000906 0
693 208 702 233 0.000893 0
992 381 1024 454 0.000889 0
848 463 868 479 0.000886 0
242 195 254 218 0.000876 0
540 213 567 281 0.000865 0
999 377 1024 403 0.000862 0
1152 197 1170 221 0.000844 0
1198 383 1207 409 0.000844 0
1222 163 1250 231 0.000833 0
996 383 1024 425 0.000832 0
1072 486 1080 500 0.000828 0
1035 192 1057 230 0.000818 0
997 377 1023 420 0.000803 0
516 193 529 225 0.000793 0
949 346 961 390 0.000787 0
925 344 960 391 0.000783 0
625 180 642 201 0.000780 0
670 208 680 232 0.000779 0
799 440 816 472 0.000771 0
158 204 171 228 0.000771 0
995 384 1024 423 0.000770 0
1118 312 1135 375 0.000769 0
994 382 1024 460 0.000767 0
532 198 548 233 0.000759 0
958 363 982 392 0.000756 0
832 479 840 487 0.000752 0
1224 161 1255 232 0.000747 0
965 343 992 391 0.000739 0
467 202 478 247 0.000729 0
692 208 703 234 0.000728 0
1103 192 1123 226 0.000727 0
538 214 566 281 0.000725 0
1199 384 1208 415 0.000724 0
947 348 961 391 0.000724 0
1212 163 1256 234 0.000717 0
848 469 867 479 0.000711 0
215 199 227 224 0.000709 0
1117 201 1134 251 0.000695 0
1228 170 1256 233 0.000691 0
1210 189 1227 228 0.000688 0
783 330 817 393 0.000685 0
1068 211 1084 239 0.000682 0
1177 212 1184 222 0.000681 0
1212 168 1233 235 0.000676 0
1208 168 1228 219 0.000673 0
367 208 374 217 0.000672 0
959 337 991 391 0.000659 0
936 272 960 296 0.000658 0
680 199 690 215 0.000656 0
950 345 960 386 0.000647 0
877 438 902 486 0.000645 0
1248 203 1279 267 0.000645 0
1161 329 1167 346 0.000641 0
846 189 910 278 0.000640 0
986 371 1024 454 0.000636 0
610 150 633 178 0.000629 0
847 440 877 480 0.000626 0
862 437 891 481 0.000623 0
947 274 960 304 0.000621 0
158 201 173 228 0.000620 0
1075 332 1087 343 0.000609 0
947 270 960 296 0.000604 0
718 210 733 235 0.000604 0
670 208 680 230 0.000602 0
799 438 816 471 0.000584 0
948 341 989 394 0.000579 0
1136 446 1143 457 0.000575 0
1127 444 1134 473 0.000573 0
1027 278 1038 295 0.000568 0
993 383 1023 424 0.000557 0
965 355 984 391 0.000556 0
1114 194 1130 220 0.000552 0
878 439 890 465 0.000551 0
962 371 980 403 0.000551 0
375 186 388 205 0.000550 0
1064 206 1088 241 0.000550 0
889 195 937 221 0.000549 0
986 376 1024 460 0.000543 0
474 204 485 217 0.000541 0
351 190 357 200 0.000540 0
1154 194 1190 223 0.000540 0
957 336 992 392 0.000534 0
1036 198 1053 236 0.000526 0
1118 209 1134 240 0.000525 0
903 336 926 354 0.000524 0
786 329 819 382 0.000520 0
904 336 923 349 0.000519 0
751 463 760 472 0.000516 0
998 375 1024 404 0.000515 0
967 374 992 392 0.000507 0
899 336 926 385 0.000507 0
157 204 171 235 0.000506 0
960 370 991 394 0.000505 0
903 336 925 360 0.000504 0
883 200 902 231 0.000497 0
862 433 877 457 0.000496 0
1072 489 1081 502 0.000494 0
213 201 222 223 0.000493 0
956 370 979 424 0.000486 0
1211 196 1259 262 0.000486 0
994 174 1250 257 0.000483 0
1027 213 1055 250 0.000481 0
1046 483 1054 489 0.000479 0
926 344 961 393 0.000479 0
878 437 888 458 0.000476 0
497 188 537 223 0.000469 0
951 344 960 364 0.000468 0
997 376 1023 401 0.000464 0
965 373 992 391 0.000464 0
455 201 465 217 0.000462 0
982 351 993 385 0.000455 0
222 202 239 249 0.000454 0
830 64 839 69 0.000452 0
738 203 745 214 0.000452 0
568 203 575 215 0.000451 0
784 330 815 391 0.000448 0
957 368 981 423 0.000448 0
692 208 703 239 0.000448 0
220 198 240 261 0.000447 0
912 341 959 390 0.000447 0
1056 488 1066 498 0.000447 0
991 380 1024 412 0.000445 0
1118 311 1139 385 0.000445 0
759 197 795 244 0.000438 0
1158 326 1167 345 0.000438 0
175 194 189 226 0.000438 0
216 200 235 239 0.000432 0
930 282 944 298 0.000432 0
654 197 662 217 0.000431 0
1178 213 1204 247 0.000427 0
982 351 993 378 0.000421 0
1118 311 1137 385 0.000420 0
960 370 988 410 0.000415 0
928 276 949 296 0.000415 0
913 472 928 488 0.000409 0
215 201 227 229 0.000407 0
1069 215 1093 246 0.000406 0
704 210 729 236 0.000404 0
1104 312 1111 326 0.000402 0
788 330 815 344 0.000401 0
855 440 894 484 0.000401 0
897 336 956 392 0.000400 0
464 202 478 249 0.000398 0
1088 186 1096 204 0.000389 0
956 370 980 414 0.000386 0
877 438 903 483 0.000385 0
857 423 890 472 0.000384 0
1220 198 1279 263 0.000383 0
756 197 894 281 0.000378 0
1056 193 1077 233 0.000378 0
1117 312 1138 344 0.000369 0
911 453 929 487 0.000365 0
991 455 999 463 0.000362 0
240 196 254 235 0.000356 0
855 172 1219 257 0.000354 0
1167 329 1173 338 0.000348 0
878 192 901 224 0.000347 0
1158 191 1179 218 0.000347 0
955 372 978 424 0.000345 0
957 367 989 422 0.000340 0
1102 216 1126 258 0.000337 0
1152 192 1194 219 0.000336 0
631 202 646 223 0.000332 0
1181 224 1203 248 0.000331 0
788 170 942 237 0.000326 0
1116 313 1145 344 0.000324 0
1026 278 1039 295 0.000323 0
902 336 928 361 0.000319 0
347 177 937 291 0.000317 0
861 412 884 471 0.000316 0
338 188 880 323 0.000315 0
1248 423 1254 431 0.000310 0
912 340 1015 427 0.000309 0
956 339 981 390 0.000307 0
896 426 904 453 0.000306 0
465 203 478 250 0.000306 0
990 382 1023 422 0.000303 0
1024 277 1039 295 0.000302 0
894 433 904 458 0.000302 0
1203 197 1279 294 0.000301 0
1089 238 1105 271 0.000301 0
989 379 1023 406 0.000301 0
462 194 479 261 0.000301 0
757 203 785 244 0.000297 0
386 198 396 206 0.000297 0
516 195 531 238 0.000295 0
543 198 565 228 0.000295 0
788 329 817 344 0.000294 0
866 190 898 241 0.000294 0
1118 198 1134 228 0.000294 0
681 190 815 275 0.000293 0
1116 312 1143 366 0.000292 0
199 211 207 226 0.000292 0
329 185 719 282 0.000292 0
199 210 206 220 0.000288 0
655 197 661 216 0.000286 0
1089 238 1101 270 0.000286 0
1127 444 1136 474 0.000286 0
1189 359 1212 415 0.000285 0
1135 446 1142 466 0.000284 0
162 204 173 228 0.000284 0
878 444 897 485 0.000282 0
878 439 904 481 0.000279 0
878 437 905 475 0.000278 0
1076 187 1091 202 0.000278 0
740 202 749 216 0.000276 0
799 443 817 473 0.000271 0
240 194 255 217 0.000264 0
778 161 1197 263 0.000262 0
346 188 353 199 0.000262 0
160 204 174 228 0.000261 0
1119 440 1133 473 0.000260 0
266 197 272 211 0.000259 0
716 207 734 235 0.000256 0
971 349 1024 392 0.000251 0
387 198 396 206 0.000251 0
240 194 255 215 0.000251 0
1184 382 1211 416 0.000250 0
1145 328 1154 344 0.000248 0
763 258 849 345 0.000246 0
162 199 187 228 0.000245 0
975 345 1024 391 0.000244 0
241 214 252 240 0.000243 0
898 339 962 390 0.000243 0
375 184 393 203 0.000242 0
853 268 901 296 0.000238 0
681 199 693 215 0.000237 0
1036 186 1277 275 0.000235 0
1197 373 1220 418 0.000235 0
1056 221 1065 237 0.000235 0
450 183 574 268 0.000233 0
212 195 222 221 0.000231 0
915 338 1018 394 0.000231 0
846 418 882 471 0.000230 0
1012 455 1024 469 0.000228 0
444 181 580 301 0.000225 0
942 362 980 425 0.000224 0
892 337 927 380 0.000224 0
898 336 925 364 0.000223 0
1216 404 1232 432 0.000223 0
986 383 1023 457 0.000222 0
852 192 881 275 0.000222 0
954 370 978 438 0.000221 0
758 205 777 231 0.000220 0
325 189 657 285 0.000218 0
689 130 1251 261 0.000217 0
550 199 569 224 0.000216 0
1120 442 1136 478 0.000214 0
920 340 1024 394 0.000214 0
897 337 928 392 0.000214 0
961 351 1024 436 0.000214 0
796 415 816 475 0.000214 0
912 454 927 468 0.000211 0
946 342 1025 440 0.000209 0
1197 364 1225 416 0.000208 0
896 473 907 484 0.000207 0
241 203 253 239 0.000204 0
1190 496 1200 504 0.000204 0
1119 440 1134 475 0.000204 0
523 185 680 280 0.000203 0
1210 369 1224 404 0.000203 0
1002 190 1258 269 0.000202 0
1215 392 1232 432 0.000201 0
894 441 904 458 0.000200 0
562 196 578 216 0.000200 0
1146 308 1167 348 0.000198 0
1187 356 1213 412 0.000198 0
1067 64 1151 75 0.000197 0
787 329 825 380 0.000194 0
906 340 942 394 0.000194 0
945 340 1024 466 0.000194 0
927 407 943 437 0.000193 0
1202 368 1225 414 0.000193 0
1005 392 1024 455 0.000193 0
467 184 573 281 0.000191 0
877 437 911 487 0.000191 0
681 201 698 228 0.000190 0
1199 363 1232 432 0.000189 0
791 320 812 344 0.000189 0
1135 328 1145 360 0.000188 0
1133 281 1147 347 0.000188 0
1065 136 1112 275 0.000187 0
1217 405 1232 428 0.000187 0
775 266 849 345 0.000185 0
951 372 977 453 0.000184 0
1075 330 1090 362 0.000183 0
847 430 934 484 0.000182 0
738 200 746 214 0.000182 0
1142 195 1168 217 0.000180 0
906 339 1022 433 0.000179 0
845 433 931 485 0.000178 0
923 342 962 385 0.000177 0
1141 196 1172 219 0.000177 0
930 340 1024 407 0.000177 0
1167 380 1179 392 0.000177 0
319 203 330 223 0.000174 0
945 358 963 393 0.000174 0
1195 361 1225 415 0.000174 0
1264 64 1279 75 0.000173 0
876 437 910 483 0.000172 0
652 190 661 216 0.000172 0
846 422 868 465 0.000172 0
1143 188 1171 219 0.000172 0
323 189 764 334 0.000170 0
895 327 904 343 0.000170 0
612 199 807 282 0.000169 0
1269 157 1279 181 0.000168 0
1135 327 1147 344 0.000168 0
331 162 946 402 0.000168 0
917 338 1024 452 0.000168 0
631 201 650 230 0.000167 0
1071 484 1082 498 0.000167 0
972 343 1022 391 0.000166 0
24 216 41 254 0.000166 0
954 369 1013 425 0.000165 0
242 202 256 239 0.000165 0
1196 365 1230 428 0.000163 0
1264 64 1279 73 0.000162 0
743 132 1235 258 0.000161 0
1040 279 1057 320 0.000161 0
990 386 1022 423 0.000160 0
750 455 764 472 0.000159 0
927 405 944 425 0.000159 0
798 440 832 474 0.000157 0
988 356 1024 400 0.000157 0
894 330 923 353 0.000156 0
1074 189 1096 227 0.000156 0
1181 190 1203 230 0.000156 0
333 178 940 383 0.000155 0
845 267 854 280 0.000155 0
538 191 551 208 0.000155 0
1179 344 1196 357 0.000154 0
523 191 538 224 0.000154 0
1145 324 1169 345 0.000154 0
1071 328 1088 344 0.000153 0
1145 329 1168 346 0.000153 0
323 192 646 350 0.000152 0
846 178 926 214 0.000152 0
1135 339 1144 360 0.000152 0
1116 312 1140 341 0.000151 0
1185 337 1212 405 0.000151 0
1095 173 1210 229 0.000149 0
32 214 40 228 0.000148 0
467 188 479 213 0.000148 0
959 371 1013 412 0.000146 0
974 189 982 201 0.000144 0
819 329 848 385 0.000142 0
603 149 657 209 0.000142 0
943 377 979 425 0.000141 0
744 150 752 158 0.000140 0
1068 189 1081 205 0.000139 0
1048 226 1096 296 0.000139 0
355 162 860 267 0.000139 0
1199 503 1210 513 0.000138 0
1060 120 1106 275 0.000138 0
336 163 949 290 0.000137 0
1144 316 1160 344 0.000137 0
1063 202 1100 251 0.000136 0
853 227 890 293 0.000135 0
375 184 392 201 0.000135 0
1058 190 1079 218 0.000135 0
1088 183 1110 224 0.000134 0
821 328 848 390 0.000134 0
981 363 1024 401 0.000134 0
797 416 818 474 0.000133 0
943 352 980 424 0.000131 0
1113 312 1149 347 0.000131 0
1103 312 1116 335 0.000130 0
797 189 821 236 0.000130 0
971 372 1018 416 0.000130 0
524 192 615 283 0.000130 0
464 202 478 277 0.000129 0
1160 376 1167 389 0.000129 0
900 328 925 350 0.000127 0
1071 334 1122 403 0.000127 0
770 269 848 345 0.000127 0
910 452 932 488 0.000126 0
783 318 831 350 0.000126 0
1060 228 1073 299 0.000126 0
891 268 920 296 0.000125 0
329 185 342 199 0.000125 0
911 472 940 487 0.000124 0
927 406 944 461 0.000124 0
846 133 1221 257 0.000124 0
895 284 909 308 0.000122 0
431 163 591 282 0.000121 0
1002 362 1024 389 0.000120 0
154 204 169 233 0.000119 0
925 343 962 367 0.000119 0
1033 484 1068 498 0.000119 0
909 471 942 487 0.000119 0
904 340 1019 426 0.000119 0
1263 288 1279 475 0.000119 0
439 167 583 280 0.000118 0
831 463 846 481 0.000118 0
923 350 956 393 0.000118 0
0 191 5 205 0.000118 0
738 200 749 217 0.000117 0
1022 441 1035 464 0.000117 0
878 419 906 475 0.000116 0
914 403 944 469 0.000116 0
843 399 882 472 0.000116 0
945 363 1024 470 0.000115 0
1185 499 1222 513 0.000115 0
635 205 654 222 0.000114 0
816 459 832 473 0.000114 0
903 328 920 346 0.000114 0
1008 197 1064 340 0.000114 0
967 383 1027 476 0.000112 0
1217 404 1232 434 0.000111 0
1199 400 1216 418 0.000111 0
858 411 895 470 0.000110 0
372 171 388 204 0.000110 0
1071 338 1121 406 0.000110 0
1068 180 1140 266 0.000109 0
1158 424 1167 443 0.000109 0
945 370 977 467 0.000108 0
909 342 929 393 0.000107 0
782 332 832 390 0.000107 0
1007 438 1024 471 0.000107 0
920 326 1015 390 0.000106 0
1119 439 1135 474 0.000106 0
847 172 876 221 0.000105 0
1105 312 1139 345 0.000105 0
751 460 767 472 0.000104 0
353 164 716 241 0.000104 0
1159 424 1167 441 0.000103 0
794 201 820 238 0.000103 0
1020 440 1039 465 0.000103 0
902 439 944 487 0.000103 0
864 332 886 343 0.000101 0
335 149 949 421 0.000101 0
801 445 833 475 0.000101 0
453 182 488 302 0.000101 0
759 64 1163 111 0.000101 0
922 406 944 462 0.000101 0
1131 272 1149 342 0.000100 0
443 175 561 295 0.000100 0
1101 227 1133 265 0.652109 1
750 229 799 283 0.648749 1
867 221 943 275 0.520210 1
894 214 958 260 0.271631 1
750 236 799 283 0.229298 1
894 218 957 259 0.211244 1
934 233 958 259 0.135218 1
914 201 958 260 0.126708 1
912 211 958 260 0.107273 1
867 231 943 276 0.098574 1
914 193 958 260 0.063536 1
888 218 942 274 0.056376 1
875 216 956 266 0.051813 1
892 223 942 274 0.048353 1
917 194 958 260 0.045517 1
860 218 944 278 0.040872 1
894 236 942 275 0.034452 1
896 239 943 275 0.028999 1
935 233 958 261 0.026401 1
750 226 793 282 0.024393 1
889 215 943 274 0.022029 1
869 238 890 270 0.021811 1
890 211 958 267 0.019257 1
895 206 959 261 0.017960 1
867 224 907 273 0.016794 1
750 247 772 283 0.016589 1
905 232 947 274 0.016511 1
750 231 777 282 0.015311 1
900 243 942 275 0.014975 1
750 244 775 283 0.014482 1
920 247 943 275 0.014247 1
869 239 886 269 0.013788 1
751 224 779 282 0.013162 1
867 228 922 275 0.012837 1
869 237 892 268 0.012152 1
869 238 888 272 0.011916 1
922 206 959 259 0.009955 1
921 251 942 275 0.008163 1
872 222 904 269 0.008121 1
891 220 908 260 0.007607 1
917 250 942 275 0.006957 1
1107 224 1131 260 0.006891 1
894 201 957 260 0.006613 1
773 240 798 280 0.006560 1
873 219 905 269 0.006465 1
866 232 913 291 0.006352 1
891 221 907 265 0.006341 1
890 213 945 264 0.006114 1
778 245 798 281 0.005428 1
755 224 779 278 0.005157 1
866 229 943 293 0.005153 1
892 219 912 265 0.005128 1
890 222 907 268 0.004869 1
890 215 927 264 0.004778 1
781 243 801 279 0.004481 1
866 233 904 286 0.004276 1
866 226 941 290 0.004109 1
889 214 909 251 0.003607 1
782 242 801 278 0.003366 1
782 241 800 278 0.003171 1
759 223 781 267 0.003042 1
866 228 914 291 0.003001 1
892 205 939 248 0.002700 1
863 233 888 275 0.002307 1
903 248 943 295 0.002187 1
1117 235 1133 264 0.001989 1
866 236 886 271 0.001962 1
1112 223 1133 252 0.001947 1
1087 226 1094 245 0.001718 1
758 225 780 264 0.001700 1
757 227 800 281 0.001546 1
853 228 904 291 0.001455 1
769 229 792 272 0.001404 1
865 235 882 269 0.001347 1
1109 226 1133 263 0.001304 1
750 246 771 285 0.001240 1
865 239 913 293 0.001220 1
920 250 943 280 0.001213 1
1096 219 1133 260 0.001149 1
1120 223 1134 250 0.001123 1
856 235 913 296 0.001114 1
1087 231 1093 245 0.001058 1
1085 231 1134 266 0.000966 1
787 244 806 280 0.000946 1
779 255 838 282 0.000933 1
751 223 780 275 0.000887 1
1085 217 1096 243 0.000884 1
1080 230 1133 265 0.000875 1
872 215 962 274 0.000853 1
868 231 887 267 0.000845 1
772 222 798 278 0.000843 1
891 205 994 259 0.000825 1
909 252 931 296 0.000800 1
882 214 959 259 0.000789 1
788 254 835 281 0.000787 1
1072 216 1093 244 0.000786 1
786 240 806 278 0.000768 1
1062 230 1114 265 0.000729 1
908 249 935 296 0.000660 1
757 222 779 263 0.000611 1
750 238 776 284 0.000554 1
788 229 808 278 0.000554 1
1088 229 1110 262 0.000547 1
1060 217 1156 267 0.000541 1
907 253 944 297 0.000512 1
848 203 1198 264 0.000492 1
898 214 1002 261 0.000475 1
1134 231 1153 247 0.000474 1
683 186 1259 274 0.000469 1
785 245 806 280 0.000465 1
1104 225 1133 265 0.000455 1
877 258 909 289 0.000455 1
933 221 990 261 0.000445 1
866 220 943 300 0.000432 1
1120 221 1134 241 0.000408 1
789 236 840 280 0.000377 1
930 273 960 302 0.000376 1
922 231 961 281 0.000355 1
774 256 841 302 0.000354 1
804 258 836 280 0.000351 1
934 230 991 261 0.000346 1
1087 225 1107 254 0.000343 1
856 223 1000 313 0.000339 1
790 224 850 279 0.000337 1
863 219 943 290 0.000337 1
648 214 803 285 0.000335 1
800 261 836 281 0.000326 1
1087 230 1109 267 0.000296 1
651 222 800 287 0.000292 1
748 206 899 283 0.000290 1
1069 218 1139 268 0.000282 1
794 260 837 301 0.000281 1
791 229 809 277 0.000262 1
746 235 855 298 0.000226 1
887 264 912 290 0.000222 1
656 224 813 310 0.000199 1
810 263 835 281 0.000185 1
771 247 842 299 0.000184 1
851 230 963 304 0.000175 1
855 238 912 297 0.000170 1
1082 207 1126 258 0.000167 1
932 234 992 263 0.000164 1
854 223 886 278 0.000152 1
809 260 834 279 0.000149 1
758 241 805 287 0.000148 1
811 261 850 301 0.000148 1
1114 225 1175 265 0.000143 1
1064 205 1137 293 0.000140 1
761 239 826 294 0.000133 1
1080 220 1226 273 0.000121 1
789 226 809 277 0.000120 1
854 227 884 279 0.000112 1
750 242 801 285 0.000108 1
928 278 960 304 0.000106 1
872 212 1046 300 0.000104 1
821 329 848 344 0.033346 2
1007 198 1049 230 0.025825 2
1007 198 1054 229 0.021927 2
866 178 953 217 0.021223 2
1006 199 1038 227 0.014299 2
1007 198 1043 229 0.013674 2
866 178 971 216 0.010385 2
484 199 516 217 0.009425 2
1007 199 1037 226 0.009357 2
593 200 649 216 0.008601 2
1006 200 1028 229 0.008039 2
984 199 1047 229 0.006915 2
1104 487 1118 495 0.005643 2
1006 201 1025 229 0.005419 2
601 201 646 216 0.005291 2
1104 487 1121 496 0.004805 2
820 329 848 362 0.004222 2
960 205 985 222 0.004100 2
942 203 983 221 0.003900 2
987 202 1031 229 0.003745 2
963 205 989 222 0.003561 2
982 203 1030 229 0.003476 2
864 177 979 219 0.003433 2
591 188 656 216 0.003343 2
927 201 985 236 0.003118 2
1104 487 1120 496 0.003067 2
866 177 988 222 0.003066 2
1006 203 1026 230 0.002983 2
865 176 988 238 0.002769 2
990 200 1035 227 0.002719 2
981 208 1020 229 0.002688 2
304 191 313 198 0.002585 2
589 186 655 216 0.002510 2
1119 489 1135 497 0.002479 2
589 199 647 215 0.002414 2
311 187 323 199 0.002365 2
981 196 1052 229 0.002322 2
925 198 986 223 0.002207 2
818 329 848 344 0.002190 2
919 198 983 256 0.002138 2
968 206 986 222 0.002137 2
1008 203 1027 230 0.002000 2
961 200 988 222 0.001941 2
910 190 950 219 0.001878 2
962 201 992 222 0.001827 2
623 198 653 216 0.001775 2
1103 487 1135 504 0.001773 2
590 197 652 217 0.001711 2
929 199 960 218 0.001654 2
971 204 993 224 0.001645 2
1223 164 1279 181 0.001474 2
820 329 884 344 0.001446 2
871 178 990 252 0.001335 2
588 192 654 217 0.001271 2
1022 243 1069 260 0.001268 2
695 204 726 234 0.001260 2
931 200 978 220 0.001244 2
509 204 516 217 0.001218 2
1224 157 1248 181 0.001182 2
1216 167 1279 193 0.001142 2
1023 243 1068 258 0.001103 2
1036 244 1066 253 0.001089 2
1104 486 1135 498 0.001084 2
1150 269 1279 358 0.001015 2
978 206 995 226 0.001008 2
304 185 319 198 0.000987 2
1154 269 1279 347 0.000975 2
820 326 848 344 0.000971 2
700 206 728 234 0.000938 2
620 190 656 214 0.000905 2
990 200 1018 224 0.000819 2
864 176 1068 233 0.000817 2
980 206 1028 237 0.000813 2
1158 269 1279 355 0.000783 2
589 200 627 215 0.000780 2
1262 168 1279 181 0.000759 2
1262 170 1279 184 0.000742 2
589 200 629 215 0.000741 2
1186 339 1279 415 0.000718 2
982 213 994 227 0.000692 2
1006 196 1065 261 0.000677 2
1262 170 1279 182 0.000667 2
1223 156 1279 182 0.000659 2
588 183 655 216 0.000658 2
1020 242 1069 262 0.000655 2
963 200 995 223 0.000654 2
1225 175 1279 236 0.000650 2
729 175 1201 256 0.000640 2
977 198 1066 257 0.000632 2
633 204 654 217 0.000626 2
981 212 1011 232 0.000619 2
1153 270 1221 348 0.000616 2
311 186 323 198 0.000609 2
1018 242 1090 262 0.000606 2
1108 489 1136 507 0.000600 2
862 332 884 343 0.000598 2
1009 193 1052 213 0.000543 2
697 199 724 224 0.000538 2
387 198 397 206 0.000533 2
1118 493 1137 506 0.000520 2
1009 194 1043 211 0.000518 2
816 328 890 365 0.000507 2
1149 270 1231 357 0.000491 2
863 334 885 343 0.000478 2
1181 216 1279 294 0.000475 2
825 281 848 299 0.000471 2
1071 327 1087 341 0.000465 2
1033 195 1067 232 0.000445 2
453 202 465 218 0.000442 2
1167 272 1215 331 0.000416 2
818 328 887 344 0.000413 2
784 328 848 367 0.000411 2
975 202 1061 257 0.000410 2
1263 251 1279 270 0.000407 2
1003 193 1042 217 0.000404 2
1185 275 1214 285 0.000401 2
813 268 852 300 0.000400 2
824 329 848 362 0.000399 2
692 200 725 223 0.000385 2
1164 264 1279 344 0.000377 2
1263 235 1279 270 0.000377 2
1241 276 1279 416 0.000373 2
622 188 654 215 0.000372 2
824 279 849 299 0.000372 2
803 186 855 240 0.000369 2
486 199 513 216 0.000366 2
1172 273 1216 329 0.000365 2
1188 276 1214 285 0.000359 2
1227 271 1279 363 0.000356 2
1039 242 1052 250 0.000354 2
1183 274 1214 285 0.000346 2
808 328 896 366 0.000343 2
556 182 632 215 0.000340 2
1231 272 1279 387 0.000340 2
1071 326 1087 340 0.000335 2
1111 503 1120 510 0.000333 2
1184 274 1207 283 0.000333 2
452 202 465 222 0.000327 2
1150 471 1168 479 0.000325 2
1263 248 1279 270 0.000319 2
820 271 855 299 0.000311 2
1263 360 1279 401 0.000311 2
1263 346 1279 388 0.000304 2
1035 196 1066 235 0.000297 2
1263 362 1279 409 0.000297 2
982 213 996 233 0.000297 2
1011 193 1051 229 0.000295 2
1232 268 1279 370 0.000276 2
1221 502 1232 511 0.000273 2
470 188 480 203 0.000268 2
1263 280 1279 416 0.000263 2
803 185 853 229 0.000262 2
1167 273 1215 286 0.000260 2
1015 337 1024 345 0.000254 2
1203 257 1280 294 0.000252 2
803 185 854 222 0.000248 2
1183 273 1205 283 0.000247 2
1156 270 1242 329 0.000246 2
1194 347 1265 415 0.000241 2
1166 272 1212 285 0.000239 2
819 274 850 299 0.000239 2
294 179 307 199 0.000239 2
1209 159 1248 217 0.000236 2
1008 465 1024 472 0.000235 2
247 680 273 703 0.000234 2
777 338 849 366 0.000232 2
576 183 623 202 0.000230 2
1197 349 1269 418 0.000230 2
1151 471 1168 479 0.000229 2
1263 344 1279 371 0.000226 2
1263 336 1279 372 0.000224 2
1199 339 1272 415 0.000222 2
1182 273 1215 327 0.000222 2
475 188 517 217 0.000219 2
127 207 137 216 0.000218 2
1105 487 1131 508 0.000217 2
1178 272 1215 330 0.000204 2
811 327 894 377 0.000204 2
1193 357 1266 415 0.000200 2
1049 267 1256 348 0.000197 2
1198 259 1279 294 0.000197 2
1094 495 1104 505 0.000196 2
293 176 308 198 0.000195 2
1194 358 1264 420 0.000193 2
823 280 848 302 0.000192 2
1180 273 1215 325 0.000190 2
1144 271 1252 375 0.000187 2
903 456 913 463 0.000183 2
1007 465 1024 472 0.000182 2
1108 490 1137 509 0.000181 2
1263 362 1279 415 0.000180 2
1168 272 1279 414 0.000179 2
1204 270 1279 294 0.000179 2
1060 191 1095 239 0.000179 2
863 168 1085 232 0.000178 2
1204 203 1279 294 0.000177 2
548 179 623 207 0.000176 2
1008 468 1024 472 0.000176 2
511 344 520 349 0.000175 2
868 189 912 218 0.000174 2
801 329 897 377 0.000174 2
666 454 686 464 0.000174 2
817 274 895 299 0.000172 2
1263 348 1279 376 0.000169 2
1211 370 1223 390 0.000167 2
813 269 893 298 0.000167 2
880 475 897 486 0.000167 2
879 476 895 486 0.000166 2
1194 343 1269 412 0.000165 2
1209 248 1280 295 0.000165 2
1227 185 1264 232 0.000165 2
1073 194 1094 226 0.000164 2
1209 268 1279 294 0.000164 2
1185 273 1214 286 0.000162 2
1264 365 1279 387 0.000159 2
1203 367 1224 410 0.000159 2
1261 157 1279 182 0.000159 2
801 329 919 359 0.000159 2
1202 336 1276 413 0.000154 2
1160 500 1177 510 0.000151 2
1183 273 1215 317 0.000150 2
1199 374 1268 424 0.000150 2
1025 316 1055 332 0.000149 2
1213 366 1225 391 0.000148 2
1188 205 1279 367 0.000145 2
1142 337 1198 359 0.000144 2
820 277 856 305 0.000143 2
1196 369 1263 425 0.000142 2
1263 365 1279 419 0.000142 2
1187 357 1227 416 0.000142 2
922 455 938 463 0.000142 2
1242 292 1279 375 0.000141 2
952 209 1017 257 0.000139 2
1202 272 1279 294 0.000138 2
1207 268 1280 322 0.000137 2
634 378 657 396 0.000136 2
1077 324 1141 355 0.000136 2
1022 313 1056 331 0.000136 2
1180 334 1246 416 0.000135 2
311 187 325 199 0.000135 2
621 180 656 213 0.000134 2
1141 502 1161 509 0.000134 2
1074 321 1141 345 0.000132 2
1200 342 1279 415 0.000130 2
818 328 895 364 0.000130 2
1263 361 1279 432 0.000130 2
1151 270 1215 297 0.000128 2
812 268 852 308 0.000127 2
1195 376 1265 421 0.000126 2
1144 502 1163 509 0.000126 2
451 202 471 223 0.000125 2
1209 500 1232 512 0.000124 2
1165 269 1231 362 0.000123 2
1153 270 1222 364 0.000123 2
1264 336 1279 368 0.000122 2
1219 272 1279 327 0.000119 2
1159 501 1177 510 0.000118 2
1161 269 1225 361 0.000118 2
1125 499 1136 508 0.000117 2
1188 270 1279 318 0.000117 2
1151 270 1185 346 0.000116 2
817 331 896 378 0.000116 2
1202 271 1279 302 0.000115 2
893 335 925 358 0.000115 2
1151 269 1214 339 0.000115 2
1231 503 1239 510 0.000114 2
1150 269 1178 347 0.000113 2
542 430 569 439 0.000113 2
663 197 692 220 0.000113 2
1262 305 1279 376 0.000111 2
1042 519 1067 529 0.000111 2
779 328 872 377 0.000111 2
1196 357 1254 414 0.000111 2
557 190 623 216 0.000110 2
556 182 573 199 0.000110 2
808 263 841 301 0.000110 2
1208 271 1279 328 0.000109 2
972 250 988 261 0.000108 2
636 379 657 396 0.000108 2
895 475 912 486 0.000107 2
1195 353 1258 410 0.000107 2
817 358 833 377 0.000105 2
1092 487 1118 504 0.000105 2
1224 152 1256 182 0.000105 2
1147 331 1227 398 0.000104 2
680 209 703 234 0.000104 2
892 336 925 378 0.000104 2
1213 495 1233 512 0.000103 2
1142 333 1197 360 0.000103 2
1200 412 1216 424 0.000103 2
895 472 923 486 0.000102 2
619 178 658 214 0.000102 2
1240 290 1279 377 0.000102 2
480 171 517 217 0.030247 5
866 177 951 214 0.019434 5
866 177 944 214 0.018939 5
866 177 944 223 0.015432 5
866 177 943 207 0.014162 5
480 168 573 217 0.012310 5
702 153 948 229 0.011511 5
866 177 942 200 0.010616 5
480 171 524 217 0.009291 5
865 177 943 203 0.008208 5
1216 159 1279 265 0.006580 5
1219 168 1279 266 0.006130 5
863 177 953 256 0.005368 5
1187 162 1279 267 0.004550 5
1217 160 1279 246 0.004070 5
1217 158 1279 236 0.003992 5
774 176 951 221 0.003255 5
483 198 516 217 0.003183 5
1180 158 1280 266 0.002796 5
1244 166 1279 259 0.001683 5
1218 157 1253 236 0.001648 5
863 184 940 269 0.001580 5
1209 159 1255 233 0.001388 5
803 163 857 229 0.001131 5
803 160 859 222 0.001117 5
464 170 518 217 0.001054 5
1218 169 1279 228 0.001042 5
1220 167 1279 228 0.001036 5
1262 169 1279 201 0.001005 5
1179 171 1268 252 0.000958 5
589 184 622 201 0.000788 5
1208 158 1253 238 0.000779 5
1260 170 1279 235 0.000718 5
1218 166 1279 199 0.000716 5
846 176 941 203 0.000670 5
791 170 944 208 0.000507 5
849 176 938 218 0.000480 5
475 180 517 217 0.000475 5
1262 152 1279 256 0.000464 5
703 158 1009 258 0.000387 5
1180 160 1257 261 0.000386 5
1209 162 1247 226 0.000365 5
544 174 623 204 0.000226 5
801 151 952 218 0.000204 5
553 181 624 203 0.000191 5
1263 77 1279 271 0.000180 5
674 130 1239 247 0.000138 5
824 152 954 218 0.000132 5
800 161 935 209 0.000124 5
699 151 951 233 0.066914 6
698 153 953 250 0.027207 6
641 265 1276 460 0.024662 6
642 265 1278 409 0.023286 6
643 264 1277 433 0.020737 6
642 262 1277 345 0.019961 6
702 152 948 227 0.017078 6
644 264 1276 373 0.014538 6
642 266 1275 363 0.012050 6
689 153 960 271 0.010753 6
601 150 956 233 0.010370 6
1181 162 1279 276 0.005838 6
1156 272 1279 416 0.005646 6
645 179 1275 385 0.005042 6
643 263 1279 353 0.004405 6
640 266 1139 371 0.003358 6
640 266 1086 368 0.003356 6
648 178 1274 356 0.002944 6
825 269 1279 410 0.002333 6
640 269 1028 373 0.002083 6
469 150 958 231 0.001999 6
1170 274 1279 415 0.001868 6
659 164 1279 407 0.001851 6
512 151 957 244 0.001736 6
641 264 1200 373 0.001734 6
1149 256 1279 415 0.001706 6
479 164 642 215 0.001567 6
478 160 642 215 0.001460 6
708 152 951 221 0.001395 6
641 270 1115 379 0.001381 6
754 266 1279 372 0.001372 6
655 207 1273 339 0.001360 6
1142 271 1279 416 0.001356 6
693 160 971 269 0.001327 6
930 268 1279 409 0.001233 6
641 268 1051 378 0.001211 6
1154 163 1279 417 0.001184 6
907 273 1160 343 0.001166 6
1153 269 1279 357 0.001085 6
1144 270 1279 452 0.000956 6
1001 266 1279 409 0.000899 6
1181 334 1279 415 0.000894 6
471 152 957 249 0.000879 6
1167 161 1279 420 0.000875 6
906 271 1152 340 0.000871 6
640 267 1023 453 0.000860 6
1157 268 1279 340 0.000845 6
1045 264 1279 413 0.000791 6
478 152 639 216 0.000768 6
914 212 1280 398 0.000709 6
1053 161 1279 419 0.000672 6
925 272 1157 341 0.000654 6
666 187 1260 276 0.000653 6
1030 164 1279 415 0.000629 6
906 269 1151 331 0.000612 6
1082 164 1279 286 0.000587 6
759 270 1063 344 0.000577 6
642 281 1276 476 0.000568 6
640 167 986 369 0.000565 6
1179 160 1274 251 0.000535 6
959 273 1158 342 0.000529 6
641 214 1223 331 0.000501 6
646 223 1251 308 0.000492 6
797 164 1280 414 0.000485 6
1061 266 1280 453 0.000480 6
910 271 1116 338 0.000479 6
1 65 73 237 0.000435 6
384 148 953 228 0.000424 6
887 269 1279 449 0.000420 6
438 151 955 256 0.000385 6
1017 264 1279 459 0.000356 6
918 272 1054 311 0.000356 6
604 98 954 234 0.000355 6
1191 279 1279 416 0.000354 6
968 272 1157 329 0.000341 6
902 271 1138 361 0.000328 6
955 266 1279 454 0.000324 6
917 270 1157 369 0.000321 6
916 271 1159 334 0.000320 6
1024 326 1275 474 0.000308 6
744 271 1050 345 0.000306 6
663 332 974 450 0.000305 6
1054 330 1277 412 0.000297 6
951 271 1157 329 0.000296 6
1141 331 1278 415 0.000292 6
911 270 1147 363 0.000277 6
370 151 942 221 0.000276 6
897 270 1063 334 0.000272 6
719 183 1255 269 0.000269 6
651 215 1241 307 0.000262 6
978 272 1155 345 0.000261 6
862 183 1261 270 0.000251 6
707 214 1221 337 0.000250 6
1066 328 1272 417 0.000247 6
339 153 954 252 0.000235 6
641 199 1116 350 0.000229 6
0 66 69 231 0.000221 6
987 270 1154 340 0.000216 6
985 273 1153 357 0.000212 6
961 166 1280 408 0.000207 6
957 271 1154 371 0.000202 6
374 153 872 217 0.000195 6
1046 269 1264 359 0.000189 6
1136 327 1278 451 0.000189 6
453 154 952 283 0.000187 6
1134 333 1279 460 0.000186 6
1068 324 1272 410 0.000185 6
346 157 940 264 0.000180 6
791 269 1073 342 0.000180 6
1007 338 1274 475 0.000173 6
480 164 656 217 0.000169 6
903 273 1114 365 0.000169 6
680 131 1253 273 0.000168 6
0 136 42 216 0.000167 6
1050 271 1275 349 0.000163 6
476 154 657 217 0.000155 6
688 139 1170 242 0.000154 6
1059 271 1157 347 0.000149 6
1055 271 1278 415 0.000140 6
763 273 1048 387 0.000138 6
1052 325 1275 464 0.000137 6
0 69 132 242 0.000137 6
901 268 1160 394 0.000133 6
8 64 80 237 0.000131 6
1133 333 1278 478 0.000126 6
1051 267 1272 341 0.000120 6
1 67 109 241 0.000119 6
684 97 956 235 0.000119 6
1055 270 1214 347 0.000117 6
1137 265 1280 485 0.000114 6
998 407 1271 474 0.000109 6
581 78 948 234 0.000108 6
2 65 90 239 0.000108 6
688 327 967 417 0.000106 6
357 153 952 289 0.000104 6
712 136 947 226 0.000103 6
1056 267 1179 341 0.000102 6
0 64 78 226 0.000102 6
700 151 955 236 0.064569 7
702 152 858 235 0.048884 7
694 152 951 244 0.033701 7
674 153 956 274 0.010862 7
601 151 956 233 0.007385 7
702 152 812 235 0.005483 7
708 153 891 237 0.005195 7
708 153 859 244 0.004886 7
601 150 858 229 0.004075 7
600 152 957 244 0.003369 7
698 151 824 233 0.001833 7
862 177 943 206 0.001780 7
1180 170 1279 266 0.001283 7
602 150 842 225 0.001280 7
589 184 622 201 0.001177 7
803 160 858 220 0.001152 7
803 166 856 225 0.001116 7
607 155 955 278 0.000976 7
602 150 820 228 0.000880 7
803 185 855 220 0.000691 7
700 184 729 232 0.000640 7
796 157 857 236 0.000628 7
698 184 730 235 0.000624 7
701 184 729 217 0.000594 7
701 184 729 222 0.000589 7
803 185 854 241 0.000556 7
702 184 727 215 0.000438 7
911 179 940 211 0.000360 7
603 152 821 234 0.000333 7
602 150 817 219 0.000294 7
700 184 727 220 0.000287 7
588 183 623 202 0.000273 7
696 154 806 235 0.000253 7
476 156 953 277 0.000247 7
604 151 774 232 0.000229 7
506 167 580 205 0.000223 7
728 152 855 223 0.000212 7
728 152 855 215 0.000180 7
726 153 807 217 0.000158 7
530 172 578 204 0.000136 7
511 169 577 206 0.000124 7
725 152 813 224 0.000108 7
1088 150 1102 176 0.545916 9
512 151 524 181 0.064004 9
1006 136 1024 174 0.055889 9
1007 136 1025 173 0.046660 9
1013 136 1025 169 0.037518 9
373 168 381 184 0.031391 9
365 167 373 188 0.030948 9
512 152 524 174 0.030295 9
512 151 525 182 0.029360 9
1181 190 1199 216 0.016023 9
512 152 525 177 0.013631 9
910 272 928 296 0.013495 9
994 139 1001 169 0.012639 9
1088 151 1103 183 0.012034 9
372 167 382 187 0.011959 9
978 141 993 167 0.011903 9
910 274 927 296 0.011768 9
449 157 490 171 0.011745 9
362 167 373 188 0.010540 9
364 167 374 189 0.010507 9
512 152 526 184 0.009674 9
979 141 993 165 0.008915 9
999 136 1012 178 0.007778 9
119 64 160 76 0.007624 9
979 140 997 168 0.007314 9
1125 64 1151 76 0.007111 9
979 142 992 159 0.007032 9
312 149 341 194 0.006762 9
994 137 1001 168 0.006367 9
1207 167 1215 194 0.006341 9
1208 168 1215 200 0.006051 9
239 178 246 191 0.005957 9
1181 166 1200 217 0.005839 9
239 177 247 189 0.005374 9
965 372 979 391 0.005258 9
993 139 1001 168 0.005220 9
119 64 158 73 0.005081 9
841 151 859 165 0.004916 9
977 141 993 166 0.004878 9
844 151 859 166 0.004798 9
995 136 1007 172 0.004653 9
994 137 1007 172 0.004580 9
841 136 860 165 0.004160 9
997 136 1013 175 0.004076 9
977 141 994 168 0.004028 9
1130 64 1151 72 0.003865 9
1089 151 1105 178 0.003681 9
1121 64 1151 75 0.003561 9
977 142 993 163 0.003414 9
1133 165 1146 185 0.003413 9
999 136 1009 182 0.003400 9
1134 64 1151 72 0.003359 9
987 136 1002 169 0.003357 9
313 149 341 191 0.003342 9
834 141 860 165 0.003334 9
831 136 861 166 0.003326 9
119 64 161 78 0.003323 9
1212 167 1224 186 0.003237 9
995 136 1010 173 0.003233 9
1213 168 1224 190 0.003200 9
978 139 995 169 0.003060 9
995 134 1009 173 0.003042 9
1000 136 1024 183 0.002989 9
978 136 995 164 0.002850 9
119 64 181 77 0.002783 9
1088 132 1107 176 0.002537 9
1126 64 1151 86 0.002505 9
1096 132 1106 158 0.002491 9
843 119 857 135 0.002472 9
1181 164 1202 218 0.002332 9
1005 136 1020 172 0.002293 9
805 157 857 193 0.002266 9
1208 168 1218 201 0.002178 9
1121 64 1151 85 0.002174 9
838 140 861 166 0.002110 9
809 161 857 187 0.002007 9
983 130 1024 174 0.001932 9
1200 136 1211 152 0.001831 9
1188 165 1201 185 0.001820 9
698 135 704 152 0.001741 9
832 136 903 166 0.001725 9
511 179 523 194 0.001694 9
845 119 858 135 0.001656 9
557 184 566 197 0.001616 9
1022 124 1041 161 0.001607 9
1154 161 1168 184 0.001602 9
1014 137 1031 171 0.001596 9
1087 136 1104 177 0.001594 9
992 137 1010 178 0.001568 9
1103 165 1147 186 0.001567 9
1199 383 1209 415 0.001543 9
805 148 813 159 0.001539 9
809 161 857 182 0.001494 9
1209 167 1225 204 0.001460 9
1053 110 1083 145 0.001410 9
119 64 170 76 0.001395 9
1020 125 1041 161 0.001382 9
448 156 495 171 0.001338 9
976 136 994 164 0.001292 9
1199 384 1208 412 0.001279 9
1200 135 1213 152 0.001276 9
802 155 855 191 0.001274 9
1013 134 1039 173 0.001272 9
1200 166 1215 207 0.001250 9
163 64 180 75 0.001250 9
990 679 1010 703 0.001249 9
1172 150 1182 162 0.001242 9
976 129 1002 170 0.001234 9
1184 166 1201 186 0.001211 9
222 183 231 191 0.001204 9
841 119 852 133 0.001197 9
1004 136 1026 189 0.001191 9
809 159 857 185 0.001164 9
959 135 988 163 0.001157 9
807 160 858 189 0.001157 9
1085 134 1106 177 0.001117 9
1130 64 1152 87 0.001114 9
1089 149 1110 177 0.001095 9
802 156 858 212 0.001076 9
1098 133 1109 167 0.001068 9
960 135 990 164 0.001065 9
1089 150 1110 179 0.001043 9
804 149 811 157 0.001032 9
1023 148 1040 161 0.001021 9
1103 169 1130 187 0.001015 9
1120 64 1135 74 0.000971 9
806 160 858 191 0.000970 9
370 167 384 195 0.000967 9
1016 124 1041 165 0.000937 9
991 282 998 299 0.000916 9
1080 172 1090 183 0.000910 9
831 136 856 163 0.000906 9
831 139 858 165 0.000898 9
257 146 266 159 0.000891 9
1107 175 1129 187 0.000877 9
1199 135 1213 183 0.000862 9
1050 120 1062 135 0.000851 9
960 133 993 163 0.000847 9
895 154 907 175 0.000847 9
1192 161 1201 185 0.000840 9
1104 170 1130 187 0.000838 9
119 64 184 78 0.000831 9
811 161 858 183 0.000811 9
215 183 225 191 0.000809 9
1014 132 1040 170 0.000790 9
1200 135 1214 156 0.000781 9
118 64 160 77 0.000760 9
1008 135 1038 184 0.000756 9
1056 115 1065 136 0.000754 9
959 135 993 168 0.000753 9
259 143 269 159 0.000752 9
157 64 170 73 0.000749 9
830 152 859 173 0.000735 9
1089 144 1110 176 0.000728 9
1057 110 1083 144 0.000721 9
999 125 1006 136 0.000711 9
908 137 937 152 0.000710 9
118 64 185 79 0.000710 9
1050 120 1058 134 0.000710 9
463 184 478 202 0.000703 9
1097 134 1109 158 0.000697 9
1054 112 1078 140 0.000695 9
879 155 891 168 0.000688 9
1121 64 1151 87 0.000684 9
850 119 863 136 0.000681 9
1087 148 1102 188 0.000677 9
1048 170 1057 184 0.000671 9
831 135 899 156 0.000668 9
161 64 180 77 0.000662 9
689 119 702 179 0.000657 9
840 151 861 166 0.000642 9
1139 165 1153 187 0.000631 9
545 141 551 151 0.000627 9
1205 157 1220 198 0.000625 9
1124 64 1151 90 0.000614 9
1180 166 1213 217 0.000611 9
959 135 988 165 0.000606 9
905 127 912 137 0.000601 9
801 156 858 224 0.000594 9
689 119 704 156 0.000594 9
987 124 997 167 0.000592 9
1200 135 1214 153 0.000591 9
1171 143 1183 154 0.000590 9
959 134 987 161 0.000588 9
1154 156 1168 184 0.000581 9
860 136 937 153 0.000580 9
1097 130 1104 138 0.000575 9
1052 111 1083 148 0.000574 9
1199 133 1223 197 0.000560 9
1005 134 1103 175 0.000559 9
690 119 701 159 0.000554 9
951 345 960 372 0.000552 9
1183 166 1216 215 0.000545 9
1183 166 1200 186 0.000540 9
829 136 903 156 0.000539 9
1024 123 1041 160 0.000538 9
168 64 184 74 0.000535 9
1078 134 1090 147 0.000535 9
1248 346 1261 360 0.000530 9
980 125 998 166 0.000530 9
586 117 597 133 0.000513 9
1119 64 1149 77 0.000510 9
1215 64 1232 104 0.000507 9
848 179 859 217 0.000503 9
861 111 869 118 0.000503 9
838 119 855 135 0.000499 9
802 159 858 220 0.000490 9
1006 127 1105 184 0.000488 9
260 142 269 159 0.000488 9
847 119 863 136 0.000481 9
1189 385 1205 401 0.000476 9
687 120 703 183 0.000472 9
689 119 702 159 0.000471 9
863 137 896 151 0.000468 9
870 119 879 135 0.000464 9
1191 165 1216 204 0.000462 9
555 173 568 199 0.000461 9
1109 149 1120 167 0.000454 9
597 134 605 143 0.000453 9
1036 277 1057 337 0.000451 9
901 266 926 296 0.000449 9
357 164 375 190 0.000446 9
856 283 862 295 0.000441 9
1076 143 1102 178 0.000441 9
1205 133 1231 191 0.000438 9
978 138 1003 180 0.000436 9
516 167 544 183 0.000433 9
680 167 687 182 0.000425 9
1180 159 1236 228 0.000423 9
694 125 705 176 0.000421 9
1154 162 1169 189 0.000421 9
587 172 593 185 0.000416 9
1198 135 1215 195 0.000416 9
1184 383 1210 413 0.000415 9
832 136 898 151 0.000410 9
653 128 660 143 0.000405 9
257 143 268 160 0.000404 9
1196 140 1212 189 0.000395 9
990 679 1020 703 0.000394 9
1076 148 1101 180 0.000394 9
1204 130 1232 182 0.000390 9
863 137 895 150 0.000388 9
1141 166 1153 185 0.000387 9
879 153 896 173 0.000385 9
1002 133 1108 182 0.000380 9
1018 121 1041 165 0.000368 9
1200 166 1215 187 0.000367 9
1075 134 1102 178 0.000361 9
1184 160 1202 188 0.000359 9
831 136 851 153 0.000358 9
171 64 201 89 0.000357 9
448 157 491 173 0.000355 9
830 135 905 169 0.000354 9
855 137 938 154 0.000353 9
1085 146 1148 184 0.000352 9
864 117 871 136 0.000342 9
867 119 880 136 0.000341 9
655 152 671 174 0.000338 9
1073 149 1082 168 0.000337 9
1086 133 1138 185 0.000336 9
258 144 269 159 0.000332 9
687 120 703 197 0.000332 9
1039 278 1057 336 0.000332 9
501 152 524 180 0.000332 9
864 118 871 136 0.000328 9
1209 130 1234 168 0.000324 9
897 152 909 176 0.000323 9
318 154 342 193 0.000322 9
586 117 598 135 0.000321 9
1079 159 1094 182 0.000321 9
1064 105 1073 126 0.000319 9
464 185 479 203 0.000319 9
1145 329 1153 344 0.000318 9
169 64 202 90 0.000317 9
1011 133 1043 171 0.000315 9
522 173 547 183 0.000314 9
865 164 871 180 0.000314 9
696 150 705 177 0.000312 9
958 160 985 168 0.000310 9
811 150 833 162 0.000310 9
960 344 968 355 0.000307 9
1215 64 1232 97 0.000300 9
863 137 897 153 0.000297 9
1107 152 1119 169 0.000293 9
516 174 546 195 0.000292 9
524 169 547 180 0.000292 9
1103 166 1139 187 0.000285 9
802 137 814 158 0.000275 9
832 118 842 135 0.000269 9
806 161 885 190 0.000265 9
988 121 1027 175 0.000264 9
1014 135 1108 189 0.000263 9
908 272 943 307 0.000260 9
895 160 905 178 0.000259 9
877 151 892 167 0.000256 9
1003 116 1097 174 0.000256 9
1205 154 1230 200 0.000255 9
1044 165 1058 184 0.000253 9
858 136 903 172 0.000253 9
448 153 518 174 0.000252 9
312 148 349 197 0.000252 9
1047 117 1069 150 0.000251 9
1135 327 1146 345 0.000251 9
991 280 1005 314 0.000249 9
1133 165 1156 216 0.000244 9
688 111 702 227 0.000244 9
447 151 522 172 0.000243 9
870 244 942 296 0.000241 9
1078 124 1109 178 0.000241 9
1046 156 1057 168 0.000238 9
802 148 811 160 0.000237 9
119 64 196 84 0.000236 9
958 160 990 168 0.000236 9
497 151 524 183 0.000231 9
1105 174 1128 200 0.000230 9
1205 129 1233 172 0.000229 9
119 64 198 91 0.000228 9
859 137 933 155 0.000226 9
1106 130 1132 171 0.000226 9
160 64 200 88 0.000224 9
1207 131 1234 180 0.000224 9
990 121 997 133 0.000223 9
1075 114 1088 144 0.000222 9
1151 162 1172 184 0.000221 9
1091 157 1148 187 0.000219 9
862 137 909 174 0.000216 9
680 166 688 212 0.000215 9
654 153 671 175 0.000215 9
1126 160 1147 185 0.000213 9
1104 129 1135 172 0.000213 9
813 142 823 156 0.000213 9
341 165 351 188 0.000210 9
663 149 671 173 0.000209 9
1263 79 1279 119 0.000208 9
1216 64 1232 101 0.000207 9
511 151 541 188 0.000205 9
321 92 330 116 0.000204 9
1165 137 1184 154 0.000203 9
909 271 931 308 0.000203 9
357 163 381 190 0.000202 9
1100 155 1146 188 0.000199 9
992 142 1003 185 0.000198 9
1038 278 1057 334 0.000198 9
1035 132 1062 167 0.000197 9
799 154 855 206 0.000193 9
1107 144 1133 167 0.000193 9
1148 101 1187 146 0.000192 9
1054 166 1063 188 0.000190 9
504 312 511 332 0.000190 9
1181 182 1208 217 0.000189 9
586 117 597 134 0.000188 9
1110 164 1152 216 0.000187 9
1247 343 1262 362 0.000187 9
1247 341 1263 362 0.000185 9
1154 102 1186 139 0.000184 9
503 150 524 174 0.000183 9
315 125 359 196 0.000183 9
965 125 982 136 0.000182 9
865 150 896 176 0.000182 9
1216 88 1229 104 0.000181 9
1156 135 1186 169 0.000180 9
1209 127 1234 166 0.000179 9
1005 164 1064 190 0.000179 9
1030 277 1056 337 0.000178 9
594 125 602 144 0.000176 9
703 133 718 153 0.000176 9
1067 64 1152 75 0.000174 9
1032 277 1056 341 0.000173 9
449 154 491 171 0.000173 9
832 119 845 135 0.000173 9
991 283 1005 314 0.000172 9
863 136 927 177 0.000171 9
1052 183 1062 196 0.000170 9
448 155 575 218 0.000168 9
686 116 704 227 0.000168 9
503 312 512 335 0.000167 9
317 150 342 191 0.000166 9
1023 132 1061 170 0.000166 9
1177 167 1201 218 0.000166 9
1041 132 1061 156 0.000165 9
973 164 992 201 0.000165 9
1087 130 1142 189 0.000165 9
807 157 906 187 0.000163 9
820 144 906 181 0.000163 9
1041 142 1061 168 0.000163 9
1004 122 1035 174 0.000161 9
683 123 707 215 0.000160 9
121 164 128 174 0.000159 9
549 141 563 150 0.000159 9
1002 155 1062 187 0.000158 9
1186 141 1212 187 0.000157 9
942 131 955 150 0.000156 9
923 159 997 213 0.000154 9
1049 110 1085 180 0.000154 9
650 152 671 203 0.000153 9
1133 64 1162 72 0.000153 9
1103 163 1224 220 0.000153 9
1002 140 1058 187 0.000152 9
1105 130 1137 173 0.000150 9
1085 175 1100 203 0.000150 9
1036 156 1055 169 0.000150 9
965 158 991 189 0.000147 9
511 144 524 156 0.000146 9
554 177 579 203 0.000144 9
1111 130 1127 151 0.000143 9
1152 102 1186 136 0.000143 9
1100 164 1146 192 0.000143 9
248 178 256 191 0.000143 9
1072 150 1082 169 0.000141 9
359 157 382 189 0.000140 9
160 64 193 89 0.000139 9
544 160 581 187 0.000138 9
1165 113 1206 136 0.000138 9
255 111 267 129 0.000137 9
369 159 383 187 0.000137 9
1149 100 1186 165 0.000137 9
963 173 977 187 0.000137 9
1085 150 1107 212 0.000137 9
966 123 984 154 0.000136 9
1038 129 1062 157 0.000136 9
1040 110 1112 183 0.000135 9
957 160 990 186 0.000135 9
1004 163 1062 198 0.000134 9
1153 136 1173 155 0.000134 9
224 177 248 192 0.000133 9
972 170 990 205 0.000133 9
1143 131 1186 182 0.000132 9
318 158 352 193 0.000131 9
223 176 247 191 0.000130 9
671 329 679 344 0.000130 9
713 133 720 154 0.000130 9
1263 78 1279 170 0.000130 9
1064 130 1104 272 0.000128 9
944 129 951 137 0.000127 9
982 679 1009 703 0.000127 9
432 171 445 194 0.000126 9
958 160 990 189 0.000126 9
1246 343 1263 377 0.000126 9
430 223 438 230 0.000124 9
663 119 670 143 0.000122 9
1133 135 1155 159 0.000122 9
960 70 977 91 0.000122 9
1067 110 1087 142 0.000121 9
814 140 897 168 0.000121 9
1264 79 1279 116 0.000121 9
1137 161 1185 219 0.000121 9
1055 153 1065 168 0.000121 9
1186 134 1214 185 0.000120 9
688 118 705 154 0.000119 9
1166 140 1204 188 0.000118 9
645 155 694 216 0.000118 9
1150 127 1160 135 0.000117 9
1139 145 1176 187 0.000117 9
1102 163 1150 216 0.000117 9
1084 123 1106 171 0.000116 9
963 71 976 88 0.000116 9
544 160 580 175 0.000115 9
1164 100 1205 137 0.000115 9
753 153 857 219 0.000115 9
1180 192 1202 230 0.000115 9
1088 157 1225 203 0.000115 9
265 216 276 232 0.000114 9
1141 135 1173 155 0.000114 9
377 165 389 185 0.000114 9
996 132 1114 246 0.000114 9
692 145 708 190 0.000113 9
599 64 622 89 0.000113 9
648 152 672 210 0.000111 9
493 145 516 152 0.000111 9
1097 162 1226 208 0.000111 9
257 180 262 191 0.000110 9
595 126 603 146 0.000110 9
1156 105 1203 164 0.000110 9
1049 110 1071 138 0.000109 9
161 64 200 90 0.000109 9
581 64 595 71 0.000109 9
520 181 548 200 0.000108 9
548 171 581 204 0.000108 9
1106 137 1136 170 0.000107 9
652 150 671 176 0.000106 9
1167 118 1207 136 0.000106 9
1172 119 1207 136 0.000105 9
1117 64 1152 88 0.000105 9
1050 147 1064 187 0.000104 9
266 216 277 232 0.000103 9
313 148 344 192 0.000103 9
468 185 480 204 0.000102 9
1002 130 1105 174 0.000102 9
931 172 960 196 0.000102 9
447 148 530 173 0.000101 9
1051 150 1064 167 0.000101 9
872 119 889 136 0.000101 9
972 158 994 209 0.000101 9
1102 142 1134 187 0.000101 9
1181 191 1199 216 0.027390 11
523 183 536 197 0.026995 11
1231 197 1256 233 0.026438 11
517 191 526 200 0.010768 11
325 110 366 164 0.010444 11
312 149 341 194 0.006770 11
522 183 536 198 0.005947 11
1054 111 1083 145 0.001551 11
449 157 491 171 0.001247 11
312 149 339 190 0.001182 11
46 64 72 121 0.000871 11
46 65 70 121 0.000740 11
47 70 66 121 0.000439 11
44 64 75 122 0.000240 11
1178 190 1199 216 0.000213 11
44 64 73 125 0.000155 11
43 64 78 122 0.000102 11
529 184 547 205 0.000100 11
