985 190 1020 257 0.721784 0
511 187 535 264 0.695229 0
766 201 808 280 0.678098 0
714 187 742 251 0.621387 0
711 187 742 252 0.599408 0
1028 191 1054 239 0.416502 0
1029 191 1052 237 0.342758 0
1029 190 1050 231 0.212566 0
709 188 742 251 0.186539 0
764 203 807 273 0.185203 0
848 200 857 240 0.123376 0
1029 190 1055 258 0.115013 0
781 187 807 222 0.102607 0
1026 191 1057 263 0.101409 0
848 198 858 242 0.101097 0
230 200 246 240 0.099115 0
781 187 806 220 0.098250 0
849 200 857 236 0.096868 0
780 186 807 225 0.091939 0
1028 191 1056 238 0.090371 0
849 200 857 223 0.088343 0
780 187 807 229 0.083476 0
780 187 799 217 0.079257 0
1029 190 1050 223 0.068746 0
779 187 808 240 0.067440 0
230 199 246 244 0.066367 0
781 188 795 208 0.060738 0
716 191 743 249 0.051131 0
230 200 246 245 0.049823 0
780 187 802 218 0.043768 0
848 200 864 240 0.038301 0
243 195 255 216 0.034764 0
778 187 797 219 0.029311 0
511 189 530 259 0.027508 0
230 199 247 237 0.026581 0
244 196 255 216 0.025486 0
781 186 798 208 0.024358 0
231 200 245 217 0.022533 0
231 200 246 216 0.021426 0
722 191 744 235 0.020140 0
710 190 740 245 0.019740 0
848 200 865 242 0.019626 0
229 199 246 250 0.018651 0
782 186 800 209 0.018573 0
848 200 863 239 0.017858 0
633 202 645 216 0.017854 0
714 193 741 251 0.016482 0
230 197 246 242 0.016431 0
243 196 255 222 0.015723 0
780 192 808 242 0.014771 0
723 195 751 238 0.014559 0
778 186 798 217 0.010687 0
1028 194 1052 259 0.010134 0
779 194 810 227 0.009898 0
719 190 743 224 0.009647 0
518 187 537 260 0.009562 0
1216 190 1222 204 0.009393 0
1015 209 1054 261 0.009155 0
781 186 808 221 0.008728 0
244 195 255 233 0.008523 0
763 202 806 280 0.006923 0
632 202 645 227 0.006874 0
244 196 255 238 0.006826 0
229 199 249 255 0.006760 0
1030 195 1047 225 0.006557 0
1016 204 1025 216 0.006416 0
1214 190 1224 221 0.006136 0
765 209 795 263 0.005941 0
1029 189 1056 226 0.005143 0
719 184 743 219 0.005060 0
1204 191 1225 240 0.005024 0
1010 206 1041 260 0.004884 0
511 190 524 219 0.004824 0
241 194 255 215 0.004463 0
777 200 805 250 0.004391 0
1201 190 1224 240 0.004209 0
240 197 253 240 0.004195 0
720 184 736 207 0.004176 0
534 195 552 218 0.003929 0
934 201 943 215 0.003735 0
711 191 731 219 0.003403 0
776 201 809 257 0.003321 0
534 193 550 217 0.003321 0
767 188 798 234 0.003258 0
524 183 536 200 0.003191 0
763 187 798 239 0.003144 0
1208 190 1221 206 0.003026 0
1113 194 1120 203 0.002975 0
529 196 540 219 0.002888 0
1010 204 1030 236 0.002673 0
1201 195 1224 241 0.002612 0
986 190 1008 225 0.002565 0
778 185 814 238 0.002561 0
789 328 810 344 0.002552 0
718 185 747 219 0.002445 0
964 372 980 391 0.002350 0
535 200 551 218 0.002331 0
752 190 800 250 0.002284 0
763 227 796 280 0.002251 0
471 198 479 215 0.002205 0
239 198 255 241 0.002183 0
987 190 1010 226 0.002174 0
878 200 905 243 0.002094 0
1191 209 1204 230 0.002087 0
1009 200 1042 239 0.002035 0
1015 205 1045 236 0.002024 0
523 183 536 200 0.001907 0
1184 209 1209 253 0.001858 0
632 202 645 224 0.001851 0
961 371 985 392 0.001838 0
1207 217 1225 250 0.001833 0
1205 226 1217 249 0.001828 0
681 199 690 216 0.001786 0
520 187 539 256 0.001741 0
632 202 646 231 0.001706 0
959 372 981 392 0.001699 0
641 205 653 216 0.001661 0
1200 201 1222 238 0.001661 0
375 185 386 201 0.001654 0
719 193 746 252 0.001614 0
848 200 868 277 0.001539 0
1028 192 1050 227 0.001493 0
788 325 812 344 0.001487 0
850 195 869 277 0.001484 0
1231 167 1246 181 0.001467 0
532 196 552 218 0.001413 0
271 199 279 216 0.001394 0
529 191 551 218 0.001348 0
965 372 979 388 0.001347 0
510 188 533 264 0.001320 0
848 183 857 225 0.001309 0
765 229 792 279 0.001285 0
226 199 245 264 0.001259 0
964 370 981 390 0.001230 0
815 209 827 222 0.001215 0
692 208 701 230 0.001209 0
1232 170 1243 181 0.001208 0
959 371 982 409 0.001187 0
1271 199 1279 264 0.001165 0
853 203 874 240 0.001164 0
470 202 478 225 0.001144 0
876 200 908 244 0.001116 0
1230 165 1246 192 0.001096 0
267 198 273 213 0.001071 0
709 213 723 236 0.001057 0
965 369 986 392 0.001046 0
513 194 534 264 0.001028 0
1266 199 1279 269 0.001022 0
1182 213 1204 257 0.001014 0
523 188 542 258 0.001009 0
994 215 1021 256 0.001002 0
693 206 703 230 0.000990 0
1231 169 1245 181 0.000945 0
525 191 544 255 0.000917 0
960 372 981 394 0.000915 0
785 185 830 239 0.000915 0
272 200 279 216 0.000912 0
692 209 703 232 0.000906 0
959 370 985 409 0.000903 0
879 199 908 240 0.000892 0
612 152 624 168 0.000890 0
985 191 1010 226 0.000878 0
1263 64 1279 73 0.000861 0
844 194 871 281 0.000858 0
975 189 981 200 0.000848 0
715 184 750 219 0.000845 0
606 151 628 182 0.000842 0
1262 179 1279 237 0.000841 0
1177 213 1184 222 0.000840 0
654 198 661 217 0.000833 0
1104 312 1115 327 0.000813 0
222 202 248 262 0.000807 0
1120 312 1129 329 0.000802 0
852 204 876 241 0.000798 0
982 204 1041 263 0.000790 0
1213 180 1279 293 0.000787 0
1072 485 1080 499 0.000783 0
603 152 629 185 0.000765 0
959 370 983 393 0.000759 0
669 208 678 229 0.000748 0
459 202 467 216 0.000747 0
374 184 392 202 0.000745 0
988 191 1010 222 0.000738 0
1119 312 1129 328 0.000732 0
804 186 814 205 0.000729 0
850 196 883 277 0.000695 0
959 370 981 417 0.000691 0
923 201 945 245 0.000669 0
375 185 388 205 0.000662 0
682 198 693 216 0.000658 0
501 188 525 259 0.000646 0
434 183 549 263 0.000642 0
626 184 647 202 0.000640 0
632 184 647 201 0.000640 0
266 199 274 215 0.000635 0
500 189 524 254 0.000631 0
924 200 946 224 0.000624 0
693 208 702 231 0.000616 0
921 211 932 243 0.000604 0
788 324 810 344 0.000601 0
920 200 947 247 0.000601 0
852 194 885 281 0.000597 0
655 198 661 216 0.000583 0
785 326 810 344 0.000576 0
791 184 838 238 0.000561 0
681 198 696 220 0.000550 0
1006 198 1020 216 0.000540 0
632 202 656 233 0.000530 0
1263 64 1279 74 0.000529 0
925 206 944 253 0.000526 0
847 200 861 251 0.000512 0
809 196 855 241 0.000512 0
1115 312 1143 344 0.000500 0
927 201 946 216 0.000496 0
231 194 248 218 0.000493 0
924 202 944 250 0.000493 0
751 207 808 286 0.000486 0
853 196 868 279 0.000486 0
927 224 939 253 0.000482 0
873 202 903 244 0.000481 0
1263 205 1279 269 0.000480 0
212 199 222 231 0.000476 0
784 327 816 393 0.000469 0
510 195 532 264 0.000467 0
351 192 357 200 0.000459 0
924 205 945 253 0.000459 0
1000 385 1024 403 0.000453 0
775 183 949 281 0.000453 0
966 370 988 392 0.000439 0
373 183 387 202 0.000435 0
975 372 991 392 0.000432 0
707 195 741 245 0.000429 0
970 366 991 392 0.000429 0
591 680 630 703 0.000426 0
958 370 981 425 0.000417 0
988 190 1018 220 0.000414 0
695 183 703 202 0.000413 0
367 207 376 219 0.000410 0
214 199 224 227 0.000409 0
515 193 535 263 0.000408 0
602 151 633 190 0.000402 0
510 186 581 264 0.000400 0
224 183 231 199 0.000399 0
836 194 857 238 0.000399 0
670 208 680 230 0.000396 0
1119 283 1142 345 0.000382 0
986 192 1018 257 0.000382 0
785 328 810 344 0.000381 0
557 184 566 197 0.000379 0
920 210 933 245 0.000378 0
1075 332 1088 344 0.000375 0
539 197 556 218 0.000373 0
1173 344 1189 361 0.000370 0
184 198 191 207 0.000370 0
1120 310 1145 344 0.000368 0
974 371 991 392 0.000367 0
996 385 1023 407 0.000363 0
1088 190 1099 209 0.000361 0
386 198 397 206 0.000360 0
849 198 877 239 0.000356 0
575 280 597 351 0.000354 0
653 188 661 216 0.000345 0
213 202 224 228 0.000343 0
665 201 674 217 0.000339 0
1204 170 1275 237 0.000337 0
458 182 933 272 0.000337 0
788 327 817 344 0.000335 0
848 177 956 287 0.000328 0
950 245 958 254 0.000325 0
596 679 631 703 0.000317 0
592 673 631 703 0.000314 0
921 203 943 248 0.000313 0
957 370 980 429 0.000307 0
529 198 543 224 0.000304 0
269 199 280 232 0.000300 0
462 192 479 258 0.000300 0
677 197 698 216 0.000299 0
1001 386 1024 407 0.000299 0
853 215 868 281 0.000294 0
1118 273 1145 336 0.000294 0
1041 279 1057 313 0.000293 0
591 668 631 703 0.000290 0
524 190 544 259 0.000277 0
921 204 944 253 0.000277 0
776 192 812 243 0.000276 0
1103 312 1116 328 0.000274 0
956 369 982 427 0.000273 0
345 186 353 199 0.000273 0
817 195 872 282 0.000272 0
319 203 330 224 0.000270 0
1120 273 1154 331 0.000268 0
214 195 224 222 0.000267 0
1172 343 1192 360 0.000261 0
846 203 891 276 0.000259 0
1118 270 1149 347 0.000256 0
551 199 574 217 0.000254 0
752 188 881 290 0.000254 0
695 196 726 239 0.000245 0
852 212 892 284 0.000245 0
775 236 827 345 0.000244 0
787 320 811 344 0.000242 0
591 663 630 703 0.000242 0
330 185 343 199 0.000241 0
856 210 893 272 0.000241 0
463 187 480 216 0.000240 0
1212 184 1255 236 0.000239 0
1147 293 1168 352 0.000238 0
679 199 699 231 0.000236 0
709 171 820 243 0.000234 0
375 184 393 201 0.000234 0
665 189 672 217 0.000233 0
215 183 225 211 0.000233 0
784 175 958 284 0.000233 0
602 680 630 703 0.000232 0
665 185 671 214 0.000230 0
458 201 465 215 0.000229 0
689 198 705 224 0.000227 0
575 283 595 350 0.000227 0
788 328 817 344 0.000226 0
1067 204 1109 311 0.000225 0
1063 64 1152 75 0.000225 0
229 205 256 250 0.000222 0
1043 279 1057 295 0.000221 0
544 195 870 269 0.000220 0
1177 344 1196 360 0.000218 0
1181 193 1203 223 0.000216 0
556 185 572 201 0.000215 0
1215 198 1253 235 0.000215 0
1263 239 1279 271 0.000213 0
223 200 256 265 0.000213 0
1038 184 1054 207 0.000211 0
340 176 857 272 0.000209 0
852 186 1135 248 0.000205 0
367 184 386 201 0.000200 0
633 202 655 226 0.000193 0
960 349 991 393 0.000192 0
773 239 843 344 0.000192 0
950 274 959 293 0.000192 0
220 198 246 243 0.000191 0
1262 64 1279 79 0.000190 0
1091 216 1122 270 0.000188 0
103 255 112 265 0.000187 0
603 677 631 703 0.000187 0
216 200 245 251 0.000185 0
944 354 985 394 0.000184 0
1104 312 1135 328 0.000184 0
387 198 396 206 0.000183 0
1148 324 1167 354 0.000183 0
689 186 744 241 0.000182 0
857 207 892 279 0.000180 0
1071 485 1080 502 0.000179 0
691 210 714 251 0.000179 0
1119 325 1146 344 0.000176 0
858 173 959 292 0.000175 0
503 198 522 244 0.000174 0
1199 406 1215 415 0.000174 0
433 165 572 264 0.000172 0
1071 481 1080 497 0.000171 0
603 150 635 191 0.000171 0
773 236 817 344 0.000170 0
603 152 631 186 0.000169 0
946 348 971 392 0.000166 0
917 206 935 249 0.000166 0
992 284 1000 297 0.000163 0
1247 340 1264 379 0.000163 0
1247 340 1265 389 0.000162 0
758 237 821 343 0.000162 0
779 255 824 344 0.000160 0
771 242 818 345 0.000160 0
1216 407 1235 426 0.000159 0
864 193 961 298 0.000157 0
999 181 1008 199 0.000156 0
772 256 844 344 0.000155 0
266 193 274 213 0.000154 0
1263 73 1279 263 0.000154 0
749 179 910 283 0.000154 0
1079 312 1148 344 0.000152 0
266 199 277 232 0.000150 0
882 220 904 246 0.000149 0
1142 278 1168 350 0.000149 0
925 342 989 394 0.000146 0
963 357 987 392 0.000145 0
1246 334 1264 398 0.000145 0
431 424 441 440 0.000144 0
598 663 639 703 0.000140 0
680 186 691 216 0.000137 0
1088 258 1097 269 0.000135 0
523 183 547 206 0.000134 0
1121 273 1147 329 0.000134 0
594 662 635 703 0.000132 0
751 164 966 297 0.000132 0
746 174 976 293 0.000131 0
1263 78 1279 170 0.000131 0
981 351 992 390 0.000130 0
958 343 992 392 0.000129 0
159 205 170 229 0.000128 0
1039 271 1060 329 0.000125 0
534 198 552 221 0.000125 0
460 177 937 376 0.000124 0
788 329 810 354 0.000124 0
614 661 649 703 0.000123 0
958 370 1011 400 0.000123 0
1025 226 1076 300 0.000123 0
1138 272 1171 355 0.000121 0
335 170 722 277 0.000120 0
496 183 634 262 0.000119 0
199 205 209 218 0.000119 0
1058 252 1078 295 0.000119 0
947 369 981 452 0.000118 0
993 378 1023 406 0.000116 0
212 193 222 219 0.000115 0
1272 150 1279 181 0.000115 0
497 186 639 272 0.000114 0
1133 269 1168 355 0.000113 0
513 190 901 332 0.000113 0
772 261 849 344 0.000112 0
1119 303 1147 344 0.000112 0
943 344 991 394 0.000111 0
1033 226 1098 286 0.000111 0
785 322 818 395 0.000110 0
782 318 842 344 0.000110 0
866 215 902 270 0.000109 0
821 280 848 345 0.000109 0
959 347 992 391 0.000108 0
400 184 410 202 0.000107 0
621 681 638 703 0.000107 0
570 679 632 703 0.000107 0
600 678 638 703 0.000107 0
367 206 377 232 0.000106 0
526 192 554 255 0.000106 0
1176 344 1197 362 0.000106 0
910 275 925 296 0.000106 0
1051 212 1104 324 0.000105 0
992 280 1007 328 0.000104 0
788 237 828 339 0.000104 0
219 198 246 235 0.000104 0
478 192 529 253 0.000103 0
265 205 278 232 0.000103 0
944 366 983 393 0.000102 0
732 194 795 233 0.000101 0
701 215 754 258 0.791002 1
982 229 1041 269 0.648089 1
755 237 811 299 0.631300 1
701 219 754 258 0.290500 1
755 237 815 294 0.235506 1
755 243 810 298 0.160334 1
981 217 1041 270 0.109337 1
1023 222 1059 263 0.103055 1
1022 215 1061 263 0.092743 1
1023 220 1061 263 0.091098 1
1032 228 1057 263 0.082978 1
1038 226 1064 263 0.071118 1
1021 212 1060 263 0.064538 1
1025 212 1060 262 0.063490 1
1038 228 1062 261 0.048054 1
1040 228 1066 262 0.042979 1
1039 231 1059 263 0.039085 1
1038 220 1063 250 0.037387 1
755 238 819 329 0.033232 1
756 238 811 281 0.029911 1
0 528 83 661 0.029428 1
981 221 1066 269 0.027853 1
1014 213 1061 266 0.027247 1
755 254 809 298 0.026925 1
755 248 809 299 0.026469 1
1024 222 1067 263 0.022269 1
1024 199 1059 263 0.021553 1
1042 222 1065 251 0.018096 1
1024 215 1068 262 0.016992 1
982 217 1055 269 0.014920 1
776 239 820 281 0.013253 1
971 215 1042 269 0.010686 1
755 250 810 303 0.010510 1
784 239 820 281 0.010042 1
787 237 811 279 0.009911 1
1017 211 1049 262 0.008364 1
755 256 779 298 0.007988 1
755 257 773 297 0.007686 1
755 252 808 294 0.007379 1
788 236 819 280 0.007310 1
789 237 817 282 0.007160 1
1045 219 1065 246 0.007099 1
755 236 821 340 0.006273 1
784 237 810 280 0.005565 1
798 248 820 281 0.005097 1
794 240 819 281 0.004719 1
989 231 1015 263 0.004287 1
800 247 820 281 0.004245 1
785 238 808 274 0.004045 1
982 234 1001 269 0.003843 1
983 231 1013 267 0.003687 1
983 221 1069 266 0.003456 1
1040 228 1078 262 0.003292 1
755 257 774 296 0.003292 1
755 256 796 302 0.002766 1
755 238 809 293 0.002549 1
982 232 1003 268 0.002528 1
985 232 1007 264 0.002224 1
1040 229 1075 263 0.002036 1
754 258 772 299 0.002001 1
986 229 1041 263 0.001960 1
791 235 810 252 0.001855 1
803 248 825 282 0.001776 1
760 231 807 280 0.001676 1
978 231 1005 268 0.001626 1
804 252 825 282 0.001603 1
755 236 850 338 0.001602 1
798 244 826 281 0.001569 1
797 244 821 289 0.001561 1
982 235 1000 270 0.001436 1
755 237 815 320 0.001393 1
982 239 1002 270 0.001335 1
987 232 1042 267 0.001308 1
1016 208 1060 261 0.001234 1
755 257 771 310 0.001177 1
1026 236 1043 266 0.001174 1
755 239 822 296 0.001110 1
992 227 1022 261 0.001105 1
983 224 1069 273 0.001103 1
0 448 88 659 0.001096 1
792 229 828 281 0.000975 1
800 247 832 296 0.000931 1
968 222 992 262 0.000844 1
754 235 824 336 0.000809 1
754 259 771 301 0.000802 1
0 529 111 663 0.000761 1
972 208 1002 261 0.000685 1
997 225 1068 272 0.000683 1
754 256 774 298 0.000663 1
975 218 1041 269 0.000631 1
983 233 1042 269 0.000626 1
801 249 833 283 0.000624 1
804 252 833 283 0.000559 1
0 462 82 659 0.000524 1
724 205 754 253 0.000523 1
0 532 19 654 0.000522 1
701 203 809 270 0.000511 1
745 222 783 253 0.000507 1
755 256 789 315 0.000488 1
0 533 35 655 0.000482 1
796 227 816 279 0.000464 1
701 231 718 257 0.000410 1
702 228 754 258 0.000398 1
45 236 69 256 0.000395 1
0 527 16 655 0.000385 1
16 226 75 257 0.000381 1
1019 223 1073 277 0.000380 1
702 220 718 250 0.000361 1
31 234 72 256 0.000358 1
755 250 813 319 0.000341 1
701 228 720 257 0.000340 1
756 228 796 290 0.000322 1
861 203 1054 272 0.000319 1
724 228 754 257 0.000316 1
741 225 784 253 0.000314 1
46 236 72 256 0.000299 1
44 236 73 256 0.000294 1
723 208 811 273 0.000289 1
0 522 15 649 0.000264 1
21 226 81 257 0.000260 1
702 215 748 252 0.000257 1
797 243 837 282 0.000251 1
215 232 242 265 0.000240 1
221 223 242 265 0.000240 1
702 217 719 246 0.000238 1
862 261 909 285 0.000233 1
18 231 77 281 0.000229 1
753 232 966 325 0.000224 1
669 222 815 311 0.000215 1
858 239 907 285 0.000192 1
715 237 827 345 0.000180 1
986 233 1067 273 0.000174 1
0 568 72 659 0.000172 1
968 222 987 262 0.000170 1
619 213 756 263 0.000168 1
863 260 912 286 0.000167 1
797 241 822 303 0.000165 1
977 214 1069 315 0.000156 1
755 235 850 291 0.000153 1
755 244 811 303 0.000151 1
757 241 815 306 0.000150 1
863 247 913 286 0.000142 1
858 203 1069 292 0.000140 1
0 549 70 657 0.000136 1
744 233 991 343 0.000135 1
0 544 61 656 0.000134 1
23 233 76 281 0.000133 1
741 226 787 256 0.000133 1
804 250 834 297 0.000133 1
753 178 927 289 0.000130 1
853 259 906 284 0.000128 1
0 585 69 661 0.000127 1
754 237 813 313 0.000119 1
699 214 804 296 0.000117 1
0 465 15 650 0.000112 1
755 244 818 337 0.000110 1
754 259 769 305 0.000104 1
0 529 48 621 0.000101 1
697 202 723 237 0.000100 1
0 284 639 690 0.576968 2
321 285 911 701 0.277000 2
0 285 639 382 0.120155 2
0 285 639 372 0.063140 2
606 201 648 216 0.016548 2
1 285 639 396 0.015562 2
1149 270 1279 329 0.015292 2
484 199 513 217 0.014049 2
606 202 645 216 0.014030 2
1167 271 1279 330 0.011923 2
1009 200 1030 215 0.011822 2
1127 269 1279 329 0.011584 2
1271 199 1279 235 0.011550 2
588 184 621 201 0.010445 2
1123 270 1214 329 0.009981 2
1132 270 1279 417 0.009350 2
1202 216 1223 236 0.008379 2
1202 211 1224 236 0.007650 2
1184 216 1279 266 0.007223 2
485 201 514 217 0.006637 2
1009 198 1038 216 0.006416 2
1201 216 1222 235 0.006220 2
1262 199 1279 236 0.006064 2
1202 216 1224 249 0.005946 2
606 201 648 217 0.005891 2
486 199 515 217 0.005803 2
821 328 848 344 0.005746 2
1202 215 1223 235 0.005649 2
1 284 639 414 0.005544 2
603 189 657 215 0.005373 2
589 184 656 216 0.005330 2
588 184 621 203 0.005276 2
1203 216 1225 235 0.005243 2
591 188 657 216 0.005069 2
1189 219 1279 266 0.005045 2
588 184 649 215 0.004973 2
1155 271 1279 418 0.004919 2
1196 209 1277 254 0.004815 2
873 199 954 243 0.004736 2
1027 194 1073 246 0.004554 2
1169 271 1279 406 0.004336 2
1264 199 1279 236 0.004295 2
874 199 947 242 0.004182 2
603 202 646 217 0.004136 2
1198 203 1278 260 0.004096 2
1098 222 1119 248 0.004037 2
624 195 656 216 0.003647 2
1210 271 1279 328 0.003646 2
1200 206 1222 237 0.003638 2
617 189 658 216 0.003571 2
588 183 621 213 0.003532 2
873 199 938 243 0.003310 2
1101 224 1119 248 0.003228 2
1179 226 1280 268 0.003134 2
1215 201 1279 265 0.003133 2
1271 199 1279 249 0.002910 2
1244 199 1279 266 0.002851 2
1253 199 1279 265 0.002724 2
579 183 622 202 0.002704 2
1190 214 1223 251 0.002691 2
1056 214 1091 247 0.002640 2
1102 199 1121 209 0.002628 2
304 190 313 198 0.002559 2
1129 269 1279 404 0.002556 2
876 199 954 237 0.002504 2
1028 193 1073 238 0.002471 2
1263 481 1279 514 0.002403 2
1248 210 1268 234 0.002369 2
1219 222 1279 266 0.002318 2
1116 269 1215 329 0.002295 2
1166 272 1216 328 0.002269 2
1200 223 1279 265 0.002214 2
589 200 624 214 0.002152 2
1168 270 1279 382 0.002137 2
1263 199 1279 234 0.002134 2
307 188 323 198 0.002091 2
1066 213 1120 241 0.001998 2
873 199 951 225 0.001994 2
483 198 511 217 0.001977 2
1178 204 1279 299 0.001929 2
1070 214 1090 231 0.001928 2
847 206 883 243 0.001924 2
1037 197 1072 248 0.001922 2
0 420 118 661 0.001838 2
1008 192 1047 215 0.001829 2
1214 276 1279 328 0.001795 2
874 200 911 243 0.001788 2
1008 190 1054 217 0.001772 2
1166 273 1279 421 0.001767 2
1177 236 1279 299 0.001754 2
572 183 623 214 0.001707 2
620 189 656 215 0.001693 2
1222 179 1279 233 0.001591 2
880 199 910 224 0.001563 2
1104 488 1135 506 0.001537 2
1176 273 1216 328 0.001516 2
800 597 875 636 0.001494 2
1184 212 1224 266 0.001486 2
803 184 853 232 0.001483 2
1183 218 1279 271 0.001437 2
2 254 638 381 0.001416 2
1215 283 1279 328 0.001388 2
1066 213 1090 232 0.001379 2
1248 199 1279 267 0.001376 2
878 199 954 229 0.001372 2
1104 488 1134 501 0.001354 2
799 597 877 687 0.001312 2
1067 213 1120 245 0.001297 2
1188 212 1204 236 0.001287 2
1198 230 1279 268 0.001271 2
1182 273 1215 328 0.001264 2
1250 200 1268 232 0.001263 2
991 455 999 463 0.001251 2
304 185 319 198 0.001243 2
1182 198 1279 293 0.001186 2
865 225 884 243 0.001161 2
879 199 910 240 0.001156 2
1104 488 1135 503 0.001145 2
589 200 617 214 0.001132 2
1224 165 1279 182 0.001129 2
1087 198 1121 209 0.001078 2
1261 168 1279 181 0.001049 2
1133 269 1279 470 0.001003 2
1198 189 1279 297 0.000998 2
550 199 570 216 0.000970 2
1041 200 1075 233 0.000966 2
550 199 572 216 0.000963 2
587 188 656 218 0.000956 2
1115 216 1182 228 0.000942 2
915 201 984 254 0.000938 2
1057 209 1082 234 0.000919 2
1210 198 1278 262 0.000912 2
1090 213 1124 243 0.000910 2
1263 481 1279 509 0.000906 2
0 528 111 662 0.000892 2
1217 220 1232 233 0.000887 2
1223 233 1279 267 0.000877 2
552 197 578 216 0.000876 2
847 204 879 243 0.000873 2
1103 487 1123 498 0.000871 2
1067 203 1092 232 0.000862 2
808 597 874 634 0.000859 2
1019 456 1031 464 0.000844 2
889 200 905 226 0.000842 2
1001 183 1068 214 0.000834 2
1217 164 1279 203 0.000819 2
799 597 874 673 0.000819 2
632 202 653 217 0.000812 2
799 597 874 648 0.000803 2
1036 196 1075 232 0.000798 2
880 199 907 234 0.000778 2
1212 274 1278 327 0.000773 2
961 205 986 223 0.000761 2
1086 185 1097 199 0.000757 2
1207 199 1255 236 0.000748 2
574 181 622 204 0.000746 2
1246 240 1279 267 0.000745 2
1259 168 1279 181 0.000731 2
1188 170 1279 293 0.000731 2
550 200 572 216 0.000730 2
1223 179 1279 212 0.000710 2
1223 180 1279 206 0.000707 2
572 199 702 216 0.000696 2
908 199 952 244 0.000693 2
868 211 894 243 0.000690 2
879 199 954 224 0.000688 2
1115 488 1136 500 0.000680 2
1105 196 1120 208 0.000677 2
1114 216 1172 229 0.000674 2
1247 248 1279 267 0.000671 2
475 191 513 217 0.000651 2
1209 275 1279 320 0.000650 2
1132 271 1185 329 0.000642 2
1109 490 1136 507 0.000637 2
1141 272 1187 328 0.000636 2
866 184 962 286 0.000623 2
920 202 992 256 0.000618 2
1061 203 1089 233 0.000617 2
1115 220 1150 236 0.000604 2
1087 186 1095 200 0.000593 2
799 598 874 661 0.000592 2
471 188 480 204 0.000592 2
1252 248 1279 267 0.000589 2
1025 184 1074 234 0.000589 2
3 231 638 384 0.000572 2
1025 193 1075 256 0.000569 2
550 178 622 204 0.000566 2
549 201 568 216 0.000564 2
1016 457 1025 465 0.000554 2
0 440 86 661 0.000547 2
1135 327 1277 421 0.000546 2
11 284 638 463 0.000537 2
1134 271 1189 329 0.000535 2
1099 187 1122 209 0.000534 2
1223 180 1279 203 0.000511 2
863 216 883 242 0.000507 2
1064 195 1123 234 0.000494 2
587 174 624 202 0.000487 2
938 204 982 222 0.000485 2
77 282 640 390 0.000481 2
1211 194 1279 296 0.000479 2
1135 274 1184 329 0.000478 2
983 187 1063 253 0.000478 2
1181 213 1205 249 0.000476 2
1060 194 1095 233 0.000473 2
0 449 16 608 0.000473 2
556 195 614 216 0.000471 2
869 189 961 282 0.000471 2
905 200 951 216 0.000470 2
1174 271 1246 329 0.000467 2
1175 331 1277 422 0.000467 2
1216 294 1279 328 0.000460 2
0 459 16 611 0.000457 2
915 200 983 226 0.000453 2
306 185 323 198 0.000452 2
1020 186 1080 247 0.000451 2
1114 222 1156 247 0.000449 2
0 348 10 361 0.000445 2
1210 497 1231 512 0.000444 2
967 204 988 223 0.000443 2
1182 272 1235 328 0.000442 2
971 209 986 224 0.000439 2
1116 489 1136 507 0.000437 2
961 197 988 222 0.000436 2
1104 488 1137 507 0.000433 2
1220 275 1279 328 0.000428 2
1154 271 1215 328 0.000418 2
800 597 871 679 0.000418 2
923 201 990 250 0.000414 2
1136 273 1193 329 0.000404 2
0 429 138 660 0.000403 2
917 202 979 253 0.000398 2
555 201 576 216 0.000396 2
0 458 15 598 0.000387 2
1226 247 1279 379 0.000382 2
964 203 987 242 0.000381 2
928 199 955 207 0.000376 2
923 200 982 222 0.000372 2
1171 300 1278 422 0.000366 2
1172 275 1249 329 0.000366 2
554 199 593 216 0.000362 2
479 201 499 217 0.000356 2
1023 483 1064 498 0.000355 2
1215 300 1278 328 0.000354 2
319 204 332 231 0.000349 2
0 344 16 362 0.000347 2
604 201 651 228 0.000347 2
1244 274 1279 383 0.000343 2
1223 159 1279 182 0.000340 2
0 343 14 360 0.000337 2
1178 280 1223 329 0.000335 2
356 217 368 229 0.000335 2
822 326 848 344 0.000333 2
0 341 17 361 0.000328 2
556 197 625 216 0.000328 2
1215 298 1279 329 0.000327 2
866 194 961 296 0.000317 2
1068 200 1122 237 0.000317 2
824 597 874 633 0.000310 2
1205 496 1231 512 0.000308 2
1206 497 1231 513 0.000308 2
1154 275 1217 329 0.000306 2
0 475 118 662 0.000305 2
485 200 510 217 0.000301 2
695 196 723 217 0.000298 2
9 566 593 682 0.000297 2
1214 202 1279 330 0.000295 2
294 182 308 199 0.000294 2
799 597 874 654 0.000294 2
1072 195 1096 210 0.000292 2
1136 323 1278 460 0.000291 2
1136 329 1273 414 0.000290 2
1077 183 1096 200 0.000290 2
1143 271 1192 329 0.000288 2
925 193 987 224 0.000286 2
1236 285 1279 328 0.000285 2
1075 186 1092 201 0.000285 2
1188 333 1278 424 0.000283 2
1209 496 1231 512 0.000282 2
1263 351 1279 375 0.000279 2
1 285 638 433 0.000278 2
172 205 191 216 0.000275 2
463 187 480 205 0.000269 2
1263 480 1279 701 0.000268 2
621 182 658 213 0.000267 2
963 199 989 223 0.000267 2
875 197 960 276 0.000267 2
1223 158 1279 183 0.000266 2
989 182 1062 215 0.000265 2
1214 287 1278 328 0.000264 2
1136 270 1206 329 0.000262 2
0 454 81 654 0.000260 2
473 185 513 216 0.000258 2
1056 488 1066 497 0.000256 2
0 423 147 655 0.000255 2
1092 202 1123 221 0.000254 2
387 199 397 206 0.000253 2
1215 274 1233 326 0.000248 2
292 199 456 291 0.000245 2
680 205 702 232 0.000244 2
1184 275 1214 290 0.000243 2
1136 318 1279 482 0.000243 2
1138 270 1213 328 0.000242 2
801 327 848 344 0.000237 2
1250 166 1279 235 0.000236 2
1012 184 1114 249 0.000235 2
1225 159 1248 182 0.000233 2
1258 290 1279 394 0.000232 2
0 530 16 612 0.000231 2
95 272 639 388 0.000231 2
866 191 1009 254 0.000230 2
293 177 309 198 0.000230 2
1218 248 1279 273 0.000230 2
1183 273 1215 302 0.000229 2
1087 183 1104 207 0.000227 2
1029 482 1071 498 0.000226 2
680 200 702 231 0.000225 2
1262 253 1279 270 0.000223 2
1217 225 1279 380 0.000223 2
870 199 910 242 0.000217 2
1180 262 1257 324 0.000212 2
1203 255 1279 294 0.000209 2
0 347 12 364 0.000208 2
357 219 368 230 0.000206 2
706 184 741 215 0.000205 2
1245 297 1279 328 0.000205 2
800 597 859 683 0.000203 2
679 205 698 232 0.000202 2
817 328 848 344 0.000198 2
470 186 481 204 0.000197 2
459 185 480 213 0.000197 2
1029 184 1076 231 0.000191 2
0 538 45 654 0.000190 2
864 192 1050 267 0.000189 2
2 284 639 498 0.000188 2
10 551 609 696 0.000188 2
1209 281 1279 375 0.000185 2
1090 269 1143 329 0.000183 2
1215 275 1231 324 0.000182 2
0 467 15 645 0.000182 2
0 297 27 361 0.000182 2
0 542 23 653 0.000182 2
1186 272 1224 325 0.000182 2
0 545 47 655 0.000182 2
1245 288 1279 327 0.000181 2
1093 271 1143 329 0.000180 2
1250 294 1279 355 0.000180 2
1042 482 1056 492 0.000180 2
1173 297 1253 329 0.000179 2
1260 284 1279 373 0.000178 2
173 205 192 216 0.000177 2
1023 484 1058 496 0.000176 2
1056 490 1067 501 0.000175 2
1175 280 1270 328 0.000175 2
0 284 27 360 0.000174 2
0 533 16 625 0.000173 2
1249 298 1279 328 0.000173 2
1211 311 1279 419 0.000173 2
1213 283 1279 378 0.000173 2
0 460 15 634 0.000172 2
0 539 18 651 0.000171 2
1202 408 1215 416 0.000170 2
918 189 986 226 0.000169 2
1072 188 1088 202 0.000167 2
1186 267 1232 327 0.000165 2
1168 289 1216 329 0.000164 2
555 179 579 214 0.000164 2
1243 299 1279 332 0.000162 2
527 248 600 280 0.000160 2
1240 278 1279 326 0.000160 2
1056 486 1076 498 0.000160 2
1184 495 1232 513 0.000160 2
1024 481 1061 498 0.000158 2
1263 355 1279 376 0.000158 2
866 226 890 245 0.000157 2
1204 499 1231 513 0.000157 2
1263 482 1279 519 0.000152 2
881 199 940 245 0.000152 2
1205 273 1279 294 0.000150 2
1128 268 1230 400 0.000150 2
870 222 893 247 0.000150 2
818 329 848 362 0.000148 2
695 186 739 223 0.000148 2
1103 184 1122 204 0.000148 2
7 564 546 678 0.000146 2
736 202 788 235 0.000145 2
1177 274 1256 327 0.000145 2
12 532 80 622 0.000145 2
1031 481 1057 498 0.000144 2
3 530 79 635 0.000142 2
865 197 1061 282 0.000141 2
43 174 639 385 0.000140 2
1263 351 1279 372 0.000137 2
1094 171 1124 208 0.000135 2
1150 471 1168 478 0.000135 2
660 448 1271 704 0.000135 2
0 526 8 542 0.000132 2
1088 269 1139 329 0.000132 2
1209 290 1276 360 0.000132 2
0 528 130 662 0.000131 2
0 528 16 607 0.000129 2
863 206 881 240 0.000128 2
1138 265 1280 484 0.000128 2
1021 442 1037 457 0.000128 2
799 597 854 682 0.000126 2
0 411 87 648 0.000126 2
0 526 15 586 0.000126 2
1206 250 1280 295 0.000125 2
0 529 46 625 0.000125 2
1024 455 1039 465 0.000125 2
1263 292 1279 371 0.000124 2
0 468 15 541 0.000123 2
1080 201 1175 228 0.000123 2
1132 278 1181 329 0.000122 2
1175 298 1258 330 0.000120 2
1196 338 1252 426 0.000119 2
0 460 15 573 0.000119 2
778 530 806 547 0.000118 2
0 528 16 600 0.000118 2
0 460 16 587 0.000117 2
1072 327 1088 343 0.000117 2
12 476 611 704 0.000117 2
1215 305 1239 328 0.000116 2
8 498 591 698 0.000115 2
1137 281 1208 329 0.000115 2
862 197 1076 301 0.000115 2
1088 266 1104 329 0.000115 2
1194 286 1270 363 0.000114 2
1261 294 1280 362 0.000114 2
0 541 16 621 0.000113 2
1088 265 1110 328 0.000113 2
1187 274 1218 307 0.000112 2
1263 350 1279 404 0.000110 2
778 530 806 549 0.000110 2
1205 293 1279 471 0.000110 2
319 201 334 231 0.000109 2
0 533 45 645 0.000109 2
447 183 481 212 0.000108 2
1097 271 1148 329 0.000108 2
1151 470 1168 478 0.000107 2
594 201 654 227 0.000107 2
1196 311 1279 484 0.000107 2
820 562 874 634 0.000106 2
326 199 378 237 0.000105 2
1209 329 1270 411 0.000104 2
0 446 196 651 0.000104 2
0 523 197 659 0.000103 2
1205 331 1261 415 0.000103 2
326 200 373 271 0.000101 2
822 279 849 340 0.000101 2
1202 354 1254 427 0.000100 2
1183 168 1279 267 0.038201 5
480 170 573 217 0.017636 5
1220 178 1279 266 0.004634 5
480 172 516 217 0.003388 5
1219 171 1279 252 0.002792 5
481 172 519 217 0.002747 5
1213 162 1279 263 0.001118 5
1220 177 1279 222 0.000803 5
1005 184 1069 215 0.000754 5
1007 184 1064 218 0.000752 5
461 169 515 217 0.000616 5
1219 161 1279 241 0.000504 5
446 150 526 172 0.000160 5
444 157 522 185 0.000133 5
446 149 533 173 0.000111 5
321 285 910 701 0.583594 6
0 285 638 359 0.172689 6
1181 166 1279 270 0.051798 6
0 285 639 368 0.044411 6
641 269 1276 336 0.020258 6
699 151 953 242 0.019147 6
640 267 1277 377 0.015870 6
643 267 1276 397 0.014379 6
644 265 1276 352 0.013309 6
1 263 634 360 0.013254 6
643 266 1277 414 0.011189 6
644 150 958 243 0.008856 6
683 153 953 246 0.008415 6
642 264 1276 480 0.006503 6
481 170 576 217 0.006427 6
642 267 1279 364 0.006307 6
1180 169 1279 312 0.006082 6
1163 169 1279 347 0.005931 6
1119 171 1279 347 0.004694 6
445 150 953 242 0.004579 6
642 267 1276 448 0.004016 6
461 150 945 232 0.003433 6
750 266 1279 330 0.003428 6
979 266 1211 330 0.003297 6
479 166 635 217 0.003090 6
1124 171 1279 406 0.003072 6
1 235 628 358 0.003064 6
970 267 1220 332 0.002943 6
673 176 1278 329 0.002595 6
663 193 1274 332 0.002498 6
959 266 1278 332 0.002219 6
477 156 639 217 0.002143 6
657 183 1271 342 0.002021 6
430 155 913 218 0.001970 6
2 260 637 369 0.001819 6
1028 175 1278 257 0.001786 6
651 171 1271 356 0.001772 6
1080 268 1213 329 0.001705 6
457 151 931 219 0.001678 6
1165 168 1279 416 0.001624 6
1131 268 1279 416 0.001552 6
821 273 1166 341 0.001496 6
853 268 1279 378 0.001485 6
1054 175 1278 315 0.001451 6
975 266 1199 332 0.001424 6
805 168 1279 331 0.001413 6
1141 171 1279 425 0.001344 6
884 174 1278 292 0.001317 6
971 235 1278 372 0.001301 6
1086 165 1279 268 0.001255 6
949 171 1279 319 0.001242 6
641 267 1239 355 0.001161 6
382 156 884 219 0.001144 6
1018 158 1278 251 0.001070 6
1133 269 1279 469 0.001029 6
649 190 1249 337 0.001023 6
1013 267 1190 330 0.001014 6
640 268 1230 382 0.000997 6
929 170 1279 259 0.000987 6
702 179 1126 263 0.000987 6
685 145 1111 245 0.000987 6
964 265 1279 408 0.000892 6
963 166 1279 341 0.000858 6
687 182 1149 265 0.000851 6
1039 168 1279 382 0.000842 6
675 149 1268 250 0.000825 6
1 284 636 394 0.000822 6
672 148 1232 247 0.000797 6
586 150 843 218 0.000770 6
901 166 1275 257 0.000758 6
505 165 916 242 0.000738 6
710 183 1214 268 0.000728 6
648 205 1222 315 0.000723 6
1035 145 1280 265 0.000709 6
964 153 1276 250 0.000688 6
974 266 1175 333 0.000669 6
835 271 1152 378 0.000656 6
1219 162 1279 241 0.000642 6
973 266 1163 336 0.000628 6
6 186 575 357 0.000579 6
986 252 1195 331 0.000564 6
925 194 1250 259 0.000562 6
824 260 1160 339 0.000552 6
700 172 1240 256 0.000542 6
7 165 586 362 0.000534 6
386 164 888 233 0.000523 6
702 137 946 225 0.000512 6
988 263 1279 472 0.000498 6
1079 268 1190 330 0.000494 6
1 284 636 405 0.000478 6
445 154 920 240 0.000446 6
478 152 578 217 0.000430 6
7 137 601 366 0.000420 6
643 266 1255 431 0.000409 6
798 272 1168 344 0.000398 6
581 149 824 219 0.000384 6
972 261 1164 331 0.000370 6
641 270 1142 354 0.000368 6
641 268 1041 382 0.000365 6
831 192 1109 265 0.000356 6
7 102 634 386 0.000354 6
825 271 1154 386 0.000354 6
939 266 1279 467 0.000336 6
683 122 954 243 0.000335 6
692 138 1266 257 0.000317 6
932 271 1151 335 0.000315 6
2 162 528 355 0.000303 6
646 199 1164 308 0.000288 6
466 107 945 247 0.000279 6
1 66 72 255 0.000276 6
1 67 71 273 0.000275 6
2 66 129 260 0.000273 6
6 125 627 373 0.000262 6
337 175 934 281 0.000262 6
640 268 985 383 0.000237 6
1 65 73 234 0.000237 6
694 115 959 244 0.000228 6
488 188 615 218 0.000223 6
1 218 553 358 0.000220 6
686 106 1247 256 0.000214 6
679 116 1201 251 0.000214 6
854 253 1150 339 0.000211 6
18 64 566 374 0.000209 6
340 178 912 268 0.000207 6
398 178 944 277 0.000204 6
640 270 1017 353 0.000191 6
983 233 1140 330 0.000190 6
1175 64 1280 279 0.000185 6
998 265 1280 485 0.000178 6
504 97 945 247 0.000177 6
746 138 1262 259 0.000172 6
1221 68 1279 259 0.000169 6
1186 64 1280 283 0.000166 6
899 138 1228 248 0.000166 6
974 266 1148 350 0.000164 6
683 107 1107 251 0.000162 6
1179 133 1279 272 0.000161 6
0 68 124 286 0.000142 6
28 66 627 382 0.000141 6
1022 265 1149 347 0.000141 6
949 272 1133 360 0.000137 6
974 274 1122 345 0.000137 6
0 65 69 242 0.000129 6
345 282 910 660 0.000128 6
443 96 902 234 0.000127 6
715 115 1254 244 0.000124 6
7 64 127 240 0.000122 6
1180 73 1280 276 0.000122 6
2 70 131 278 0.000121 6
454 117 658 215 0.000120 6
3 68 134 249 0.000118 6
0 82 365 350 0.000117 6
642 264 1089 432 0.000117 6
376 66 869 230 0.000117 6
973 275 1139 347 0.000117 6
6 85 409 354 0.000116 6
971 229 1103 334 0.000113 6
0 64 71 227 0.000112 6
1079 161 1262 220 0.000109 6
415 77 883 231 0.000108 6
343 144 675 226 0.000108 6
0 77 67 253 0.000107 6
602 95 954 243 0.000103 6
332 140 663 224 0.000102 6
90 117 414 365 0.000102 6
826 264 1155 328 0.000101 6
338 64 823 234 0.000100 6
864 177 953 241 0.392563 7
802 177 951 242 0.184213 7
1184 174 1279 267 0.101724 7
705 152 861 228 0.036623 7
706 152 860 238 0.027851 7
707 152 860 215 0.021999 7
865 177 947 232 0.021860 7
1184 182 1279 267 0.019560 7
703 155 955 242 0.019357 7
701 165 954 243 0.016118 7
480 170 575 217 0.013588 7
865 177 944 237 0.013531 7
780 165 954 242 0.010551 7
803 183 854 242 0.009090 7
1182 162 1279 268 0.007866 7
1116 183 1250 248 0.007469 7
1219 180 1279 266 0.007306 7
1115 183 1209 248 0.007147 7
1115 184 1194 249 0.006888 7
712 149 954 243 0.006591 7
1215 177 1279 266 0.006490 7
803 162 857 219 0.005490 7
707 152 811 213 0.005121 7
1269 199 1279 235 0.004991 7
803 180 862 242 0.004890 7
866 177 942 213 0.004395 7
480 171 526 217 0.004156 7
865 177 985 246 0.004107 7
802 177 857 240 0.003872 7
480 172 515 216 0.003855 7
866 177 944 206 0.003545 7
704 152 825 224 0.003453 7
803 182 853 219 0.003406 7
1116 182 1267 247 0.003387 7
802 178 856 224 0.003145 7
1115 183 1228 249 0.003020 7
480 172 520 216 0.002973 7
587 183 656 216 0.002939 7
480 170 543 217 0.002919 7
1223 179 1279 235 0.002791 7
1118 183 1189 219 0.002586 7
1118 183 1197 220 0.002577 7
838 177 951 243 0.002295 7
804 189 854 241 0.002249 7
1117 183 1205 219 0.002130 7
480 167 652 216 0.002120 7
1117 183 1197 229 0.002078 7
803 170 856 220 0.001884 7
1117 183 1191 231 0.001850 7
866 177 939 220 0.001759 7
687 172 957 251 0.001664 7
512 170 574 205 0.001555 7
700 171 1102 246 0.001552 7
866 177 943 204 0.001527 7
682 169 957 263 0.001298 7
863 174 1073 248 0.001131 7
1198 178 1279 268 0.001115 7
865 175 1050 250 0.001099 7
1112 166 1267 248 0.001088 7
795 149 950 242 0.001075 7
681 171 1164 252 0.001063 7
716 153 813 212 0.001036 7
498 170 574 204 0.001012 7
518 171 575 211 0.000974 7
1182 194 1236 262 0.000922 7
712 153 815 217 0.000916 7
586 161 659 216 0.000821 7
480 168 538 217 0.000819 7
866 177 941 201 0.000786 7
1118 184 1182 217 0.000743 7
1205 167 1280 233 0.000699 7
587 169 629 202 0.000686 7
1115 165 1270 239 0.000682 7
1117 183 1185 226 0.000650 7
599 151 836 217 0.000637 7
869 188 980 253 0.000618 7
530 172 576 212 0.000589 7
846 176 928 239 0.000580 7
604 166 633 192 0.000579 7
1097 164 1248 250 0.000571 7
854 169 1076 248 0.000570 7
587 156 660 216 0.000566 7
870 178 945 203 0.000562 7
695 178 1017 250 0.000537 7
723 152 816 214 0.000491 7
589 149 659 216 0.000490 7
539 172 573 203 0.000486 7
843 176 932 233 0.000477 7
586 151 829 222 0.000455 7
867 177 933 204 0.000439 7
869 177 950 228 0.000434 7
604 167 635 193 0.000418 7
444 163 573 216 0.000411 7
512 163 578 204 0.000401 7
711 177 819 253 0.000387 7
496 164 657 216 0.000358 7
973 177 1074 230 0.000345 7
1212 177 1278 232 0.000331 7
1181 162 1271 266 0.000329 7
583 150 817 217 0.000327 7
865 177 930 225 0.000321 7
865 177 932 237 0.000318 7
595 166 634 197 0.000313 7
869 177 945 201 0.000285 7
589 150 667 216 0.000283 7
721 153 813 217 0.000283 7
447 154 579 218 0.000280 7
1080 134 1111 251 0.000271 7
588 166 640 200 0.000267 7
544 172 581 204 0.000265 7
529 172 576 217 0.000258 7
483 149 659 216 0.000254 7
1067 160 1222 254 0.000251 7
978 172 1085 236 0.000249 7
1075 148 1136 253 0.000243 7
602 159 635 190 0.000242 7
703 139 941 207 0.000233 7
549 173 569 200 0.000217 7
1120 171 1181 218 0.000215 7
868 171 1082 258 0.000212 7
1114 184 1186 237 0.000209 7
292 199 456 291 0.000202 7
965 173 1072 224 0.000196 7
959 161 993 210 0.000193 7
989 169 1117 244 0.000185 7
865 177 938 240 0.000185 7
541 171 621 204 0.000181 7
1182 159 1279 241 0.000180 7
704 155 807 217 0.000173 7
801 141 951 240 0.000171 7
939 169 1074 227 0.000167 7
1115 187 1190 242 0.000165 7
552 177 580 205 0.000164 7
962 170 1072 220 0.000164 7
1056 184 1198 249 0.000159 7
797 153 857 221 0.000157 7
1067 128 1118 250 0.000157 7
703 138 861 213 0.000156 7
588 156 634 201 0.000156 7
539 160 582 203 0.000153 7
865 177 921 239 0.000153 7
502 167 576 200 0.000149 7
1043 131 1109 251 0.000149 7
843 177 949 241 0.000135 7
706 152 809 209 0.000129 7
697 183 742 214 0.000125 7
539 163 578 202 0.000118 7
602 159 641 192 0.000118 7
690 103 1021 246 0.000116 7
441 159 513 214 0.000115 7
914 179 947 201 0.000110 7
830 137 996 239 0.000107 7
703 125 848 213 0.000105 7
932 160 994 211 0.000104 7
718 152 810 205 0.000103 7
740 152 848 212 0.000103 7
705 146 862 214 0.000102 7
956 162 996 223 0.000101 7
587 162 632 202 0.000101 7
1098 163 1153 216 0.000101 7
1088 150 1103 176 0.595945 9
512 152 524 182 0.049368 9
512 152 525 186 0.046628 9
512 151 524 176 0.033732 9
512 151 525 184 0.028427 9
512 152 527 189 0.022948 9
512 152 525 182 0.021987 9
1012 136 1024 169 0.019588 9
1008 135 1024 173 0.016901 9
1011 136 1024 171 0.016733 9
840 151 859 166 0.015689 9
1181 189 1200 215 0.014705 9
1088 151 1105 177 0.013833 9
994 137 1002 171 0.013323 9
1007 136 1024 176 0.012740 9
1088 150 1103 182 0.012294 9
512 151 525 178 0.012009 9
512 151 524 180 0.010043 9
1181 185 1201 215 0.010036 9
1005 136 1024 174 0.009907 9
1123 64 1153 75 0.009668 9
312 149 341 194 0.009189 9
1009 135 1024 172 0.008325 9
366 167 374 187 0.007832 9
993 136 1002 170 0.007683 9
1207 169 1215 190 0.006990 9
1002 133 1024 173 0.006505 9
994 135 1002 171 0.006482 9
994 135 1006 173 0.006446 9
1120 64 1152 76 0.006439 9
1129 64 1152 72 0.006144 9
1089 132 1107 176 0.005413 9
1052 114 1082 147 0.005352 9
1199 136 1212 152 0.005283 9
449 157 490 171 0.005231 9
373 167 381 184 0.005197 9
1096 133 1105 153 0.005069 9
1134 64 1152 72 0.004915 9
994 136 1005 173 0.004768 9
1207 168 1215 187 0.004335 9
996 135 1007 178 0.004241 9
993 130 1024 174 0.004217 9
239 177 246 190 0.003803 9
1087 138 1104 177 0.003579 9
808 162 857 182 0.003391 9
1122 64 1154 77 0.003370 9
840 135 861 166 0.003128 9
239 177 246 189 0.002997 9
808 161 857 187 0.002812 9
119 64 128 71 0.002726 9
1087 134 1107 178 0.002665 9
993 136 1005 177 0.002638 9
1212 167 1224 186 0.002597 9
1212 168 1225 192 0.002495 9
1200 135 1214 152 0.002444 9
1207 168 1218 199 0.002384 9
1000 119 1007 134 0.002318 9
510 152 531 210 0.002310 9
809 161 858 185 0.002280 9
1181 166 1203 230 0.002253 9
362 167 373 188 0.002129 9
1088 148 1111 178 0.002049 9
1201 135 1212 154 0.002031 9
1054 114 1079 145 0.001961 9
520 181 536 200 0.001956 9
1088 150 1110 178 0.001951 9
1181 169 1201 216 0.001853 9
836 132 861 166 0.001832 9
119 64 176 75 0.001798 9
312 151 325 188 0.001796 9
119 64 170 74 0.001793 9
999 120 1007 135 0.001739 9
1096 132 1110 173 0.001736 9
837 135 862 167 0.001715 9
1120 64 1139 75 0.001624 9
119 64 162 72 0.001564 9
1061 111 1083 145 0.001496 9
1097 134 1107 166 0.001471 9
1088 129 1108 178 0.001469 9
1172 151 1182 162 0.001323 9
1050 119 1065 135 0.001316 9
841 119 860 136 0.001308 9
1086 144 1103 247 0.001295 9
858 137 938 153 0.001263 9
1023 159 1032 169 0.001246 9
831 135 862 166 0.001202 9
1181 166 1222 220 0.001169 9
842 119 862 136 0.001150 9
803 150 813 159 0.001144 9
806 161 860 190 0.001124 9
1199 152 1207 181 0.001117 9
224 183 231 197 0.001115 9
1065 105 1073 121 0.001102 9
368 166 380 187 0.001093 9
118 64 184 78 0.001091 9
1089 138 1112 174 0.001059 9
1192 164 1201 184 0.001056 9
1096 133 1109 162 0.001029 9
803 159 857 213 0.001028 9
1199 146 1208 176 0.001023 9
975 135 1000 171 0.001016 9
1080 173 1089 182 0.001014 9
851 136 939 154 0.001007 9
1182 167 1202 212 0.000980 9
1141 165 1154 204 0.000943 9
1193 157 1202 185 0.000940 9
1181 185 1206 219 0.000891 9
850 119 865 136 0.000848 9
832 117 840 133 0.000842 9
811 161 857 182 0.000837 9
801 150 811 160 0.000837 9
841 119 854 135 0.000807 9
1052 112 1069 141 0.000796 9
1096 130 1105 144 0.000774 9
120 64 165 73 0.000770 9
1153 165 1167 184 0.000767 9
831 149 860 167 0.000745 9
369 166 382 186 0.000741 9
1087 129 1127 186 0.000733 9
164 64 178 75 0.000730 9
1120 64 1136 77 0.000721 9
1144 165 1154 184 0.000716 9
863 165 870 181 0.000694 9
1210 168 1226 203 0.000694 9
1046 155 1056 168 0.000693 9
974 136 997 169 0.000674 9
981 136 1002 171 0.000672 9
975 141 990 157 0.000671 9
974 138 994 166 0.000665 9
842 119 866 136 0.000663 9
1128 64 1160 73 0.000659 9
120 64 171 73 0.000659 9
831 135 847 152 0.000656 9
1013 135 1039 172 0.000626 9
834 133 869 157 0.000622 9
1068 113 1083 142 0.000614 9
693 177 702 200 0.000609 9
313 149 346 195 0.000607 9
1183 167 1200 185 0.000605 9
1201 163 1211 185 0.000600 9
974 133 1001 171 0.000598 9
1200 133 1213 153 0.000597 9
1105 152 1118 169 0.000586 9
159 64 169 72 0.000584 9
1195 166 1216 200 0.000580 9
1050 116 1070 147 0.000580 9
118 64 149 73 0.000578 9
1122 64 1162 79 0.000556 9
960 135 979 163 0.000553 9
1085 150 1105 205 0.000552 9
364 166 377 189 0.000542 9
861 136 938 152 0.000542 9
1021 150 1040 165 0.000538 9
1040 132 1061 168 0.000530 9
586 117 597 134 0.000527 9
448 157 496 171 0.000525 9
828 136 907 163 0.000507 9
841 119 858 136 0.000502 9
1001 136 1024 187 0.000502 9
992 117 1002 134 0.000496 9
1122 64 1164 76 0.000495 9
803 150 812 157 0.000484 9
215 183 224 196 0.000482 9
864 139 882 168 0.000475 9
508 156 538 200 0.000471 9
831 135 855 151 0.000469 9
862 137 934 153 0.000463 9
992 118 1008 172 0.000462 9
1041 110 1108 183 0.000457 9
1181 155 1227 235 0.000448 9
1090 144 1125 176 0.000443 9
804 157 857 188 0.000430 9
1181 185 1204 220 0.000427 9
511 174 537 200 0.000426 9
857 136 938 172 0.000422 9
1039 115 1066 169 0.000417 9
1021 155 1040 169 0.000414 9
848 136 923 172 0.000408 9
1195 150 1222 196 0.000408 9
1105 150 1118 169 0.000404 9
1038 123 1064 169 0.000401 9
861 111 869 118 0.000399 9
863 137 896 151 0.000397 9
809 153 872 184 0.000396 9
1192 138 1200 151 0.000395 9
848 136 936 173 0.000394 9
1038 136 1060 169 0.000392 9
1076 149 1102 180 0.000391 9
997 136 1009 184 0.000376 9
313 149 341 188 0.000376 9
689 119 705 153 0.000376 9
812 151 845 162 0.000375 9
1040 119 1105 188 0.000371 9
614 150 629 168 0.000370 9
361 166 376 190 0.000366 9
884 137 938 152 0.000361 9
1263 78 1279 172 0.000360 9
1248 347 1262 359 0.000360 9
863 117 870 136 0.000354 9
829 136 899 151 0.000353 9
1132 166 1147 185 0.000352 9
260 143 269 159 0.000350 9
168 64 184 74 0.000345 9
161 64 177 77 0.000342 9
870 119 878 135 0.000341 9
581 64 595 70 0.000334 9
1078 149 1102 183 0.000332 9
1013 135 1033 171 0.000329 9
863 137 896 150 0.000328 9
1185 188 1206 217 0.000327 9
689 119 702 153 0.000325 9
805 169 859 224 0.000323 9
586 117 598 136 0.000322 9
1076 145 1103 179 0.000319 9
1248 346 1262 361 0.000316 9
313 149 353 198 0.000312 9
1110 165 1150 205 0.000311 9
638 160 645 170 0.000311 9
1151 103 1167 135 0.000310 9
959 135 977 160 0.000309 9
257 146 265 159 0.000309 9
692 120 704 152 0.000309 9
448 157 490 173 0.000307 9
1171 140 1183 154 0.000306 9
833 137 894 169 0.000301 9
1199 134 1217 190 0.000297 9
864 150 881 171 0.000296 9
1183 157 1202 189 0.000292 9
862 119 870 136 0.000287 9
1074 133 1104 179 0.000285 9
833 136 940 167 0.000284 9
1038 152 1056 169 0.000282 9
974 135 991 144 0.000281 9
1204 87 1214 106 0.000281 9
899 137 938 153 0.000280 9
893 136 938 152 0.000280 9
992 118 1026 174 0.000279 9
653 127 660 145 0.000279 9
685 119 704 178 0.000278 9
322 151 342 191 0.000277 9
1050 111 1067 140 0.000276 9
905 126 912 137 0.000273 9
1121 164 1135 184 0.000272 9
1147 165 1171 184 0.000268 9
830 136 940 162 0.000267 9
831 119 840 137 0.000266 9
1004 136 1036 209 0.000262 9
1121 164 1200 216 0.000260 9
158 64 181 78 0.000259 9
597 134 605 143 0.000259 9
868 119 879 136 0.000258 9
1011 135 1041 168 0.000255 9
1052 103 1074 144 0.000254 9
1190 135 1208 151 0.000252 9
999 108 1105 176 0.000250 9
1222 163 1246 190 0.000250 9
961 134 990 160 0.000246 9
1045 183 1062 199 0.000245 9
1036 128 1109 222 0.000244 9
1189 151 1207 185 0.000243 9
500 152 524 181 0.000241 9
1001 128 1107 178 0.000240 9
1203 87 1214 110 0.000238 9
834 149 882 177 0.000235 9
1201 85 1212 108 0.000235 9
1006 155 1063 197 0.000234 9
1117 164 1132 183 0.000233 9
873 149 893 169 0.000232 9
594 64 625 91 0.000228 9
693 120 705 171 0.000223 9
119 64 197 92 0.000222 9
487 151 525 210 0.000215 9
804 182 835 203 0.000214 9
1150 134 1170 158 0.000213 9
1048 183 1062 197 0.000213 9
1103 163 1147 210 0.000212 9
510 151 539 199 0.000212 9
693 176 704 202 0.000212 9
1169 147 1183 165 0.000208 9
1151 103 1169 134 0.000205 9
1072 149 1083 168 0.000205 9
448 154 520 173 0.000203 9
1048 112 1084 169 0.000202 9
575 276 599 350 0.000202 9
653 143 671 177 0.000202 9
315 148 342 190 0.000201 9
1065 64 1155 75 0.000200 9
1085 129 1138 200 0.000200 9
119 64 167 78 0.000200 9
1043 112 1083 169 0.000200 9
1070 133 1105 253 0.000199 9
336 161 351 194 0.000198 9
1189 383 1207 407 0.000197 9
1181 158 1239 237 0.000197 9
1092 149 1124 209 0.000196 9
1137 133 1169 160 0.000194 9
806 158 898 207 0.000193 9
1177 180 1201 218 0.000192 9
1101 162 1135 205 0.000190 9
1076 135 1092 148 0.000189 9
1208 165 1247 216 0.000189 9
959 135 993 171 0.000188 9
1150 102 1188 137 0.000186 9
637 131 654 152 0.000184 9
593 64 627 92 0.000182 9
1054 103 1084 145 0.000182 9
651 137 671 177 0.000180 9
1002 167 1070 212 0.000178 9
120 64 186 78 0.000177 9
1095 130 1110 162 0.000175 9
663 140 671 174 0.000174 9
1248 345 1262 358 0.000174 9
1167 138 1178 153 0.000174 9
1139 165 1189 186 0.000174 9
1119 163 1193 218 0.000174 9
705 81 722 91 0.000174 9
1012 133 1031 171 0.000174 9
1263 79 1279 155 0.000173 9
1137 134 1188 186 0.000172 9
697 151 706 175 0.000171 9
830 137 940 159 0.000170 9
1082 125 1131 199 0.000168 9
1201 85 1213 112 0.000166 9
1072 151 1083 168 0.000165 9
692 123 707 176 0.000164 9
171 64 201 89 0.000162 9
317 128 359 196 0.000161 9
501 151 525 176 0.000161 9
1054 151 1065 168 0.000160 9
1006 167 1072 213 0.000158 9
637 133 655 152 0.000158 9
579 65 673 214 0.000157 9
1186 384 1206 401 0.000156 9
653 151 669 175 0.000156 9
1202 153 1229 196 0.000154 9
1137 133 1162 156 0.000154 9
581 64 627 93 0.000154 9
545 140 552 151 0.000152 9
963 123 1017 178 0.000152 9
118 64 195 86 0.000151 9
1140 103 1187 162 0.000149 9
1009 168 1065 205 0.000149 9
651 127 672 178 0.000146 9
865 137 907 175 0.000145 9
368 158 382 186 0.000144 9
1076 140 1135 255 0.000143 9
688 118 705 152 0.000142 9
808 152 861 175 0.000140 9
664 138 672 168 0.000139 9
1129 164 1203 216 0.000139 9
952 348 959 364 0.000139 9
328 159 352 194 0.000137 9
1101 134 1121 170 0.000137 9
704 80 724 93 0.000135 9
997 107 1008 136 0.000135 9
992 117 1029 174 0.000135 9
601 150 645 194 0.000135 9
223 176 247 191 0.000135 9
1178 187 1199 220 0.000134 9
1136 130 1188 180 0.000134 9
160 64 183 90 0.000134 9
359 154 381 189 0.000132 9
167 64 201 91 0.000132 9
1037 106 1068 170 0.000131 9
1068 112 1085 142 0.000131 9
1178 186 1200 216 0.000130 9
257 143 269 160 0.000130 9
580 64 596 90 0.000129 9
1264 79 1279 107 0.000127 9
863 136 925 179 0.000127 9
704 81 727 95 0.000126 9
650 128 659 150 0.000126 9
1086 126 1108 168 0.000125 9
1101 154 1120 182 0.000125 9
1101 160 1128 208 0.000124 9
959 135 983 158 0.000124 9
637 127 658 153 0.000123 9
895 167 904 177 0.000122 9
685 124 705 184 0.000121 9
703 78 726 96 0.000120 9
972 119 999 162 0.000119 9
1071 116 1086 145 0.000118 9
801 152 816 193 0.000118 9
1151 103 1181 135 0.000118 9
223 176 248 202 0.000117 9
216 163 225 177 0.000117 9
158 64 199 91 0.000117 9
1135 131 1179 176 0.000117 9
1142 104 1195 165 0.000116 9
511 144 524 172 0.000116 9
1010 167 1066 196 0.000115 9
1136 129 1173 159 0.000115 9
1247 341 1263 364 0.000114 9
1002 107 1099 174 0.000113 9
830 123 938 161 0.000113 9
990 109 1112 251 0.000112 9
1123 158 1135 172 0.000112 9
831 133 940 154 0.000112 9
1129 131 1185 188 0.000111 9
811 140 825 158 0.000111 9
649 145 671 210 0.000111 9
1154 110 1206 160 0.000111 9
982 130 1078 226 0.000111 9
1223 158 1249 185 0.000110 9
328 155 353 199 0.000109 9
1263 78 1279 134 0.000108 9
587 64 625 92 0.000107 9
460 185 480 204 0.000107 9
579 64 629 93 0.000107 9
592 64 635 92 0.000106 9
221 167 232 176 0.000106 9
118 64 158 78 0.000105 9
1005 167 1065 197 0.000105 9
599 91 625 144 0.000104 9
623 71 640 149 0.000104 9
1170 145 1205 186 0.000104 9
861 136 939 171 0.000104 9
1006 167 1067 196 0.000103 9
661 134 672 166 0.000103 9
1205 144 1229 182 0.000103 9
664 183 671 207 0.000103 9
1166 148 1196 178 0.000102 9
1151 103 1168 128 0.000101 9
1233 198 1256 232 0.159817 11
325 110 366 164 0.030443 11
1182 191 1199 215 0.016615 11
312 149 341 194 0.010663 11
1181 189 1199 215 0.009926 11
1053 113 1082 146 0.006883 11
312 152 324 187 0.001656 11
449 157 490 171 0.001162 11
1249 199 1266 231 0.000556 11
1244 198 1266 233 0.000489 11
312 150 324 189 0.000162 11
