788 192 820 271 0.798233 0
516 183 548 263 0.776145 0
748 200 788 286 0.707784 0
972 188 1003 252 0.632673 0
745 190 765 228 0.337317 0
743 189 765 236 0.261884 0
743 190 765 246 0.202071 0
1049 188 1070 255 0.176457 0
741 189 765 256 0.161187 0
1016 204 1025 226 0.128747 0
1049 188 1075 260 0.107645 0
753 201 787 276 0.104299 0
1214 199 1225 216 0.099235 0
1048 195 1072 260 0.099186 0
229 200 243 245 0.093708 0
1051 187 1072 253 0.081240 0
1042 190 1070 255 0.068802 0
743 190 753 216 0.055280 0
1053 189 1067 221 0.049964 0
1213 198 1225 218 0.048852 0
1009 206 1025 234 0.044216 0
745 190 766 218 0.042336 0
1039 202 1064 253 0.037052 0
1071 485 1080 500 0.036781 0
741 190 763 223 0.036078 0
1055 189 1071 224 0.031441 0
925 203 945 252 0.029268 0
1050 210 1075 260 0.029246 0
610 150 634 192 0.026931 0
1015 204 1029 230 0.026199 0
1212 199 1225 230 0.025230 0
613 151 624 168 0.023336 0
1210 199 1225 219 0.020984 0
608 151 632 189 0.020751 0
1048 190 1062 218 0.020748 0
606 151 633 193 0.020492 0
1001 213 1025 234 0.018468 0
1147 309 1168 344 0.017847 0
1112 194 1119 202 0.017614 0
1048 192 1061 220 0.016321 0
863 439 876 455 0.015729 0
229 199 248 246 0.015542 0
1039 198 1055 225 0.015491 0
1151 309 1168 343 0.015342 0
847 200 856 224 0.014387 0
1002 208 1028 262 0.014140 0
1210 199 1224 228 0.014100 0
604 151 625 184 0.013833 0
991 455 999 463 0.013790 0
632 202 643 215 0.013776 0
1071 488 1081 502 0.013065 0
933 203 945 218 0.012691 0
212 186 225 229 0.012527 0
1071 483 1081 501 0.012299 0
1043 196 1062 240 0.011958 0
789 329 810 344 0.011439 0
746 225 780 297 0.011245 0
1034 206 1056 257 0.011239 0
784 198 791 218 0.010425 0
608 151 625 174 0.010405 0
1039 204 1054 236 0.009486 0
864 441 875 455 0.009344 0
1039 202 1053 229 0.009082 0
758 201 787 268 0.008948 0
972 190 997 242 0.008692 0
510 185 523 214 0.008689 0
846 201 855 240 0.008362 0
1007 472 1016 492 0.008337 0
1196 199 1208 216 0.008055 0
1071 478 1080 500 0.008030 0
228 198 246 242 0.007961 0
862 432 877 455 0.007804 0
1194 199 1209 220 0.007553 0
789 328 816 344 0.007547 0
789 325 810 344 0.007470 0
733 194 756 241 0.007460 0
1208 199 1226 238 0.007251 0
225 198 243 250 0.007228 0
511 184 528 243 0.007201 0
750 230 782 295 0.007089 0
863 427 882 455 0.007059 0
614 150 632 168 0.006974 0
738 196 747 215 0.006854 0
1210 199 1227 252 0.006786 0
999 212 1027 255 0.006752 0
1112 193 1120 207 0.006751 0
783 199 793 238 0.006602 0
1072 463 1079 471 0.006598 0
510 191 519 213 0.006590 0
1199 199 1213 219 0.006538 0
637 160 645 184 0.006525 0
862 424 885 456 0.006452 0
1208 198 1227 266 0.006360 0
738 191 749 214 0.006269 0
1271 199 1279 235 0.006236 0
604 152 629 189 0.006123 0
789 193 808 266 0.006109 0
1177 496 1184 510 0.005713 0
1213 194 1225 217 0.005687 0
510 186 525 238 0.005687 0
1017 205 1037 233 0.005542 0
790 191 802 218 0.005531 0
863 437 879 456 0.005329 0
1119 312 1129 329 0.005322 0
1039 192 1057 220 0.005085 0
983 447 993 456 0.005049 0
1048 189 1086 255 0.004987 0
847 200 865 240 0.004885 0
983 451 993 463 0.004847 0
973 187 994 224 0.004708 0
637 160 648 184 0.004700 0
1104 312 1113 327 0.004684 0
515 185 530 253 0.004479 0
511 182 522 207 0.004454 0
1117 311 1131 343 0.004390 0
1087 186 1095 209 0.004328 0
897 441 904 456 0.004315 0
212 187 225 238 0.004272 0
1272 199 1279 236 0.004047 0
516 185 534 253 0.004024 0
959 439 969 460 0.004021 0
790 195 804 230 0.003994 0
896 200 904 227 0.003991 0
1201 199 1226 250 0.003968 0
1119 311 1130 337 0.003942 0
926 448 935 456 0.003924 0
230 197 253 242 0.003900 0
864 442 878 456 0.003858 0
845 213 855 242 0.003848 0
960 440 968 455 0.003840 0
1144 309 1169 348 0.003792 0
739 194 789 283 0.003760 0
1007 477 1018 493 0.003667 0
637 160 651 192 0.003604 0
856 429 883 476 0.003559 0
240 197 249 224 0.003543 0
1007 474 1016 494 0.003461 0
750 453 768 472 0.003420 0
1190 200 1207 221 0.003412 0
1231 459 1249 510 0.003400 0
989 448 999 463 0.003379 0
635 159 656 201 0.003340 0
1044 482 1056 493 0.003319 0
1191 496 1200 504 0.003296 0
1031 491 1039 503 0.003281 0
1008 471 1016 488 0.003228 0
929 201 948 214 0.003225 0
784 191 794 216 0.003107 0
863 433 882 478 0.003076 0
1231 458 1253 511 0.003023 0
517 192 526 212 0.002979 0
1192 200 1207 225 0.002939 0
912 455 928 484 0.002928 0
1071 462 1080 494 0.002854 0
1207 504 1217 513 0.002835 0
1054 185 1073 220 0.002797 0
1191 208 1204 225 0.002792 0
1210 198 1232 266 0.002787 0
847 210 866 242 0.002732 0
1177 344 1191 359 0.002730 0
247 197 255 214 0.002728 0
214 185 224 227 0.002704 0
1087 182 1101 209 0.002679 0
1211 198 1230 232 0.002550 0
881 199 902 241 0.002544 0
692 206 709 233 0.002519 0
751 457 768 472 0.002493 0
968 455 976 462 0.002467 0
1195 197 1211 218 0.002445 0
1199 502 1210 512 0.002442 0
637 159 658 200 0.002434 0
1142 308 1170 355 0.002430 0
960 450 969 464 0.002303 0
821 326 848 344 0.002247 0
682 196 692 216 0.002247 0
1040 456 1048 464 0.002228 0
1087 183 1104 211 0.002206 0
1179 344 1195 358 0.002204 0
893 200 903 235 0.002200 0
1136 447 1143 456 0.002187 0
978 182 992 197 0.002147 0
637 160 654 189 0.002107 0
1144 317 1168 343 0.002107 0
879 206 892 237 0.002063 0
1196 203 1227 266 0.002058 0
1023 457 1031 464 0.002043 0
633 199 653 216 0.002033 0
1093 182 1104 206 0.002024 0
991 451 1003 464 0.001991 0
787 328 814 380 0.001988 0
1015 457 1025 465 0.001973 0
1205 167 1225 219 0.001962 0
1145 309 1176 343 0.001929 0
745 438 768 472 0.001912 0
831 465 840 478 0.001905 0
913 472 928 485 0.001891 0
976 186 995 219 0.001888 0
694 177 703 199 0.001856 0
974 182 992 202 0.001833 0
925 202 957 254 0.001827 0
1176 344 1189 360 0.001816 0
1153 303 1168 342 0.001811 0
1096 177 1104 206 0.001798 0
883 201 894 238 0.001795 0
234 196 255 241 0.001777 0
749 437 770 472 0.001745 0
750 446 769 473 0.001739 0
852 462 866 475 0.001733 0
916 473 928 486 0.001730 0
1147 319 1169 360 0.001705 0
1135 446 1144 466 0.001700 0
1045 410 1057 436 0.001699 0
632 160 645 185 0.001663 0
891 201 903 242 0.001638 0
1174 211 1188 247 0.001585 0
847 188 867 241 0.001582 0
878 434 887 456 0.001578 0
1101 312 1118 344 0.001518 0
1213 199 1228 219 0.001503 0
913 448 929 456 0.001494 0
541 192 550 208 0.001489 0
1197 496 1212 508 0.001486 0
1045 409 1056 430 0.001469 0
1015 443 1025 461 0.001459 0
664 313 681 350 0.001422 0
1152 439 1158 447 0.001422 0
815 328 847 344 0.001421 0
1177 344 1196 361 0.001410 0
226 198 243 241 0.001407 0
960 440 976 462 0.001401 0
1109 316 1139 344 0.001390 0
1181 344 1194 380 0.001382 0
772 200 789 234 0.001367 0
982 447 992 461 0.001366 0
749 191 774 215 0.001365 0
856 421 885 458 0.001365 0
1116 312 1137 344 0.001363 0
613 150 638 187 0.001361 0
786 317 811 344 0.001361 0
1009 430 1015 439 0.001321 0
959 438 974 462 0.001312 0
319 203 331 230 0.001308 0
1098 329 1104 344 0.001306 0
1022 443 1034 457 0.001304 0
1201 496 1227 511 0.001294 0
1061 484 1081 505 0.001288 0
245 197 255 215 0.001285 0
1110 326 1144 344 0.001282 0
877 201 900 240 0.001266 0
866 208 873 232 0.001234 0
1029 454 1040 465 0.001225 0
1144 325 1160 343 0.001221 0
200 208 208 225 0.001183 0
1129 503 1136 509 0.001169 0
915 199 947 247 0.001166 0
634 202 653 216 0.001158 0
800 439 807 449 0.001157 0
1071 455 1084 471 0.001152 0
1254 503 1265 516 0.001151 0
857 437 882 478 0.001121 0
1154 496 1184 510 0.001115 0
874 435 888 458 0.001112 0
1064 463 1071 471 0.001093 0
884 472 897 485 0.001085 0
926 439 937 456 0.001073 0
1247 199 1256 232 0.001071 0
916 202 941 249 0.001067 0
1248 345 1258 355 0.001061 0
1027 442 1039 456 0.001061 0
200 211 208 225 0.001052 0
1180 205 1204 236 0.001045 0
862 466 873 478 0.001044 0
1183 496 1201 511 0.001040 0
645 158 657 177 0.001034 0
1087 193 1100 218 0.001034 0
1002 200 1029 232 0.001033 0
632 201 646 221 0.001028 0
1182 164 1202 188 0.001024 0
837 466 848 476 0.001015 0
1174 213 1182 232 0.001011 0
664 319 680 350 0.001005 0
718 193 728 215 0.000996 0
225 203 243 262 0.000990 0
1237 197 1255 233 0.000984 0
819 210 855 241 0.000969 0
847 428 885 469 0.000964 0
1231 459 1244 481 0.000960 0
935 438 944 450 0.000945 0
865 208 874 235 0.000943 0
465 201 477 250 0.000931 0
1185 165 1201 186 0.000931 0
799 421 808 448 0.000923 0
742 186 766 212 0.000922 0
464 200 479 271 0.000918 0
1242 459 1265 508 0.000918 0
1105 606 1111 614 0.000917 0
862 441 883 479 0.000904 0
640 689 671 703 0.000899 0
861 457 874 478 0.000896 0
1103 312 1134 344 0.000883 0
683 197 692 214 0.000881 0
1089 191 1103 217 0.000877 0
680 169 691 215 0.000867 0
710 317 721 342 0.000858 0
736 450 749 462 0.000856 0
1110 328 1131 344 0.000856 0
959 438 973 456 0.000855 0
639 159 658 191 0.000849 0
789 329 810 354 0.000841 0
630 162 642 190 0.000840 0
873 325 882 342 0.000836 0
983 441 994 456 0.000835 0
984 482 991 487 0.000832 0
1128 447 1135 456 0.000831 0
212 184 232 237 0.000830 0
1247 462 1265 500 0.000827 0
879 201 903 243 0.000819 0
1077 333 1091 352 0.000818 0
1057 191 1080 221 0.000815 0
761 241 787 324 0.000807 0
1059 189 1082 215 0.000807 0
926 423 941 456 0.000803 0
1144 320 1178 357 0.000801 0
804 184 814 202 0.000796 0
1033 463 1040 470 0.000796 0
1113 311 1135 338 0.000795 0
1041 409 1058 458 0.000789 0
477 199 485 217 0.000785 0
742 186 767 216 0.000782 0
936 429 944 447 0.000779 0
1008 448 1015 461 0.000779 0
739 441 768 472 0.000775 0
801 416 808 426 0.000767 0
513 182 542 210 0.000767 0
465 201 474 223 0.000765 0
1043 279 1058 295 0.000765 0
210 188 225 229 0.000755 0
521 189 548 218 0.000753 0
1249 215 1264 234 0.000750 0
726 323 739 344 0.000747 0
879 437 889 471 0.000746 0
1115 326 1145 344 0.000746 0
1242 198 1257 232 0.000745 0
465 199 473 217 0.000745 0
1104 312 1132 331 0.000736 0
471 196 480 216 0.000730 0
1139 499 1152 510 0.000726 0
796 318 818 343 0.000725 0
823 543 833 575 0.000719 0
717 195 730 217 0.000716 0
1167 326 1175 336 0.000707 0
1150 449 1161 466 0.000706 0
625 186 656 215 0.000704 0
466 201 478 249 0.000702 0
474 193 486 217 0.000701 0
810 208 823 232 0.000696 0
470 202 478 220 0.000694 0
717 322 742 363 0.000692 0
921 199 954 221 0.000691 0
1040 410 1053 435 0.000690 0
1270 197 1279 264 0.000683 0
1245 199 1256 233 0.000681 0
799 417 808 438 0.000680 0
1237 456 1261 479 0.000675 0
747 431 776 471 0.000661 0
1233 455 1257 480 0.000657 0
975 186 1003 222 0.000654 0
803 185 815 212 0.000652 0
1016 479 1025 490 0.000643 0
846 463 859 475 0.000636 0
1231 454 1260 510 0.000634 0
783 327 810 344 0.000630 0
783 420 814 450 0.000625 0
926 201 959 249 0.000624 0
722 323 740 347 0.000622 0
1080 429 1087 441 0.000621 0
1188 163 1202 187 0.000620 0
820 198 856 241 0.000617 0
1248 346 1259 358 0.000615 0
895 429 904 457 0.000614 0
465 202 478 255 0.000613 0
663 297 682 351 0.000613 0
1114 439 1139 472 0.000607 0
735 325 744 340 0.000601 0
521 197 545 263 0.000600 0
1071 496 1081 512 0.000592 0
1144 324 1169 344 0.000590 0
751 428 771 463 0.000586 0
1245 460 1269 496 0.000584 0
1086 488 1098 499 0.000580 0
996 447 1008 460 0.000568 0
711 317 743 346 0.000568 0
767 431 774 447 0.000567 0
523 183 558 262 0.000567 0
878 320 886 342 0.000566 0
512 508 522 523 0.000565 0
1243 459 1259 478 0.000560 0
1247 346 1264 379 0.000558 0
1078 190 1090 205 0.000555 0
1078 334 1096 360 0.000552 0
1073 428 1081 441 0.000548 0
709 319 727 346 0.000541 0
1097 327 1117 344 0.000541 0
970 192 986 216 0.000538 0
788 416 821 453 0.000536 0
1174 343 1196 381 0.000535 0
1039 416 1048 437 0.000533 0
804 440 816 452 0.000533 0
853 424 910 484 0.000531 0
787 327 820 370 0.000530 0
752 250 790 342 0.000530 0
718 317 744 343 0.000530 0
972 188 1004 235 0.000528 0
1169 410 1178 423 0.000528 0
1248 205 1261 234 0.000525 0
630 176 641 195 0.000525 0
969 183 994 218 0.000524 0
1007 457 1019 466 0.000523 0
923 446 940 459 0.000522 0
786 433 802 450 0.000518 0
1072 504 1083 523 0.000516 0
1007 475 1020 510 0.000513 0
750 457 768 483 0.000513 0
718 321 742 376 0.000512 0
680 383 688 394 0.000512 0
747 435 768 466 0.000506 0
1014 440 1040 463 0.000502 0
721 324 744 348 0.000499 0
1151 448 1165 461 0.000499 0
1215 443 1224 456 0.000499 0
1071 455 1089 472 0.000498 0
636 189 656 214 0.000496 0
531 503 557 520 0.000495 0
640 691 660 703 0.000494 0
429 223 439 230 0.000491 0
900 474 933 489 0.000489 0
1175 206 1188 226 0.000484 0
786 328 820 379 0.000483 0
1001 432 1008 440 0.000480 0
863 215 872 235 0.000478 0
1120 393 1128 410 0.000476 0
1200 202 1241 268 0.000473 0
926 424 936 456 0.000473 0
773 312 787 342 0.000472 0
741 449 768 472 0.000471 0
1248 347 1264 361 0.000469 0
930 423 945 452 0.000466 0
1118 438 1152 471 0.000462 0
801 416 815 427 0.000460 0
645 474 662 502 0.000458 0
1231 458 1240 468 0.000458 0
704 439 721 459 0.000456 0
1008 423 1016 439 0.000453 0
517 182 562 263 0.000452 0
665 183 671 205 0.000446 0
882 441 898 456 0.000440 0
573 179 581 200 0.000436 0
1089 446 1104 471 0.000428 0
748 427 768 461 0.000428 0
709 319 737 345 0.000425 0
895 326 904 343 0.000424 0
1135 487 1152 510 0.000422 0
782 423 807 449 0.000419 0
959 425 969 458 0.000418 0
601 159 625 184 0.000414 0
766 436 775 448 0.000413 0
1213 473 1224 481 0.000407 0
1129 485 1153 510 0.000404 0
1169 213 1180 247 0.000399 0
966 429 976 447 0.000396 0
852 430 877 451 0.000395 0
1136 443 1152 462 0.000394 0
1015 415 1023 425 0.000392 0
523 183 537 194 0.000390 0
823 549 833 576 0.000387 0
219 183 231 200 0.000387 0
973 176 992 200 0.000384 0
367 207 376 231 0.000384 0
1088 313 1119 345 0.000380 0
527 194 551 261 0.000380 0
1048 179 1075 256 0.000379 0
1015 441 1026 452 0.000378 0
717 321 737 376 0.000377 0
1135 444 1154 471 0.000375 0
934 455 943 463 0.000374 0
714 324 738 361 0.000372 0
802 184 814 205 0.000371 0
323 413 670 697 0.000371 0
881 439 902 456 0.000369 0
1251 199 1264 220 0.000369 0
1248 203 1269 234 0.000367 0
646 429 655 442 0.000365 0
665 180 672 216 0.000365 0
1118 441 1136 471 0.000364 0
856 215 873 243 0.000363 0
210 182 226 231 0.000361 0
383 599 399 676 0.000358 0
783 432 796 450 0.000357 0
385 197 396 206 0.000357 0
815 329 846 363 0.000356 0
823 421 832 435 0.000356 0
774 312 785 340 0.000355 0
958 363 987 409 0.000355 0
1023 418 1032 440 0.000355 0
614 146 632 169 0.000350 0
1223 190 1259 233 0.000347 0
265 196 274 213 0.000346 0
599 152 626 184 0.000346 0
1207 506 1216 516 0.000344 0
811 209 827 239 0.000342 0
1233 198 1256 234 0.000340 0
698 329 703 336 0.000339 0
664 304 689 356 0.000337 0
876 436 916 486 0.000336 0
646 471 663 503 0.000336 0
720 432 727 441 0.000333 0
1135 439 1152 463 0.000329 0
977 182 1005 211 0.000329 0
1014 418 1024 439 0.000324 0
1150 447 1168 472 0.000324 0
799 418 819 439 0.000323 0
653 195 661 216 0.000321 0
763 252 800 341 0.000320 0
332 185 342 199 0.000317 0
664 314 688 360 0.000315 0
266 198 273 216 0.000314 0
1165 233 1177 247 0.000314 0
747 251 779 336 0.000311 0
879 316 886 332 0.000311 0
601 151 650 195 0.000309 0
1041 409 1063 437 0.000308 0
681 172 698 215 0.000307 0
1220 467 1232 487 0.000306 0
610 145 632 171 0.000305 0
1089 441 1104 470 0.000304 0
856 432 903 484 0.000303 0
821 317 849 344 0.000302 0
1039 422 1048 439 0.000300 0
852 210 870 268 0.000299 0
854 220 869 270 0.000298 0
1239 448 1248 456 0.000298 0
961 198 969 208 0.000297 0
1116 446 1136 472 0.000297 0
661 314 688 378 0.000294 0
898 444 913 459 0.000292 0
854 314 863 336 0.000292 0
1012 503 1024 519 0.000292 0
656 311 688 384 0.000291 0
971 196 989 245 0.000291 0
956 373 976 425 0.000290 0
1221 456 1237 494 0.000290 0
1043 184 1065 218 0.000289 0
867 206 890 238 0.000288 0
428 222 439 240 0.000286 0
1062 471 1089 502 0.000285 0
454 176 550 256 0.000283 0
1131 64 1152 73 0.000281 0
769 432 788 455 0.000280 0
1112 519 1119 527 0.000279 0
833 487 848 503 0.000278 0
735 450 744 458 0.000272 0
704 317 726 378 0.000272 0
815 566 825 584 0.000271 0
497 186 529 250 0.000271 0
459 186 481 298 0.000270 0
705 320 729 360 0.000270 0
1075 436 1087 449 0.000269 0
761 264 843 344 0.000268 0
415 251 420 271 0.000266 0
1175 410 1183 423 0.000264 0
899 201 911 241 0.000261 0
664 299 702 355 0.000260 0
1214 454 1224 470 0.000258 0
231 193 252 219 0.000258 0
1134 431 1143 440 0.000257 0
211 200 230 254 0.000255 0
736 438 768 466 0.000255 0
1258 198 1279 233 0.000254 0
960 371 979 424 0.000253 0
1189 459 1199 473 0.000253 0
714 320 738 380 0.000252 0
865 330 883 343 0.000252 0
1023 426 1031 442 0.000250 0
1040 182 1049 205 0.000250 0
1151 438 1168 462 0.000249 0
876 326 886 343 0.000248 0
1091 452 1104 472 0.000248 0
814 408 832 446 0.000247 0
800 409 812 426 0.000247 0
597 150 622 176 0.000244 0
774 312 805 342 0.000244 0
847 422 877 452 0.000242 0
771 307 795 340 0.000242 0
227 193 251 232 0.000241 0
756 259 796 344 0.000240 0
614 412 624 424 0.000240 0
1119 392 1128 410 0.000238 0
1251 198 1279 266 0.000238 0
1226 197 1257 233 0.000237 0
1184 486 1214 505 0.000237 0
800 441 817 462 0.000237 0
804 415 847 453 0.000235 0
1170 208 1181 223 0.000234 0
1222 444 1232 456 0.000234 0
793 408 838 453 0.000233 0
316 197 334 231 0.000233 0
970 197 997 250 0.000232 0
645 157 662 203 0.000232 0
375 186 386 201 0.000231 0
848 183 857 218 0.000230 0
734 184 765 217 0.000230 0
669 316 688 367 0.000230 0
1247 343 1264 360 0.000230 0
1084 457 1094 472 0.000229 0
743 422 785 459 0.000228 0
1071 435 1083 449 0.000227 0
1169 406 1177 423 0.000227 0
869 424 908 461 0.000224 0
887 417 912 460 0.000224 0
0 64 70 222 0.000223 0
863 317 881 343 0.000223 0
764 275 803 341 0.000221 0
1003 478 1025 522 0.000221 0
484 180 522 216 0.000220 0
351 104 380 230 0.000220 0
1076 194 1092 210 0.000220 0
736 422 778 459 0.000219 0
812 285 850 345 0.000219 0
1117 439 1144 468 0.000218 0
764 267 816 341 0.000217 0
1081 204 1116 239 0.000217 0
929 190 951 205 0.000217 0
382 592 405 688 0.000217 0
988 439 1001 451 0.000216 0
899 201 911 235 0.000215 0
1218 353 1265 416 0.000215 0
355 226 368 273 0.000215 0
894 268 918 344 0.000215 0
769 261 854 346 0.000213 0
198 194 229 253 0.000212 0
783 411 845 461 0.000211 0
703 440 723 469 0.000211 0
897 439 912 457 0.000210 0
383 601 408 692 0.000210 0
1138 307 1169 342 0.000210 0
831 477 843 492 0.000210 0
645 151 661 176 0.000207 0
647 453 669 502 0.000207 0
1106 491 1123 509 0.000205 0
887 318 894 328 0.000204 0
672 328 688 381 0.000203 0
1150 448 1166 473 0.000203 0
534 199 552 234 0.000202 0
1023 415 1034 436 0.000202 0
1253 347 1279 501 0.000202 0
342 173 353 199 0.000201 0
811 447 827 460 0.000201 0
796 430 827 459 0.000200 0
225 201 259 250 0.000200 0
1050 438 1090 471 0.000199 0
1116 454 1135 472 0.000195 0
750 269 769 334 0.000193 0
1086 456 1096 471 0.000193 0
894 267 912 343 0.000192 0
796 415 849 477 0.000192 0
1040 416 1057 458 0.000192 0
1032 417 1041 439 0.000192 0
1033 414 1041 432 0.000191 0
823 418 846 450 0.000189 0
576 361 592 405 0.000188 0
198 199 209 222 0.000187 0
1221 451 1233 484 0.000187 0
355 216 369 274 0.000187 0
355 241 368 273 0.000184 0
853 424 942 485 0.000184 0
646 469 672 516 0.000184 0
717 322 756 378 0.000183 0
382 586 401 684 0.000182 0
1122 431 1138 444 0.000182 0
470 189 481 206 0.000181 0
958 424 969 445 0.000181 0
528 696 595 703 0.000181 0
705 306 755 347 0.000179 0
1037 406 1054 431 0.000179 0
945 440 975 468 0.000179 0
1256 300 1279 502 0.000179 0
1111 185 1130 206 0.000178 0
774 310 801 337 0.000177 0
229 205 257 245 0.000176 0
772 430 784 444 0.000175 0
805 313 846 344 0.000174 0
1111 441 1138 472 0.000174 0
1103 393 1125 409 0.000174 0
833 428 929 485 0.000173 0
886 697 901 703 0.000172 0
1111 454 1132 472 0.000172 0
891 697 911 703 0.000171 0
765 256 801 331 0.000170 0
734 436 763 459 0.000169 0
1231 352 1280 433 0.000168 0
1216 409 1225 432 0.000168 0
1205 169 1231 222 0.000168 0
1215 440 1225 456 0.000166 0
1216 354 1266 428 0.000166 0
633 476 657 500 0.000165 0
1008 414 1023 441 0.000163 0
1141 297 1168 344 0.000163 0
881 317 895 342 0.000162 0
637 151 657 180 0.000162 0
778 325 842 392 0.000162 0
847 424 858 440 0.000162 0
1247 482 1279 658 0.000161 0
809 182 1064 264 0.000161 0
895 284 911 343 0.000160 0
622 513 646 539 0.000159 0
896 325 916 343 0.000159 0
1252 279 1279 503 0.000158 0
516 182 590 265 0.000158 0
912 385 928 407 0.000157 0
1019 444 1050 465 0.000156 0
367 207 377 228 0.000156 0
1234 354 1280 417 0.000156 0
1072 335 1085 358 0.000156 0
896 416 912 441 0.000156 0
1067 458 1089 488 0.000155 0
1075 401 1089 422 0.000155 0
1037 276 1058 335 0.000155 0
724 416 737 445 0.000155 0
527 696 636 703 0.000155 0
894 418 911 445 0.000155 0
382 600 400 688 0.000154 0
576 351 592 404 0.000153 0
827 418 847 449 0.000153 0
318 201 335 230 0.000153 0
894 268 911 312 0.000152 0
652 200 661 217 0.000152 0
993 188 1012 220 0.000151 0
1074 334 1096 381 0.000151 0
764 312 784 340 0.000150 0
652 174 664 216 0.000150 0
809 696 830 703 0.000150 0
949 439 971 457 0.000150 0
1103 601 1112 615 0.000149 0
1094 496 1104 510 0.000149 0
866 205 896 242 0.000149 0
1000 182 1008 198 0.000148 0
858 411 888 457 0.000148 0
385 185 400 206 0.000148 0
740 182 782 213 0.000148 0
1266 174 1279 240 0.000147 0
764 313 788 343 0.000147 0
212 180 229 233 0.000146 0
768 173 778 191 0.000145 0
775 329 785 343 0.000145 0
0 64 185 223 0.000145 0
1086 408 1106 473 0.000145 0
747 428 829 474 0.000145 0
578 372 592 405 0.000145 0
1068 442 1089 470 0.000144 0
595 141 633 176 0.000143 0
1121 440 1156 473 0.000143 0
1032 536 1039 551 0.000142 0
943 363 962 408 0.000141 0
782 413 820 449 0.000140 0
1109 492 1121 527 0.000139 0
239 194 256 214 0.000139 0
753 308 769 334 0.000139 0
812 684 833 703 0.000139 0
723 425 737 452 0.000138 0
831 554 839 577 0.000138 0
175 186 184 206 0.000136 0
1015 320 1027 346 0.000136 0
1120 313 1165 344 0.000136 0
633 454 666 502 0.000135 0
823 548 833 581 0.000135 0
1167 456 1184 476 0.000135 0
949 425 962 455 0.000134 0
1070 423 1083 436 0.000134 0
847 312 864 340 0.000134 0
871 428 946 477 0.000133 0
651 173 663 203 0.000133 0
648 154 667 193 0.000133 0
657 441 678 477 0.000133 0
1263 373 1279 435 0.000132 0
895 326 921 346 0.000131 0
1247 351 1269 438 0.000131 0
267 196 279 215 0.000130 0
457 202 466 216 0.000130 0
635 424 655 441 0.000130 0
657 158 806 248 0.000129 0
1169 390 1191 423 0.000129 0
738 421 790 455 0.000129 0
719 435 735 456 0.000128 0
759 191 791 216 0.000128 0
1234 502 1248 518 0.000128 0
1100 383 1128 411 0.000128 0
1055 421 1064 435 0.000127 0
930 201 969 254 0.000127 0
957 697 972 703 0.000126 0
1184 509 1197 517 0.000126 0
999 468 1062 526 0.000126 0
997 385 1024 424 0.000125 0
929 191 954 209 0.000125 0
695 473 704 489 0.000125 0
910 323 928 346 0.000124 0
630 551 646 577 0.000124 0
1086 399 1107 471 0.000124 0
1077 170 1100 204 0.000122 0
895 414 911 432 0.000122 0
844 411 892 458 0.000122 0
1186 602 1216 689 0.000121 0
382 582 427 686 0.000121 0
633 473 669 516 0.000121 0
601 405 621 423 0.000121 0
798 210 822 266 0.000121 0
704 408 721 460 0.000120 0
657 324 678 377 0.000120 0
821 545 839 579 0.000120 0
896 269 931 344 0.000120 0
701 327 714 341 0.000119 0
1071 337 1089 392 0.000119 0
1088 439 1104 450 0.000119 0
691 178 713 222 0.000118 0
664 287 704 361 0.000118 0
768 172 783 195 0.000118 0
961 423 976 442 0.000117 0
784 311 802 333 0.000116 0
1119 64 1138 77 0.000115 0
1220 406 1231 425 0.000115 0
1026 425 1040 454 0.000115 0
895 697 913 703 0.000115 0
650 152 671 174 0.000115 0
1134 442 1164 472 0.000114 0
786 415 891 474 0.000114 0
0 64 29 214 0.000114 0
1113 325 1145 368 0.000114 0
702 327 719 345 0.000113 0
1269 408 1279 425 0.000113 0
452 204 465 222 0.000113 0
824 420 851 453 0.000112 0
896 414 912 428 0.000112 0
1031 538 1040 553 0.000111 0
1051 422 1089 469 0.000111 0
1040 277 1058 330 0.000111 0
1247 409 1257 429 0.000111 0
194 189 206 218 0.000110 0
678 297 704 347 0.000110 0
808 696 826 703 0.000110 0
1236 301 1279 486 0.000109 0
949 422 962 451 0.000109 0
865 302 890 343 0.000108 0
906 178 956 216 0.000108 0
1250 483 1279 508 0.000108 0
1010 423 1027 441 0.000108 0
894 326 922 368 0.000108 0
665 206 679 230 0.000108 0
931 425 959 457 0.000107 0
927 380 938 406 0.000107 0
704 323 721 377 0.000107 0
1080 328 1119 361 0.000107 0
1203 455 1220 471 0.000106 0
377 184 398 205 0.000106 0
1183 591 1192 608 0.000106 0
887 185 1005 253 0.000105 0
879 413 887 429 0.000105 0
670 298 704 347 0.000104 0
911 382 928 408 0.000104 0
1146 428 1168 456 0.000104 0
883 207 901 245 0.000104 0
907 335 921 345 0.000103 0
1210 316 1279 495 0.000103 0
1167 455 1184 472 0.000102 0
682 693 702 703 0.000102 0
738 178 949 268 0.000102 0
1142 387 1181 408 0.000102 0
983 429 993 443 0.000102 0
777 192 891 285 0.000101 0
383 615 409 694 0.000101 0
805 290 849 343 0.000101 0
1142 389 1154 406 0.000101 0
1078 305 1155 345 0.000101 0
402 163 745 236 0.000101 0
1267 408 1279 440 0.000101 0
1031 537 1041 568 0.000100 0
604 409 621 423 0.000100 0
1126 504 1136 518 0.000100 0
1203 441 1223 466 0.000100 0
943 423 953 434 0.000100 0
745 238 784 299 0.626791 1
1027 213 1072 262 0.548461 1
716 217 754 258 0.455690 1
967 225 1028 270 0.379368 1
967 229 1003 271 0.274051 1
715 212 760 258 0.252739 1
745 245 779 298 0.171037 1
966 227 1010 270 0.156799 1
1028 222 1071 262 0.147243 1
715 212 749 258 0.131534 1
760 239 785 296 0.122633 1
715 223 750 258 0.115312 1
752 239 785 297 0.106001 1
715 223 743 258 0.100628 1
968 214 1028 270 0.074634 1
1027 209 1063 262 0.069852 1
691 206 727 235 0.058039 1
762 238 786 282 0.046859 1
1038 216 1072 261 0.043095 1
744 251 766 299 0.043079 1
1052 224 1072 261 0.032382 1
1027 220 1052 262 0.032371 1
967 232 989 270 0.031024 1
1027 231 1050 262 0.030529 1
1027 214 1055 262 0.027983 1
748 231 786 290 0.025691 1
766 239 786 282 0.022666 1
949 274 960 304 0.022217 1
966 234 985 270 0.021799 1
713 220 740 258 0.020726 1
714 230 740 258 0.019604 1
1050 218 1073 261 0.018967 1
772 239 790 280 0.018942 1
770 240 791 281 0.018211 1
925 204 947 253 0.017447 1
1055 228 1073 262 0.016340 1
688 208 729 239 0.015687 1
1052 216 1093 260 0.015591 1
721 211 747 249 0.015172 1
732 210 749 239 0.013657 1
925 272 946 309 0.013212 1
705 210 727 233 0.013009 1
1056 214 1092 250 0.012840 1
765 239 793 284 0.012142 1
974 226 1007 268 0.010831 1
1066 214 1089 246 0.010779 1
1028 239 1049 262 0.010522 1
699 212 733 243 0.010238 1
1025 214 1094 263 0.009312 1
709 211 727 232 0.008451 1
691 209 704 238 0.008178 1
1184 222 1203 254 0.007491 1
729 212 751 256 0.007284 1
1030 207 1067 261 0.007021 1
1025 225 1048 262 0.006934 1
713 213 728 236 0.006824 1
926 272 961 304 0.006473 1
926 236 940 253 0.006359 1
1069 212 1088 234 0.005692 1
1070 220 1092 246 0.005582 1
691 207 706 237 0.005577 1
1179 218 1203 261 0.005285 1
1070 217 1095 247 0.005190 1
548 201 566 216 0.005121 1
718 205 749 239 0.005060 1
1176 208 1205 252 0.004807 1
734 211 762 255 0.004720 1
550 201 574 216 0.004604 1
787 244 804 280 0.004578 1
1180 222 1203 265 0.004546 1
865 246 892 284 0.004380 1
1186 213 1205 250 0.004143 1
1070 229 1093 250 0.003995 1
1183 223 1211 264 0.003904 1
999 213 1024 234 0.003886 1
1024 220 1042 254 0.003883 1
1070 215 1091 237 0.003841 1
1180 168 1224 218 0.003829 1
1184 205 1213 253 0.003801 1
1070 213 1089 232 0.003740 1
1025 233 1049 262 0.003689 1
744 257 762 302 0.003497 1
691 209 739 256 0.003225 1
759 238 800 305 0.003139 1
689 209 753 258 0.003069 1
1059 226 1093 259 0.003041 1
1182 240 1202 265 0.003006 1
917 218 932 252 0.002864 1
565 202 577 216 0.002864 1
689 223 703 238 0.002777 1
921 220 930 248 0.002756 1
998 229 1028 268 0.002745 1
921 216 932 247 0.002720 1
859 239 893 284 0.002710 1
973 225 1009 257 0.002691 1
926 271 944 297 0.002662 1
1025 213 1051 246 0.002616 1
1181 162 1206 219 0.002603 1
1187 199 1217 249 0.002596 1
1181 208 1209 265 0.002576 1
1069 221 1106 261 0.002576 1
750 246 784 304 0.002541 1
1047 212 1091 259 0.002430 1
1181 225 1225 267 0.002308 1
1181 164 1207 243 0.002209 1
924 272 945 314 0.002195 1
1181 176 1206 216 0.002172 1
548 196 576 216 0.002103 1
932 242 947 254 0.002099 1
1183 199 1227 267 0.002064 1
546 199 567 216 0.001994 1
864 244 912 288 0.001984 1
742 233 773 295 0.001963 1
926 278 945 312 0.001963 1
689 207 705 235 0.001937 1
865 241 893 280 0.001930 1
787 252 804 280 0.001909 1
996 207 1023 233 0.001903 1
1182 245 1212 265 0.001900 1
968 231 981 252 0.001894 1
973 214 1023 259 0.001832 1
916 225 936 253 0.001601 1
1180 164 1210 262 0.001599 1
854 229 891 282 0.001557 1
787 238 815 277 0.001496 1
1181 216 1228 267 0.001495 1
18 230 73 257 0.001486 1
743 237 806 302 0.001433 1
681 199 691 216 0.001368 1
20 225 71 257 0.001363 1
928 227 958 255 0.001311 1
868 258 911 289 0.001286 1
863 256 893 285 0.001278 1
561 197 578 216 0.001267 1
894 266 918 296 0.001253 1
681 197 692 215 0.001252 1
777 218 791 260 0.001230 1
911 214 930 249 0.001212 1
901 228 1036 305 0.001193 1
932 244 957 255 0.001192 1
891 262 927 295 0.001183 1
867 243 890 279 0.001129 1
864 254 896 300 0.001092 1
864 255 896 290 0.001091 1
689 207 739 269 0.001085 1
746 197 786 265 0.001077 1
869 253 926 298 0.001052 1
918 203 963 255 0.001047 1
996 224 1028 264 0.001044 1
716 210 788 299 0.001030 1
542 200 552 217 0.001014 1
747 237 785 331 0.001007 1
736 230 761 299 0.000989 1
923 206 959 255 0.000973 1
1053 223 1093 263 0.000973 1
925 272 961 314 0.000948 1
911 272 944 313 0.000933 1
789 258 816 279 0.000925 1
20 230 62 257 0.000852 1
1181 162 1212 221 0.000844 1
1176 231 1204 265 0.000837 1
736 206 790 299 0.000834 1
1071 213 1123 248 0.000832 1
1181 239 1225 267 0.000815 1
743 200 1069 314 0.000796 1
684 202 703 233 0.000793 1
1080 219 1121 248 0.000793 1
20 218 64 257 0.000785 1
711 251 1277 368 0.000778 1
670 207 678 227 0.000777 1
1069 207 1078 219 0.000776 1
699 218 741 257 0.000771 1
863 240 932 301 0.000754 1
538 197 552 216 0.000750 1
1174 216 1189 247 0.000747 1
1183 163 1202 188 0.000741 1
1176 235 1186 248 0.000735 1
895 267 911 295 0.000733 1
1080 217 1096 233 0.000718 1
904 266 927 297 0.000699 1
940 200 1033 272 0.000688 1
791 261 812 281 0.000685 1
975 214 1006 254 0.000670 1
45 236 74 255 0.000654 1
880 259 934 302 0.000649 1
909 269 928 297 0.000625 1
1164 233 1177 248 0.000615 1
680 214 695 234 0.000613 1
679 209 696 233 0.000611 1
949 274 967 303 0.000601 1
17 233 79 257 0.000599 1
894 266 909 287 0.000595 1
876 265 912 292 0.000593 1
863 239 925 293 0.000585 1
15 231 43 258 0.000582 1
670 207 679 230 0.000581 1
16 217 46 256 0.000549 1
21 229 42 253 0.000548 1
911 272 931 296 0.000547 1
948 246 957 254 0.000546 1
29 229 92 256 0.000546 1
863 232 916 284 0.000523 1
211 203 243 264 0.000523 1
715 227 764 263 0.000515 1
872 201 1027 307 0.000512 1
724 228 762 300 0.000510 1
964 211 1073 275 0.000507 1
1020 223 1073 275 0.000498 1
894 267 911 305 0.000492 1
19 230 41 256 0.000490 1
957 205 1186 269 0.000490 1
876 205 1277 347 0.000487 1
1073 213 1098 234 0.000484 1
1069 207 1092 232 0.000476 1
737 247 762 299 0.000475 1
910 271 927 296 0.000472 1
42 235 102 256 0.000470 1
901 269 943 310 0.000470 1
662 189 693 220 0.000450 1
940 234 966 255 0.000437 1
40 236 73 256 0.000423 1
1059 224 1095 267 0.000418 1
949 239 977 260 0.000415 1
888 205 1003 291 0.000399 1
210 233 242 263 0.000395 1
859 246 904 300 0.000389 1
1058 226 1073 273 0.000384 1
761 240 803 321 0.000382 1
40 235 108 259 0.000373 1
918 270 1033 309 0.000371 1
1184 163 1221 202 0.000357 1
931 273 960 314 0.000354 1
859 211 1016 306 0.000350 1
899 257 925 296 0.000345 1
943 227 1146 301 0.000330 1
954 270 1082 297 0.000328 1
910 275 925 296 0.000325 1
690 196 731 234 0.000321 1
910 270 943 324 0.000320 1
951 230 980 266 0.000316 1
948 273 990 306 0.000299 1
854 258 894 303 0.000296 1
1233 197 1257 234 0.000296 1
1044 278 1059 295 0.000287 1
955 232 986 270 0.000281 1
873 266 915 308 0.000279 1
516 232 530 249 0.000277 1
19 222 83 255 0.000271 1
739 236 786 339 0.000271 1
17 223 92 257 0.000269 1
670 214 784 308 0.000266 1
38 227 99 257 0.000266 1
943 250 1080 297 0.000266 1
21 222 68 253 0.000265 1
906 205 953 255 0.000261 1
667 205 706 234 0.000258 1
0 230 42 258 0.000253 1
1219 199 1256 234 0.000253 1
712 167 1225 341 0.000250 1
657 208 731 236 0.000249 1
679 214 705 238 0.000248 1
690 197 719 231 0.000247 1
788 219 813 268 0.000245 1
901 245 928 297 0.000233 1
783 255 807 292 0.000230 1
1044 212 1110 268 0.000222 1
902 271 936 312 0.000215 1
1086 228 1104 271 0.000215 1
202 222 242 258 0.000215 1
213 241 241 264 0.000212 1
894 239 965 299 0.000212 1
894 233 982 286 0.000204 1
1022 212 1109 269 0.000202 1
1202 197 1273 268 0.000198 1
736 234 1268 358 0.000197 1
868 249 930 341 0.000194 1
926 238 989 267 0.000191 1
1228 197 1257 233 0.000188 1
884 226 938 257 0.000185 1
1211 194 1279 269 0.000184 1
856 228 872 276 0.000183 1
927 208 1011 267 0.000179 1
631 198 822 310 0.000179 1
516 195 532 245 0.000177 1
543 203 569 223 0.000174 1
972 203 1002 249 0.000169 1
887 262 940 344 0.000166 1
665 206 677 218 0.000165 1
936 203 965 254 0.000165 1
923 240 984 304 0.000165 1
953 212 977 256 0.000163 1
922 241 977 265 0.000162 1
922 238 971 305 0.000161 1
852 244 882 282 0.000158 1
864 267 903 300 0.000156 1
848 253 889 294 0.000154 1
321 64 370 170 0.000149 1
786 257 820 281 0.000147 1
893 216 935 300 0.000146 1
916 275 1047 310 0.000145 1
909 275 947 342 0.000143 1
1028 303 1057 333 0.000141 1
894 268 913 311 0.000131 1
963 223 1032 297 0.000129 1
738 259 760 299 0.000128 1
921 239 969 265 0.000128 1
1012 220 1079 297 0.000127 1
1222 197 1279 268 0.000126 1
895 266 934 343 0.000125 1
864 207 906 279 0.000124 1
1026 304 1054 331 0.000123 1
1023 276 1060 295 0.000123 1
1061 212 1108 276 0.000122 1
860 177 976 304 0.000120 1
1072 298 1183 393 0.000119 1
898 205 911 243 0.000117 1
715 231 743 261 0.000115 1
221 242 241 264 0.000115 1
0 234 62 285 0.000113 1
662 249 780 349 0.000111 1
1204 254 1221 272 0.000111 1
787 229 819 271 0.000107 1
0 236 68 278 0.000107 1
26 215 42 249 0.000104 1
21 215 62 253 0.000103 1
686 229 879 353 0.000103 1
1043 278 1072 295 0.000101 1
661 209 770 282 0.000100 1
320 306 685 655 0.750931 2
0 281 638 668 0.298241 2
822 329 848 344 0.051029 2
1006 198 1036 228 0.048857 2
174 398 224 424 0.030379 2
1104 487 1115 496 0.028167 2
305 186 322 198 0.026276 2
831 478 840 486 0.024924 2
1009 200 1030 225 0.024847 2
1008 197 1039 222 0.018407 2
164 397 224 424 0.013884 2
0 279 638 444 0.012534 2
1006 202 1025 234 0.012237 2
849 471 866 479 0.011217 2
1005 197 1047 231 0.011071 2
1104 488 1126 498 0.010759 2
632 376 658 396 0.010425 2
1006 195 1056 232 0.010216 2
838 469 849 478 0.006810 2
341 568 447 695 0.006342 2
958 481 973 487 0.006046 2
1104 488 1136 498 0.005879 2
1006 192 1061 224 0.005857 2
480 487 594 563 0.005656 2
960 480 975 487 0.005596 2
832 470 840 481 0.005460 2
1007 192 1056 218 0.005413 2
893 478 915 488 0.005411 2
892 480 912 487 0.005382 2
1007 194 1043 217 0.005247 2
929 446 944 456 0.004436 2
916 473 928 483 0.003829 2
631 380 658 396 0.003647 2
160 400 204 424 0.003470 2
924 455 936 462 0.003354 2
847 439 870 454 0.003315 2
591 196 652 215 0.003202 2
595 199 650 216 0.003165 2
1022 205 1049 232 0.003096 2
847 439 874 455 0.003068 2
0 280 10 291 0.003020 2
1006 192 1042 227 0.002970 2
912 455 925 463 0.002878 2
692 198 732 230 0.002866 2
1103 488 1126 504 0.002805 2
1263 347 1279 368 0.002590 2
835 494 848 504 0.002566 2
0 280 15 296 0.002525 2
160 398 195 424 0.002447 2
951 481 965 487 0.002412 2
485 199 514 217 0.002232 2
634 375 662 395 0.002225 2
816 328 847 345 0.002123 2
606 201 646 216 0.002081 2
1101 225 1120 248 0.002014 2
550 172 579 203 0.002010 2
1113 220 1134 237 0.002002 2
820 328 848 361 0.002000 2
911 448 925 456 0.001994 2
187 397 224 424 0.001937 2
159 401 190 424 0.001860 2
902 456 914 463 0.001815 2
942 455 956 463 0.001788 2
917 473 938 483 0.001782 2
633 374 676 396 0.001758 2
492 199 506 212 0.001720 2
160 396 189 423 0.001674 2
481 190 514 216 0.001627 2
1185 328 1200 339 0.001611 2
949 456 960 465 0.001596 2
1099 221 1120 248 0.001567 2
640 689 672 703 0.001557 2
1113 220 1133 244 0.001555 2
319 213 331 231 0.001541 2
1263 342 1279 365 0.001522 2
1114 220 1136 239 0.001503 2
587 183 621 202 0.001491 2
811 216 850 241 0.001434 2
1010 195 1064 243 0.001418 2
1024 209 1040 232 0.001416 2
1113 218 1136 233 0.001377 2
832 493 848 505 0.001355 2
587 185 657 217 0.001339 2
531 501 563 525 0.001313 2
1199 472 1216 485 0.001297 2
480 487 626 648 0.001276 2
293 180 314 198 0.001265 2
401 405 432 427 0.001246 2
1107 173 1120 202 0.001244 2
825 504 833 511 0.001244 2
0 280 16 298 0.001236 2
1260 463 1279 500 0.001165 2
660 440 704 466 0.001161 2
1113 218 1186 246 0.001139 2
305 186 335 199 0.001139 2
319 203 331 231 0.001123 2
633 374 687 397 0.001119 2
749 449 799 473 0.001118 2
1183 328 1200 340 0.001111 2
912 455 928 465 0.001111 2
480 493 564 531 0.001108 2
542 565 627 650 0.001105 2
1094 494 1104 504 0.001058 2
527 500 572 529 0.001055 2
895 472 914 485 0.001051 2
531 502 560 520 0.001039 2
1260 168 1279 181 0.001018 2
599 319 608 328 0.001001 2
542 568 598 646 0.000991 2
1030 321 1056 335 0.000981 2
294 178 307 197 0.000971 2
1095 219 1122 248 0.000962 2
912 474 928 487 0.000957 2
530 501 565 528 0.000953 2
504 327 513 335 0.000939 2
668 454 685 464 0.000939 2
1095 208 1130 248 0.000911 2
479 488 601 637 0.000900 2
1069 326 1088 340 0.000898 2
1104 169 1120 203 0.000897 2
521 500 592 532 0.000891 2
511 500 554 524 0.000874 2
480 488 596 601 0.000856 2
1023 319 1057 341 0.000851 2
1074 327 1088 337 0.000846 2
499 238 528 251 0.000822 2
610 184 654 208 0.000812 2
655 439 703 463 0.000802 2
499 205 514 217 0.000802 2
582 184 621 211 0.000791 2
669 449 699 465 0.000789 2
495 239 526 251 0.000785 2
488 498 569 535 0.000785 2
669 384 686 394 0.000785 2
515 501 564 523 0.000784 2
816 335 847 363 0.000782 2
320 305 678 503 0.000778 2
1111 215 1134 235 0.000772 2
511 501 561 529 0.000752 2
1093 488 1107 501 0.000751 2
362 570 447 694 0.000749 2
513 499 589 530 0.000742 2
517 183 548 201 0.000737 2
750 454 797 473 0.000732 2
587 179 635 209 0.000726 2
675 450 704 467 0.000719 2
1190 253 1224 267 0.000715 2
1037 321 1056 335 0.000701 2
589 194 652 218 0.000697 2
1026 320 1086 341 0.000669 2
1023 319 1049 334 0.000656 2
1024 319 1056 335 0.000647 2
479 490 563 537 0.000644 2
514 501 578 531 0.000637 2
815 472 825 477 0.000628 2
584 182 622 204 0.000617 2
1062 212 1121 248 0.000615 2
1058 203 1142 249 0.000615 2
922 199 955 211 0.000614 2
1085 490 1098 504 0.000609 2
997 199 1025 229 0.000607 2
624 323 687 374 0.000587 2
485 489 589 531 0.000584 2
1023 319 1050 341 0.000581 2
1111 327 1147 344 0.000580 2
1073 324 1126 345 0.000579 2
456 204 465 216 0.000573 2
630 201 653 217 0.000572 2
1160 235 1173 247 0.000563 2
997 455 1008 465 0.000562 2
1016 336 1024 344 0.000561 2
273 184 294 194 0.000560 2
1262 250 1279 270 0.000559 2
357 219 368 230 0.000555 2
623 322 675 366 0.000543 2
1025 316 1089 343 0.000541 2
988 481 1002 487 0.000521 2
1258 348 1279 376 0.000511 2
1048 455 1071 467 0.000509 2
1200 253 1225 267 0.000507 2
837 438 886 479 0.000502 2
319 389 494 486 0.000498 2
703 440 722 465 0.000491 2
1168 381 1180 392 0.000490 2
292 175 320 199 0.000487 2
623 324 661 366 0.000485 2
819 330 847 373 0.000485 2
883 477 919 489 0.000481 2
497 500 573 533 0.000479 2
0 280 16 301 0.000474 2
0 255 64 285 0.000471 2
687 452 704 467 0.000461 2
838 439 869 452 0.000458 2
1263 358 1279 376 0.000458 2
703 439 721 459 0.000457 2
617 386 700 441 0.000456 2
498 197 515 214 0.000449 2
708 322 738 347 0.000447 2
1050 311 1134 346 0.000440 2
1118 499 1134 509 0.000429 2
610 183 651 204 0.000426 2
1027 314 1072 335 0.000422 2
1022 320 1062 345 0.000420 2
1224 163 1279 182 0.000419 2
478 386 685 650 0.000418 2
837 439 875 455 0.000418 2
822 463 832 474 0.000417 2
709 300 768 334 0.000410 2
480 489 562 550 0.000408 2
160 392 198 424 0.000406 2
600 361 623 376 0.000406 2
1120 64 1153 76 0.000401 2
639 374 679 395 0.000395 2
547 499 594 533 0.000393 2
480 171 516 216 0.000391 2
1045 206 1126 249 0.000390 2
318 201 334 231 0.000388 2
547 500 592 527 0.000383 2
160 391 192 423 0.000375 2
164 321 224 426 0.000373 2
1099 208 1126 220 0.000371 2
940 274 1152 335 0.000366 2
508 170 568 203 0.000365 2
799 491 814 504 0.000364 2
671 442 704 467 0.000364 2
1214 243 1280 269 0.000364 2
895 198 952 245 0.000364 2
1097 179 1122 209 0.000362 2
597 362 623 376 0.000361 2
820 469 831 477 0.000358 2
1259 247 1279 268 0.000356 2
595 164 627 187 0.000355 2
819 327 848 388 0.000354 2
892 439 945 456 0.000353 2
833 504 840 511 0.000351 2
703 455 756 471 0.000350 2
895 199 914 236 0.000349 2
1245 249 1279 269 0.000348 2
1236 249 1279 269 0.000347 2
1050 455 1074 469 0.000345 2
1 281 452 432 0.000344 2
449 150 521 171 0.000341 2
737 437 765 458 0.000338 2
629 345 691 398 0.000338 2
1246 198 1277 234 0.000338 2
1167 272 1205 282 0.000337 2
13 283 620 401 0.000335 2
863 335 879 343 0.000335 2
812 218 825 239 0.000333 2
670 385 686 398 0.000331 2
975 455 984 463 0.000331 2
385 578 446 679 0.000331 2
1024 321 1087 347 0.000331 2
1095 207 1125 222 0.000331 2
323 199 380 232 0.000329 2
356 216 368 230 0.000319 2
1078 331 1107 347 0.000318 2
319 391 537 477 0.000317 2
1 281 519 353 0.000315 2
792 180 859 241 0.000313 2
557 177 582 203 0.000312 2
632 373 686 402 0.000312 2
587 169 604 185 0.000310 2
304 186 324 201 0.000310 2
624 313 686 365 0.000308 2
820 452 884 478 0.000307 2
1024 309 1075 332 0.000304 2
1167 263 1191 269 0.000304 2
950 277 1047 312 0.000303 2
975 481 986 487 0.000300 2
272 178 313 199 0.000296 2
1263 255 1279 270 0.000295 2
1258 198 1279 234 0.000294 2
822 327 856 344 0.000293 2
629 372 704 443 0.000293 2
1071 333 1088 345 0.000292 2
915 198 955 220 0.000291 2
1095 208 1136 232 0.000285 2
716 317 745 341 0.000284 2
292 175 308 198 0.000282 2
318 200 371 233 0.000279 2
327 384 586 488 0.000276 2
808 325 851 346 0.000276 2
611 474 670 536 0.000275 2
714 196 747 230 0.000273 2
386 198 398 206 0.000272 2
1041 312 1092 337 0.000272 2
252 197 272 212 0.000272 2
614 395 704 443 0.000272 2
735 426 771 459 0.000271 2
703 442 721 469 0.000271 2
714 283 769 335 0.000269 2
635 375 690 405 0.000269 2
705 303 763 349 0.000268 2
913 179 951 203 0.000268 2
1255 631 1263 642 0.000267 2
468 175 504 218 0.000267 2
342 568 383 604 0.000266 2
1232 345 1258 354 0.000265 2
1048 313 1111 338 0.000265 2
591 371 702 443 0.000264 2
1236 440 1279 501 0.000256 2
342 567 383 585 0.000253 2
378 572 447 694 0.000253 2
958 456 969 469 0.000247 2
382 579 438 692 0.000247 2
1261 241 1279 269 0.000247 2
970 277 1044 296 0.000246 2
908 439 943 456 0.000243 2
799 453 883 477 0.000242 2
1263 324 1279 370 0.000241 2
1173 328 1200 357 0.000238 2
555 499 594 530 0.000236 2
399 402 433 434 0.000236 2
633 424 703 459 0.000233 2
631 422 704 466 0.000233 2
39 282 90 296 0.000229 2
341 567 403 611 0.000229 2
616 480 658 538 0.000228 2
1007 303 1023 311 0.000227 2
324 190 339 199 0.000227 2
639 682 705 703 0.000226 2
1126 64 1152 74 0.000226 2
496 194 531 252 0.000226 2
630 365 658 396 0.000225 2
627 416 701 441 0.000223 2
110 236 190 264 0.000221 2
588 166 604 185 0.000221 2
24 431 635 688 0.000221 2
160 391 185 423 0.000218 2
795 202 850 240 0.000216 2
627 410 696 442 0.000216 2
870 177 942 199 0.000211 2
1166 330 1200 358 0.000211 2
618 501 641 535 0.000211 2
339 199 387 232 0.000210 2
1004 183 1047 217 0.000209 2
486 151 519 170 0.000209 2
834 494 848 507 0.000207 2
909 201 938 247 0.000206 2
866 176 940 203 0.000205 2
1167 273 1226 286 0.000204 2
1256 327 1279 391 0.000204 2
481 490 616 574 0.000204 2
5 282 93 298 0.000203 2
927 442 962 457 0.000203 2
631 359 661 396 0.000198 2
482 400 681 598 0.000198 2
24 283 91 296 0.000197 2
1 281 446 364 0.000196 2
496 500 592 559 0.000195 2
1119 598 1128 606 0.000194 2
871 497 880 503 0.000194 2
636 368 688 396 0.000194 2
623 322 658 376 0.000193 2
632 379 696 423 0.000193 2
1166 272 1209 283 0.000193 2
624 421 695 466 0.000191 2
1030 325 1089 346 0.000191 2
547 567 595 630 0.000191 2
673 383 688 398 0.000190 2
635 422 697 449 0.000189 2
629 383 697 428 0.000189 2
505 170 557 192 0.000189 2
1199 222 1279 267 0.000188 2
667 451 698 473 0.000187 2
319 199 387 234 0.000187 2
623 401 698 441 0.000184 2
320 405 674 696 0.000183 2
865 181 903 240 0.000183 2
1 280 373 446 0.000183 2
633 410 688 445 0.000181 2
639 688 707 703 0.000180 2
674 450 705 472 0.000180 2
481 431 681 629 0.000178 2
1181 349 1266 399 0.000176 2
446 193 467 220 0.000176 2
385 592 447 692 0.000176 2
343 567 401 652 0.000175 2
1052 298 1149 340 0.000175 2
125 237 198 264 0.000174 2
1168 273 1278 298 0.000174 2
271 183 316 200 0.000173 2
336 209 371 236 0.000171 2
1170 274 1229 286 0.000170 2
449 306 534 347 0.000169 2
808 459 832 475 0.000169 2
341 567 402 621 0.000169 2
61 283 90 296 0.000168 2
901 200 984 254 0.000166 2
618 496 650 539 0.000166 2
1239 342 1279 398 0.000165 2
1022 323 1040 345 0.000165 2
837 496 848 511 0.000164 2
1046 313 1086 336 0.000163 2
533 160 581 197 0.000163 2
875 205 903 244 0.000163 2
0 273 13 294 0.000162 2
513 167 576 202 0.000160 2
791 327 847 390 0.000160 2
1004 324 1042 362 0.000159 2
1168 273 1215 286 0.000158 2
1165 254 1252 286 0.000158 2
1172 369 1270 426 0.000157 2
801 494 815 504 0.000156 2
973 448 991 460 0.000156 2
1262 167 1279 231 0.000156 2
593 360 623 376 0.000156 2
1175 257 1280 292 0.000155 2
688 456 704 470 0.000154 2
803 472 817 477 0.000152 2
1143 338 1200 360 0.000152 2
930 183 949 202 0.000152 2
560 500 593 532 0.000152 2
660 442 674 463 0.000151 2
1018 319 1072 376 0.000151 2
1198 268 1280 296 0.000151 2
1203 254 1280 293 0.000150 2
397 575 445 679 0.000149 2
495 493 584 525 0.000148 2
1225 179 1279 233 0.000148 2
1199 251 1227 274 0.000148 2
1244 439 1279 495 0.000148 2
597 359 624 376 0.000148 2
340 567 401 601 0.000147 2
1198 250 1244 268 0.000147 2
1167 271 1219 285 0.000147 2
870 177 954 218 0.000146 2
304 186 332 224 0.000145 2
1260 440 1279 499 0.000144 2
495 218 527 251 0.000144 2
344 567 404 632 0.000143 2
480 457 681 646 0.000143 2
625 337 658 375 0.000143 2
527 696 627 703 0.000142 2
390 586 447 685 0.000142 2
1076 333 1120 375 0.000142 2
613 481 653 533 0.000141 2
503 322 527 340 0.000141 2
1103 480 1117 496 0.000141 2
1231 249 1279 272 0.000141 2
559 566 625 647 0.000140 2
0 279 330 335 0.000140 2
0 281 341 355 0.000140 2
1262 318 1279 367 0.000139 2
1169 261 1279 298 0.000138 2
624 316 692 412 0.000136 2
654 450 695 480 0.000136 2
955 338 995 386 0.000136 2
649 420 680 441 0.000136 2
922 202 968 252 0.000136 2
635 374 703 435 0.000136 2
975 278 1012 293 0.000136 2
612 364 703 449 0.000135 2
103 282 440 435 0.000135 2
629 361 656 394 0.000135 2
298 200 332 232 0.000134 2
424 333 685 652 0.000134 2
495 239 526 254 0.000133 2
1216 252 1279 283 0.000133 2
132 236 237 264 0.000133 2
1144 330 1201 360 0.000132 2
913 180 956 213 0.000131 2
922 198 962 213 0.000129 2
1196 357 1264 394 0.000129 2
1169 273 1280 288 0.000128 2
1257 279 1279 295 0.000128 2
396 404 432 430 0.000127 2
497 240 520 253 0.000127 2
775 470 795 477 0.000127 2
1028 303 1060 334 0.000127 2
1103 494 1120 510 0.000127 2
868 176 940 195 0.000125 2
979 528 990 536 0.000125 2
1006 299 1024 311 0.000124 2
1046 310 1091 335 0.000124 2
587 373 659 421 0.000123 2
972 276 1069 319 0.000123 2
1263 354 1279 400 0.000123 2
822 321 861 344 0.000123 2
367 595 403 684 0.000122 2
1050 308 1118 336 0.000121 2
1192 363 1261 393 0.000120 2
1178 363 1266 410 0.000120 2
794 442 886 471 0.000120 2
971 279 1040 311 0.000120 2
12 277 95 296 0.000118 2
603 358 624 375 0.000118 2
958 439 992 459 0.000118 2
1033 277 1058 295 0.000117 2
1173 272 1272 289 0.000117 2
1071 413 1090 425 0.000117 2
892 283 1024 395 0.000117 2
1168 327 1188 339 0.000116 2
1099 279 1170 344 0.000116 2
634 423 654 440 0.000116 2
960 206 1124 305 0.000115 2
607 475 663 530 0.000114 2
1200 247 1275 269 0.000114 2
759 277 966 342 0.000114 2
594 365 704 467 0.000114 2
97 215 624 405 0.000113 2
637 360 704 444 0.000113 2
959 511 969 518 0.000112 2
1194 362 1265 418 0.000111 2
1184 370 1265 416 0.000111 2
335 579 371 674 0.000111 2
1021 320 1079 390 0.000111 2
516 499 595 559 0.000110 2
264 193 273 206 0.000110 2
947 277 1006 309 0.000110 2
955 283 1009 324 0.000108 2
1176 275 1279 292 0.000108 2
1253 631 1264 649 0.000108 2
618 398 678 445 0.000108 2
0 280 30 296 0.000108 2
631 384 686 426 0.000108 2
329 207 369 279 0.000107 2
708 454 769 472 0.000107 2
1118 254 1225 282 0.000107 2
1122 64 1152 79 0.000105 2
497 238 533 255 0.000105 2
1009 319 1076 387 0.000105 2
1191 272 1279 294 0.000105 2
973 278 1006 297 0.000104 2
1261 280 1279 295 0.000104 2
1271 638 1279 654 0.000104 2
954 278 1020 311 0.000103 2
493 493 594 529 0.000103 2
167 238 242 264 0.000103 2
352 596 369 683 0.000103 2
1230 439 1279 494 0.000102 2
215 276 639 621 0.000102 2
712 302 767 351 0.000102 2
97 322 224 426 0.000101 2
974 278 1022 305 0.000101 2
1260 169 1279 200 0.000101 2
1167 274 1279 293 0.000101 2
852 496 864 504 0.000101 2
626 375 675 427 0.000100 2
1181 166 1279 268 0.006513 5
445 160 581 212 0.005845 5
1006 183 1048 215 0.001080 5
479 170 515 212 0.000718 5
445 151 585 214 0.000661 5
467 168 515 216 0.000573 5
446 172 575 216 0.000504 5
1221 162 1279 206 0.000372 5
447 155 530 172 0.000362 5
447 153 518 170 0.000312 5
590 149 661 209 0.000221 5
1173 282 1280 315 0.000181 5
1224 180 1279 203 0.000162 5
1195 283 1280 318 0.000151 5
1183 283 1280 321 0.000134 5
1083 165 1280 359 0.000132 5
939 273 1087 332 0.000115 5
445 156 493 207 0.000105 5
0 280 639 685 0.215030 6
2 280 638 498 0.061580 6
2 280 639 446 0.019990 6
668 263 1279 496 0.015469 6
910 268 1279 347 0.009238 6
1179 162 1279 268 0.007675 6
702 267 1278 349 0.007173 6
894 268 1279 462 0.004559 6
821 267 1279 496 0.004414 6
930 268 1279 432 0.003469 6
987 268 1279 363 0.003464 6
1052 270 1279 416 0.003097 6
693 257 1277 460 0.002972 6
726 430 1276 505 0.002868 6
1050 269 1279 378 0.002607 6
1111 160 1279 268 0.002459 6
752 441 883 479 0.002394 6
696 449 1275 504 0.002147 6
720 437 1253 496 0.002138 6
3 280 639 408 0.001982 6
1057 270 1279 478 0.001847 6
749 462 1277 509 0.001844 6
640 262 1209 478 0.001481 6
717 374 1278 504 0.001468 6
720 441 1271 513 0.001466 6
700 323 1277 507 0.001390 6
4 280 626 381 0.001350 6
1135 275 1279 350 0.001288 6
846 201 1279 348 0.001121 6
1001 469 1280 510 0.001063 6
640 339 959 485 0.000989 6
698 401 1257 496 0.000977 6
666 435 1177 491 0.000965 6
751 447 885 477 0.000939 6
747 421 886 479 0.000847 6
652 149 867 228 0.000834 6
969 275 1279 501 0.000814 6
641 318 1208 497 0.000760 6
787 468 1278 510 0.000713 6
959 469 1183 509 0.000671 6
1002 469 1277 501 0.000661 6
1143 281 1279 419 0.000640 6
986 468 1236 501 0.000615 6
934 467 1184 504 0.000562 6
640 286 1198 508 0.000555 6
881 167 1280 339 0.000510 6
640 253 1074 453 0.000502 6
1081 284 1279 495 0.000499 6
2 281 586 346 0.000462 6
1136 276 1279 458 0.000442 6
828 135 938 166 0.000423 6
1164 331 1279 421 0.000403 6
905 471 1277 512 0.000388 6
1037 162 1279 296 0.000369 6
1174 292 1279 423 0.000356 6
1120 413 1278 496 0.000348 6
640 419 1182 501 0.000326 6
1000 183 1279 352 0.000325 6
444 168 514 217 0.000317 6
1165 274 1279 352 0.000317 6
500 144 886 222 0.000312 6
792 421 1278 508 0.000307 6
777 445 885 480 0.000296 6
1018 464 1276 509 0.000294 6
1119 408 1278 478 0.000267 6
578 347 957 486 0.000261 6
581 292 958 486 0.000255 6
932 275 1131 334 0.000240 6
443 161 506 217 0.000225 6
408 137 701 222 0.000223 6
606 196 960 489 0.000222 6
649 249 1142 466 0.000221 6
924 413 1279 509 0.000216 6
1180 285 1280 351 0.000210 6
1051 166 1279 369 0.000206 6
970 194 1251 263 0.000204 6
1062 159 1276 254 0.000201 6
10 185 581 391 0.000198 6
707 409 863 473 0.000197 6
656 439 1227 529 0.000192 6
1193 429 1278 492 0.000187 6
1211 161 1279 224 0.000185 6
443 171 490 215 0.000183 6
746 254 1274 414 0.000181 6
444 177 485 218 0.000174 6
1156 64 1280 273 0.000170 6
1037 473 1279 515 0.000168 6
604 413 959 492 0.000165 6
1063 435 1276 510 0.000164 6
2 280 451 520 0.000163 6
819 135 938 161 0.000161 6
15 79 511 358 0.000154 6
428 93 589 219 0.000149 6
1081 401 1276 476 0.000147 6
1179 345 1278 424 0.000144 6
13 219 525 345 0.000137 6
321 64 623 214 0.000135 6
548 265 956 490 0.000134 6
707 337 848 475 0.000131 6
1170 272 1279 298 0.000126 6
640 425 1164 573 0.000121 6
1119 365 1278 483 0.000120 6
609 367 703 464 0.000120 6
718 410 849 477 0.000118 6
814 135 938 223 0.000117 6
413 71 627 220 0.000117 6
1170 248 1279 301 0.000116 6
1057 380 1280 512 0.000116 6
677 263 1081 401 0.000113 6
1200 403 1279 504 0.000113 6
716 260 1159 399 0.000113 6
374 69 592 220 0.000112 6
1078 386 1279 474 0.000106 6
447 146 553 194 0.000105 6
1199 360 1279 497 0.000105 6
1123 282 1280 503 0.000105 6
328 64 682 230 0.000101 6
903 290 1093 398 0.000101 6
1164 290 1280 348 0.000101 6
640 238 1033 373 0.000100 6
865 176 955 242 0.287663 7
803 176 950 242 0.147031 7
866 176 942 232 0.077586 7
717 152 859 227 0.060618 7
711 153 823 215 0.036098 7
700 153 952 242 0.023029 7
803 155 858 228 0.019499 7
543 171 580 205 0.018424 7
802 163 858 235 0.017795 7
802 142 946 239 0.010657 7
1181 175 1279 268 0.009522 7
1115 184 1190 245 0.008776 7
803 178 856 220 0.007583 7
1113 177 1201 247 0.006578 7
803 162 857 219 0.006003 7
1046 271 1277 350 0.005885 7
803 184 852 224 0.005294 7
1102 170 1194 246 0.004362 7
542 169 580 213 0.003980 7
689 152 818 218 0.003921 7
587 183 622 213 0.003721 7
1216 177 1279 268 0.003572 7
466 165 579 208 0.003475 7
866 176 943 208 0.003289 7
587 183 656 215 0.003212 7
866 177 934 240 0.003050 7
714 144 866 222 0.002603 7
1106 164 1202 241 0.002591 7
450 157 580 206 0.002537 7
1133 274 1279 350 0.002308 7
1222 191 1279 268 0.002256 7
792 175 961 247 0.002177 7
1102 164 1197 211 0.002172 7
529 160 580 205 0.002105 7
478 169 518 216 0.002013 7
292 199 389 319 0.001790 7
1135 274 1279 398 0.001712 7
698 134 954 244 0.001690 7
866 177 907 238 0.001688 7
797 157 956 243 0.001585 7
802 184 857 238 0.001560 7
1119 183 1186 223 0.001468 7
716 152 800 205 0.001333 7
1181 212 1279 268 0.001325 7
522 176 578 215 0.001311 7
1179 164 1279 255 0.001238 7
703 171 961 248 0.001146 7
1104 170 1120 203 0.001130 7
1005 183 1045 216 0.001068 7
866 187 943 234 0.000995 7
864 177 981 246 0.000978 7
1270 199 1279 234 0.000967 7
1114 213 1189 246 0.000875 7
794 175 1066 250 0.000858 7
541 165 581 204 0.000843 7
1178 224 1279 273 0.000809 7
586 157 654 213 0.000792 7
458 151 531 214 0.000789 7
1105 164 1205 216 0.000773 7
292 199 458 328 0.000758 7
942 270 1159 340 0.000735 7
932 271 1181 346 0.000712 7
846 172 921 237 0.000706 7
449 153 521 212 0.000693 7
1159 302 1280 350 0.000614 7
827 440 890 479 0.000583 7
444 143 580 207 0.000543 7
731 157 792 227 0.000541 7
846 176 911 241 0.000520 7
1224 180 1279 235 0.000515 7
707 301 769 342 0.000506 7
446 164 581 220 0.000489 7
803 187 850 240 0.000466 7
1160 286 1279 420 0.000445 7
538 165 658 210 0.000428 7
1221 179 1279 248 0.000417 7
916 280 1026 397 0.000408 7
1047 261 1280 319 0.000401 7
722 152 809 202 0.000398 7
1047 272 1188 346 0.000383 7
712 129 859 221 0.000382 7
1179 161 1280 224 0.000375 7
466 152 518 170 0.000366 7
1100 165 1146 206 0.000351 7
1058 277 1201 348 0.000349 7
832 133 958 241 0.000330 7
479 171 511 208 0.000330 7
911 276 1102 393 0.000324 7
889 180 957 232 0.000308 7
1107 162 1225 222 0.000298 7
943 275 1131 335 0.000297 7
707 140 845 215 0.000292 7
587 152 637 198 0.000291 7
716 152 815 179 0.000279 7
1002 175 1059 232 0.000277 7
1168 306 1265 349 0.000276 7
1115 164 1189 220 0.000270 7
663 151 817 215 0.000265 7
1050 258 1280 337 0.000264 7
684 297 769 346 0.000258 7
1217 164 1279 257 0.000258 7
1174 210 1279 296 0.000249 7
990 271 1184 342 0.000246 7
867 156 901 186 0.000243 7
303 198 387 281 0.000238 7
538 173 644 215 0.000231 7
1141 184 1184 218 0.000229 7
713 188 779 240 0.000228 7
1131 273 1227 341 0.000213 7
1099 164 1147 216 0.000210 7
1132 183 1185 219 0.000210 7
1166 305 1237 348 0.000207 7
709 297 771 346 0.000204 7
844 152 937 238 0.000199 7
719 152 812 192 0.000190 7
798 454 832 474 0.000187 7
541 151 657 206 0.000184 7
686 142 1179 352 0.000181 7
718 153 800 170 0.000177 7
792 132 961 252 0.000175 7
802 132 862 222 0.000175 7
811 455 832 470 0.000166 7
847 176 869 235 0.000166 7
1012 271 1169 345 0.000163 7
689 142 830 214 0.000162 7
1121 185 1178 217 0.000159 7
745 136 1079 254 0.000155 7
1038 276 1157 347 0.000155 7
1162 294 1279 345 0.000150 7
733 152 809 219 0.000147 7
908 275 1031 376 0.000142 7
913 275 1136 338 0.000141 7
291 198 498 337 0.000137 7
962 275 1158 349 0.000134 7
1214 182 1279 299 0.000134 7
1155 300 1268 346 0.000128 7
1100 184 1185 244 0.000123 7
674 112 891 234 0.000123 7
1133 165 1188 222 0.000121 7
707 297 854 381 0.000116 7
706 301 766 375 0.000114 7
289 196 602 331 0.000113 7
709 337 846 478 0.000113 7
667 121 820 215 0.000108 7
664 277 769 355 0.000102 7
1088 150 1103 178 0.593497 9
990 680 1000 703 0.182284 9
1042 646 1056 681 0.132103 9
1046 646 1056 681 0.099019 9
966 372 979 391 0.093382 9
512 151 524 178 0.073087 9
1039 646 1056 681 0.054438 9
1039 646 1057 688 0.045555 9
990 680 1007 703 0.028183 9
966 371 982 391 0.025653 9
373 167 382 184 0.022010 9
1038 645 1058 703 0.020921 9
964 356 992 392 0.018164 9
365 167 373 188 0.017373 9
855 647 865 680 0.017003 9
895 650 905 687 0.014717 9
449 157 490 171 0.014499 9
847 637 857 682 0.014018 9
1000 648 1016 687 0.013826 9
239 178 246 190 0.013257 9
854 642 865 685 0.011959 9
313 150 341 190 0.011940 9
847 638 864 686 0.010970 9
953 642 969 677 0.010824 9
1208 169 1216 185 0.010817 9
966 365 988 391 0.010544 9
1214 167 1223 184 0.009853 9
855 646 864 667 0.009550 9
966 370 980 390 0.009028 9
362 167 369 189 0.008984 9
980 630 1000 672 0.008957 9
998 647 1011 682 0.008921 9
966 643 976 677 0.008907 9
982 680 1000 703 0.008873 9
863 654 873 682 0.008673 9
868 159 881 177 0.008503 9
863 166 870 184 0.008466 9
1013 136 1024 168 0.008417 9
982 632 997 663 0.008402 9
877 646 892 686 0.008329 9
1058 646 1072 704 0.008198 9
895 652 905 676 0.008047 9
847 689 856 703 0.007899 9
867 152 881 176 0.007678 9
982 632 1000 680 0.007646 9
980 630 1004 679 0.007603 9
895 631 905 648 0.007517 9
983 632 995 660 0.007505 9
1038 661 1057 703 0.007351 9
982 374 991 391 0.007212 9
864 670 873 681 0.007131 9
979 689 987 703 0.007062 9
1207 167 1219 186 0.007058 9
978 360 992 391 0.006994 9
859 648 874 685 0.006925 9
951 644 969 676 0.006895 9
878 154 891 170 0.006871 9
862 648 873 685 0.006810 9
894 152 907 175 0.006559 9
1000 385 1011 399 0.006519 9
1194 385 1206 401 0.006431 9
989 673 1016 703 0.006355 9
982 631 1001 662 0.006328 9
680 167 687 183 0.006301 9
865 151 881 175 0.006293 9
983 648 1006 680 0.006199 9
1059 651 1073 703 0.006181 9
974 356 992 391 0.005870 9
983 653 999 680 0.005856 9
1041 645 1072 703 0.005820 9
855 636 865 671 0.005750 9
987 647 1008 681 0.005391 9
999 647 1008 676 0.005376 9
449 158 478 171 0.005287 9
1199 406 1205 415 0.005225 9
877 648 889 686 0.005213 9
863 165 871 183 0.005066 9
983 631 996 657 0.005056 9
558 182 567 197 0.005040 9
949 352 961 391 0.004956 9
983 666 996 680 0.004888 9
1048 646 1072 686 0.004830 9
940 349 993 393 0.004788 9
976 690 985 703 0.004775 9
680 167 687 188 0.004591 9
975 686 987 703 0.004398 9
1104 169 1120 203 0.004369 9
1043 645 1071 691 0.004351 9
895 632 906 684 0.004324 9
947 354 961 392 0.004254 9
975 629 999 677 0.004167 9
1062 646 1072 695 0.004138 9
1191 385 1204 400 0.004059 9
224 183 231 193 0.004053 9
952 642 971 680 0.004052 9
932 343 954 370 0.003988 9
952 645 962 669 0.003938 9
894 631 913 679 0.003872 9
990 343 1009 388 0.003842 9
847 685 856 703 0.003810 9
959 373 974 391 0.003788 9
895 154 906 177 0.003719 9
895 631 913 668 0.003700 9
962 359 991 394 0.003676 9
512 152 524 185 0.003531 9
836 680 849 703 0.003507 9
860 636 876 683 0.003476 9
372 166 381 186 0.003406 9
696 176 705 199 0.003332 9
257 180 262 190 0.003303 9
847 638 859 687 0.003227 9
989 667 1004 704 0.003172 9
985 665 999 680 0.003169 9
852 645 866 691 0.003138 9
119 64 159 76 0.003101 9
1053 645 1072 684 0.003021 9
959 373 978 393 0.003004 9
832 689 841 703 0.002956 9
999 384 1023 400 0.002921 9
807 620 816 655 0.002881 9
965 642 975 680 0.002845 9
1063 646 1072 684 0.002833 9
1058 667 1073 703 0.002809 9
1007 339 1024 398 0.002795 9
1193 383 1209 415 0.002789 9
1012 387 1023 401 0.002770 9
895 630 912 654 0.002757 9
870 630 888 685 0.002747 9
991 340 1024 401 0.002732 9
1231 165 1247 181 0.002657 9
935 670 945 688 0.002656 9
1047 648 1073 703 0.002619 9
992 357 1010 385 0.002615 9
1039 690 1057 703 0.002570 9
886 647 901 685 0.002565 9
544 167 556 201 0.002539 9
807 631 816 656 0.002521 9
815 335 848 392 0.002516 9
983 630 1000 657 0.002512 9
951 346 960 369 0.002498 9
864 150 881 171 0.002487 9
879 153 894 171 0.002440 9
894 634 913 688 0.002428 9
832 684 841 703 0.002427 9
111 150 128 164 0.002424 9
1054 646 1069 693 0.002340 9
1039 697 1054 703 0.002291 9
1012 359 1024 393 0.002259 9
869 639 887 688 0.002243 9
362 167 372 190 0.002237 9
1031 644 1057 688 0.002182 9
895 438 903 456 0.002149 9
949 358 985 392 0.002145 9
551 171 577 203 0.002133 9
167 64 175 76 0.002110 9
1232 167 1246 181 0.002076 9
992 355 1024 401 0.002060 9
448 157 490 176 0.002029 9
215 183 224 197 0.002029 9
991 623 998 631 0.002016 9
966 639 976 676 0.001998 9
1154 165 1167 184 0.001984 9
544 168 577 202 0.001970 9
928 343 961 392 0.001938 9
923 342 992 393 0.001937 9
690 168 698 179 0.001932 9
1246 359 1263 382 0.001905 9
1006 614 1018 651 0.001895 9
919 686 928 703 0.001882 9
874 630 889 683 0.001859 9
1247 359 1263 392 0.001844 9
596 135 605 143 0.001829 9
698 127 705 152 0.001800 9
844 119 865 136 0.001776 9
963 346 993 392 0.001771 9
596 133 603 144 0.001721 9
1074 686 1094 703 0.001708 9
1007 614 1017 639 0.001700 9
989 357 1012 392 0.001644 9
943 353 962 392 0.001636 9
965 372 979 403 0.001634 9
841 119 855 135 0.001614 9
1007 614 1017 633 0.001614 9
948 372 960 392 0.001595 9
878 648 891 689 0.001586 9
990 680 1019 703 0.001577 9
944 344 992 394 0.001571 9
119 64 171 77 0.001571 9
1003 358 1024 401 0.001555 9
926 345 950 372 0.001552 9
1088 149 1103 200 0.001546 9
698 134 705 152 0.001544 9
1182 345 1194 379 0.001516 9
798 633 808 656 0.001494 9
1207 168 1217 198 0.001488 9
372 155 381 184 0.001482 9
665 180 671 198 0.001464 9
992 358 1012 397 0.001439 9
912 338 1023 401 0.001436 9
1039 664 1074 703 0.001425 9
883 648 899 685 0.001409 9
978 614 1004 677 0.001408 9
936 346 982 392 0.001401 9
840 119 864 135 0.001395 9
951 638 970 672 0.001388 9
1150 340 1168 360 0.001386 9
973 649 988 678 0.001374 9
863 661 873 688 0.001346 9
1038 601 1048 625 0.001343 9
172 64 201 90 0.001341 9
680 167 689 205 0.001336 9
801 143 810 155 0.001310 9
948 640 969 678 0.001307 9
1004 613 1022 680 0.001300 9
1181 383 1217 414 0.001294 9
829 347 847 392 0.001285 9
693 175 700 197 0.001276 9
1055 669 1064 695 0.001271 9
874 153 892 176 0.001269 9
904 672 911 682 0.001268 9
1145 317 1170 360 0.001267 9
1078 692 1094 703 0.001261 9
695 120 706 153 0.001260 9
842 150 859 166 0.001258 9
997 647 1011 684 0.001234 9
119 64 150 73 0.001229 9
979 612 1008 683 0.001202 9
1119 336 1136 389 0.001182 9
927 345 948 376 0.001158 9
1111 360 1119 371 0.001136 9
1176 381 1184 391 0.001134 9
1088 145 1104 177 0.001132 9
936 670 952 692 0.001131 9
586 118 599 133 0.001128 9
980 350 992 387 0.001121 9
928 152 937 169 0.001110 9
847 689 858 703 0.001103 9
783 328 816 393 0.001097 9
118 64 182 79 0.001078 9
1185 383 1223 416 0.001066 9
1036 637 1056 682 0.001053 9
449 154 491 171 0.001052 9
799 361 809 377 0.001049 9
898 668 911 688 0.001044 9
751 361 759 375 0.001042 9
879 649 899 690 0.001042 9
895 152 909 178 0.001016 9
927 343 956 387 0.001013 9
954 344 993 392 0.001011 9
928 577 944 616 0.001011 9
1006 614 1024 660 0.001006 9
830 640 848 681 0.001006 9
833 141 855 158 0.001005 9
1068 647 1096 703 0.001004 9
813 143 824 154 0.000989 9
1047 155 1056 168 0.000981 9
832 135 860 167 0.000979 9
824 672 832 688 0.000977 9
975 619 999 668 0.000974 9
974 657 984 678 0.000959 9
839 150 857 164 0.000957 9
1231 646 1248 698 0.000952 9
871 636 880 651 0.000946 9
1181 352 1210 406 0.000918 9
823 664 832 688 0.000895 9
850 633 893 688 0.000895 9
833 682 848 703 0.000880 9
951 646 966 681 0.000873 9
257 144 266 160 0.000864 9
1231 632 1248 697 0.000855 9
1075 684 1097 703 0.000852 9
1008 136 1024 170 0.000837 9
163 64 177 84 0.000835 9
974 667 989 703 0.000831 9
848 628 909 687 0.000829 9
998 384 1022 408 0.000826 9
993 375 1014 408 0.000825 9
1119 374 1136 388 0.000824 9
991 342 1009 380 0.000822 9
934 578 944 611 0.000819 9
846 642 858 700 0.000818 9
935 578 944 599 0.000810 9
352 160 362 192 0.000809 9
910 339 923 372 0.000807 9
1012 337 1024 360 0.000806 9
1056 646 1091 703 0.000802 9
990 615 999 631 0.000790 9
834 645 849 681 0.000786 9
960 339 968 352 0.000783 9
948 342 960 371 0.000783 9
1151 165 1166 185 0.000783 9
958 372 974 406 0.000773 9
936 346 1024 405 0.000770 9
959 369 984 405 0.000769 9
1120 341 1137 371 0.000765 9
934 670 947 690 0.000764 9
241 165 247 178 0.000763 9
1002 648 1023 686 0.000763 9
911 342 923 372 0.000762 9
586 118 599 143 0.000762 9
167 64 183 75 0.000760 9
872 689 879 695 0.000750 9
569 161 580 177 0.000749 9
161 64 177 91 0.000742 9
1038 601 1048 630 0.000738 9
1203 407 1215 415 0.000726 9
1209 167 1224 203 0.000726 9
975 645 1000 704 0.000723 9
999 616 1021 687 0.000722 9
1109 360 1120 375 0.000719 9
1072 337 1088 408 0.000717 9
684 169 695 194 0.000716 9
974 658 985 685 0.000710 9
1183 355 1212 410 0.000707 9
1213 368 1223 386 0.000707 9
965 373 979 408 0.000705 9
1225 165 1247 181 0.000701 9
983 617 999 660 0.000700 9
1002 385 1023 407 0.000695 9
791 329 812 379 0.000694 9
1183 380 1215 417 0.000692 9
925 344 946 384 0.000677 9
512 145 524 176 0.000677 9
1198 406 1206 423 0.000677 9
1088 149 1111 178 0.000669 9
1008 649 1023 685 0.000664 9
1247 355 1264 378 0.000663 9
571 161 581 179 0.000656 9
384 149 394 161 0.000655 9
580 64 596 90 0.000649 9
990 365 1013 403 0.000643 9
257 142 268 160 0.000641 9
867 647 883 689 0.000641 9
1007 614 1024 649 0.000630 9
1081 174 1089 183 0.000628 9
1107 155 1118 168 0.000621 9
1239 695 1247 703 0.000615 9
1032 372 1039 390 0.000614 9
265 215 276 232 0.000611 9
1081 695 1096 703 0.000608 9
1038 595 1048 626 0.000603 9
1180 351 1211 398 0.000602 9
992 145 1001 167 0.000598 9
1182 385 1196 403 0.000597 9
1072 690 1092 703 0.000593 9
259 143 269 160 0.000588 9
896 630 919 677 0.000587 9
990 678 1012 703 0.000583 9
1088 152 1119 187 0.000583 9
831 374 847 392 0.000576 9
512 151 534 188 0.000575 9
999 633 1008 658 0.000573 9
256 177 263 192 0.000572 9
997 133 1008 174 0.000568 9
896 631 919 668 0.000565 9
1129 165 1146 185 0.000561 9
918 583 928 602 0.000559 9
927 148 937 169 0.000556 9
1071 687 1092 703 0.000543 9
157 64 202 90 0.000540 9
1148 334 1186 398 0.000539 9
962 683 978 703 0.000536 9
960 685 969 698 0.000534 9
586 119 598 136 0.000534 9
1197 357 1209 380 0.000533 9
1038 325 1073 392 0.000531 9
594 133 604 144 0.000527 9
1077 153 1102 185 0.000526 9
686 118 707 155 0.000526 9
800 135 826 159 0.000523 9
810 157 858 182 0.000522 9
895 623 904 631 0.000521 9
882 626 907 685 0.000519 9
1148 338 1189 385 0.000518 9
1030 653 1056 703 0.000518 9
1133 165 1146 185 0.000515 9
993 135 1001 170 0.000515 9
1006 641 1056 694 0.000514 9
1075 645 1101 703 0.000513 9
981 640 1058 703 0.000509 9
1030 655 1046 692 0.000508 9
692 168 706 182 0.000507 9
1001 625 1023 685 0.000507 9
266 216 277 231 0.000504 9
94 168 106 176 0.000501 9
313 87 340 193 0.000496 9
803 130 818 155 0.000490 9
1228 168 1246 181 0.000490 9
684 118 707 166 0.000484 9
834 651 849 684 0.000483 9
68 169 81 178 0.000475 9
352 164 361 190 0.000474 9
320 91 332 156 0.000468 9
1179 371 1224 415 0.000464 9
1216 408 1224 426 0.000461 9
1195 358 1210 383 0.000460 9
1204 158 1228 188 0.000456 9
951 342 978 390 0.000453 9
806 618 816 650 0.000451 9
911 342 929 373 0.000448 9
943 372 958 392 0.000444 9
844 166 871 218 0.000444 9
157 64 177 90 0.000442 9
342 165 353 199 0.000438 9
997 374 1024 404 0.000436 9
1176 381 1204 397 0.000435 9
665 171 671 199 0.000435 9
1180 343 1206 402 0.000430 9
570 161 580 181 0.000429 9
247 177 257 192 0.000417 9
881 153 900 176 0.000409 9
1045 152 1056 168 0.000409 9
1095 130 1106 175 0.000408 9
1119 375 1136 386 0.000406 9
907 349 1023 409 0.000406 9
222 176 247 192 0.000406 9
983 560 995 577 0.000403 9
955 367 995 408 0.000401 9
999 623 1009 649 0.000397 9
1171 149 1184 163 0.000396 9
1039 614 1051 632 0.000395 9
1123 329 1191 403 0.000392 9
941 646 952 673 0.000389 9
1007 336 1024 363 0.000386 9
457 161 478 188 0.000384 9
1078 335 1094 360 0.000384 9
905 127 912 137 0.000382 9
927 349 986 400 0.000382 9
991 385 1013 409 0.000379 9
808 338 847 392 0.000377 9
339 165 352 197 0.000377 9
819 663 832 683 0.000374 9
895 327 903 343 0.000373 9
1028 360 1040 387 0.000370 9
1042 617 1060 632 0.000370 9
802 131 831 156 0.000369 9
1203 408 1216 424 0.000368 9
916 343 954 373 0.000367 9
1198 384 1224 408 0.000366 9
934 670 957 698 0.000366 9
867 649 881 695 0.000364 9
567 142 580 162 0.000361 9
587 170 595 185 0.000357 9
1143 164 1168 185 0.000357 9
1006 359 1041 393 0.000355 9
830 135 861 154 0.000350 9
894 629 923 657 0.000349 9
960 337 968 349 0.000348 9
682 118 708 177 0.000347 9
1007 614 1023 634 0.000347 9
904 336 924 372 0.000346 9
945 368 961 407 0.000343 9
1128 335 1189 386 0.000341 9
829 678 841 702 0.000338 9
1177 344 1210 389 0.000337 9
1078 146 1103 181 0.000335 9
1231 618 1248 697 0.000333 9
1144 165 1188 184 0.000332 9
994 134 1002 170 0.000332 9
680 145 689 164 0.000332 9
1016 153 1030 168 0.000332 9
1071 647 1089 703 0.000331 9
911 344 935 375 0.000330 9
1039 368 1058 390 0.000328 9
954 664 973 701 0.000326 9
990 669 1039 703 0.000326 9
1081 641 1105 703 0.000325 9
1225 162 1249 181 0.000321 9
819 679 836 703 0.000321 9
957 367 978 409 0.000320 9
1186 160 1202 187 0.000320 9
1041 154 1054 169 0.000317 9
373 150 384 183 0.000316 9
664 153 671 173 0.000316 9
799 132 817 155 0.000315 9
1174 376 1185 392 0.000312 9
1171 343 1197 395 0.000311 9
987 343 1009 366 0.000311 9
312 91 369 196 0.000311 9
566 143 581 164 0.000310 9
703 168 711 179 0.000309 9
903 624 912 631 0.000309 9
158 64 173 75 0.000309 9
680 136 690 161 0.000308 9
595 119 605 144 0.000306 9
1026 344 1040 388 0.000303 9
1013 133 1040 169 0.000303 9
697 125 709 180 0.000301 9
814 150 825 161 0.000300 9
510 151 586 190 0.000300 9
818 692 834 703 0.000296 9
913 583 928 616 0.000295 9
445 157 490 183 0.000294 9
997 646 1034 703 0.000294 9
842 155 872 186 0.000292 9
1014 645 1041 690 0.000292 9
964 671 979 703 0.000292 9
1046 615 1056 626 0.000290 9
315 90 333 165 0.000288 9
926 581 944 615 0.000287 9
1028 665 1057 703 0.000287 9
1069 647 1087 701 0.000285 9
1141 320 1173 360 0.000285 9
1038 373 1058 390 0.000284 9
1013 643 1049 688 0.000284 9
569 140 581 163 0.000282 9
940 362 980 414 0.000281 9
1018 679 1044 703 0.000281 9
949 672 964 696 0.000280 9
808 128 819 154 0.000280 9
1136 337 1186 413 0.000280 9
1038 370 1060 392 0.000279 9
984 559 992 576 0.000279 9
906 296 1024 398 0.000278 9
1203 391 1224 413 0.000277 9
1220 164 1244 183 0.000277 9
1004 633 1057 691 0.000277 9
1078 338 1095 360 0.000276 9
332 167 348 199 0.000274 9
848 181 858 206 0.000274 9
587 167 596 184 0.000274 9
1247 327 1264 355 0.000273 9
663 154 671 174 0.000271 9
1031 599 1048 627 0.000270 9
856 282 863 295 0.000270 9
797 359 814 391 0.000270 9
223 176 244 194 0.000269 9
815 344 829 362 0.000269 9
1247 73 1264 95 0.000267 9
940 671 953 699 0.000267 9
1099 138 1110 158 0.000266 9
1053 391 1090 427 0.000265 9
1028 328 1063 392 0.000263 9
999 615 1010 646 0.000263 9
351 159 370 199 0.000262 9
1167 375 1182 392 0.000260 9
585 118 602 163 0.000259 9
894 337 925 373 0.000259 9
1119 164 1146 186 0.000258 9
941 659 952 675 0.000257 9
1206 157 1228 183 0.000257 9
1039 174 1048 187 0.000257 9
338 162 353 197 0.000256 9
739 353 753 375 0.000256 9
1075 333 1119 380 0.000256 9
595 64 625 93 0.000251 9
787 332 818 384 0.000249 9
1149 342 1189 395 0.000248 9
1207 368 1224 408 0.000247 9
867 623 893 675 0.000246 9
971 649 1065 704 0.000245 9
862 136 920 175 0.000244 9
1069 648 1082 678 0.000244 9
698 120 715 155 0.000243 9
1146 342 1199 389 0.000242 9
697 151 709 180 0.000240 9
1097 359 1121 393 0.000240 9
507 165 568 196 0.000240 9
918 577 944 617 0.000240 9
961 689 977 703 0.000240 9
741 361 752 375 0.000239 9
1207 387 1225 426 0.000238 9
912 323 1013 394 0.000238 9
351 158 364 193 0.000236 9
575 134 581 144 0.000235 9
832 130 862 159 0.000235 9
1157 361 1182 393 0.000235 9
1027 643 1062 691 0.000234 9
1049 619 1064 632 0.000234 9
1025 329 1040 380 0.000231 9
931 374 945 390 0.000231 9
210 167 217 176 0.000229 9
713 134 720 154 0.000229 9
832 135 873 169 0.000228 9
1007 606 1016 617 0.000228 9
923 578 944 617 0.000227 9
945 327 960 343 0.000226 9
1073 333 1121 392 0.000225 9
983 613 997 641 0.000224 9
1076 648 1088 676 0.000223 9
975 551 985 578 0.000221 9
949 684 960 699 0.000221 9
1135 339 1178 361 0.000221 9
681 167 701 209 0.000220 9
849 115 870 136 0.000219 9
853 693 873 703 0.000218 9
859 118 870 136 0.000218 9
361 150 383 189 0.000218 9
1016 651 1036 691 0.000217 9
945 328 959 344 0.000217 9
935 641 974 701 0.000216 9
680 118 710 186 0.000215 9
111 143 128 164 0.000215 9
984 563 999 576 0.000215 9
310 105 384 196 0.000215 9
1075 354 1120 395 0.000215 9
1076 400 1088 410 0.000214 9
906 340 927 378 0.000211 9
908 340 927 372 0.000209 9
1087 638 1101 677 0.000208 9
976 326 991 343 0.000208 9
1184 154 1223 195 0.000208 9
836 139 866 168 0.000207 9
935 672 946 696 0.000207 9
478 150 524 173 0.000207 9
930 322 945 345 0.000203 9
815 338 846 376 0.000203 9
932 326 944 346 0.000202 9
1086 640 1103 702 0.000202 9
348 148 378 191 0.000201 9
1020 674 1037 700 0.000201 9
999 614 1009 632 0.000201 9
663 168 690 214 0.000200 9
803 149 814 160 0.000199 9
1097 129 1105 138 0.000198 9
118 64 202 91 0.000198 9
1071 337 1088 398 0.000198 9
1029 627 1055 682 0.000196 9
911 584 927 616 0.000195 9
1087 642 1098 684 0.000194 9
798 358 816 387 0.000193 9
1080 358 1120 394 0.000193 9
1044 642 1094 703 0.000191 9
1035 364 1058 390 0.000191 9
1165 377 1212 408 0.000190 9
700 151 711 178 0.000190 9
693 117 717 157 0.000189 9
1151 102 1169 134 0.000189 9
1138 165 1171 185 0.000188 9
999 341 1041 393 0.000188 9
991 556 1000 571 0.000186 9
1053 371 1065 390 0.000186 9
1143 372 1153 389 0.000186 9
318 78 335 160 0.000185 9
1100 164 1148 195 0.000182 9
1151 159 1170 185 0.000181 9
68 170 81 184 0.000181 9
847 169 871 232 0.000179 9
697 124 715 161 0.000179 9
1208 165 1239 186 0.000179 9
1089 265 1095 270 0.000177 9
911 585 926 603 0.000176 9
848 300 856 311 0.000176 9
94 151 106 176 0.000176 9
1126 377 1136 390 0.000175 9
920 662 929 672 0.000175 9
1028 371 1040 392 0.000174 9
1001 134 1022 179 0.000171 9
1089 230 1104 271 0.000170 9
477 150 524 207 0.000170 9
897 630 924 685 0.000169 9
685 118 707 145 0.000168 9
680 146 689 184 0.000166 9
623 264 640 284 0.000166 9
1068 647 1085 670 0.000166 9
1089 639 1105 693 0.000166 9
1094 643 1104 658 0.000165 9
914 598 928 616 0.000164 9
680 121 691 164 0.000164 9
696 136 712 180 0.000163 9
850 685 873 703 0.000163 9
809 156 857 175 0.000163 9
122 64 186 92 0.000162 9
1013 625 1050 687 0.000162 9
869 627 885 652 0.000161 9
1023 319 1070 393 0.000161 9
1248 327 1264 347 0.000160 9
839 149 872 173 0.000160 9
861 112 869 119 0.000159 9
1147 343 1198 362 0.000159 9
935 661 948 690 0.000159 9
919 645 936 673 0.000158 9
322 91 339 157 0.000157 9
856 136 939 171 0.000156 9
663 148 671 174 0.000156 9
823 648 850 689 0.000155 9
1040 592 1048 599 0.000155 9
829 135 916 174 0.000155 9
1072 397 1089 411 0.000155 9
809 162 859 186 0.000154 9
876 574 889 598 0.000154 9
910 343 943 382 0.000153 9
1112 340 1188 391 0.000153 9
1023 322 1042 363 0.000153 9
1197 148 1207 187 0.000153 9
854 695 874 703 0.000153 9
1087 133 1104 178 0.000152 9
1052 143 1104 186 0.000152 9
369 166 387 200 0.000150 9
919 321 928 344 0.000150 9
926 348 946 391 0.000149 9
940 313 954 328 0.000149 9
574 122 581 143 0.000149 9
792 116 834 157 0.000148 9
1117 336 1196 386 0.000147 9
999 332 1009 344 0.000146 9
975 613 996 669 0.000145 9
1119 157 1189 186 0.000144 9
1053 135 1105 190 0.000143 9
1077 122 1111 180 0.000142 9
1034 599 1069 634 0.000141 9
372 159 408 185 0.000141 9
716 325 754 378 0.000141 9
1072 144 1101 202 0.000140 9
444 157 494 216 0.000140 9
376 161 408 185 0.000139 9
696 171 711 196 0.000138 9
985 606 1075 701 0.000137 9
1135 606 1154 649 0.000137 9
895 323 1008 393 0.000137 9
256 159 267 176 0.000137 9
1074 645 1089 675 0.000137 9
575 64 597 92 0.000137 9
1050 391 1071 424 0.000136 9
923 685 937 698 0.000136 9
307 86 341 194 0.000136 9
254 105 262 128 0.000135 9
1169 140 1185 163 0.000135 9
1149 352 1225 415 0.000135 9
956 339 991 381 0.000135 9
1038 614 1067 633 0.000133 9
927 104 936 120 0.000133 9
677 166 689 211 0.000133 9
1085 144 1130 179 0.000132 9
1087 639 1105 700 0.000132 9
569 162 582 200 0.000132 9
1196 363 1226 412 0.000131 9
788 116 828 154 0.000131 9
793 357 834 392 0.000130 9
942 328 957 347 0.000130 9
1049 112 1084 147 0.000130 9
1105 164 1146 189 0.000130 9
927 309 953 340 0.000129 9
1039 369 1068 393 0.000128 9
942 325 960 344 0.000128 9
1107 378 1120 392 0.000128 9
1003 328 1041 380 0.000128 9
912 371 1023 413 0.000126 9
1097 131 1111 160 0.000126 9
209 182 224 203 0.000126 9
371 149 407 184 0.000125 9
926 580 944 604 0.000125 9
1055 152 1064 168 0.000125 9
971 365 1006 410 0.000125 9
834 619 912 689 0.000125 9
945 381 961 408 0.000124 9
592 148 601 165 0.000124 9
1039 150 1056 168 0.000124 9
1019 689 1055 703 0.000124 9
1070 396 1092 425 0.000123 9
310 96 326 158 0.000123 9
817 628 832 656 0.000123 9
993 121 1004 171 0.000123 9
932 377 945 391 0.000123 9
959 630 966 640 0.000123 9
1210 152 1224 163 0.000122 9
1011 135 1028 178 0.000121 9
1179 382 1218 419 0.000120 9
1203 159 1239 183 0.000120 9
916 638 929 672 0.000120 9
794 339 848 392 0.000120 9
1108 152 1118 167 0.000120 9
1014 685 1043 703 0.000120 9
925 644 943 668 0.000119 9
975 327 989 343 0.000119 9
1124 344 1150 360 0.000119 9
1086 634 1098 669 0.000118 9
312 144 362 198 0.000118 9
317 90 355 165 0.000117 9
1124 162 1139 183 0.000117 9
260 165 272 180 0.000116 9
1186 377 1262 429 0.000116 9
1006 332 1023 350 0.000116 9
914 167 928 180 0.000114 9
829 152 845 164 0.000114 9
895 340 924 377 0.000114 9
380 149 399 163 0.000114 9
813 621 833 656 0.000113 9
258 167 271 196 0.000113 9
585 123 606 175 0.000113 9
1150 124 1162 134 0.000113 9
1056 152 1064 163 0.000112 9
711 135 720 158 0.000110 9
1077 341 1120 366 0.000110 9
1037 321 1068 382 0.000110 9
966 376 1023 411 0.000109 9
735 87 754 122 0.000109 9
1039 616 1068 641 0.000108 9
1087 680 1106 703 0.000108 9
1036 610 1063 673 0.000108 9
993 608 1070 691 0.000107 9
993 133 1010 172 0.000107 9
256 85 262 97 0.000106 9
668 163 689 200 0.000106 9
594 135 614 173 0.000106 9
1164 344 1272 422 0.000106 9
884 625 903 652 0.000106 9
831 117 839 133 0.000106 9
1159 380 1175 394 0.000105 9
921 647 941 672 0.000104 9
858 687 874 697 0.000104 9
854 136 939 156 0.000104 9
682 117 711 212 0.000103 9
1072 336 1126 400 0.000102 9
915 634 928 657 0.000102 9
223 168 231 176 0.000102 9
587 116 606 146 0.000102 9
784 113 834 153 0.000102 9
1027 608 1066 654 0.000101 9
930 644 944 664 0.000101 9
1138 330 1270 418 0.000101 9
313 151 341 194 0.019933 11
1053 111 1083 146 0.004625 11
1055 113 1070 144 0.001659 11
1054 113 1077 146 0.000675 11
