688 193 721 284 0.820246 0
1098 200 1156 325 0.753876 0
1145 192 1169 255 0.698776 0
1068 194 1089 250 0.593946 0
879 189 907 263 0.443330 0
879 189 912 278 0.275642 0
492 198 517 248 0.178122 0
492 201 514 248 0.134798 0
493 204 512 246 0.129965 0
251 203 264 243 0.126425 0
1037 197 1051 231 0.103882 0
750 418 769 473 0.081623 0
493 203 516 244 0.080047 0
438 192 448 205 0.072572 0
491 187 518 248 0.065244 0
495 202 518 248 0.058535 0
574 428 592 458 0.055931 0
888 215 914 285 0.049463 0
878 189 925 287 0.048548 0
1036 195 1053 231 0.043092 0
1035 190 1052 231 0.039329 0
885 196 910 259 0.035160 0
879 192 904 242 0.032791 0
878 193 903 255 0.032562 0
633 202 643 215 0.032322 0
887 211 913 275 0.030822 0
491 199 518 236 0.030212 0
965 372 979 391 0.029926 0
504 203 518 233 0.026873 0
1155 205 1169 246 0.026730 0
486 202 523 252 0.026509 0
863 438 876 455 0.025837 0
491 193 524 250 0.022245 0
502 205 519 241 0.022118 0
1217 192 1226 209 0.020281 0
1034 195 1051 231 0.020221 0
750 429 769 473 0.019661 0
965 369 979 390 0.017113 0
504 207 518 238 0.016870 0
864 441 874 455 0.016618 0
1112 194 1119 203 0.016102 0
1209 195 1217 211 0.015132 0
488 207 512 248 0.014934 0
847 199 857 224 0.014929 0
633 201 646 215 0.014851 0
789 329 809 344 0.013870 0
784 198 794 215 0.013701 0
876 208 907 269 0.013310 0
1069 192 1098 249 0.013048 0
845 198 857 241 0.013013 0
879 433 890 455 0.012907 0
878 434 889 457 0.012639 0
1071 484 1080 499 0.011542 0
494 184 520 236 0.011536 0
1041 456 1048 464 0.010769 0
1209 193 1218 213 0.010732 0
1270 198 1279 240 0.010691 0
863 434 878 455 0.010682 0
1216 193 1226 225 0.010459 0
1209 193 1220 215 0.010363 0
1109 194 1119 209 0.010307 0
881 198 905 234 0.010182 0
633 202 649 216 0.009813 0
1013 206 1024 223 0.009637 0
506 198 519 228 0.009633 0
966 368 982 392 0.009594 0
492 186 518 235 0.008734 0
639 664 671 703 0.008587 0
437 192 450 218 0.008406 0
878 212 900 259 0.008334 0
1067 198 1081 228 0.008323 0
847 198 860 241 0.008263 0
862 433 871 452 0.008216 0
822 329 847 343 0.007822 0
1011 207 1024 224 0.007764 0
863 437 879 456 0.007730 0
965 371 979 395 0.007578 0
971 370 981 392 0.007401 0
847 198 865 241 0.007250 0
1214 194 1228 233 0.007220 0
882 189 906 223 0.007147 0
1069 193 1089 222 0.007140 0
213 193 224 229 0.006980 0
1215 192 1228 230 0.006932 0
574 422 593 457 0.006861 0
716 197 728 233 0.006806 0
536 208 544 218 0.006774 0
718 193 727 226 0.006451 0
1148 194 1169 240 0.006443 0
863 435 881 459 0.006388 0
639 681 671 703 0.006376 0
976 367 985 391 0.006236 0
864 441 879 456 0.006139 0
1030 451 1040 464 0.006125 0
1102 205 1154 270 0.006090 0
1272 199 1279 253 0.006090 0
670 207 679 230 0.005788 0
573 425 586 448 0.005709 0
671 208 680 231 0.005369 0
1155 199 1170 234 0.005353 0
925 204 945 252 0.005254 0
1008 432 1015 439 0.005109 0
1071 486 1081 502 0.005018 0
1016 456 1025 465 0.004999 0
1007 388 1022 401 0.004920 0
1104 196 1116 211 0.004835 0
969 456 976 462 0.004752 0
1136 446 1143 457 0.004737 0
639 690 651 703 0.004709 0
889 216 921 281 0.004696 0
637 199 653 216 0.004667 0
247 197 264 241 0.004608 0
1023 456 1032 464 0.004568 0
631 423 640 458 0.004518 0
914 453 928 483 0.004456 0
654 664 671 703 0.004453 0
720 216 730 234 0.004429 0
1151 192 1167 222 0.004408 0
0 64 69 219 0.004383 0
1055 488 1066 497 0.004379 0
631 423 640 440 0.004363 0
1207 504 1215 513 0.004349 0
1145 192 1166 227 0.004130 0
1145 196 1165 250 0.004103 0
1134 445 1144 471 0.004062 0
992 455 999 464 0.004037 0
513 192 527 229 0.003983 0
1071 482 1080 498 0.003963 0
982 373 990 392 0.003932 0
24 64 340 220 0.003923 0
1145 193 1161 223 0.003912 0
1030 448 1039 462 0.003901 0
1102 201 1115 226 0.003817 0
981 369 991 392 0.003811 0
718 193 726 213 0.003733 0
718 209 730 234 0.003706 0
831 465 840 475 0.003690 0
1085 192 1095 212 0.003622 0
1087 193 1099 234 0.003594 0
832 470 840 478 0.003565 0
975 367 987 392 0.003536 0
683 203 692 219 0.003527 0
965 370 979 407 0.003522 0
749 428 785 472 0.003514 0
1182 351 1193 392 0.003469 0
878 434 890 472 0.003468 0
434 192 449 205 0.003454 0
1076 192 1090 216 0.003434 0
648 409 656 425 0.003395 0
858 218 882 270 0.003369 0
847 201 869 241 0.003352 0
1244 198 1256 233 0.003328 0
465 199 472 215 0.003305 0
1069 196 1088 243 0.003299 0
915 473 928 486 0.003288 0
1134 443 1146 473 0.003261 0
783 197 794 234 0.003256 0
739 200 745 214 0.003250 0
977 367 989 393 0.003216 0
836 469 848 479 0.003208 0
608 448 624 467 0.003198 0
863 435 883 478 0.003196 0
629 425 640 461 0.003161 0
1199 503 1210 512 0.003136 0
606 201 616 215 0.003096 0
1062 196 1088 255 0.003086 0
1217 193 1230 233 0.003078 0
511 195 528 246 0.003066 0
992 447 1000 461 0.003045 0
1091 211 1109 276 0.002989 0
319 204 331 230 0.002971 0
690 198 721 254 0.002968 0
1177 494 1185 503 0.002965 0
242 215 251 239 0.002914 0
1023 445 1034 462 0.002907 0
784 193 795 217 0.002889 0
1104 193 1119 209 0.002831 0
959 373 973 405 0.002816 0
1 64 264 220 0.002808 0
610 444 624 465 0.002752 0
609 420 626 465 0.002751 0
1217 193 1229 221 0.002724 0
784 197 800 234 0.002702 0
469 201 478 216 0.002657 0
639 689 653 703 0.002635 0
790 328 820 344 0.002618 0
1217 192 1229 216 0.002596 0
983 447 993 455 0.002592 0
837 464 849 477 0.002575 0
961 456 969 462 0.002561 0
1027 449 1037 464 0.002534 0
767 436 792 473 0.002530 0
1195 195 1231 263 0.002525 0
1216 200 1232 234 0.002521 0
961 369 980 407 0.002491 0
311 186 322 198 0.002458 0
1044 482 1057 497 0.002450 0
801 440 807 449 0.002447 0
1035 191 1055 231 0.002439 0
773 428 784 464 0.002425 0
1240 197 1256 234 0.002425 0
639 690 668 703 0.002396 0
1189 213 1204 232 0.002391 0
611 426 624 465 0.002385 0
1087 192 1094 205 0.002371 0
438 192 453 212 0.002363 0
1208 197 1239 266 0.002346 0
465 201 478 252 0.002338 0
735 446 744 458 0.002333 0
1007 454 1015 467 0.002322 0
469 202 476 218 0.002319 0
960 374 968 391 0.002291 0
0 64 215 215 0.002281 0
852 462 867 473 0.002271 0
464 200 479 263 0.002250 0
1160 207 1174 223 0.002214 0
376 186 385 201 0.002201 0
471 197 480 215 0.002199 0
958 373 968 407 0.002198 0
863 467 872 478 0.002196 0
1192 358 1211 404 0.002188 0
1247 473 1258 484 0.002164 0
886 471 896 481 0.002160 0
1051 196 1089 258 0.002156 0
882 439 896 456 0.002131 0
784 197 797 215 0.002127 0
1135 443 1147 467 0.002105 0
1160 208 1175 247 0.002103 0
632 202 647 224 0.002097 0
993 450 1004 463 0.002096 0
813 328 842 344 0.002090 0
847 182 857 222 0.002048 0
922 201 946 252 0.002038 0
465 200 475 247 0.002032 0
615 423 624 433 0.002016 0
975 365 992 392 0.002012 0
1007 423 1015 439 0.001998 0
813 327 836 343 0.001995 0
1129 502 1137 509 0.001988 0
823 464 832 472 0.001970 0
990 199 1006 225 0.001959 0
647 407 657 426 0.001951 0
734 437 751 458 0.001931 0
856 219 873 268 0.001920 0
1080 189 1103 258 0.001918 0
989 203 1001 227 0.001907 0
1178 344 1195 360 0.001904 0
1135 440 1153 472 0.001903 0
894 415 913 456 0.001902 0
1127 445 1135 470 0.001876 0
242 206 263 240 0.001873 0
762 431 800 473 0.001866 0
801 440 817 454 0.001842 0
724 418 738 458 0.001837 0
536 209 544 221 0.001837 0
1267 197 1279 266 0.001836 0
479 194 496 217 0.001825 0
1088 459 1096 471 0.001806 0
574 430 593 467 0.001801 0
958 368 983 408 0.001790 0
720 419 740 463 0.001782 0
645 408 659 438 0.001764 0
1127 446 1134 460 0.001753 0
914 454 928 467 0.001753 0
895 416 905 435 0.001748 0
1247 422 1254 433 0.001729 0
1045 411 1057 424 0.001724 0
641 206 653 216 0.001706 0
932 204 944 217 0.001705 0
1190 496 1200 504 0.001700 0
688 199 697 219 0.001695 0
1182 215 1191 228 0.001687 0
734 423 754 459 0.001677 0
734 421 768 466 0.001676 0
1239 422 1247 439 0.001666 0
712 224 721 242 0.001666 0
1104 216 1155 260 0.001658 0
1033 191 1053 230 0.001655 0
784 439 800 454 0.001654 0
1100 206 1115 234 0.001653 0
1098 399 1103 407 0.001652 0
734 432 769 473 0.001643 0
1122 403 1128 414 0.001638 0
895 417 904 440 0.001634 0
895 415 913 441 0.001629 0
998 454 1007 464 0.001627 0
1134 440 1146 463 0.001619 0
788 325 813 344 0.001611 0
1095 200 1112 243 0.001610 0
1039 203 1054 232 0.001607 0
858 432 896 482 0.001605 0
865 208 873 231 0.001600 0
800 414 809 422 0.001597 0
847 463 860 476 0.001586 0
479 175 497 216 0.001580 0
862 464 872 478 0.001577 0
750 436 770 481 0.001577 0
1066 201 1079 240 0.001576 0
815 440 824 454 0.001571 0
1208 193 1226 231 0.001568 0
1152 440 1158 451 0.001568 0
771 422 785 461 0.001567 0
646 192 654 208 0.001565 0
1007 448 1015 463 0.001562 0
1014 444 1025 464 0.001561 0
590 422 624 468 0.001550 0
1181 213 1206 248 0.001543 0
982 204 994 227 0.001540 0
957 370 974 408 0.001537 0
1254 482 1267 511 0.001520 0
895 416 905 455 0.001516 0
481 180 502 218 0.001500 0
926 446 934 456 0.001493 0
877 432 897 457 0.001486 0
1076 434 1088 456 0.001486 0
709 213 734 249 0.001481 0
959 365 986 408 0.001481 0
815 472 824 477 0.001478 0
1056 486 1075 498 0.001477 0
1071 194 1101 258 0.001457 0
750 417 769 451 0.001457 0
1121 396 1128 413 0.001445 0
1088 457 1096 471 0.001444 0
1196 381 1213 416 0.001433 0
671 206 682 231 0.001415 0
1045 480 1056 490 0.001412 0
895 439 904 456 0.001393 0
1247 474 1264 503 0.001390 0
1042 482 1056 495 0.001384 0
576 406 592 458 0.001380 0
960 358 993 393 0.001371 0
1183 360 1192 390 0.001369 0
783 328 809 344 0.001367 0
319 64 640 305 0.001353 0
1265 177 1279 264 0.001350 0
1239 424 1247 440 0.001340 0
1072 435 1086 456 0.001338 0
1008 209 1025 231 0.001327 0
1056 222 1078 298 0.001325 0
750 441 765 479 0.001320 0
1212 193 1266 266 0.001305 0
1010 450 1024 468 0.001301 0
954 366 979 414 0.001298 0
1080 432 1088 442 0.001297 0
1090 210 1155 322 0.001282 0
591 577 600 615 0.001278 0
889 201 930 263 0.001277 0
770 424 800 472 0.001274 0
897 472 911 484 0.001272 0
1190 357 1210 392 0.001269 0
656 664 671 698 0.001266 0
1177 499 1185 511 0.001264 0
719 420 737 465 0.001249 0
1260 199 1279 267 0.001247 0
1237 197 1256 234 0.001244 0
1081 406 1088 414 0.001242 0
1187 356 1212 407 0.001234 0
1016 478 1025 488 0.001225 0
753 419 784 468 0.001217 0
245 205 265 246 0.001217 0
688 192 700 216 0.001211 0
575 420 625 465 0.001197 0
864 209 873 234 0.001195 0
1231 458 1240 470 0.001195 0
594 423 610 442 0.001187 0
241 196 257 239 0.001187 0
841 197 857 235 0.001171 0
1231 424 1240 433 0.001171 0
989 210 998 226 0.001169 0
1023 481 1037 495 0.001166 0
1001 432 1007 440 0.001166 0
573 423 614 463 0.001166 0
310 64 435 204 0.001163 0
982 201 997 227 0.001163 0
607 407 625 432 0.001161 0
876 435 908 482 0.001160 0
808 382 814 391 0.001158 0
1215 367 1225 387 0.001156 0
814 210 827 237 0.001151 0
735 412 791 473 0.001150 0
1245 460 1257 472 0.001149 0
1076 456 1092 471 0.001131 0
567 428 592 457 0.001127 0
345 186 353 199 0.001123 0
546 426 591 457 0.001115 0
1102 211 1155 289 0.001103 0
1200 371 1228 411 0.001103 0
1006 206 1026 248 0.001100 0
891 421 913 457 0.001100 0
468 429 497 449 0.001099 0
551 204 560 216 0.001095 0
1152 497 1171 510 0.001093 0
375 185 386 212 0.001092 0
718 418 743 468 0.001092 0
1232 457 1240 468 0.001082 0
573 405 586 442 0.001082 0
1250 480 1276 517 0.001082 0
1008 477 1015 488 0.001081 0
839 198 856 240 0.001080 0
655 409 673 439 0.001071 0
1218 186 1257 234 0.001065 0
654 410 671 436 0.001062 0
464 204 479 272 0.001057 0
634 191 648 214 0.001054 0
1247 473 1263 513 0.001050 0
576 180 582 201 0.001049 0
644 423 656 456 0.001047 0
439 193 456 220 0.001027 0
1056 489 1066 501 0.001025 0
1263 74 1279 171 0.001020 0
1096 399 1104 417 0.001017 0
974 204 984 223 0.001010 0
1077 457 1092 472 0.001008 0
734 421 761 461 0.001000 0
1073 436 1088 457 0.001000 0
961 440 968 452 0.000990 0
1057 482 1084 502 0.000980 0
727 419 736 439 0.000980 0
714 212 726 240 0.000973 0
310 64 495 206 0.000967 0
1247 423 1255 441 0.000966 0
1072 429 1082 445 0.000956 0
1179 213 1208 256 0.000955 0
912 454 925 464 0.000946 0
821 201 856 241 0.000945 0
333 185 343 199 0.000941 0
463 197 482 284 0.000937 0
569 425 577 432 0.000936 0
948 347 961 396 0.000936 0
895 437 903 456 0.000920 0
993 446 1008 464 0.000917 0
982 209 1009 242 0.000912 0
908 336 923 346 0.000905 0
919 387 928 406 0.000898 0
415 252 420 270 0.000897 0
1091 194 1111 221 0.000892 0
997 383 1022 401 0.000891 0
336 64 434 212 0.000890 0
1104 198 1121 229 0.000881 0
607 407 624 425 0.000880 0
1207 196 1261 267 0.000877 0
873 435 919 485 0.000871 0
861 440 887 479 0.000863 0
605 359 627 411 0.000862 0
1264 167 1279 247 0.000858 0
703 408 721 470 0.000856 0
241 196 250 217 0.000855 0
0 64 27 215 0.000845 0
913 448 929 458 0.000844 0
689 199 715 227 0.000843 0
214 184 231 228 0.000838 0
1024 481 1040 495 0.000837 0
1164 343 1195 393 0.000833 0
1045 410 1055 423 0.000828 0
607 361 625 409 0.000828 0
1215 194 1257 252 0.000827 0
961 442 968 455 0.000826 0
585 423 620 461 0.000826 0
587 407 628 465 0.000825 0
1157 437 1167 455 0.000825 0
602 361 625 409 0.000824 0
1123 400 1129 413 0.000823 0
1124 220 1152 259 0.000819 0
1250 611 1264 701 0.000819 0
822 323 848 343 0.000818 0
990 199 1011 224 0.000817 0
351 188 357 199 0.000814 0
1095 440 1104 467 0.000814 0
777 420 807 467 0.000808 0
1072 463 1080 471 0.000806 0
1151 499 1170 511 0.000800 0
719 430 732 464 0.000799 0
953 368 980 426 0.000796 0
308 64 448 240 0.000795 0
1199 203 1242 266 0.000784 0
1151 440 1160 460 0.000780 0
265 211 275 233 0.000779 0
1238 455 1252 470 0.000778 0
605 422 640 463 0.000773 0
199 211 208 226 0.000771 0
1066 199 1077 222 0.000771 0
692 423 703 441 0.000768 0
83 64 338 233 0.000760 0
62 155 86 190 0.000759 0
1093 448 1104 470 0.000757 0
1008 468 1016 479 0.000754 0
264 208 275 239 0.000753 0
1143 504 1151 510 0.000751 0
1263 186 1279 242 0.000750 0
666 207 677 230 0.000745 0
632 193 646 213 0.000738 0
386 198 396 206 0.000738 0
925 440 934 455 0.000732 0
936 430 944 441 0.000731 0
735 681 753 703 0.000730 0
207 394 224 417 0.000729 0
704 412 720 457 0.000728 0
1071 444 1081 457 0.000724 0
1110 393 1123 407 0.000721 0
1217 195 1257 234 0.000718 0
605 156 622 184 0.000716 0
469 196 480 215 0.000712 0
310 64 484 289 0.000710 0
883 453 929 485 0.000709 0
1088 188 1106 211 0.000707 0
314 65 453 352 0.000704 0
609 359 624 376 0.000702 0
862 435 937 485 0.000701 0
311 64 640 360 0.000700 0
864 422 887 454 0.000700 0
638 678 658 703 0.000699 0
1201 188 1218 217 0.000694 0
984 206 1016 251 0.000688 0
386 64 497 231 0.000687 0
1242 455 1260 471 0.000681 0
999 384 1023 408 0.000679 0
1106 199 1133 227 0.000678 0
711 195 726 229 0.000677 0
734 441 758 466 0.000676 0
1118 437 1146 471 0.000676 0
974 200 984 215 0.000676 0
1126 445 1136 473 0.000676 0
1109 453 1119 471 0.000675 0
765 431 774 444 0.000674 0
1240 457 1253 471 0.000672 0
1219 422 1233 433 0.000671 0
1187 496 1220 513 0.000671 0
605 359 624 391 0.000667 0
366 65 497 217 0.000664 0
799 409 810 422 0.000661 0
1173 489 1185 503 0.000659 0
1112 458 1120 473 0.000658 0
1240 413 1247 425 0.000656 0
579 406 592 435 0.000655 0
406 251 413 271 0.000654 0
739 200 749 215 0.000654 0
1023 424 1033 440 0.000653 0
604 360 623 376 0.000649 0
973 208 985 228 0.000648 0
1037 448 1048 465 0.000647 0
857 400 864 412 0.000647 0
1096 200 1164 259 0.000645 0
253 196 267 241 0.000643 0
98 64 343 206 0.000642 0
881 190 913 244 0.000642 0
606 358 628 426 0.000639 0
857 432 871 450 0.000638 0
625 192 635 201 0.000637 0
1039 184 1049 220 0.000635 0
860 424 884 455 0.000634 0
304 64 462 205 0.000634 0
1151 451 1160 470 0.000633 0
903 336 924 347 0.000631 0
533 196 555 216 0.000627 0
1153 440 1167 461 0.000627 0
1040 411 1049 425 0.000626 0
679 384 688 397 0.000626 0
718 420 757 471 0.000625 0
1159 426 1168 440 0.000625 0
682 200 692 216 0.000624 0
1179 216 1216 265 0.000622 0
265 204 273 224 0.000622 0
1091 455 1104 471 0.000620 0
1070 454 1082 470 0.000620 0
1176 344 1197 359 0.000620 0
978 202 1003 248 0.000620 0
1121 201 1141 244 0.000618 0
999 517 1008 536 0.000618 0
0 64 63 334 0.000617 0
1218 194 1275 264 0.000615 0
1015 484 1024 494 0.000614 0
898 415 912 425 0.000612 0
429 222 439 230 0.000612 0
1215 423 1227 434 0.000612 0
1198 189 1219 223 0.000611 0
1156 471 1168 479 0.000611 0
1199 229 1226 260 0.000608 0
1151 497 1168 509 0.000608 0
199 209 208 225 0.000608 0
637 662 662 703 0.000606 0
616 358 624 372 0.000605 0
1184 200 1200 220 0.000605 0
1043 411 1057 439 0.000605 0
1222 409 1231 423 0.000604 0
210 196 223 228 0.000603 0
1019 190 1089 251 0.000599 0
1181 164 1203 218 0.000598 0
0 64 36 210 0.000597 0
1247 410 1254 426 0.000587 0
797 418 817 450 0.000581 0
367 207 375 231 0.000577 0
250 207 274 242 0.000576 0
1232 177 1279 380 0.000576 0
0 64 21 212 0.000573 0
996 382 1023 412 0.000572 0
496 81 505 92 0.000564 0
780 423 794 445 0.000562 0
798 417 809 435 0.000562 0
1251 424 1265 440 0.000560 0
726 406 772 463 0.000558 0
908 336 924 377 0.000558 0
153 64 264 220 0.000554 0
1231 470 1242 483 0.000552 0
934 455 943 464 0.000550 0
317 64 368 178 0.000547 0
320 64 518 299 0.000543 0
1080 400 1089 411 0.000542 0
703 419 720 470 0.000541 0
656 426 677 440 0.000538 0
1164 214 1192 250 0.000538 0
1 64 336 244 0.000537 0
1214 369 1231 410 0.000536 0
1013 424 1024 434 0.000536 0
574 397 589 438 0.000533 0
785 319 823 344 0.000531 0
1094 402 1103 429 0.000530 0
1233 411 1240 424 0.000528 0
717 417 737 456 0.000527 0
1047 455 1056 465 0.000527 0
627 200 648 217 0.000527 0
1199 190 1216 217 0.000524 0
663 460 672 471 0.000524 0
968 369 992 408 0.000523 0
983 441 993 455 0.000520 0
1041 419 1056 457 0.000519 0
719 430 740 471 0.000517 0
1172 355 1212 415 0.000514 0
823 329 847 363 0.000512 0
1048 260 1072 333 0.000511 0
908 335 926 348 0.000511 0
933 435 944 452 0.000510 0
367 207 377 221 0.000507 0
1055 189 1063 199 0.000505 0
62 477 81 525 0.000505 0
1176 208 1191 221 0.000504 0
1179 170 1218 261 0.000501 0
594 360 624 392 0.000497 0
654 199 662 216 0.000496 0
1255 426 1264 441 0.000492 0
1039 422 1049 436 0.000492 0
885 199 946 257 0.000491 0
1203 408 1216 439 0.000491 0
968 448 976 460 0.000490 0
976 355 994 390 0.000489 0
826 313 848 343 0.000489 0
820 456 832 471 0.000485 0
912 447 925 457 0.000478 0
829 336 845 362 0.000475 0
1176 411 1183 423 0.000474 0
664 207 680 231 0.000467 0
585 168 597 187 0.000466 0
856 433 930 485 0.000465 0
152 64 441 244 0.000462 0
771 455 796 473 0.000461 0
1005 385 1024 422 0.000459 0
1109 201 1133 228 0.000459 0
1113 393 1128 413 0.000458 0
716 403 767 462 0.000456 0
1175 373 1217 419 0.000456 0
831 476 842 497 0.000455 0
149 64 422 213 0.000455 0
1056 424 1077 465 0.000455 0
1208 506 1215 516 0.000452 0
311 64 368 196 0.000451 0
1261 100 1279 187 0.000450 0
868 326 880 342 0.000447 0
1216 409 1226 424 0.000446 0
1181 496 1202 511 0.000445 0
926 425 934 447 0.000445 0
47 392 64 423 0.000445 0
1008 483 1019 496 0.000445 0
847 180 867 234 0.000444 0
1151 391 1158 399 0.000439 0
1095 439 1103 451 0.000439 0
1232 425 1241 440 0.000437 0
735 685 756 703 0.000436 0
864 448 931 486 0.000434 0
1039 426 1048 443 0.000433 0
1169 376 1187 392 0.000433 0
324 64 506 357 0.000432 0
944 382 955 406 0.000431 0
935 377 946 392 0.000431 0
1251 616 1264 692 0.000430 0
1151 340 1199 394 0.000430 0
942 383 950 393 0.000428 0
1008 374 1024 399 0.000428 0
871 417 890 451 0.000427 0
860 422 934 484 0.000425 0
879 407 887 429 0.000425 0
1232 217 1279 393 0.000423 0
575 366 593 423 0.000422 0
836 450 871 479 0.000421 0
906 336 924 350 0.000421 0
718 394 783 473 0.000421 0
811 459 832 476 0.000420 0
923 345 994 393 0.000420 0
976 448 983 456 0.000419 0
1044 153 1261 282 0.000418 0
431 217 440 225 0.000416 0
666 191 672 216 0.000415 0
1164 471 1181 479 0.000414 0
1063 159 1234 258 0.000410 0
1076 332 1095 361 0.000410 0
574 431 601 473 0.000407 0
959 424 969 452 0.000407 0
159 208 167 223 0.000406 0
1228 345 1270 410 0.000405 0
799 419 818 440 0.000404 0
420 64 497 240 0.000403 0
1191 367 1226 414 0.000402 0
784 319 811 344 0.000401 0
800 413 814 423 0.000400 0
255 64 356 198 0.000399 0
691 191 702 200 0.000399 0
1050 487 1121 506 0.000399 0
1239 478 1249 485 0.000398 0
1247 616 1267 703 0.000398 0
1099 191 1169 257 0.000398 0
671 382 688 424 0.000398 0
989 182 1010 220 0.000397 0
1249 345 1264 364 0.000395 0
623 407 648 425 0.000392 0
817 280 849 344 0.000393 0
567 202 575 215 0.000390 0
1079 407 1088 424 0.000387 0
929 440 944 463 0.000387 0
1119 200 1135 229 0.000385 0
947 348 963 391 0.000384 0
1229 180 1280 341 0.000383 0
1045 412 1063 425 0.000382 0
1253 408 1264 424 0.000381 0
235 204 272 266 0.000381 0
1151 438 1168 472 0.000381 0
175 186 184 205 0.000380 0
879 315 896 344 0.000380 0
1171 211 1190 225 0.000379 0
149 64 508 249 0.000378 0
816 309 848 343 0.000378 0
377 184 396 205 0.000373 0
239 186 263 239 0.000373 0
313 196 333 231 0.000372 0
805 269 849 344 0.000372 0
575 388 592 437 0.000370 0
1218 454 1223 466 0.000370 0
1175 345 1213 390 0.000369 0
807 472 817 477 0.000369 0
333 65 601 326 0.000367 0
910 377 928 409 0.000367 0
436 200 450 226 0.000367 0
65 64 131 200 0.000366 0
318 64 389 185 0.000366 0
830 461 859 479 0.000365 0
661 291 704 370 0.000365 0
1117 442 1137 473 0.000364 0
1 64 159 267 0.000362 0
816 415 847 459 0.000361 0
510 330 521 349 0.000361 0
255 65 338 201 0.000360 0
726 199 745 234 0.000360 0
951 380 976 446 0.000359 0
514 199 541 247 0.000357 0
745 409 785 456 0.000356 0
799 440 817 456 0.000354 0
598 576 613 616 0.000354 0
723 323 744 339 0.000353 0
1025 422 1040 451 0.000353 0
823 487 847 512 0.000352 0
1190 357 1214 391 0.000350 0
593 408 619 435 0.000349 0
245 166 327 377 0.000349 0
1246 677 1263 703 0.000347 0
270 387 287 400 0.000347 0
1247 344 1264 376 0.000344 0
699 455 720 471 0.000343 0
827 333 847 363 0.000343 0
1233 471 1252 484 0.000341 0
688 197 704 278 0.000341 0
917 212 934 248 0.000341 0
255 65 324 167 0.000341 0
207 394 224 424 0.000341 0
1071 423 1081 438 0.000340 0
1151 456 1161 473 0.000340 0
546 174 578 216 0.000339 0
388 185 398 206 0.000338 0
949 381 959 394 0.000338 0
1238 632 1249 675 0.000337 0
1181 395 1200 418 0.000335 0
1168 412 1177 423 0.000335 0
1086 491 1098 504 0.000334 0
595 407 609 424 0.000334 0
537 168 577 217 0.000333 0
1023 426 1033 443 0.000333 0
1191 489 1201 504 0.000331 0
816 415 848 450 0.000330 0
1234 476 1254 508 0.000329 0
815 330 844 362 0.000328 0
925 423 937 453 0.000328 0
246 278 256 295 0.000325 0
1232 303 1279 414 0.000325 0
720 392 798 474 0.000323 0
366 185 375 200 0.000323 0
857 406 864 414 0.000322 0
1111 502 1120 509 0.000321 0
749 436 772 494 0.000320 0
735 676 753 703 0.000320 0
1092 198 1280 260 0.000319 0
990 185 1006 220 0.000319 0
919 396 928 408 0.000319 0
848 398 856 409 0.000318 0
1164 345 1220 416 0.000317 0
933 380 945 409 0.000315 0
1171 391 1189 424 0.000315 0
907 336 926 383 0.000315 0
156 69 216 217 0.000314 0
991 440 1000 455 0.000314 0
1055 423 1064 434 0.000314 0
571 578 589 617 0.000313 0
832 471 848 488 0.000313 0
1263 467 1279 704 0.000313 0
751 317 766 345 0.000313 0
1245 407 1259 424 0.000313 0
906 336 929 385 0.000312 0
950 364 996 425 0.000312 0
557 202 569 216 0.000312 0
315 64 436 165 0.000312 0
1053 193 1064 222 0.000311 0
203 202 226 256 0.000311 0
1023 481 1051 499 0.000310 0
54 65 346 255 0.000310 0
636 644 658 703 0.000307 0
1039 469 1061 496 0.000306 0
641 647 661 702 0.000306 0
1262 91 1279 173 0.000306 0
1070 398 1079 409 0.000306 0
703 454 720 470 0.000305 0
0 81 20 226 0.000305 0
654 200 662 217 0.000304 0
369 202 384 218 0.000304 0
993 382 1019 406 0.000302 0
795 411 841 455 0.000301 0
707 191 731 234 0.000301 0
851 227 871 311 0.000299 0
1057 484 1092 502 0.000298 0
1071 404 1081 423 0.000298 0
1039 457 1048 470 0.000297 0
575 370 592 416 0.000297 0
519 392 529 407 0.000295 0
1135 502 1146 509 0.000295 0
932 422 944 444 0.000294 0
1231 473 1244 486 0.000294 0
1104 605 1112 614 0.000294 0
1228 339 1276 405 0.000293 0
1216 443 1224 456 0.000293 0
159 64 257 178 0.000293 0
917 375 928 407 0.000292 0
591 391 608 424 0.000292 0
1117 443 1134 471 0.000292 0
763 688 816 703 0.000290 0
896 519 903 528 0.000290 0
883 416 908 456 0.000290 0
607 379 621 418 0.000289 0
1261 125 1279 182 0.000289 0
1262 67 1279 277 0.000285 0
816 408 824 419 0.000285 0
1222 166 1256 237 0.000285 0
952 435 963 453 0.000284 0
66 64 129 161 0.000283 0
631 684 653 703 0.000283 0
1159 459 1168 475 0.000283 0
583 407 609 433 0.000283 0
893 439 914 459 0.000283 0
0 129 34 268 0.000282 0
1119 464 1128 474 0.000281 0
1262 168 1279 231 0.000280 0
6 65 81 221 0.000280 0
1072 400 1090 416 0.000279 0
66 64 213 172 0.000279 0
832 473 848 516 0.000279 0
178 64 447 204 0.000279 0
1052 199 1067 233 0.000278 0
909 339 929 406 0.000278 0
1111 190 1127 207 0.000277 0
261 193 327 376 0.000277 0
354 190 367 200 0.000277 0
1111 441 1120 470 0.000276 0
1258 70 1279 276 0.000276 0
457 201 466 216 0.000276 0
907 336 926 355 0.000275 0
591 363 611 415 0.000274 0
66 64 150 197 0.000273 0
1120 64 1153 76 0.000273 0
1100 454 1114 470 0.000273 0
1152 321 1169 360 0.000271 0
927 391 936 403 0.000270 0
1247 461 1264 472 0.000270 0
66 64 171 190 0.000270 0
1055 424 1067 461 0.000269 0
122 64 259 205 0.000268 0
1172 456 1185 469 0.000267 0
927 349 944 390 0.000267 0
697 327 703 340 0.000267 0
911 439 934 456 0.000267 0
980 373 992 409 0.000267 0
1145 196 1190 254 0.000266 0
621 423 638 438 0.000266 0
917 354 1024 407 0.000266 0
722 200 738 234 0.000264 0
1143 386 1153 402 0.000263 0
1103 456 1113 471 0.000262 0
735 678 761 703 0.000260 0
1239 448 1248 456 0.000260 0
462 196 481 303 0.000259 0
630 630 671 703 0.000259 0
773 195 795 234 0.000258 0
947 377 961 405 0.000258 0
1075 388 1089 409 0.000258 0
997 179 1008 206 0.000258 0
122 64 460 260 0.000258 0
1038 468 1078 496 0.000256 0
612 193 721 285 0.000256 0
1151 376 1162 399 0.000256 0
1 64 360 394 0.000256 0
858 325 880 343 0.000255 0
991 412 999 425 0.000254 0
1249 343 1264 360 0.000254 0
591 407 602 421 0.000254 0
1111 440 1119 452 0.000254 0
1061 191 1083 222 0.000253 0
159 209 167 225 0.000252 0
995 382 1023 423 0.000252 0
1230 407 1244 423 0.000251 0
320 626 328 648 0.000251 0
829 435 889 479 0.000251 0
1208 376 1261 424 0.000251 0
1245 340 1268 403 0.000250 0
749 446 794 481 0.000248 0
1223 172 1260 236 0.000248 0
878 474 930 489 0.000248 0
604 577 617 616 0.000247 0
691 236 713 279 0.000246 0
205 199 224 228 0.000245 0
1206 371 1279 426 0.000245 0
631 689 652 703 0.000245 0
0 128 31 326 0.000245 0
1251 425 1268 456 0.000244 0
722 444 769 472 0.000243 0
735 680 792 703 0.000243 0
1065 395 1073 409 0.000243 0
942 359 956 394 0.000243 0
431 520 441 550 0.000242 0
750 440 769 491 0.000242 0
1221 449 1232 472 0.000242 0
847 425 857 454 0.000242 0
102 64 532 266 0.000240 0
779 415 818 453 0.000240 0
1263 618 1279 703 0.000240 0
774 411 784 428 0.000239 0
766 202 789 235 0.000239 0
951 421 965 448 0.000239 0
517 393 536 430 0.000238 0
1071 579 1087 630 0.000238 0
246 65 343 217 0.000237 0
1210 366 1219 389 0.000237 0
564 580 579 618 0.000237 0
980 360 1024 403 0.000236 0
1143 376 1153 398 0.000234 0
812 305 834 343 0.000232 0
731 186 743 215 0.000232 0
1223 370 1279 424 0.000231 0
995 374 1024 400 0.000231 0
362 72 497 243 0.000231 0
347 64 442 201 0.000231 0
1072 423 1089 449 0.000230 0
960 456 976 485 0.000230 0
1214 318 1279 421 0.000230 0
716 369 783 473 0.000230 0
1256 476 1279 704 0.000228 0
114 392 128 403 0.000228 0
804 686 816 703 0.000227 0
300 240 321 314 0.000227 0
1190 460 1200 475 0.000226 0
179 64 464 232 0.000226 0
558 585 569 619 0.000226 0
469 158 562 243 0.000225 0
676 444 703 469 0.000224 0
1058 262 1072 330 0.000224 0
1063 477 1088 499 0.000224 0
831 392 839 407 0.000224 0
1087 408 1096 427 0.000224 0
798 415 831 456 0.000224 0
937 356 975 401 0.000222 0
975 360 1013 397 0.000222 0
767 192 788 234 0.000221 0
550 431 591 455 0.000221 0
928 348 947 388 0.000220 0
865 329 880 343 0.000219 0
212 186 244 250 0.000219 0
207 392 224 412 0.000218 0
895 408 913 432 0.000218 0
1104 254 1140 327 0.000218 0
914 374 1023 420 0.000217 0
716 335 782 472 0.000217 0
1155 476 1169 488 0.000217 0
1072 501 1081 511 0.000217 0
1070 392 1080 406 0.000217 0
578 579 592 616 0.000216 0
1199 400 1214 440 0.000216 0
815 411 831 425 0.000215 0
1023 425 1040 454 0.000215 0
1265 433 1279 463 0.000215 0
270 224 293 295 0.000215 0
244 66 326 187 0.000214 0
1063 404 1076 423 0.000214 0
1014 360 1023 377 0.000213 0
491 391 521 429 0.000212 0
240 250 256 295 0.000212 0
831 393 841 412 0.000212 0
1214 268 1232 313 0.000212 0
208 64 325 228 0.000211 0
641 646 672 700 0.000210 0
963 431 975 452 0.000210 0
927 362 945 394 0.000210 0
1233 275 1279 403 0.000210 0
1134 431 1144 440 0.000208 0
202 371 241 414 0.000208 0
326 64 686 225 0.000208 0
907 327 928 345 0.000208 0
183 191 191 205 0.000208 0
1232 404 1255 424 0.000207 0
1190 409 1201 423 0.000207 0
524 393 542 417 0.000206 0
965 425 975 449 0.000206 0
133 413 143 432 0.000206 0
1073 334 1090 376 0.000205 0
908 336 929 396 0.000205 0
1040 408 1051 423 0.000205 0
927 380 938 392 0.000205 0
1269 408 1279 424 0.000204 0
174 207 183 216 0.000204 0
849 408 938 481 0.000203 0
287 233 321 314 0.000203 0
1136 393 1175 417 0.000202 0
730 433 772 494 0.000201 0
1231 628 1265 703 0.000201 0
799 408 815 422 0.000201 0
1088 406 1097 419 0.000201 0
1025 361 1043 408 0.000201 0
1061 423 1073 437 0.000201 0
751 313 768 344 0.000200 0
768 298 848 343 0.000200 0
35 64 136 213 0.000199 0
1264 534 1279 702 0.000199 0
655 320 686 378 0.000199 0
223 391 240 408 0.000198 0
1225 101 1280 185 0.000197 0
587 390 609 421 0.000197 0
598 429 642 473 0.000197 0
1135 406 1171 424 0.000196 0
895 407 913 440 0.000196 0
1222 446 1232 456 0.000195 0
208 181 225 228 0.000195 0
561 427 596 474 0.000195 0
646 644 656 700 0.000195 0
111 67 219 216 0.000194 0
1055 454 1074 470 0.000193 0
1247 677 1261 702 0.000193 0
997 423 1011 441 0.000193 0
1015 411 1024 423 0.000192 0
538 409 591 434 0.000192 0
1057 436 1074 458 0.000191 0
1006 411 1021 440 0.000191 0
1270 422 1279 446 0.000191 0
1194 657 1214 703 0.000191 0
427 64 498 133 0.000191 0
140 64 504 320 0.000191 0
67 64 194 215 0.000190 0
1262 407 1277 423 0.000190 0
300 66 352 200 0.000190 0
641 595 656 704 0.000189 0
1062 392 1074 407 0.000189 0
777 323 815 393 0.000189 0
732 199 752 233 0.000188 0
910 376 925 408 0.000188 0
1056 436 1075 467 0.000188 0
781 315 799 343 0.000188 0
648 481 655 487 0.000187 0
1135 192 1158 243 0.000187 0
915 425 930 447 0.000185 0
816 418 839 455 0.000185 0
960 198 972 208 0.000185 0
1269 407 1279 443 0.000185 0
918 422 927 436 0.000184 0
769 198 794 236 0.000184 0
632 202 658 223 0.000183 0
574 434 608 473 0.000183 0
823 408 833 416 0.000182 0
799 454 833 472 0.000182 0
1263 407 1279 424 0.000182 0
435 155 586 239 0.000182 0
600 363 659 428 0.000182 0
1128 197 1156 250 0.000182 0
863 333 880 343 0.000182 0
0 64 129 215 0.000181 0
631 201 658 231 0.000181 0
590 370 608 409 0.000181 0
1095 499 1105 510 0.000181 0
286 231 332 382 0.000181 0
440 567 448 584 0.000181 0
64 64 198 161 0.000181 0
421 64 498 157 0.000180 0
1016 336 1024 344 0.000180 0
285 245 322 314 0.000180 0
1224 633 1254 702 0.000179 0
895 323 904 343 0.000179 0
1246 408 1279 441 0.000179 0
1264 439 1279 464 0.000178 0
111 216 120 239 0.000178 0
838 398 847 410 0.000178 0
661 316 688 376 0.000178 0
1208 511 1215 534 0.000178 0
1249 217 1270 236 0.000177 0
65 64 163 158 0.000177 0
665 197 685 231 0.000177 0
991 418 1000 439 0.000177 0
287 270 297 312 0.000176 0
576 371 592 405 0.000176 0
295 223 321 308 0.000176 0
1242 421 1272 460 0.000176 0
547 64 656 219 0.000175 0
1236 633 1250 678 0.000175 0
1246 676 1267 703 0.000174 0
152 71 280 228 0.000173 0
1165 474 1181 495 0.000172 0
720 317 744 334 0.000172 0
1040 390 1082 426 0.000172 0
494 391 517 424 0.000171 0
1169 457 1185 475 0.000171 0
703 337 720 380 0.000170 0
1037 484 1119 506 0.000170 0
612 576 625 616 0.000170 0
872 496 878 503 0.000169 0
703 185 737 225 0.000169 0
97 65 217 175 0.000169 0
946 343 996 394 0.000168 0
1070 411 1080 424 0.000167 0
1127 410 1135 424 0.000167 0
703 347 720 409 0.000167 0
5 64 131 180 0.000167 0
220 374 240 409 0.000167 0
932 182 944 201 0.000167 0
723 200 746 234 0.000165 0
1156 580 1163 588 0.000165 0
174 185 184 207 0.000165 0
832 480 840 495 0.000165 0
803 189 847 239 0.000165 0
1051 64 1155 207 0.000165 0
1041 433 1056 456 0.000165 0
1031 410 1041 425 0.000165 0
344 64 498 178 0.000164 0
157 64 299 215 0.000164 0
782 327 811 360 0.000164 0
520 393 546 430 0.000163 0
886 414 939 460 0.000163 0
656 319 692 379 0.000162 0
781 201 797 238 0.000162 0
667 301 707 375 0.000162 0
1054 391 1064 405 0.000162 0
646 615 656 692 0.000162 0
1093 410 1103 433 0.000162 0
1120 406 1128 423 0.000161 0
284 259 299 313 0.000161 0
125 209 137 228 0.000161 0
899 363 1024 426 0.000160 0
1264 652 1279 703 0.000160 0
256 64 346 170 0.000160 0
111 64 260 169 0.000159 0
1116 438 1134 460 0.000159 0
1239 624 1249 649 0.000159 0
1196 648 1213 701 0.000159 0
1221 456 1232 476 0.000159 0
671 207 685 237 0.000159 0
1204 417 1217 440 0.000159 0
245 200 283 270 0.000158 0
1232 483 1258 510 0.000158 0
576 369 592 399 0.000158 0
972 366 1008 424 0.000158 0
632 678 649 702 0.000158 0
933 390 945 409 0.000157 0
893 272 930 346 0.000157 0
1148 339 1222 416 0.000157 0
1124 471 1163 480 0.000157 0
246 195 369 387 0.000156 0
0 174 6 203 0.000156 0
688 200 716 283 0.000156 0
1266 657 1279 700 0.000156 0
1137 304 1179 377 0.000155 0
1135 375 1160 409 0.000155 0
1073 332 1094 376 0.000155 0
752 201 768 232 0.000154 0
654 648 672 702 0.000154 0
302 243 327 314 0.000154 0
905 347 987 456 0.000154 0
1220 471 1232 483 0.000154 0
1064 410 1074 424 0.000154 0
1200 411 1209 440 0.000153 0
193 187 202 215 0.000153 0
445 201 459 223 0.000153 0
694 325 704 345 0.000153 0
765 152 799 237 0.000153 0
789 329 809 355 0.000153 0
583 64 672 223 0.000152 0
591 362 619 398 0.000152 0
1247 422 1279 452 0.000152 0
753 404 768 419 0.000152 0
788 301 837 344 0.000152 0
319 64 371 107 0.000152 0
599 357 621 375 0.000151 0
705 193 729 233 0.000150 0
803 184 837 217 0.000150 0
1246 377 1279 424 0.000149 0
943 388 955 408 0.000149 0
758 395 768 408 0.000149 0
987 378 1016 400 0.000149 0
1063 434 1112 473 0.000148 0
0 570 16 645 0.000148 0
703 346 717 379 0.000148 0
0 269 35 424 0.000148 0
674 294 706 365 0.000147 0
367 207 378 232 0.000147 0
816 338 846 362 0.000147 0
347 64 497 93 0.000147 0
1117 64 1137 130 0.000147 0
439 567 448 580 0.000146 0
386 184 401 204 0.000146 0
1133 376 1206 424 0.000146 0
1204 421 1271 463 0.000146 0
683 295 704 350 0.000146 0
543 64 592 210 0.000146 0
1025 373 1041 408 0.000146 0
886 413 901 449 0.000146 0
1182 455 1200 472 0.000145 0
576 286 594 325 0.000145 0
3 375 31 424 0.000145 0
1184 444 1190 456 0.000145 0
801 186 812 231 0.000144 0
776 395 783 412 0.000144 0
757 210 767 232 0.000144 0
493 391 525 428 0.000144 0
892 412 935 456 0.000143 0
914 373 928 399 0.000143 0
800 163 815 230 0.000142 0
767 312 798 344 0.000142 0
286 237 324 381 0.000142 0
1262 666 1279 703 0.000141 0
1104 601 1112 614 0.000140 0
1089 398 1101 410 0.000140 0
943 374 977 409 0.000139 0
1168 380 1201 411 0.000139 0
1250 608 1263 688 0.000139 0
0 398 22 455 0.000138 0
585 530 601 567 0.000138 0
530 407 563 428 0.000138 0
908 338 935 390 0.000138 0
62 494 81 582 0.000137 0
716 212 737 241 0.000137 0
832 374 848 391 0.000137 0
824 454 846 476 0.000137 0
992 568 1000 582 0.000137 0
1024 410 1034 425 0.000136 0
1098 318 1120 359 0.000136 0
416 173 438 205 0.000136 0
1020 94 1044 163 0.000136 0
1074 333 1092 363 0.000135 0
1117 64 1158 115 0.000135 0
719 338 738 377 0.000135 0
197 64 325 186 0.000135 0
207 393 225 450 0.000135 0
928 471 944 484 0.000134 0
1025 147 1114 254 0.000134 0
479 334 496 377 0.000134 0
0 160 7 203 0.000133 0
588 529 602 564 0.000133 0
990 180 1002 208 0.000133 0
957 412 970 425 0.000133 0
429 192 450 232 0.000132 0
808 384 815 406 0.000132 0
909 339 934 400 0.000132 0
660 299 710 377 0.000132 0
1160 424 1168 439 0.000132 0
303 150 391 306 0.000132 0
1182 661 1217 704 0.000132 0
901 335 925 350 0.000131 0
821 393 833 413 0.000131 0
990 385 1020 409 0.000130 0
684 325 705 363 0.000130 0
575 281 596 356 0.000130 0
949 439 964 459 0.000129 0
836 408 928 468 0.000128 0
1065 332 1093 376 0.000128 0
824 416 848 456 0.000127 0
831 409 839 417 0.000127 0
1008 93 1046 166 0.000127 0
717 371 852 475 0.000126 0
1241 680 1263 703 0.000126 0
696 475 705 488 0.000126 0
1253 377 1279 492 0.000126 0
600 344 609 361 0.000125 0
491 391 514 423 0.000125 0
747 199 765 218 0.000125 0
878 259 915 345 0.000125 0
719 445 746 471 0.000124 0
735 690 818 703 0.000124 0
911 391 924 409 0.000124 0
1261 387 1279 501 0.000123 0
0 567 16 702 0.000123 0
308 146 356 286 0.000123 0
1126 407 1140 424 0.000123 0
1056 374 1065 387 0.000122 0
576 280 594 321 0.000122 0
1181 406 1197 423 0.000121 0
1265 97 1279 171 0.000121 0
752 191 768 231 0.000121 0
677 460 699 488 0.000121 0
1243 622 1257 680 0.000121 0
1263 64 1279 78 0.000121 0
788 327 829 361 0.000120 0
987 380 1023 445 0.000120 0
67 65 220 228 0.000120 0
526 622 538 647 0.000120 0
533 64 586 217 0.000120 0
534 205 555 221 0.000119 0
1130 319 1177 378 0.000119 0
198 206 226 238 0.000119 0
64 478 78 494 0.000119 0
299 233 322 348 0.000119 0
748 201 767 231 0.000119 0
941 405 976 452 0.000119 0
174 391 215 451 0.000119 0
422 189 454 290 0.000118 0
0 393 32 459 0.000118 0
490 391 549 436 0.000118 0
241 200 334 387 0.000118 0
522 64 957 255 0.000118 0
1050 64 1280 307 0.000118 0
262 64 318 126 0.000117 0
689 342 705 371 0.000117 0
301 236 337 370 0.000117 0
644 291 705 373 0.000117 0
1135 398 1145 408 0.000117 0
1166 460 1184 478 0.000117 0
1053 392 1065 412 0.000117 0
440 189 494 212 0.000117 0
198 210 219 236 0.000117 0
1087 418 1097 432 0.000116 0
306 137 376 291 0.000116 0
652 449 698 489 0.000116 0
547 406 592 434 0.000116 0
1128 423 1169 459 0.000116 0
960 423 975 448 0.000114 0
669 319 696 376 0.000114 0
1149 102 1167 134 0.000114 0
1054 184 1063 199 0.000114 0
850 229 881 303 0.000114 0
637 589 656 700 0.000114 0
1208 520 1215 534 0.000114 0
256 64 370 185 0.000114 0
647 642 656 688 0.000113 0
162 206 179 217 0.000113 0
1137 307 1216 417 0.000113 0
615 471 624 487 0.000113 0
1251 597 1263 677 0.000112 0
576 365 592 393 0.000112 0
322 232 347 272 0.000112 0
1254 606 1264 649 0.000112 0
895 327 904 343 0.000112 0
0 132 35 303 0.000111 0
831 412 906 463 0.000111 0
997 68 1054 177 0.000110 0
722 403 773 434 0.000110 0
1183 505 1196 517 0.000110 0
1113 178 1163 236 0.000109 0
635 688 821 703 0.000109 0
1200 456 1208 470 0.000109 0
431 519 441 542 0.000109 0
741 425 775 506 0.000109 0
1078 439 1132 472 0.000108 0
281 224 322 303 0.000108 0
0 112 67 225 0.000108 0
988 66 1094 229 0.000108 0
1120 430 1137 440 0.000108 0
1263 690 1276 703 0.000108 0
159 64 301 183 0.000107 0
240 244 256 285 0.000107 0
317 248 336 353 0.000107 0
655 294 703 377 0.000107 0
897 322 923 345 0.000107 0
1266 318 1279 349 0.000107 0
689 233 713 283 0.000106 0
487 487 495 498 0.000106 0
1143 349 1164 380 0.000106 0
191 370 235 415 0.000105 0
599 461 608 485 0.000105 0
0 203 21 385 0.000105 0
590 362 611 407 0.000105 0
1101 308 1123 362 0.000105 0
671 454 696 488 0.000104 0
244 275 258 317 0.000104 0
15 65 483 340 0.000103 0
846 280 881 343 0.000103 0
510 393 568 430 0.000103 0
578 278 591 290 0.000103 0
151 64 314 92 0.000103 0
805 183 834 196 0.000103 0
214 391 240 409 0.000102 0
38 64 171 152 0.000102 0
1004 432 1024 452 0.000102 0
198 199 209 219 0.000102 0
1270 136 1279 173 0.000102 0
687 351 693 362 0.000102 0
821 390 833 409 0.000102 0
918 386 944 410 0.000101 0
255 376 286 405 0.000101 0
784 187 800 224 0.000101 0
1047 393 1057 416 0.000101 0
1274 159 1279 177 0.000101 0
845 254 865 312 0.000101 0
632 473 639 480 0.000100 0
1238 684 1255 702 0.000100 0
1215 425 1233 439 0.000100 0
848 218 868 250 0.000100 0
1088 256 1163 351 0.857629 1
485 221 522 254 0.763996 1
867 224 914 280 0.185269 1
867 228 892 275 0.180107 1
867 231 889 274 0.135466 1
1059 219 1093 262 0.133270 1
867 223 919 290 0.100128 1
867 221 898 277 0.083727 1
867 226 904 277 0.071527 1
1058 220 1083 261 0.062058 1
1144 228 1160 255 0.058636 1
1057 218 1088 260 0.055760 1
19 223 71 257 0.055632 1
867 228 898 286 0.054002 1
1061 237 1092 261 0.047270 1
1141 228 1156 255 0.043098 1
1057 220 1077 260 0.042018 1
1142 227 1159 260 0.035004 1
487 215 525 252 0.033361 1
47 231 73 256 0.032628 1
48 225 97 256 0.031946 1
858 230 888 280 0.031425 1
1072 244 1092 261 0.029306 1
47 225 73 256 0.028284 1
868 224 928 294 0.026658 1
1064 197 1091 260 0.025868 1
1070 220 1093 260 0.024156 1
890 237 916 289 0.023672 1
3 221 72 258 0.023460 1
1085 222 1100 243 0.022083 1
514 228 532 247 0.021919 1
47 236 71 256 0.020972 1
889 226 915 288 0.020808 1
0 227 72 258 0.019862 1
1084 222 1101 248 0.019798 1
866 225 890 273 0.018828 1
885 232 914 288 0.018335 1
1141 228 1154 251 0.016489 1
518 231 533 247 0.015349 1
865 216 895 277 0.015034 1
22 230 42 257 0.014485 1
19 219 42 255 0.013944 1
1084 223 1103 261 0.013829 1
1044 277 1062 296 0.013346 1
890 235 927 294 0.011679 1
0 231 40 258 0.011631 1
16 230 42 257 0.011572 1
20 217 64 259 0.011467 1
892 263 911 288 0.011429 1
1150 215 1169 254 0.011025 1
516 230 531 247 0.010680 1
887 260 912 288 0.010478 1
49 223 87 253 0.010200 1
1133 223 1156 259 0.009898 1
1152 223 1168 254 0.009351 1
511 220 531 247 0.008955 1
858 232 904 296 0.008665 1
892 252 914 290 0.008659 1
1091 220 1104 248 0.008485 1
873 240 902 287 0.008213 1
1074 241 1094 263 0.008209 1
1044 278 1060 296 0.008160 1
22 228 41 251 0.008064 1
513 225 533 248 0.008039 1
487 212 514 253 0.007157 1
859 228 882 269 0.007088 1
1139 229 1158 261 0.006930 1
58 225 98 256 0.006644 1
1055 221 1069 246 0.006352 1
0 224 44 259 0.006310 1
859 231 888 269 0.006267 1
1142 241 1158 261 0.006249 1
889 223 922 288 0.006056 1
1092 223 1103 247 0.006054 1
861 431 889 456 0.005674 1
1044 261 1070 297 0.005479 1
1135 226 1154 241 0.005421 1
949 273 960 301 0.005298 1
1039 225 1076 262 0.005119 1
1088 221 1104 253 0.004923 1
53 224 95 240 0.004339 1
894 242 928 296 0.004161 1
893 256 920 297 0.004065 1
1044 272 1063 296 0.003899 1
18 223 72 275 0.003814 1
1044 219 1094 298 0.003803 1
893 260 914 303 0.003468 1
66 225 96 237 0.003426 1
1055 220 1067 241 0.003393 1
74 233 99 256 0.003258 1
869 220 928 310 0.003209 1
74 225 100 257 0.003055 1
1153 312 1168 352 0.003036 1
1131 228 1156 258 0.002914 1
119 235 195 263 0.002817 1
25 215 42 252 0.002718 1
1044 250 1072 297 0.002643 1
108 236 160 256 0.002637 1
0 227 74 280 0.002569 1
78 237 99 257 0.002568 1
503 227 530 254 0.002403 1
1046 214 1105 301 0.002384 1
1136 310 1168 352 0.002354 1
875 260 920 299 0.002301 1
514 220 533 247 0.002295 1
1042 226 1074 297 0.002194 1
76 236 160 260 0.002186 1
1023 272 1062 333 0.002154 1
1044 263 1077 301 0.002049 1
74 234 193 264 0.002047 1
1088 274 1113 303 0.002039 1
871 223 958 307 0.001979 1
104 236 160 264 0.001920 1
18 214 43 253 0.001863 1
1117 254 1163 351 0.001844 1
1112 250 1148 291 0.001837 1
931 273 960 302 0.001837 1
924 272 960 302 0.001815 1
1026 271 1079 336 0.001778 1
0 236 34 258 0.001759 1
1043 271 1072 332 0.001743 1
1152 317 1169 359 0.001730 1
1046 276 1071 297 0.001707 1
861 201 941 282 0.001695 1
1095 211 1107 246 0.001663 1
867 261 960 303 0.001623 1
1058 219 1095 267 0.001610 1
110 218 173 256 0.001483 1
1130 222 1153 240 0.001477 1
109 216 164 255 0.001477 1
75 225 96 237 0.001473 1
1088 272 1116 328 0.001457 1
12 231 45 266 0.001451 1
1112 254 1139 269 0.001402 1
850 228 897 301 0.001401 1
16 229 47 270 0.001394 1
20 214 59 255 0.001370 1
0 239 15 257 0.001356 1
77 231 117 257 0.001343 1
1107 255 1147 323 0.001315 1
1093 307 1168 352 0.001311 1
1155 309 1168 346 0.001304 1
1164 222 1175 246 0.001251 1
0 241 7 257 0.001246 1
5 223 41 254 0.001171 1
116 237 157 254 0.001165 1
1132 255 1162 349 0.001150 1
1093 278 1161 350 0.001129 1
1094 261 1160 348 0.001077 1
159 237 193 263 0.001069 1
906 270 953 302 0.001029 1
1143 314 1168 352 0.001022 1
924 275 961 309 0.001007 1
1034 255 1113 339 0.000999 1
2 224 77 293 0.000996 1
29 224 104 276 0.000975 1
115 222 181 258 0.000973 1
852 219 893 280 0.000972 1
0 232 44 282 0.000969 1
1119 224 1158 273 0.000962 1
1119 256 1158 331 0.000950 1
896 269 930 312 0.000945 1
0 184 60 261 0.000938 1
894 262 923 312 0.000935 1
1134 285 1167 351 0.000927 1
884 271 960 307 0.000925 1
41 223 194 263 0.000923 1
859 176 951 286 0.000920 1
33 229 206 276 0.000918 1
1163 221 1175 251 0.000898 1
1119 271 1163 351 0.000898 1
1041 277 1060 296 0.000891 1
1088 272 1125 343 0.000888 1
1024 217 1071 260 0.000881 1
31 230 176 261 0.000873 1
157 227 208 261 0.000847 1
51 217 70 245 0.000839 1
1137 226 1187 263 0.000835 1
21 215 71 252 0.000834 1
0 229 29 285 0.000816 1
851 218 909 298 0.000800 1
848 219 924 309 0.000789 1
860 255 925 301 0.000785 1
102 221 195 264 0.000776 1
1113 254 1146 309 0.000769 1
1021 273 1069 334 0.000765 1
908 269 949 297 0.000754 1
1089 254 1141 326 0.000733 1
34 232 74 276 0.000709 1
1039 227 1158 340 0.000706 1
1099 254 1145 308 0.000700 1
1099 281 1137 337 0.000700 1
1082 232 1174 295 0.000697 1
1127 256 1160 334 0.000692 1
113 237 163 263 0.000690 1
1044 276 1061 317 0.000686 1
1028 266 1122 345 0.000683 1
196 222 227 260 0.000679 1
18 211 72 258 0.000675 1
926 273 959 298 0.000674 1
52 217 78 239 0.000674 1
1088 274 1114 338 0.000668 1
1091 251 1145 307 0.000665 1
12 227 79 293 0.000664 1
903 270 930 311 0.000664 1
1043 274 1061 332 0.000663 1
15 227 72 282 0.000657 1
1030 273 1061 334 0.000653 1
510 230 544 254 0.000613 1
46 233 75 271 0.000613 1
332 234 352 256 0.000590 1
84 236 194 268 0.000577 1
131 215 147 237 0.000574 1
909 277 954 311 0.000562 1
1150 223 1188 255 0.000559 1
165 219 226 261 0.000554 1
1044 247 1117 302 0.000551 1
191 226 228 262 0.000538 1
856 230 879 280 0.000532 1
1119 260 1148 313 0.000527 1
894 264 912 312 0.000522 1
1134 279 1164 345 0.000516 1
857 231 873 274 0.000511 1
1054 234 1098 296 0.000507 1
1103 280 1130 325 0.000507 1
133 218 160 239 0.000505 1
1042 247 1107 298 0.000503 1
137 222 195 261 0.000493 1
1023 268 1064 297 0.000487 1
1027 237 1164 346 0.000480 1
65 218 195 265 0.000478 1
96 236 196 275 0.000477 1
795 221 1013 343 0.000469 1
1136 303 1164 351 0.000468 1
871 205 970 300 0.000460 1
517 233 544 252 0.000453 1
484 205 523 254 0.000453 1
1136 312 1162 351 0.000443 1
1067 218 1204 272 0.000443 1
1024 284 1107 340 0.000434 1
1115 254 1148 286 0.000431 1
1150 321 1200 360 0.000429 1
1034 319 1058 334 0.000421 1
476 203 515 252 0.000411 1
644 185 977 347 0.000407 1
190 230 225 262 0.000406 1
1020 222 1098 298 0.000398 1
1047 231 1102 299 0.000396 1
1090 284 1139 344 0.000391 1
1114 253 1149 334 0.000385 1
14 207 81 258 0.000381 1
50 217 95 240 0.000381 1
1093 276 1142 342 0.000378 1
1104 255 1143 319 0.000371 1
834 430 889 476 0.000364 1
475 216 520 254 0.000362 1
158 226 222 272 0.000356 1
891 210 942 292 0.000356 1
1034 320 1054 334 0.000352 1
641 267 1030 386 0.000348 1
192 223 239 262 0.000347 1
516 231 543 250 0.000347 1
969 213 1234 320 0.000346 1
851 197 887 279 0.000340 1
1085 230 1191 299 0.000337 1
1131 309 1163 352 0.000326 1
1066 240 1104 281 0.000326 1
1152 308 1179 351 0.000316 1
1022 275 1060 303 0.000310 1
1020 242 1069 297 0.000309 1
123 207 148 238 0.000308 1
138 221 170 241 0.000306 1
1096 265 1132 321 0.000304 1
1039 321 1055 334 0.000290 1
1105 264 1137 335 0.000290 1
134 213 147 234 0.000288 1
865 217 1270 348 0.000288 1
1151 309 1183 361 0.000288 1
1117 255 1146 328 0.000287 1
756 436 881 479 0.000283 1
899 271 934 312 0.000276 1
1135 271 1162 334 0.000275 1
1149 299 1168 343 0.000275 1
1093 284 1149 346 0.000273 1
59 236 104 268 0.000269 1
334 236 352 256 0.000269 1
1030 313 1088 348 0.000264 1
763 251 823 281 0.000263 1
1134 320 1161 352 0.000263 1
641 197 1098 385 0.000261 1
1024 319 1054 333 0.000259 1
1042 265 1109 301 0.000254 1
1043 266 1116 308 0.000248 1
108 222 133 256 0.000245 1
949 273 968 303 0.000240 1
1095 294 1146 348 0.000239 1
130 209 153 238 0.000237 1
468 213 589 288 0.000233 1
1072 207 1257 283 0.000229 1
712 195 1273 358 0.000227 1
854 190 1001 296 0.000226 1
1023 319 1055 336 0.000224 1
476 223 519 254 0.000222 1
1129 259 1155 309 0.000220 1
69 217 96 238 0.000219 1
331 203 354 256 0.000215 1
895 270 917 312 0.000213 1
403 176 563 259 0.000213 1
1052 240 1110 300 0.000211 1
192 236 223 263 0.000208 1
1091 251 1170 340 0.000207 1
1152 339 1198 364 0.000200 1
1018 227 1072 320 0.000196 1
71 223 120 258 0.000195 1
1 67 169 275 0.000191 1
913 283 945 312 0.000189 1
5 238 206 293 0.000188 1
58 249 90 265 0.000187 1
0 202 224 308 0.000180 1
1023 275 1059 297 0.000178 1
867 259 914 316 0.000178 1
0 174 203 313 0.000177 1
928 282 948 312 0.000175 1
476 198 511 229 0.000175 1
863 237 898 300 0.000169 1
0 207 56 261 0.000168 1
203 198 252 264 0.000166 1
917 213 941 252 0.000163 1
806 257 835 283 0.000162 1
1075 328 1097 362 0.000161 1
793 198 1264 331 0.000155 1
1118 235 1197 298 0.000149 1
1121 250 1156 286 0.000146 1
950 246 961 254 0.000141 1
768 254 813 281 0.000133 1
1087 286 1115 342 0.000133 1
124 205 148 233 0.000131 1
479 242 502 254 0.000129 1
867 234 963 346 0.000126 1
1120 255 1156 304 0.000124 1
952 205 1141 273 0.000122 1
1045 268 1117 338 0.000121 1
703 210 1108 376 0.000120 1
42 191 106 257 0.000119 1
761 254 832 295 0.000117 1
935 274 961 314 0.000116 1
1028 319 1079 369 0.000113 1
0 90 228 278 0.000112 1
1035 304 1073 336 0.000112 1
763 255 830 281 0.000112 1
947 227 1276 349 0.000109 1
1021 318 1072 364 0.000105 1
474 224 572 257 0.000104 1
0 214 280 320 0.000101 1
630 373 658 395 0.196644 2
855 176 955 224 0.049153 2
631 377 658 396 0.028497 2
838 176 960 245 0.022683 2
855 177 952 207 0.020826 2
849 471 867 479 0.019175 2
849 176 956 236 0.016900 2
1104 487 1117 496 0.016900 2
463 422 496 445 0.012661 2
305 188 318 198 0.012502 2
47 400 63 424 0.012416 2
1104 487 1121 497 0.011951 2
47 404 63 424 0.011290 2
999 385 1023 400 0.010941 2
304 185 323 198 0.010479 2
866 176 956 211 0.009885 2
916 473 928 483 0.009522 2
1140 289 1279 418 0.007855 2
832 480 840 486 0.007806 2
823 330 847 343 0.007717 2
1119 488 1136 497 0.007618 2
307 186 323 198 0.007590 2
854 175 986 252 0.007357 2
1005 205 1025 227 0.007165 2
634 374 661 393 0.006155 2
659 375 685 387 0.005732 2
1000 385 1017 399 0.005672 2
463 410 510 445 0.005522 2
495 433 526 449 0.005427 2
462 410 525 449 0.005172 2
1000 385 1013 400 0.005145 2
595 423 610 434 0.005078 2
1001 199 1027 227 0.005054 2
463 426 497 447 0.004841 2
647 456 655 461 0.004590 2
640 688 671 703 0.004376 2
534 211 541 218 0.004335 2
599 463 608 470 0.004214 2
1167 381 1179 392 0.004165 2
496 436 526 448 0.004064 2
1005 196 1044 227 0.004047 2
648 374 661 390 0.003991 2
488 430 526 448 0.003892 2
861 176 944 203 0.003841 2
1219 498 1232 511 0.003839 2
1005 199 1030 225 0.003807 2
591 448 608 456 0.003382 2
319 216 331 231 0.003308 2
1263 347 1279 368 0.003219 2
655 452 665 462 0.003134 2
463 409 498 445 0.003026 2
1214 495 1232 511 0.003009 2
967 480 988 487 0.002975 2
594 197 650 215 0.002821 2
629 370 654 388 0.002819 2
510 438 528 448 0.002807 2
1003 195 1058 229 0.002792 2
495 429 527 448 0.002741 2
667 453 684 464 0.002718 2
625 373 636 382 0.002655 2
319 204 331 231 0.002651 2
823 503 833 511 0.002609 2
984 200 1042 228 0.002568 2
633 202 652 216 0.002563 2
894 480 909 487 0.002561 2
932 242 946 253 0.002508 2
1023 212 1039 229 0.002341 2
66 399 180 424 0.002330 2
0 400 31 423 0.002312 2
866 176 938 221 0.002305 2
1160 501 1177 510 0.002254 2
902 456 913 464 0.002241 2
623 322 668 371 0.002203 2
984 205 1022 229 0.002200 2
623 322 679 372 0.002184 2
0 392 32 423 0.002181 2
1121 64 1152 77 0.002179 2
1263 318 1279 369 0.002171 2
623 406 661 428 0.002171 2
876 192 956 218 0.002168 2
606 447 624 467 0.002156 2
656 375 690 387 0.002099 2
1263 235 1279 270 0.002098 2
484 201 518 242 0.002085 2
663 454 674 463 0.001983 2
593 446 625 465 0.001962 2
1263 198 1279 269 0.001958 2
866 176 940 230 0.001954 2
591 424 601 433 0.001930 2
640 456 654 461 0.001927 2
640 672 671 703 0.001892 2
1263 247 1279 270 0.001874 2
876 183 955 281 0.001867 2
1177 381 1184 391 0.001859 2
158 416 170 423 0.001855 2
896 477 919 487 0.001851 2
701 200 723 234 0.001850 2
530 427 590 440 0.001839 2
982 456 993 464 0.001829 2
47 395 64 423 0.001817 2
538 425 588 439 0.001816 2
879 480 895 487 0.001795 2
474 409 528 447 0.001778 2
590 447 612 469 0.001728 2
528 208 541 217 0.001713 2
912 191 954 211 0.001687 2
482 198 498 217 0.001657 2
1155 500 1174 510 0.001650 2
1006 186 1056 228 0.001643 2
617 199 646 215 0.001633 2
1138 255 1279 418 0.001613 2
1192 495 1212 504 0.001606 2
500 426 591 440 0.001574 2
507 430 528 448 0.001573 2
611 201 626 215 0.001561 2
109 400 164 426 0.001555 2
590 421 627 466 0.001522 2
457 415 501 443 0.001520 2
76 235 115 257 0.001517 2
1232 504 1240 510 0.001503 2
100 400 174 425 0.001496 2
1150 297 1279 357 0.001485 2
629 373 692 396 0.001476 2
591 448 608 458 0.001464 2
1054 217 1072 239 0.001457 2
589 186 620 214 0.001455 2
593 195 655 216 0.001447 2
539 204 554 217 0.001445 2
858 176 977 232 0.001420 2
912 473 928 487 0.001408 2
480 201 492 217 0.001399 2
1263 364 1279 396 0.001399 2
668 383 685 395 0.001394 2
655 375 688 395 0.001382 2
157 407 176 423 0.001369 2
852 439 869 454 0.001343 2
1196 375 1263 422 0.001320 2
1196 377 1235 421 0.001309 2
429 424 463 442 0.001294 2
1261 168 1279 181 0.001280 2
293 176 307 198 0.001274 2
989 191 1060 228 0.001249 2
511 339 521 349 0.001243 2
1196 374 1270 416 0.001224 2
680 383 688 395 0.001214 2
872 454 930 485 0.001210 2
1183 502 1200 512 0.001208 2
1150 500 1166 510 0.001208 2
653 374 689 391 0.001203 2
988 203 1012 227 0.001198 2
0 392 18 416 0.001189 2
648 423 703 467 0.001188 2
617 407 660 434 0.001180 2
908 197 954 211 0.001151 2
960 480 972 487 0.001145 2
867 179 975 259 0.001142 2
1148 276 1279 357 0.001140 2
734 438 760 459 0.001101 2
913 472 939 484 0.001080 2
595 422 621 434 0.001079 2
90 398 177 424 0.001072 2
1193 380 1233 423 0.001065 2
105 237 158 264 0.001056 2
873 173 990 255 0.001054 2
1192 471 1216 480 0.001054 2
157 401 176 422 0.001043 2
0 393 66 423 0.001032 2
693 200 721 233 0.001031 2
852 439 878 455 0.001021 2
1005 185 1046 226 0.001018 2
159 243 192 276 0.001016 2
247 410 264 424 0.001014 2
0 393 17 410 0.001009 2
294 200 332 232 0.001000 2
1197 471 1216 481 0.000994 2
1264 350 1279 368 0.000993 2
1064 464 1072 470 0.000983 2
154 237 194 274 0.000974 2
157 236 225 278 0.000969 2
1135 408 1169 424 0.000969 2
644 375 689 397 0.000965 2
646 406 673 432 0.000963 2
1263 366 1279 401 0.000958 2
1025 214 1039 230 0.000944 2
494 418 529 447 0.000940 2
1263 366 1279 389 0.000937 2
622 321 661 377 0.000937 2
822 471 831 477 0.000936 2
318 202 334 231 0.000933 2
0 254 323 396 0.000925 2
0 439 8 445 0.000921 2
41 399 107 424 0.000917 2
110 408 127 425 0.000909 2
918 198 954 210 0.000901 2
639 423 651 435 0.000897 2
1105 471 1121 478 0.000883 2
504 328 514 336 0.000881 2
549 176 580 202 0.000879 2
924 454 937 463 0.000869 2
926 241 941 253 0.000863 2
0 395 20 422 0.000861 2
100 401 129 426 0.000860 2
1206 354 1271 415 0.000859 2
1124 64 1152 75 0.000853 2
624 372 659 395 0.000849 2
672 450 695 469 0.000845 2
687 375 696 384 0.000832 2
638 386 673 430 0.000829 2
494 409 513 424 0.000829 2
960 479 979 487 0.000823 2
1218 194 1257 234 0.000823 2
655 450 673 463 0.000812 2
122 236 194 264 0.000809 2
623 315 685 367 0.000809 2
511 427 527 447 0.000809 2
898 472 916 482 0.000801 2
895 207 985 254 0.000788 2
658 449 678 463 0.000785 2
1018 440 1040 456 0.000776 2
108 406 145 426 0.000771 2
738 695 813 703 0.000769 2
1203 376 1233 416 0.000758 2
681 451 703 467 0.000755 2
529 199 549 218 0.000753 2
881 177 950 204 0.000751 2
1200 495 1215 506 0.000747 2
508 426 594 453 0.000743 2
847 439 857 454 0.000740 2
9 398 65 424 0.000733 2
1182 167 1228 218 0.000732 2
309 186 331 199 0.000730 2
494 409 516 427 0.000724 2
898 179 954 210 0.000723 2
998 375 1024 400 0.000718 2
975 456 982 463 0.000717 2
649 432 704 470 0.000716 2
454 203 466 216 0.000712 2
590 204 607 214 0.000708 2
776 471 793 476 0.000702 2
980 183 1044 228 0.000700 2
1156 497 1185 510 0.000696 2
872 439 926 485 0.000692 2
657 425 701 441 0.000692 2
960 204 988 223 0.000690 2
1260 199 1279 242 0.000688 2
1015 441 1025 448 0.000685 2
521 426 591 454 0.000683 2
494 408 548 430 0.000683 2
931 238 946 253 0.000683 2
430 426 461 441 0.000679 2
187 392 224 417 0.000675 2
598 454 625 471 0.000672 2
590 449 608 461 0.000669 2
836 439 848 450 0.000663 2
1263 253 1279 270 0.000662 2
503 311 529 336 0.000662 2
446 405 509 444 0.000661 2
912 208 989 257 0.000657 2
1166 379 1210 404 0.000653 2
1150 471 1164 479 0.000653 2
831 441 841 456 0.000651 2
95 398 184 421 0.000645 2
981 481 991 487 0.000632 2
955 205 992 254 0.000629 2
110 406 129 426 0.000625 2
660 446 703 469 0.000625 2
154 396 217 420 0.000618 2
1091 255 1279 357 0.000618 2
39 400 96 424 0.000616 2
37 401 136 425 0.000606 2
887 197 953 253 0.000603 2
1225 161 1279 181 0.000601 2
1165 295 1279 417 0.000599 2
670 451 709 471 0.000598 2
671 460 682 471 0.000596 2
605 451 624 470 0.000594 2
958 215 996 257 0.000591 2
625 376 674 429 0.000582 2
1126 294 1279 361 0.000581 2
623 321 659 364 0.000580 2
831 440 845 453 0.000579 2
1262 198 1279 235 0.000579 2
833 174 1028 268 0.000577 2
648 419 688 443 0.000569 2
599 319 607 328 0.000564 2
603 375 691 433 0.000559 2
847 439 859 454 0.000558 2
680 453 705 470 0.000555 2
669 424 700 441 0.000555 2
620 407 654 431 0.000553 2
910 196 951 251 0.000544 2
503 312 514 334 0.000544 2
503 312 518 336 0.000540 2
671 385 687 400 0.000539 2
1262 169 1279 187 0.000534 2
1199 371 1279 420 0.000523 2
502 303 531 338 0.000522 2
1124 215 1154 244 0.000520 2
503 312 526 347 0.000516 2
511 423 529 438 0.000514 2
53 400 106 425 0.000512 2
591 452 608 471 0.000510 2
1134 250 1279 355 0.000507 2
596 361 624 387 0.000503 2
157 233 219 265 0.000503 2
499 407 582 433 0.000502 2
58 402 96 425 0.000492 2
1018 439 1040 455 0.000487 2
31 264 48 294 0.000486 2
1231 345 1270 377 0.000482 2
671 455 696 471 0.000475 2
452 306 518 347 0.000475 2
1056 465 1067 471 0.000472 2
464 391 521 438 0.000470 2
625 368 640 382 0.000468 2
452 210 465 222 0.000466 2
1206 375 1273 410 0.000463 2
1262 168 1279 244 0.000457 2
176 396 209 419 0.000456 2
453 307 510 352 0.000455 2
638 375 672 405 0.000452 2
495 408 510 423 0.000452 2
497 409 527 429 0.000451 2
191 392 224 414 0.000450 2
592 361 624 390 0.000443 2
1231 346 1265 376 0.000443 2
604 358 618 372 0.000437 2
0 391 17 408 0.000436 2
61 236 194 269 0.000436 2
497 408 544 433 0.000435 2
976 202 1068 259 0.000432 2
855 136 939 167 0.000430 2
430 423 485 444 0.000429 2
428 423 464 459 0.000426 2
64 406 96 424 0.000425 2
154 395 197 420 0.000423 2
990 358 1024 397 0.000422 2
640 462 649 471 0.000421 2
91 404 132 425 0.000417 2
20 200 36 206 0.000416 2
721 198 740 219 0.000415 2
464 391 508 439 0.000409 2
1223 161 1279 219 0.000407 2
31 258 49 294 0.000404 2
926 228 950 253 0.000399 2
751 695 813 703 0.000397 2
25 398 110 425 0.000397 2
1247 344 1262 357 0.000395 2
129 396 178 420 0.000392 2
463 429 495 446 0.000392 2
1166 370 1214 407 0.000382 2
933 243 956 254 0.000380 2
472 407 497 429 0.000379 2
1190 471 1205 479 0.000376 2
926 202 979 252 0.000372 2
241 446 319 470 0.000368 2
447 422 471 442 0.000367 2
574 382 672 441 0.000366 2
719 335 758 376 0.000364 2
564 201 577 215 0.000364 2
463 416 607 461 0.000364 2
1229 346 1280 406 0.000354 2
1119 64 1134 76 0.000353 2
1102 471 1121 481 0.000351 2
1214 347 1267 383 0.000351 2
621 376 669 433 0.000351 2
478 447 495 454 0.000349 2
904 199 948 250 0.000347 2
603 407 654 436 0.000343 2
192 224 249 266 0.000340 2
719 324 745 338 0.000336 2
636 369 668 390 0.000334 2
1213 344 1271 379 0.000332 2
1167 381 1200 401 0.000332 2
945 455 961 464 0.000331 2
158 223 226 277 0.000325 2
640 382 672 427 0.000325 2
109 399 146 424 0.000324 2
31 402 64 424 0.000322 2
246 407 264 423 0.000322 2
623 320 692 373 0.000319 2
469 437 527 454 0.000319 2
193 245 223 265 0.000316 2
273 184 293 192 0.000316 2
222 407 265 424 0.000315 2
1092 157 1217 241 0.000312 2
197 234 244 264 0.000312 2
1215 369 1280 407 0.000311 2
191 231 226 263 0.000308 2
913 473 942 486 0.000307 2
473 407 510 431 0.000306 2
153 397 226 424 0.000305 2
643 388 674 429 0.000303 2
1217 346 1266 377 0.000301 2
1169 302 1280 353 0.000298 2
947 208 976 254 0.000298 2
190 245 224 277 0.000295 2
643 375 685 405 0.000295 2
503 311 529 342 0.000295 2
1230 300 1279 358 0.000293 2
530 202 559 218 0.000291 2
1160 197 1176 222 0.000289 2
1225 162 1268 181 0.000289 2
51 403 155 425 0.000286 2
1204 373 1279 414 0.000286 2
493 439 528 453 0.000286 2
1167 471 1184 479 0.000285 2
733 682 815 703 0.000285 2
481 446 496 454 0.000284 2
1161 300 1237 354 0.000283 2
991 350 1024 380 0.000282 2
757 688 816 703 0.000282 2
1158 297 1235 362 0.000281 2
174 393 212 424 0.000280 2
192 230 243 263 0.000280 2
803 184 852 239 0.000276 2
176 392 215 418 0.000276 2
1233 301 1279 367 0.000275 2
301 187 332 233 0.000275 2
918 149 987 185 0.000273 2
291 199 333 269 0.000272 2
514 408 609 440 0.000272 2
326 199 385 236 0.000272 2
1215 495 1244 510 0.000270 2
31 255 70 294 0.000270 2
31 396 139 425 0.000269 2
963 199 988 213 0.000269 2
95 398 130 425 0.000267 2
1246 197 1278 235 0.000267 2
169 396 213 424 0.000265 2
623 370 659 403 0.000263 2
0 278 6 293 0.000262 2
957 207 978 223 0.000261 2
1198 307 1279 419 0.000260 2
516 407 559 428 0.000260 2
1233 344 1261 356 0.000257 2
1156 376 1180 394 0.000257 2
944 181 1075 253 0.000256 2
45 439 64 446 0.000256 2
1008 183 1047 220 0.000256 2
872 470 929 489 0.000254 2
442 398 501 445 0.000253 2
902 135 938 152 0.000252 2
821 437 889 479 0.000252 2
467 391 498 407 0.000251 2
862 135 938 153 0.000251 2
0 430 8 445 0.000250 2
191 237 243 273 0.000248 2
533 471 544 480 0.000247 2
10 238 49 288 0.000247 2
182 244 222 278 0.000243 2
294 175 315 198 0.000240 2
192 240 222 268 0.000240 2
989 336 1027 382 0.000238 2
356 217 368 229 0.000235 2
59 254 97 269 0.000235 2
357 218 368 231 0.000235 2
104 246 130 264 0.000233 2
465 391 518 429 0.000232 2
899 440 934 456 0.000232 2
632 354 658 388 0.000232 2
994 169 1066 231 0.000222 2
1212 351 1252 411 0.000221 2
294 196 327 232 0.000217 2
1127 185 1212 253 0.000217 2
327 191 340 200 0.000215 2
990 357 1016 385 0.000214 2
199 236 242 267 0.000213 2
1159 299 1259 350 0.000212 2
1010 426 1026 441 0.000211 2
1246 181 1279 236 0.000211 2
821 328 878 344 0.000208 2
464 397 497 439 0.000208 2
463 427 497 456 0.000206 2
229 205 241 216 0.000206 2
718 315 747 339 0.000204 2
895 136 938 153 0.000204 2
47 403 64 436 0.000204 2
1263 636 1279 703 0.000203 2
31 392 64 424 0.000202 2
453 391 530 446 0.000200 2
329 200 380 241 0.000199 2
58 254 93 278 0.000198 2
719 322 745 347 0.000198 2
1168 302 1234 351 0.000195 2
846 178 912 242 0.000194 2
1215 473 1224 481 0.000193 2
990 344 1009 378 0.000193 2
30 253 89 294 0.000191 2
162 199 287 267 0.000191 2
352 199 386 231 0.000190 2
31 256 54 288 0.000190 2
1148 375 1198 404 0.000187 2
1007 181 1062 229 0.000187 2
1152 271 1237 340 0.000186 2
719 338 750 376 0.000184 2
907 149 988 214 0.000184 2
273 177 311 198 0.000182 2
1136 374 1210 419 0.000181 2
1153 328 1244 388 0.000181 2
924 153 992 192 0.000180 2
624 378 664 426 0.000180 2
1263 463 1279 474 0.000179 2
30 392 225 423 0.000178 2
43 436 82 450 0.000177 2
207 447 239 472 0.000176 2
42 234 188 297 0.000176 2
502 384 677 459 0.000176 2
475 391 507 417 0.000175 2
427 398 491 443 0.000175 2
640 455 658 471 0.000173 2
654 450 673 471 0.000172 2
1153 324 1264 384 0.000172 2
911 146 945 185 0.000172 2
158 218 286 272 0.000171 2
271 181 312 202 0.000171 2
957 175 1063 242 0.000170 2
327 200 355 257 0.000169 2
624 322 679 393 0.000169 2
319 200 355 235 0.000167 2
775 231 788 237 0.000166 2
994 335 1041 360 0.000165 2
418 398 481 441 0.000165 2
397 388 529 442 0.000165 2
45 567 96 591 0.000165 2
1136 388 1194 415 0.000164 2
57 253 106 279 0.000164 2
1170 296 1264 343 0.000164 2
0 281 5 294 0.000164 2
896 155 949 203 0.000163 2
653 363 692 386 0.000163 2
177 392 224 424 0.000163 2
1 283 23 295 0.000163 2
217 205 260 261 0.000162 2
104 252 115 264 0.000160 2
467 391 482 399 0.000159 2
1169 270 1232 314 0.000159 2
1229 292 1279 352 0.000158 2
157 220 253 278 0.000158 2
0 278 22 295 0.000158 2
205 442 273 468 0.000155 2
334 404 385 460 0.000155 2
1182 309 1269 345 0.000154 2
836 327 880 343 0.000153 2
654 367 690 387 0.000153 2
74 569 96 589 0.000153 2
124 234 196 282 0.000153 2
336 406 384 472 0.000152 2
454 306 497 345 0.000152 2
627 356 640 378 0.000152 2
687 357 704 384 0.000151 2
1168 225 1279 369 0.000151 2
38 235 197 310 0.000151 2
917 199 959 251 0.000151 2
862 136 937 172 0.000150 2
227 209 245 232 0.000150 2
1215 356 1227 380 0.000149 2
1050 455 1074 467 0.000148 2
989 327 1034 365 0.000148 2
599 351 624 377 0.000147 2
501 407 598 434 0.000147 2
927 152 944 183 0.000146 2
1161 273 1280 331 0.000145 2
704 302 767 339 0.000145 2
348 197 387 224 0.000145 2
503 317 521 350 0.000145 2
102 239 163 281 0.000144 2
129 392 226 422 0.000144 2
1137 376 1201 414 0.000144 2
866 178 905 241 0.000144 2
915 147 993 207 0.000143 2
362 413 384 452 0.000142 2
574 241 591 247 0.000141 2
33 239 86 282 0.000141 2
1155 293 1242 339 0.000141 2
56 254 105 287 0.000139 2
695 378 704 392 0.000139 2
1243 316 1280 361 0.000139 2
1159 269 1233 335 0.000138 2
937 197 977 210 0.000137 2
79 401 210 436 0.000137 2
1162 329 1229 384 0.000137 2
320 408 337 414 0.000136 2
32 440 64 447 0.000136 2
695 388 704 401 0.000136 2
52 255 89 287 0.000136 2
1259 416 1279 465 0.000136 2
619 321 662 395 0.000135 2
1083 292 1280 358 0.000135 2
825 134 951 204 0.000135 2
31 254 64 282 0.000135 2
1179 297 1256 345 0.000134 2
0 392 65 462 0.000134 2
997 339 1040 360 0.000134 2
57 255 95 286 0.000133 2
1162 327 1232 357 0.000133 2
208 445 252 466 0.000133 2
625 313 702 380 0.000132 2
0 243 194 396 0.000130 2
1003 339 1034 366 0.000129 2
623 314 674 357 0.000128 2
783 414 807 427 0.000128 2
0 397 32 461 0.000127 2
446 423 474 459 0.000127 2
58 404 118 426 0.000127 2
844 133 956 224 0.000126 2
204 240 242 276 0.000126 2
990 344 1007 362 0.000125 2
0 203 325 395 0.000125 2
666 375 711 418 0.000125 2
1168 224 1279 297 0.000124 2
192 243 233 277 0.000124 2
309 191 340 231 0.000124 2
1143 363 1220 421 0.000123 2
0 237 203 342 0.000122 2
1179 344 1265 386 0.000121 2
206 214 261 265 0.000121 2
414 397 480 432 0.000121 2
1011 184 1034 205 0.000121 2
623 319 663 355 0.000120 2
681 376 701 394 0.000120 2
1232 438 1279 467 0.000119 2
96 404 142 439 0.000119 2
222 208 253 241 0.000118 2
173 392 210 413 0.000117 2
236 446 318 474 0.000117 2
447 429 464 457 0.000117 2
1262 249 1279 295 0.000116 2
4 494 87 580 0.000116 2
1225 249 1280 295 0.000116 2
242 446 321 480 0.000116 2
350 198 386 220 0.000115 2
182 246 225 289 0.000114 2
623 323 655 352 0.000114 2
774 459 801 478 0.000114 2
30 392 122 420 0.000113 2
982 177 1046 223 0.000112 2
214 212 264 261 0.000112 2
53 391 123 405 0.000111 2
259 447 320 469 0.000110 2
504 495 529 503 0.000110 2
1160 323 1233 354 0.000110 2
210 186 272 236 0.000109 2
497 318 523 351 0.000108 2
518 407 599 435 0.000108 2
158 208 311 275 0.000107 2
621 354 641 378 0.000107 2
1177 300 1280 341 0.000106 2
623 307 682 356 0.000105 2
923 180 957 206 0.000105 2
797 173 1138 289 0.000105 2
62 403 96 439 0.000104 2
19 514 44 526 0.000104 2
329 199 371 273 0.000103 2
86 392 129 413 0.000103 2
477 322 496 358 0.000103 2
596 474 608 487 0.000103 2
921 136 980 184 0.000103 2
1186 291 1237 320 0.000103 2
32 439 51 446 0.000102 2
74 392 127 405 0.000102 2
1165 272 1280 318 0.000102 2
152 219 291 283 0.000101 2
42 436 88 450 0.000101 2
1096 154 1229 229 0.000100 2
1136 290 1279 418 0.004541 5
1119 262 1279 417 0.001770 5
1221 162 1279 254 0.001669 5
1181 164 1279 268 0.001532 5
1160 168 1279 268 0.001355 5
1091 151 1279 417 0.001285 5
1186 161 1280 240 0.001059 5
829 135 939 166 0.000993 5
1094 201 1278 411 0.000931 5
640 151 1000 376 0.000779 5
640 261 1004 374 0.000606 5
1085 156 1279 292 0.000539 5
640 186 1088 380 0.000529 5
640 239 1037 377 0.000433 5
1233 163 1279 262 0.000385 5
1201 167 1226 215 0.000217 5
1015 207 1279 395 0.000199 5
822 134 940 157 0.000190 5
853 136 938 153 0.000152 5
1208 166 1229 217 0.000138 5
777 268 1279 495 0.003834 6
671 434 1277 494 0.003764 6
641 265 1112 479 0.002799 6
504 166 581 203 0.002709 6
831 455 1278 510 0.002530 6
826 423 1278 507 0.002402 6
661 260 1278 501 0.002332 6
461 408 713 469 0.002227 6
627 406 957 476 0.002226 6
696 438 1276 508 0.002061 6
972 467 1278 511 0.001993 6
807 438 1278 506 0.001787 6
1019 470 1278 513 0.001723 6
458 403 958 474 0.001678 6
512 171 580 204 0.001678 6
689 376 1277 507 0.001486 6
665 431 1231 487 0.001479 6
725 319 1278 503 0.001460 6
658 202 1278 492 0.001417 6
510 153 581 205 0.001403 6
23 434 330 478 0.001362 6
1151 159 1279 268 0.001286 6
843 449 1025 487 0.001257 6
654 384 1271 491 0.001241 6
856 452 1153 487 0.001170 6
655 402 1145 484 0.001107 6
642 266 1022 421 0.001096 6
723 445 1275 515 0.001089 6
921 272 1278 486 0.001008 6
739 436 884 478 0.000985 6
845 432 1024 487 0.000954 6
666 343 1277 498 0.000919 6
640 268 1001 374 0.000908 6
696 432 1042 483 0.000898 6
672 404 1007 482 0.000896 6
1088 158 1279 271 0.000871 6
9 402 336 477 0.000841 6
697 433 987 482 0.000806 6
640 265 1106 425 0.000774 6
640 267 1057 395 0.000760 6
831 135 940 166 0.000748 6
454 283 957 477 0.000643 6
369 408 714 473 0.000623 6
662 432 1272 518 0.000623 6
1005 277 1279 486 0.000565 6
1018 432 1279 511 0.000555 6
720 423 890 478 0.000551 6
1033 264 1279 462 0.000512 6
645 396 1024 478 0.000502 6
0 395 371 478 0.000481 6
826 135 939 173 0.000480 6
668 192 1276 426 0.000475 6
697 166 1273 456 0.000460 6
1021 424 1280 475 0.000439 6
830 134 939 158 0.000433 6
1173 131 1279 270 0.000409 6
718 236 1278 402 0.000408 6
454 337 931 472 0.000359 6
945 238 1279 411 0.000352 6
821 243 1279 414 0.000346 6
862 449 1070 486 0.000340 6
447 377 715 468 0.000324 6
1007 416 1280 472 0.000322 6
549 267 959 482 0.000316 6
0 65 343 403 0.000305 6
1073 144 1280 278 0.000285 6
1069 417 1279 470 0.000247 6
467 164 584 222 0.000240 6
643 422 1001 479 0.000234 6
3 392 339 469 0.000228 6
1101 64 1280 283 0.000224 6
711 185 1270 376 0.000202 6
1078 424 1278 477 0.000202 6
838 408 1122 487 0.000191 6
405 252 944 479 0.000190 6
327 64 715 240 0.000187 6
654 424 1194 533 0.000158 6
422 160 747 231 0.000135 6
863 453 1143 492 0.000132 6
1047 432 1262 487 0.000131 6
353 65 671 219 0.000128 6
818 133 940 163 0.000125 6
252 446 320 470 0.000119 6
0 146 332 396 0.000116 6
864 413 1070 483 0.000115 6
640 413 966 478 0.000112 6
1011 403 1263 472 0.000111 6
702 153 957 239 0.088152 7
847 177 955 232 0.072524 7
588 183 621 213 0.032053 7
801 176 955 238 0.029456 7
707 152 860 238 0.026560 7
698 172 957 238 0.020163 7
802 157 949 239 0.015705 7
707 153 805 236 0.012825 7
1141 294 1279 417 0.011930 7
686 154 960 267 0.009692 7
802 155 858 239 0.005937 7
588 183 655 216 0.005547 7
1186 173 1279 268 0.005026 7
802 184 853 242 0.004491 7
853 177 909 273 0.003889 7
587 183 620 207 0.003769 7
577 184 620 213 0.003679 7
802 174 855 234 0.002979 7
659 152 971 284 0.002811 7
834 170 960 247 0.002310 7
1219 168 1279 268 0.002218 7
640 151 976 321 0.002102 7
1262 194 1279 269 0.002083 7
1183 215 1279 268 0.002009 7
1183 200 1280 267 0.001527 7
802 154 871 238 0.001348 7
849 176 972 274 0.001331 7
862 170 989 254 0.001284 7
586 188 658 218 0.001271 7
1219 171 1279 236 0.001253 7
1108 153 1279 417 0.001214 7
293 199 387 276 0.001088 7
640 152 1018 378 0.001083 7
845 175 938 237 0.000929 7
749 152 803 209 0.000922 7
295 199 332 232 0.000836 7
1220 178 1267 239 0.000826 7
865 176 939 229 0.000809 7
293 199 389 331 0.000779 7
700 134 957 241 0.000752 7
576 177 622 212 0.000711 7
587 171 662 216 0.000698 7
825 133 952 239 0.000695 7
641 151 957 285 0.000676 7
941 206 976 254 0.000578 7
585 184 665 219 0.000520 7
856 435 931 485 0.000509 7
520 179 624 214 0.000502 7
700 152 801 214 0.000457 7
923 204 977 254 0.000456 7
960 468 976 486 0.000445 7
750 133 953 232 0.000436 7
914 455 976 486 0.000419 7
865 176 927 235 0.000402 7
759 152 806 230 0.000400 7
845 133 953 228 0.000399 7
1233 179 1279 235 0.000366 7
959 464 1020 487 0.000340 7
804 165 856 220 0.000325 7
522 166 635 211 0.000319 7
711 153 795 217 0.000312 7
708 303 769 344 0.000309 7
805 161 858 214 0.000284 7
574 166 625 214 0.000276 7
1164 305 1280 355 0.000273 7
920 200 972 254 0.000258 7
1181 163 1233 227 0.000246 7
1180 165 1225 217 0.000237 7
983 169 1066 231 0.000205 7
970 162 1066 233 0.000196 7
700 127 863 233 0.000195 7
714 153 779 234 0.000187 7
750 152 803 233 0.000181 7
1227 175 1280 223 0.000180 7
692 106 958 245 0.000174 7
737 129 873 235 0.000165 7
700 273 853 346 0.000149 7
636 153 958 350 0.000147 7
719 153 802 205 0.000144 7
335 411 387 473 0.000140 7
715 189 757 234 0.000134 7
845 169 942 229 0.000133 7
707 155 752 219 0.000133 7
713 155 752 214 0.000132 7
493 144 938 251 0.000125 7
916 152 1056 230 0.000123 7
640 65 961 253 0.000113 7
817 117 998 258 0.000113 7
179 191 458 365 0.000113 7
668 293 768 349 0.000111 7
912 152 994 218 0.000108 7
704 295 769 345 0.000104 7
797 131 936 239 0.000104 7
1088 150 1103 177 0.536329 9
513 152 524 181 0.328525 9
513 151 525 183 0.139181 9
448 157 490 170 0.087875 9
372 167 382 185 0.055393 9
239 177 247 190 0.051863 9
895 156 906 177 0.049446 9
1088 150 1103 183 0.046440 9
867 152 880 169 0.043274 9
313 151 341 193 0.036776 9
1198 383 1207 415 0.028782 9
1207 172 1215 186 0.027498 9
1198 383 1206 400 0.025132 9
516 191 527 201 0.021922 9
517 192 527 201 0.021740 9
366 167 374 188 0.021534 9
372 167 381 186 0.019225 9
524 183 536 196 0.018443 9
362 167 369 189 0.017966 9
225 183 232 196 0.017313 9
895 152 908 176 0.016999 9
1014 141 1025 168 0.014306 9
448 157 490 181 0.014073 9
111 151 128 164 0.014050 9
239 176 249 192 0.013416 9
257 179 262 191 0.012892 9
559 184 567 194 0.012377 9
966 369 979 391 0.011790 9
552 172 571 199 0.011599 9
257 142 268 160 0.011578 9
512 145 525 182 0.011229 9
553 173 569 199 0.010595 9
522 183 536 198 0.009872 9
867 152 880 177 0.009070 9
1192 383 1206 401 0.008879 9
360 167 368 189 0.008840 9
1192 384 1204 401 0.008818 9
95 152 104 175 0.008576 9
68 168 80 178 0.008558 9
1207 167 1216 187 0.008452 9
863 165 871 183 0.008106 9
863 166 869 183 0.007495 9
1196 382 1216 416 0.007486 9
365 167 374 189 0.007217 9
878 153 890 170 0.006787 9
463 167 472 184 0.006427 9
216 184 224 197 0.006336 9
847 151 858 166 0.006245 9
1088 149 1103 189 0.006049 9
508 169 547 189 0.005974 9
513 167 547 185 0.005950 9
312 149 347 190 0.005605 9
516 191 528 208 0.005500 9
519 183 536 200 0.005433 9
224 182 233 196 0.005234 9
638 160 644 168 0.005150 9
1155 164 1167 184 0.005055 9
638 167 653 184 0.004953 9
1089 150 1110 177 0.004936 9
695 176 703 190 0.004832 9
638 162 653 184 0.004708 9
224 184 232 199 0.004704 9
1013 139 1025 171 0.004673 9
358 167 367 190 0.004603 9
695 176 704 196 0.004555 9
576 180 582 200 0.004348 9
964 359 979 392 0.004338 9
895 151 909 177 0.004307 9
240 166 248 191 0.004293 9
514 191 526 201 0.004253 9
1214 167 1224 188 0.004241 9
1089 150 1106 178 0.004111 9
546 172 581 202 0.004055 9
481 174 496 190 0.004051 9
881 154 895 173 0.003977 9
516 171 546 184 0.003929 9
1203 407 1215 416 0.003858 9
544 168 552 191 0.003818 9
951 346 960 363 0.003710 9
544 168 553 199 0.003679 9
664 153 671 174 0.003669 9
543 169 567 201 0.003651 9
809 79 835 88 0.003582 9
812 77 849 90 0.003536 9
809 77 849 89 0.003507 9
1047 156 1055 169 0.003480 9
520 181 546 199 0.003302 9
556 183 571 199 0.003208 9
626 174 635 197 0.003191 9
513 169 527 200 0.003161 9
663 154 671 173 0.003123 9
217 186 224 203 0.003115 9
1007 137 1024 171 0.003042 9
626 169 635 195 0.003041 9
480 175 496 202 0.003024 9
880 151 896 174 0.002977 9
513 151 544 186 0.002977 9
587 167 593 184 0.002935 9
447 156 490 189 0.002908 9
587 170 593 185 0.002859 9
638 166 655 184 0.002858 9
119 64 160 77 0.002855 9
1191 382 1211 415 0.002825 9
543 189 550 201 0.002788 9
767 100 783 136 0.002744 9
1104 163 1148 186 0.002677 9
1192 163 1202 186 0.002655 9
766 69 784 104 0.002643 9
665 181 671 196 0.002627 9
840 152 850 163 0.002604 9
612 154 623 172 0.002543 9
449 154 490 171 0.002540 9
1182 371 1192 392 0.002535 9
1213 167 1224 201 0.002511 9
961 362 980 395 0.002489 9
813 143 823 153 0.002450 9
67 168 80 200 0.002442 9
1081 173 1088 183 0.002425 9
1229 168 1247 181 0.002375 9
951 346 960 386 0.002345 9
766 69 784 123 0.002335 9
1133 165 1146 185 0.002322 9
1183 359 1192 391 0.002307 9
256 178 262 191 0.002299 9
960 340 968 352 0.002274 9
836 686 848 703 0.002271 9
1214 369 1223 387 0.002265 9
242 216 251 239 0.002243 9
611 152 624 173 0.002235 9
664 329 678 349 0.002205 9
446 157 491 202 0.002186 9
596 149 609 165 0.002174 9
548 171 576 200 0.002168 9
544 168 573 201 0.002137 9
119 64 158 74 0.002129 9
606 176 613 184 0.002111 9
663 292 682 349 0.002107 9
680 170 687 185 0.002099 9
1188 160 1202 186 0.002095 9
866 151 880 171 0.002013 9
627 174 634 190 0.002007 9
876 152 894 177 0.001963 9
693 175 700 191 0.001950 9
1154 160 1168 184 0.001918 9
587 166 603 184 0.001894 9
554 178 579 200 0.001878 9
588 175 602 185 0.001860 9
1171 149 1184 163 0.001850 9
736 135 752 156 0.001841 9
173 64 201 90 0.001834 9
448 158 490 177 0.001789 9
801 142 810 155 0.001761 9
111 137 128 165 0.001750 9
1114 164 1146 185 0.001750 9
885 153 897 177 0.001749 9
510 151 578 204 0.001716 9
1231 97 1250 160 0.001710 9
546 166 579 202 0.001697 9
247 177 258 192 0.001695 9
1097 150 1110 174 0.001695 9
256 128 268 160 0.001694 9
811 159 858 180 0.001687 9
664 308 680 349 0.001682 9
699 130 704 152 0.001680 9
665 328 679 347 0.001673 9
848 182 857 204 0.001671 9
569 136 581 162 0.001653 9
580 64 596 92 0.001622 9
766 69 784 112 0.001617 9
831 141 857 165 0.001558 9
951 344 960 362 0.001517 9
1105 164 1140 186 0.001508 9
698 125 705 152 0.001507 9
119 64 201 87 0.001488 9
681 164 688 183 0.001469 9
767 90 784 135 0.001466 9
373 174 385 200 0.001453 9
1041 155 1054 169 0.001407 9
432 171 446 192 0.001348 9
566 138 581 162 0.001338 9
831 135 861 167 0.001323 9
1207 168 1216 204 0.001311 9
119 64 187 81 0.001308 9
497 149 525 193 0.001281 9
119 64 171 78 0.001280 9
950 346 961 392 0.001279 9
626 168 636 191 0.001277 9
851 291 864 312 0.001244 9
959 135 975 160 0.001236 9
767 104 780 136 0.001227 9
608 153 623 184 0.001223 9
693 121 705 153 0.001223 9
844 118 865 136 0.001215 9
692 168 703 183 0.001201 9
841 119 860 135 0.001199 9
432 170 447 203 0.001191 9
522 182 546 201 0.001185 9
700 117 720 155 0.001163 9
241 176 259 192 0.001162 9
1043 151 1056 169 0.001159 9
312 146 351 191 0.001140 9
352 163 363 191 0.001139 9
992 145 1000 167 0.001135 9
574 135 581 159 0.001128 9
681 179 689 194 0.001122 9
664 327 679 349 0.001119 9
850 282 864 312 0.001107 9
840 119 856 135 0.001094 9
830 686 848 703 0.001069 9
154 64 202 90 0.001057 9
1204 409 1216 423 0.001055 9
410 179 418 202 0.001050 9
849 151 863 167 0.001014 9
1173 97 1200 136 0.001012 9
1011 137 1025 174 0.001006 9
685 295 704 341 0.001003 9
467 150 527 185 0.000996 9
845 151 868 169 0.000991 9
1088 145 1104 177 0.000983 9
502 183 515 201 0.000972 9
166 64 176 75 0.000969 9
612 177 622 185 0.000967 9
220 176 249 194 0.000964 9
653 154 666 175 0.000962 9
606 156 622 180 0.000960 9
1197 385 1214 423 0.000956 9
1014 145 1037 168 0.000953 9
1195 380 1232 424 0.000950 9
654 152 671 175 0.000948 9
975 143 987 153 0.000940 9
223 177 236 195 0.000938 9
1101 138 1110 160 0.000914 9
992 142 1000 169 0.000911 9
414 176 421 203 0.000901 9
1226 166 1247 180 0.000899 9
665 186 671 204 0.000894 9
663 293 678 349 0.000891 9
210 167 218 176 0.000885 9
1179 379 1204 402 0.000882 9
375 163 408 184 0.000881 9
1221 407 1231 423 0.000877 9
569 164 580 179 0.000863 9
1056 151 1065 170 0.000856 9
510 165 579 203 0.000854 9
1043 156 1054 170 0.000852 9
1097 131 1105 158 0.000852 9
341 163 375 192 0.000850 9
1087 168 1102 204 0.000849 9
95 183 101 200 0.000841 9
665 171 671 189 0.000840 9
213 164 221 178 0.000838 9
340 164 352 187 0.000837 9
1076 333 1092 361 0.000836 9
959 135 981 161 0.000835 9
484 146 525 181 0.000835 9
1181 163 1204 218 0.000833 9
46 319 56 343 0.000824 9
595 64 625 92 0.000823 9
566 145 580 162 0.000819 9
491 148 524 183 0.000813 9
659 152 671 174 0.000812 9
294 176 306 197 0.000810 9
801 136 828 158 0.000803 9
606 152 623 173 0.000800 9
809 160 858 189 0.000800 9
1013 135 1041 169 0.000787 9
959 119 968 132 0.000781 9
704 168 711 179 0.000780 9
257 177 271 195 0.000776 9
1184 163 1202 187 0.000773 9
1056 151 1064 163 0.000771 9
588 64 624 93 0.000771 9
832 158 855 173 0.000744 9
312 131 388 195 0.000743 9
1140 164 1154 185 0.000732 9
1024 150 1040 160 0.000731 9
334 184 343 199 0.000731 9
596 142 609 165 0.000725 9
95 152 106 175 0.000725 9
974 189 981 201 0.000724 9
312 71 369 195 0.000722 9
1104 165 1137 188 0.000721 9
690 168 700 182 0.000717 9
1205 98 1225 135 0.000716 9
312 104 384 197 0.000714 9
571 164 581 178 0.000714 9
557 154 580 180 0.000708 9
628 179 638 196 0.000708 9
957 356 980 399 0.000703 9
344 182 353 199 0.000701 9
507 142 551 202 0.000700 9
1088 151 1106 208 0.000695 9
513 142 545 186 0.000687 9
703 173 711 188 0.000686 9
340 166 352 192 0.000673 9
372 157 382 185 0.000672 9
741 144 752 157 0.000668 9
976 143 993 154 0.000667 9
1157 98 1197 137 0.000666 9
853 281 863 307 0.000666 9
626 168 637 193 0.000659 9
1255 625 1263 645 0.000656 9
1184 96 1204 136 0.000655 9
479 335 496 355 0.000648 9
690 170 701 192 0.000647 9
839 152 871 183 0.000639 9
572 178 582 200 0.000636 9
531 408 544 428 0.000636 9
962 136 993 163 0.000625 9
701 121 716 153 0.000615 9
95 151 129 178 0.000609 9
1183 157 1203 187 0.000603 9
803 132 833 157 0.000599 9
720 359 736 376 0.000598 9
1032 149 1056 169 0.000598 9
159 64 182 87 0.000597 9
701 124 714 154 0.000597 9
975 141 993 162 0.000590 9
597 149 611 173 0.000589 9
626 168 637 184 0.000587 9
1209 167 1225 209 0.000582 9
766 69 784 137 0.000580 9
415 175 422 204 0.000579 9
1078 164 1098 184 0.000576 9
701 118 717 128 0.000575 9
959 119 978 134 0.000570 9
1187 163 1211 187 0.000570 9
690 118 703 154 0.000563 9
959 336 969 351 0.000562 9
742 362 750 375 0.000560 9
809 162 855 179 0.000559 9
1254 623 1264 672 0.000555 9
1101 151 1146 186 0.000554 9
830 134 909 168 0.000553 9
994 137 1002 168 0.000552 9
1199 134 1209 177 0.000547 9
1074 149 1102 185 0.000547 9
847 284 863 312 0.000542 9
1182 397 1191 410 0.000541 9
1079 336 1095 360 0.000541 9
701 118 720 128 0.000538 9
601 160 622 185 0.000536 9
67 169 87 177 0.000530 9
1018 150 1040 168 0.000527 9
387 197 396 206 0.000526 9
111 203 121 221 0.000526 9
1207 99 1231 136 0.000518 9
814 148 823 160 0.000515 9
273 185 279 194 0.000514 9
567 142 581 180 0.000512 9
312 146 379 196 0.000506 9
646 157 656 180 0.000502 9
456 183 465 201 0.000496 9
684 167 704 200 0.000494 9
258 173 272 194 0.000494 9
689 118 709 153 0.000492 9
662 291 704 357 0.000492 9
240 176 250 207 0.000490 9
1135 164 1155 185 0.000488 9
256 144 268 175 0.000488 9
695 118 715 182 0.000486 9
447 147 527 171 0.000485 9
95 152 110 177 0.000478 9
1099 124 1141 165 0.000477 9
1144 376 1152 392 0.000476 9
1166 147 1194 184 0.000473 9
811 162 859 185 0.000473 9
399 184 408 202 0.000470 9
158 64 172 74 0.000468 9
991 679 1009 703 0.000462 9
1075 144 1103 183 0.000461 9
1071 576 1081 627 0.000456 9
1134 158 1169 185 0.000455 9
1100 132 1111 162 0.000450 9
1070 71 1087 95 0.000449 9
45 313 57 342 0.000444 9
1198 134 1206 183 0.000443 9
999 135 1009 173 0.000441 9
1097 129 1104 141 0.000441 9
1205 114 1232 166 0.000441 9
991 350 1005 376 0.000440 9
1018 136 1040 162 0.000439 9
638 64 661 83 0.000438 9
161 64 185 76 0.000434 9
574 64 581 93 0.000433 9
695 119 711 179 0.000433 9
1150 104 1165 134 0.000427 9
1154 148 1197 184 0.000426 9
1073 152 1080 168 0.000423 9
371 164 408 185 0.000422 9
432 171 448 197 0.000419 9
690 118 701 141 0.000419 9
959 132 997 163 0.000414 9
938 344 959 387 0.000414 9
1152 157 1197 184 0.000413 9
224 177 245 194 0.000412 9
497 168 519 195 0.000411 9
431 524 440 550 0.000409 9
1071 577 1084 631 0.000409 9
702 153 712 178 0.000408 9
862 112 869 118 0.000408 9
969 175 976 186 0.000406 9
520 407 545 429 0.000406 9
735 359 742 376 0.000405 9
1184 164 1217 195 0.000399 9
932 348 990 393 0.000398 9
1013 111 1042 168 0.000395 9
441 143 532 181 0.000395 9
515 182 550 217 0.000394 9
350 165 366 199 0.000394 9
224 183 233 203 0.000394 9
830 64 839 69 0.000393 9
1225 161 1248 181 0.000393 9
1208 104 1233 163 0.000393 9
712 598 720 615 0.000392 9
959 119 982 135 0.000392 9
838 279 864 312 0.000390 9
1237 630 1249 675 0.000389 9
1150 104 1170 135 0.000388 9
482 164 584 243 0.000387 9
156 64 181 91 0.000384 9
1112 151 1121 161 0.000382 9
940 345 954 389 0.000379 9
241 161 249 185 0.000379 9
1072 156 1095 194 0.000377 9
215 162 222 176 0.000374 9
1190 151 1208 188 0.000374 9
671 153 677 168 0.000373 9
691 118 705 154 0.000368 9
67 167 80 178 0.000363 9
559 133 581 162 0.000362 9
879 406 888 417 0.000362 9
1099 161 1157 187 0.000359 9
193 186 201 202 0.000356 9
416 171 445 204 0.000355 9
1072 147 1095 186 0.000353 9
695 151 708 178 0.000352 9
209 182 221 199 0.000352 9
1206 159 1219 188 0.000346 9
808 67 873 91 0.000344 9
1150 101 1192 136 0.000342 9
999 135 1011 183 0.000340 9
264 193 274 206 0.000338 9
216 176 237 198 0.000337 9
1168 149 1186 167 0.000336 9
464 188 474 208 0.000336 9
1047 172 1057 184 0.000334 9
586 127 598 162 0.000334 9
991 360 1001 378 0.000332 9
223 168 232 176 0.000331 9
1247 345 1264 366 0.000331 9
551 140 580 160 0.000330 9
740 359 751 375 0.000329 9
405 180 417 204 0.000329 9
572 122 581 162 0.000328 9
809 156 855 179 0.000325 9
445 156 517 200 0.000325 9
589 159 606 182 0.000324 9
991 348 1003 365 0.000324 9
1166 375 1184 393 0.000324 9
1169 143 1185 166 0.000323 9
1071 74 1087 96 0.000322 9
39 317 56 345 0.000321 9
585 119 598 163 0.000314 9
574 64 586 91 0.000311 9
460 179 479 199 0.000311 9
816 345 827 361 0.000311 9
969 123 981 136 0.000310 9
126 175 132 187 0.000309 9
1044 154 1057 182 0.000309 9
446 156 506 197 0.000308 9
950 341 969 382 0.000308 9
1055 116 1066 129 0.000307 9
896 144 933 180 0.000307 9
593 139 626 172 0.000306 9
587 130 606 164 0.000304 9
39 328 50 345 0.000304 9
1214 98 1233 140 0.000303 9
1098 159 1115 189 0.000303 9
594 146 608 164 0.000301 9
1121 64 1153 77 0.000300 9
588 165 622 186 0.000300 9
98 150 129 169 0.000300 9
832 148 849 163 0.000299 9
801 143 811 159 0.000298 9
1071 576 1081 615 0.000298 9
831 134 874 167 0.000298 9
929 350 944 380 0.000297 9
545 265 558 280 0.000296 9
230 130 241 146 0.000296 9
1238 632 1249 667 0.000292 9
597 134 606 144 0.000291 9
638 151 646 168 0.000291 9
1188 149 1205 186 0.000289 9
371 158 408 184 0.000286 9
1238 624 1249 662 0.000285 9
1198 129 1227 193 0.000285 9
294 199 320 232 0.000283 9
795 133 832 156 0.000283 9
928 352 939 377 0.000283 9
1021 111 1041 163 0.000282 9
854 112 870 136 0.000281 9
776 408 783 415 0.000279 9
833 687 849 703 0.000279 9
543 154 581 191 0.000279 9
833 163 872 187 0.000278 9
351 157 366 191 0.000277 9
638 166 654 187 0.000277 9
1102 157 1152 186 0.000277 9
863 136 915 170 0.000277 9
478 335 496 377 0.000277 9
257 142 272 174 0.000274 9
1201 130 1218 167 0.000272 9
48 184 64 206 0.000272 9
697 174 710 200 0.000272 9
804 143 828 160 0.000271 9
1161 377 1167 385 0.000271 9
255 108 268 161 0.000270 9
210 110 288 231 0.000270 9
575 74 583 94 0.000267 9
110 130 128 166 0.000266 9
546 267 559 280 0.000266 9
981 351 993 361 0.000263 9
120 64 187 92 0.000262 9
928 345 952 383 0.000261 9
1072 578 1088 631 0.000261 9
1180 164 1228 221 0.000258 9
99 178 109 200 0.000257 9
975 168 992 185 0.000257 9
349 147 377 190 0.000257 9
67 169 97 200 0.000257 9
450 151 528 172 0.000256 9
248 193 256 206 0.000255 9
1101 129 1142 164 0.000255 9
809 169 856 190 0.000252 9
855 136 940 154 0.000252 9
1073 150 1081 167 0.000251 9
600 344 609 359 0.000251 9
544 140 551 154 0.000248 9
806 366 815 391 0.000248 9
585 159 606 185 0.000248 9
1080 586 1088 605 0.000247 9
997 130 1008 172 0.000245 9
349 150 384 189 0.000245 9
1088 148 1116 181 0.000245 9
1237 344 1265 376 0.000244 9
719 170 729 184 0.000242 9
431 533 440 550 0.000242 9
472 146 526 170 0.000242 9
507 407 546 430 0.000237 9
689 118 705 173 0.000236 9
457 184 463 201 0.000235 9
471 192 481 208 0.000234 9
184 197 191 206 0.000233 9
1098 150 1134 180 0.000233 9
806 367 815 380 0.000233 9
489 142 580 205 0.000233 9
806 64 881 90 0.000232 9
912 166 925 179 0.000231 9
1058 142 1103 184 0.000230 9
259 166 271 179 0.000229 9
1086 132 1145 188 0.000229 9
1242 347 1263 377 0.000227 9
576 78 585 97 0.000225 9
114 155 128 179 0.000225 9
809 74 855 89 0.000225 9
963 118 984 135 0.000222 9
592 64 629 106 0.000221 9
663 291 697 350 0.000220 9
669 150 678 168 0.000220 9
751 83 783 137 0.000219 9
936 344 978 389 0.000217 9
764 279 801 345 0.000216 9
907 95 930 119 0.000215 9
614 152 632 174 0.000214 9
524 393 537 406 0.000214 9
210 117 274 224 0.000213 9
256 163 268 182 0.000213 9
1110 359 1119 369 0.000211 9
304 76 363 199 0.000210 9
847 114 870 136 0.000206 9
789 138 802 153 0.000206 9
433 172 448 205 0.000205 9
55 159 62 170 0.000205 9
799 84 807 100 0.000205 9
1147 158 1202 198 0.000204 9
1001 173 1009 187 0.000204 9
549 140 577 155 0.000202 9
169 64 265 90 0.000202 9
964 135 995 184 0.000202 9
315 108 369 196 0.000201 9
0 142 9 203 0.000200 9
373 153 410 184 0.000199 9
578 64 597 98 0.000199 9
648 169 661 191 0.000199 9
910 95 927 114 0.000199 9
998 103 1026 137 0.000197 9
799 124 833 138 0.000196 9
239 175 273 241 0.000196 9
430 173 450 205 0.000195 9
833 77 849 98 0.000194 9
95 174 108 201 0.000194 9
930 375 945 391 0.000193 9
1240 619 1263 687 0.000193 9
1148 328 1198 401 0.000192 9
1212 150 1225 162 0.000191 9
578 301 593 317 0.000190 9
913 150 928 178 0.000190 9
111 201 121 219 0.000190 9
1190 96 1203 133 0.000188 9
1046 127 1107 190 0.000188 9
806 135 834 159 0.000188 9
485 176 518 217 0.000187 9
1147 118 1196 175 0.000187 9
1101 163 1139 209 0.000187 9
1196 96 1217 136 0.000186 9
1056 152 1065 179 0.000186 9
362 152 410 185 0.000185 9
314 85 333 158 0.000184 9
850 89 859 106 0.000184 9
624 64 638 72 0.000184 9
1059 273 1071 331 0.000184 9
550 146 574 161 0.000181 9
110 202 120 228 0.000181 9
38 312 56 344 0.000180 9
1056 73 1072 88 0.000180 9
1101 167 1133 208 0.000180 9
524 139 544 183 0.000179 9
444 163 562 219 0.000179 9
1119 64 1135 77 0.000179 9
118 64 203 96 0.000179 9
372 158 432 204 0.000178 9
617 151 631 169 0.000177 9
1254 611 1263 646 0.000177 9
632 166 657 206 0.000176 9
698 117 719 165 0.000176 9
1107 360 1119 377 0.000173 9
575 274 601 344 0.000173 9
1226 99 1255 188 0.000173 9
17 157 25 177 0.000173 9
1118 599 1129 632 0.000173 9
847 177 878 225 0.000173 9
547 151 566 161 0.000173 9
933 339 996 396 0.000172 9
447 151 511 171 0.000171 9
984 679 1011 703 0.000169 9
586 64 627 105 0.000167 9
210 86 322 222 0.000165 9
1087 144 1136 179 0.000165 9
669 290 681 334 0.000164 9
1105 158 1175 186 0.000163 9
576 280 596 342 0.000163 9
797 262 853 345 0.000163 9
1071 72 1089 99 0.000163 9
126 176 132 201 0.000163 9
1051 112 1085 146 0.000162 9
599 174 624 198 0.000162 9
1150 322 1174 375 0.000162 9
287 284 296 312 0.000161 9
100 181 107 202 0.000161 9
583 127 600 163 0.000161 9
666 287 704 344 0.000161 9
1000 99 1042 148 0.000161 9
1204 106 1230 163 0.000160 9
663 294 690 351 0.000160 9
521 134 545 186 0.000160 9
877 135 940 179 0.000159 9
809 128 833 137 0.000158 9
1101 162 1157 230 0.000157 9
1059 115 1130 181 0.000156 9
441 157 493 210 0.000156 9
751 72 784 137 0.000155 9
809 77 852 103 0.000155 9
765 68 796 123 0.000154 9
1079 582 1087 606 0.000154 9
680 155 690 182 0.000154 9
1104 318 1119 364 0.000153 9
480 172 520 204 0.000153 9
1147 130 1194 185 0.000153 9
726 353 749 377 0.000153 9
1071 334 1089 361 0.000152 9
966 130 997 163 0.000152 9
577 131 605 174 0.000151 9
809 79 844 96 0.000151 9
807 74 877 104 0.000151 9
990 340 1009 378 0.000151 9
691 117 701 134 0.000151 9
212 116 325 254 0.000150 9
1123 356 1136 391 0.000150 9
96 150 130 183 0.000149 9
309 64 340 167 0.000149 9
1007 350 1024 377 0.000149 9
1039 170 1053 185 0.000148 9
656 326 680 353 0.000148 9
256 84 262 97 0.000146 9
704 157 719 183 0.000145 9
586 118 598 133 0.000145 9
1208 164 1237 213 0.000145 9
655 314 682 353 0.000144 9
526 135 545 179 0.000144 9
1138 326 1192 402 0.000144 9
191 183 202 203 0.000144 9
1148 358 1170 401 0.000144 9
575 274 603 360 0.000143 9
1143 98 1208 182 0.000143 9
230 163 246 180 0.000141 9
1204 97 1223 133 0.000140 9
1117 312 1136 392 0.000139 9
310 90 334 166 0.000139 9
638 132 657 167 0.000138 9
269 186 279 207 0.000138 9
579 64 603 104 0.000138 9
644 150 657 171 0.000138 9
687 356 700 377 0.000137 9
936 342 961 386 0.000137 9
999 330 1008 344 0.000137 9
1098 114 1142 166 0.000136 9
1207 602 1216 626 0.000136 9
1183 553 1192 582 0.000135 9
190 168 230 202 0.000134 9
1208 157 1226 181 0.000134 9
735 624 743 647 0.000134 9
729 119 751 132 0.000133 9
214 143 269 208 0.000132 9
247 163 257 176 0.000131 9
991 123 1002 169 0.000131 9
905 128 912 137 0.000130 9
244 131 255 144 0.000130 9
913 167 928 180 0.000129 9
687 117 708 179 0.000129 9
1212 101 1226 131 0.000129 9
800 295 821 332 0.000129 9
799 76 807 100 0.000128 9
1120 323 1136 391 0.000128 9
689 156 700 175 0.000127 9
627 157 646 177 0.000127 9
377 147 408 184 0.000127 9
1245 320 1269 362 0.000127 9
750 67 788 141 0.000126 9
1030 152 1060 185 0.000126 9
443 178 469 205 0.000126 9
628 64 640 75 0.000125 9
800 132 850 161 0.000125 9
1075 177 1095 202 0.000124 9
546 64 560 77 0.000124 9
469 179 486 200 0.000124 9
474 145 526 165 0.000123 9
1242 621 1261 685 0.000123 9
1210 159 1251 185 0.000122 9
1026 336 1040 360 0.000122 9
975 302 995 321 0.000122 9
564 122 580 161 0.000122 9
358 149 371 174 0.000121 9
213 81 339 242 0.000121 9
805 287 840 343 0.000121 9
1102 299 1137 393 0.000120 9
1159 146 1202 185 0.000120 9
753 276 801 345 0.000120 9
416 164 440 203 0.000120 9
310 78 416 200 0.000120 9
1200 135 1212 167 0.000119 9
311 109 324 158 0.000119 9
63 146 80 172 0.000119 9
62 153 79 171 0.000118 9
98 177 110 202 0.000118 9
1001 124 1125 229 0.000118 9
17 157 26 183 0.000117 9
809 79 835 97 0.000117 9
925 347 944 381 0.000116 9
801 296 827 339 0.000116 9
1151 323 1186 392 0.000116 9
1118 141 1139 156 0.000116 9
686 115 714 217 0.000116 9
991 336 1008 372 0.000115 9
430 157 487 199 0.000114 9
459 143 522 171 0.000115 9
751 109 782 137 0.000114 9
1029 341 1040 360 0.000114 9
717 156 731 186 0.000114 9
398 97 561 183 0.000113 9
1099 112 1130 162 0.000111 9
1087 161 1120 213 0.000111 9
1106 319 1136 392 0.000110 9
310 107 337 186 0.000110 9
831 373 848 391 0.000110 9
446 151 544 204 0.000108 9
788 113 837 136 0.000108 9
1105 141 1144 164 0.000108 9
809 126 834 137 0.000108 9
1080 130 1105 178 0.000108 9
1209 137 1232 163 0.000108 9
694 161 730 205 0.000108 9
273 95 347 212 0.000108 9
662 170 682 194 0.000108 9
1043 107 1114 188 0.000107 9
652 174 666 201 0.000107 9
813 684 842 703 0.000106 9
63 149 79 168 0.000106 9
106 149 139 204 0.000106 9
448 142 532 172 0.000106 9
351 158 408 202 0.000106 9
543 156 579 185 0.000105 9
649 139 672 177 0.000105 9
655 326 680 363 0.000104 9
869 66 889 87 0.000104 9
77 150 106 178 0.000104 9
257 137 318 160 0.000104 9
259 148 283 160 0.000103 9
1246 318 1276 371 0.000103 9
1004 328 1018 345 0.000103 9
111 149 134 165 0.000102 9
64 150 80 178 0.000101 9
443 139 495 173 0.000101 9
206 178 248 216 0.000101 9
990 133 1006 188 0.000101 9
447 143 492 171 0.000100 9
845 78 861 107 0.000100 9
1182 192 1198 216 0.005206 11
1181 188 1200 216 0.003255 11
1051 110 1083 146 0.000684 11
1182 208 1194 216 0.000666 11
