29.03 -4.20 -1.19 1.87 0.59 1.81 -0.841 0.99150 3
36.05 -23.73 -1.02 4.20 1.68 1.64 0.931 0.96713 1
27.67 -4.66 -1.17 2.08 0.61 1.87 -0.848 0.87693 3
43.69 -10.74 -1.25 3.51 1.58 1.50 0.432 0.61242 1
20.25 3.02 0.24 4.26 1.66 1.58 0.791 0.49152 1
27.73 -4.65 -1.17 3.87 1.62 1.59 -0.764 0.38515 1
37.68 -11.24 -1.29 3.56 1.63 1.56 -2.846 0.38416 1
52.37 -8.85 -0.20 4.04 1.72 2.20 0.458 0.28556 1
46.82 -18.91 -1.76 3.80 1.60 1.50 -2.804 0.25627 1
37.71 28.32 -1.43 4.24 1.70 1.83 -0.416 0.16128 1
57.31 -2.36 -1.62 3.67 1.53 1.54 2.910 0.15492 1
33.44 -26.08 -1.64 3.74 1.62 1.55 -0.255 0.15333 1
51.97 -11.18 -1.36 3.79 1.67 1.94 0.639 0.15001 1
31.22 -15.47 -1.38 4.05 1.68 1.74 -2.805 0.14940 1
49.31 -17.44 -1.62 4.00 1.64 1.57 -2.665 0.14833 1
44.13 -36.03 -2.01 3.88 1.60 1.52 2.609 0.14720 1
57.68 -11.29 -0.40 4.25 1.83 1.85 -0.958 0.11770 1
32.31 -11.15 -1.14 0.94 0.48 1.79 1.965 0.07274 2
32.52 -6.49 -0.93 0.79 0.74 1.64 -0.329 0.05160 2
12.76 4.59 -1.25 3.67 1.50 1.49 3.036 0.04098 1
27.42 -4.45 -1.20 0.91 0.60 1.83 -0.800 0.03882 2
21.22 15.28 -2.09 3.65 1.59 1.48 -0.562 0.02695 1
30.57 -17.47 -0.74 3.83 1.64 1.55 0.218 0.02307 1
48.85 -18.11 -1.30 3.91 1.62 1.53 -2.834 0.02109 1
29.67 -6.93 -1.34 4.05 1.65 1.56 -0.263 0.02058 1
38.33 -14.85 -1.20 0.82 0.65 1.80 -0.750 0.01469 2
39.68 -14.75 -1.08 3.69 1.59 1.63 -0.509 0.01385 1
57.48 -47.43 -0.72 3.80 1.58 1.54 -3.057 0.01323 1
18.50 10.04 -1.22 4.53 1.80 1.70 0.972 0.01304 1
31.03 23.11 -1.39 3.80 1.63 1.55 -3.195 0.01261 1
46.22 -19.47 -1.73 3.59 1.57 1.49 -3.011 0.01153 1
15.27 -3.26 -1.15 3.78 1.58 1.56 1.798 0.01088 1
51.74 -7.57 -0.30 4.20 1.68 2.15 0.513 0.01007 1
26.20 12.97 -1.60 3.97 1.66 1.58 2.777 0.01004 1
12.77 5.24 -1.34 3.97 1.46 1.48 -2.609 0.00938 1
30.01 21.12 -1.26 4.03 1.65 1.48 2.812 0.00886 1
14.42 0.56 -1.33 4.36 1.71 1.54 0.240 0.00760 1
24.45 13.67 -1.55 3.84 1.58 1.52 2.536 0.00679 1
30.18 -17.23 -1.11 3.78 1.66 1.56 1.103 0.00619 1
73.74 -22.00 -1.59 3.70 1.43 1.64 -2.428 0.00518 1
37.33 -13.35 -1.58 3.92 1.65 1.56 -1.643 0.00471 1
76.89 19.99 -1.35 4.03 1.67 1.63 0.219 0.00392 1
45.23 14.99 -1.57 3.93 1.62 1.56 2.657 0.00384 1
27.04 -5.67 -1.32 3.47 1.55 1.56 -0.787 0.00383 1
23.12 -18.80 -0.58 4.28 1.61 1.44 2.999 0.00356 1
52.12 9.93 -0.54 3.90 1.63 1.55 -2.925 0.00315 1
19.73 17.11 -1.80 3.85 1.62 1.41 -2.679 0.00311 1
39.18 -15.05 -1.16 3.88 1.61 1.53 -1.174 0.00296 1
64.87 22.94 0.01 0.71 0.60 1.88 0.033 0.00266 2
16.20 -2.24 -1.17 4.00 1.67 1.53 -3.010 0.00259 1
19.89 11.77 -1.18 4.45 1.68 1.67 -1.882 0.00204 1
44.34 3.04 -1.09 0.89 0.62 1.73 -0.988 0.00177 2
16.93 -1.72 -1.46 3.84 1.41 1.50 2.744 0.00176 1
54.87 42.28 0.19 4.18 1.64 1.53 2.699 0.00174 1
15.78 -3.15 -1.18 3.41 1.57 1.52 3.198 0.00156 1
55.99 -3.92 -1.38 3.62 1.57 1.50 -3.288 0.00155 1
41.34 5.42 -0.06 0.84 0.55 1.84 -1.915 0.00140 2
62.48 10.33 -1.18 0.70 0.75 1.91 1.508 0.00132 2
45.61 -24.29 -1.08 0.78 0.52 1.72 2.426 0.00122 2
29.84 -24.17 -0.85 4.33 1.65 1.58 -3.036 0.00121 1
74.34 -22.21 -0.53 3.74 1.59 1.56 -2.694 0.00120 1
12.43 -5.51 -1.26 4.20 1.59 1.50 -3.053 0.00116 1
11.63 0.14 -1.08 3.57 1.49 1.51 -0.527 0.00113 1
23.44 1.88 -1.23 1.66 0.53 1.88 -0.378 0.00112 3
53.65 8.67 -0.39 3.67 1.54 1.55 2.743 0.00108 1
19.63 3.27 0.58 3.81 1.58 2.04 -0.076 0.00107 1
43.35 -17.41 -1.68 4.00 1.61 1.50 -0.005 0.00105 1
14.27 1.12 -1.31 4.49 1.69 1.45 -0.320 0.00098 1
37.54 -13.75 -1.49 4.29 1.62 1.44 -2.987 0.00097 1
57.38 -48.05 -1.06 3.83 1.68 1.64 -3.062 0.00093 1
43.00 -19.06 -1.38 3.88 1.65 1.54 -0.542 0.00090 1
42.60 26.45 2.47 4.05 1.62 1.81 -0.327 0.00088 1
17.93 -4.88 -1.23 4.04 1.40 1.52 -2.547 0.00082 1
19.52 3.80 0.22 3.62 1.69 1.59 0.966 0.00079 1
32.90 -19.94 -1.11 3.91 1.65 1.54 0.451 0.00078 1
34.87 -8.36 -1.45 3.61 1.71 1.57 -1.531 0.00076 1
29.47 -17.52 -0.58 3.82 1.55 1.52 -1.035 0.00070 1
15.59 -2.70 -1.20 3.64 1.41 1.60 2.656 0.00070 1
47.38 -23.58 -1.85 3.85 1.55 1.57 0.479 0.00069 1
20.56 12.06 -1.37 3.77 1.44 1.50 -0.560 0.00064 1
21.67 3.44 -1.56 4.08 1.66 1.49 2.756 0.00064 1
28.59 -13.22 -0.35 3.85 1.40 1.54 2.751 0.00064 1
32.78 -24.66 -2.12 3.84 1.66 1.56 0.416 0.00062 1
29.47 -7.63 -1.31 4.03 1.93 1.48 -0.447 0.00061 1
31.19 -7.72 -1.42 4.26 1.68 1.55 -0.732 0.00055 1
9.55 -6.27 -1.12 4.24 1.69 1.52 -2.858 0.00055 1
30.74 -8.14 -1.39 4.51 1.80 1.54 -0.662 0.00054 1
21.69 15.95 -1.03 4.43 1.88 1.47 2.882 0.00050 1
44.50 -35.65 -1.05 4.23 1.72 1.52 2.605 0.00046 1
12.72 5.14 -1.27 2.91 1.38 1.44 2.900 0.00046 1
71.10 23.87 -1.13 0.67 0.76 1.79 0.599 0.00043 2
18.99 -16.22 -1.14 4.27 1.69 1.47 1.623 0.00042 1
30.34 -6.45 -1.43 3.90 1.76 1.49 -0.372 0.00040 1
15.73 -2.80 -1.18 4.16 1.46 1.56 -2.232 0.00038 1
27.64 1.72 -1.47 4.18 1.81 1.45 2.957 0.00038 1
13.62 0.66 -1.48 4.71 1.59 1.55 0.406 0.00036 1
41.54 -17.15 -1.60 3.39 1.59 1.47 -0.176 0.00033 1
29.32 -8.75 -1.32 4.23 1.62 1.50 -0.259 0.00033 1
55.63 -3.58 -1.34 2.99 1.49 1.53 -2.770 0.00031 1
58.33 5.97 -2.01 3.74 1.71 1.54 2.977 0.00031 1
55.33 -2.59 -0.18 4.14 1.55 1.61 -2.574 0.00031 1
23.34 1.96 -1.29 0.70 0.54 1.79 -0.353 0.00031 2
40.14 27.69 -0.51 4.25 1.54 1.73 -0.193 0.00030 1
27.78 -13.61 -1.41 4.10 1.66 1.46 1.660 0.00028 1
23.13 -16.10 -0.82 3.67 1.60 1.48 2.401 0.00028 1
15.71 -3.67 -1.22 3.30 1.22 1.45 3.145 0.00027 1
32.49 -7.70 -2.30 3.42 1.57 1.43 -0.959 0.00026 1
38.80 -9.86 -1.35 3.60 1.76 1.50 2.679 0.00024 1
15.55 -4.11 -1.16 3.30 1.42 1.44 3.021 0.00024 1
73.41 -49.54 0.17 3.72 1.65 1.71 2.680 0.00023 1
23.51 1.91 -1.43 1.80 0.40 1.88 0.007 0.00023 3
66.13 23.46 -1.10 3.91 1.47 1.57 -3.070 0.00022 1
-0.48 0.34 0.57 4.23 1.64 1.54 3.260 0.00022 1
41.00 -23.64 -0.57 3.92 1.53 1.53 3.339 0.00021 1
24.14 -18.10 -0.91 3.79 1.49 1.56 3.193 0.00021 1
23.41 2.70 -1.92 0.81 0.54 1.75 -0.090 0.00021 2
63.10 22.59 4.01 0.72 0.84 2.07 0.344 0.00021 2
13.47 4.20 -1.33 3.49 1.26 1.48 3.103 0.00020 1
17.28 -0.69 -1.40 4.16 1.72 1.43 0.087 0.00020 1
48.43 23.90 -0.33 0.61 0.38 1.78 -2.859 0.00019 2
11.33 -1.42 -1.70 3.83 1.64 1.41 0.624 0.00019 1
28.56 -7.53 -1.32 4.48 1.77 1.41 -2.381 0.00019 1
31.54 9.75 -1.60 4.33 1.74 1.51 2.731 0.00018 1
23.70 2.03 -1.21 1.75 0.52 1.89 -0.185 0.00018 3
48.78 -17.16 -1.62 4.16 1.67 1.64 -2.639 0.00017 1
30.18 9.71 -1.33 3.73 1.44 1.48 3.027 0.00017 1
30.70 -13.95 -1.21 4.17 1.79 1.64 -2.947 0.00017 1
19.64 -15.40 -1.09 3.76 1.34 1.48 2.254 0.00016 1
20.90 15.36 -1.29 3.99 1.71 1.48 -1.810 0.00016 1
38.58 -10.24 -1.33 3.55 1.96 1.51 -2.297 0.00015 1
35.69 -9.72 -2.22 3.46 1.55 1.44 -0.994 0.00014 1
44.47 -10.10 -1.50 3.96 2.00 1.45 0.789 0.00014 1
28.47 -5.02 -1.23 3.32 1.72 1.75 -0.990 0.00013 1
28.28 -8.04 -1.32 4.16 1.82 1.46 2.521 0.00013 1
23.80 -20.67 -0.54 4.12 1.44 1.54 3.137 0.00012 1
33.31 -22.69 -1.24 3.85 1.87 1.67 0.904 0.00012 1
15.08 -2.87 -1.34 3.33 1.60 1.52 -2.003 0.00012 1
16.63 -5.05 -1.23 3.79 1.59 1.39 -2.689 0.00012 1
38.88 -9.21 -1.03 4.35 1.74 1.66 0.320 0.00011 1
73.87 -29.02 0.15 4.41 1.71 1.55 3.281 0.00011 1
11.35 -1.10 -1.67 3.55 1.53 1.38 0.023 0.00011 1
45.51 14.35 -1.17 4.00 1.88 1.59 2.826 0.00011 1
19.93 -14.21 -0.91 4.21 2.01 1.49 1.275 0.00011 1
17.81 -0.15 -1.40 4.04 1.94 1.49 2.696 0.00010 1
17.94 0.81 -1.35 4.43 1.81 1.54 0.468 0.00010 1
21.18 -15.73 -0.61 3.99 1.58 1.43 2.789 0.00010 1
23.49 2.11 -1.46 0.77 0.54 1.78 -0.292 0.00010 2
15.88 -1.74 -1.25 4.24 1.48 1.52 -2.710 0.00010 1
11.19 -5.70 -1.29 3.48 1.68 1.35 -2.954 0.00010 1
13.68 4.55 -1.29 3.71 1.51 1.47 -2.758 0.00010 1
18.06 -17.06 -0.94 4.08 1.42 1.50 2.070 0.00010 1
26.85 2.28 -1.49 4.11 1.82 1.52 2.566 0.00009 1
57.35 -48.07 -1.13 4.12 1.74 1.59 -1.499 0.00009 1
27.24 -6.76 -1.36 4.18 1.56 1.44 -0.943 0.00009 1
47.24 11.07 -0.18 0.81 0.62 1.87 0.323 0.00008 2
41.10 -10.04 -1.30 3.97 1.68 1.57 0.376 0.00008 1
71.60 -22.27 -0.65 3.73 1.67 1.53 -2.292 0.00008 1
22.95 -14.76 -1.31 3.08 2.16 1.57 2.467 0.00008 1
56.67 23.00 -0.32 0.91 0.45 1.77 2.098 0.00008 2
60.75 17.18 -1.54 0.98 0.52 1.86 1.805 0.00007 2
36.40 -9.22 -1.42 4.39 1.80 1.53 -2.726 0.00007 1
49.00 11.95 -0.11 3.97 1.43 1.74 0.574 0.00007 1
20.52 14.54 -1.27 3.60 1.48 1.40 -2.827 0.00007 1
11.23 -1.56 -1.71 3.72 1.54 1.40 1.310 0.00006 1
28.21 -8.44 -1.36 3.90 1.55 1.43 3.258 0.00006 1
34.15 -9.30 -1.25 1.97 0.53 1.93 -1.472 0.00006 3
34.31 -9.11 -1.25 1.84 0.68 1.95 -1.368 0.00006 3
21.48 15.70 -1.19 3.69 1.88 1.50 -2.423 0.00006 1
12.95 -2.54 -1.07 3.74 1.83 1.51 2.957 0.00005 1
20.87 15.98 -1.91 3.65 1.49 1.46 0.832 0.00005 1
23.52 2.67 -1.36 4.43 1.72 1.79 2.512 0.00005 1
24.52 -14.22 -0.68 3.72 1.81 1.49 2.719 0.00005 1
59.40 -37.28 0.25 3.78 1.45 1.67 -0.237 0.00005 1
35.26 -15.29 -1.64 4.27 1.56 1.55 -2.738 0.00005 1
30.84 2.83 -1.39 4.18 1.74 1.48 2.879 0.00005 1
12.89 5.00 -1.20 3.17 1.31 1.56 -1.953 0.00004 1
26.25 -5.87 -1.38 3.71 1.41 1.40 -0.707 0.00004 1
58.58 -47.88 -1.45 4.27 1.84 1.53 3.063 0.00004 1
76.52 20.81 0.10 4.17 1.48 1.61 0.057 0.00004 1
31.57 19.93 -1.66 4.13 1.86 1.55 -2.950 0.00004 1
34.92 -9.46 -1.33 3.61 2.05 1.52 -1.613 0.00004 1
15.95 -4.72 -1.28 3.68 1.48 1.40 -2.912 0.00004 1
62.51 -24.70 -0.39 4.28 1.65 1.59 -2.938 0.00004 1
12.74 4.87 -1.11 3.44 1.60 1.56 -1.156 0.00004 1
30.14 9.07 -1.58 3.96 1.50 1.55 3.137 0.00004 1
43.90 2.27 -1.83 3.40 1.08 1.42 2.932 0.00004 1
25.12 7.07 -1.57 4.26 1.51 1.63 -2.785 0.00004 1
22.03 -15.28 -1.05 3.44 1.84 1.36 2.227 0.00004 1
10.87 0.14 -1.34 3.31 1.43 1.35 3.124 0.00004 1
29.67 -14.71 -0.93 4.17 2.28 1.81 0.494 0.00003 1
57.55 -48.21 -1.19 3.87 1.53 1.65 2.611 0.00003 1
29.43 -3.17 -1.34 1.99 0.59 1.96 -0.637 0.00003 3
11.27 4.66 -1.14 1.38 0.66 1.76 -2.176 0.00003 3
36.00 -8.72 -1.83 3.49 2.05 1.70 -1.889 0.00003 1
20.10 -14.92 -0.94 3.72 1.50 1.62 3.103 0.00003 1
40.26 -9.60 -0.83 4.48 2.10 1.72 0.662 0.00003 1
17.46 -4.36 -1.20 3.28 1.64 1.44 -2.610 0.00003 1
62.17 -50.69 -1.52 4.04 1.85 1.63 -2.786 0.00003 1
8.59 -4.92 -2.12 4.15 1.65 1.46 -3.106 0.00003 1
13.74 3.56 -1.20 0.81 0.44 1.93 0.869 0.00003 2
51.80 -4.36 -1.34 1.54 0.61 1.87 -2.530 0.00003 3
20.24 -13.94 -0.60 4.05 1.83 1.41 2.713 0.00003 1
58.70 7.69 1.44 4.26 2.04 1.70 3.399 0.00002 1
74.75 -40.54 -0.87 4.07 1.98 1.65 -2.434 0.00002 1
75.68 -38.47 -0.54 4.09 1.82 1.60 -2.694 0.00002 1
28.15 21.48 -1.42 4.12 1.75 1.49 3.034 0.00002 1
20.80 15.76 -1.97 3.85 1.68 1.56 -0.165 0.00002 1
10.24 -3.70 -1.05 3.78 1.78 1.46 -2.795 0.00002 1
24.95 12.59 -1.31 3.22 1.60 1.45 2.737 0.00002 1
63.23 -41.20 0.12 3.57 2.10 1.75 3.307 0.00002 1
20.04 16.42 -1.70 3.82 1.71 1.59 -3.024 0.00002 1
8.99 -5.23 -1.31 3.49 1.53 1.32 -2.643 0.00002 1
31.56 -11.19 -1.32 0.88 0.51 1.94 1.293 0.00002 2
10.94 -2.08 -1.73 3.81 1.43 1.39 2.769 0.00002 1
72.80 -44.40 -0.14 4.13 1.92 1.65 3.410 0.00001 1
44.40 1.35 -2.14 3.29 1.78 1.56 3.220 0.00001 1
9.68 -5.75 -1.31 3.56 1.51 1.37 -2.841 0.00001 1
20.28 15.92 -1.98 3.84 1.50 1.46 -0.840 0.00001 1
29.88 -15.60 -0.79 3.72 1.99 1.79 0.874 0.00001 1
10.54 0.62 -1.39 3.75 1.82 1.36 -0.128 0.00001 1
13.94 -2.38 -1.18 3.60 2.22 1.52 -2.672 0.00001 1
31.22 -7.41 -1.51 4.10 1.79 1.53 -1.586 0.00001 1
70.00 -31.86 -0.53 4.25 1.80 1.62 3.358 0.00001 1
24.27 -15.27 -0.70 3.43 1.60 1.50 2.912 0.00001 1
47.97 11.97 -0.15 3.86 1.82 1.70 0.402 0.00001 1
19.70 13.40 -1.25 3.86 1.53 1.62 -0.671 0.00001 1
38.64 -10.12 -1.38 3.97 1.72 1.61 1.838 0.00001 1
37.79 -10.02 -1.34 3.30 1.65 1.62 -2.593 0.00001 1
13.05 3.79 -1.24 3.52 1.51 1.47 3.198 0.00001 1
