36.02 -23.71 -1.06 4.19 1.66 1.58 0.927 0.97362 1
19.36 -5.01 -1.23 1.82 0.51 1.81 -2.571 0.86579 3
52.75 -8.70 -0.54 3.88 1.65 1.81 0.536 0.75276 1
20.37 2.99 0.15 4.25 1.66 1.52 -2.340 0.41179 1
28.93 -2.61 -1.11 0.99 0.60 1.84 -0.403 0.38447 2
19.48 11.81 -1.24 3.95 1.63 1.52 -1.995 0.27809 1
38.29 -11.21 -1.29 4.01 1.70 1.76 0.308 0.19232 1
32.47 -8.30 -0.80 1.66 0.57 1.73 2.196 0.17964 3
33.94 -11.97 -1.25 2.04 0.58 1.86 -1.102 0.14301 3
2.49 -3.83 -1.34 4.11 1.66 1.52 -2.598 0.13510 1
57.94 -11.58 -0.18 3.61 1.57 1.51 -0.946 0.13093 1
43.23 -28.09 -0.69 4.22 1.67 1.52 -2.471 0.09796 1
33.92 -11.97 -1.21 0.97 0.56 1.91 -1.072 0.07461 2
56.24 7.69 -1.77 3.97 1.63 1.55 2.880 0.07334 1
32.53 -8.24 -0.82 0.70 0.59 1.78 2.327 0.06461 2
57.44 -1.93 -1.67 3.92 1.65 1.55 -2.938 0.05515 1
73.36 -22.13 -1.29 3.65 1.55 1.60 -2.368 0.03755 1
33.16 9.46 -1.56 4.08 1.67 1.56 2.988 0.03348 1
51.68 -11.49 -1.38 3.75 1.62 1.53 0.492 0.02786 1
19.81 16.14 -2.12 3.64 1.49 1.41 2.459 0.02753 1
40.42 -19.96 -1.19 0.74 0.48 1.65 2.382 0.02709 2
44.81 13.50 -1.41 3.73 1.58 1.48 2.675 0.02332 1
55.71 15.30 -1.81 0.70 0.60 1.76 3.067 0.02291 2
45.97 -9.36 -1.28 3.72 1.61 1.54 0.004 0.02227 1
32.85 -23.70 -1.86 4.03 1.67 1.55 1.157 0.02042 1
36.93 -9.54 -1.40 3.82 1.70 1.75 -3.164 0.01562 1
37.50 7.18 -0.35 0.78 0.63 1.68 0.392 0.01519 2
3.05 -4.15 -1.31 3.96 1.65 1.54 -2.334 0.01479 1
12.85 4.90 -1.31 3.38 1.44 1.44 -2.907 0.01466 1
15.50 -3.30 -1.10 3.91 1.62 1.57 2.216 0.01269 1
11.79 0.58 -1.17 3.57 1.58 1.41 -0.356 0.01123 1
32.54 19.26 -1.60 4.04 1.65 1.51 -2.678 0.01074 1
37.68 -11.84 -1.34 4.18 1.86 1.54 -0.001 0.01065 1
44.08 -10.37 -1.00 3.86 1.62 1.50 0.331 0.01050 1
58.19 7.53 -1.80 4.00 1.65 1.60 -3.047 0.00962 1
39.34 0.62 -1.37 3.81 1.53 1.73 0.879 0.00948 1
39.90 -14.97 -1.26 3.96 1.69 1.65 -0.227 0.00939 1
68.75 -24.03 -2.13 3.88 1.62 1.51 -2.589 0.00908 1
62.46 23.33 -1.22 3.82 1.58 1.51 -3.152 0.00860 1
44.30 -35.61 -1.58 3.49 1.39 1.67 2.855 0.00829 1
25.18 13.46 -1.38 4.06 1.64 1.61 2.614 0.00821 1
43.97 15.47 -1.33 3.98 1.62 1.50 2.702 0.00737 1
53.65 9.68 -0.29 3.90 1.63 1.58 -3.053 0.00643 1
44.92 -36.51 -1.26 3.92 1.63 1.57 3.112 0.00623 1
30.68 -17.76 -0.10 3.98 1.59 1.51 -2.980 0.00622 1
11.20 -1.47 -1.79 4.21 1.65 1.44 -3.124 0.00620 1
40.50 -20.02 -1.08 0.83 0.52 1.71 0.731 0.00564 2
52.72 22.84 0.78 1.05 0.64 1.90 -3.054 0.00522 2
41.12 4.21 -1.07 0.60 0.72 1.80 0.984 0.00479 2
29.87 21.06 -1.12 4.02 1.62 1.56 -3.165 0.00421 1
23.93 -18.13 -1.08 3.83 1.58 1.53 -2.922 0.00409 1
30.07 10.72 -1.74 4.37 1.69 1.56 2.597 0.00405 1
37.26 28.46 -1.20 4.21 1.72 1.54 2.721 0.00335 1
51.97 -16.42 -1.67 3.85 1.58 1.42 -2.815 0.00323 1
28.12 22.47 -1.58 3.73 1.64 1.56 -3.121 0.00261 1
40.42 -17.43 -1.31 4.58 1.56 1.56 -2.839 0.00259 1
10.10 -1.96 -2.07 4.45 1.65 1.44 2.893 0.00252 1
13.73 5.92 -1.42 3.90 1.28 1.52 -2.622 0.00207 1
32.33 -3.22 -1.37 4.39 1.54 1.48 2.793 0.00204 1
27.77 -5.93 -1.34 4.24 1.66 1.49 -0.486 0.00188 1
30.78 8.78 -1.59 3.65 1.47 1.44 2.771 0.00172 1
31.70 9.81 -1.69 3.97 1.63 1.53 2.656 0.00167 1
10.13 -2.03 -1.97 4.53 1.67 1.38 -2.610 0.00160 1
10.96 -0.79 -1.93 3.93 1.65 1.48 2.948 0.00146 1
47.20 11.16 -0.17 0.71 0.68 1.85 0.488 0.00145 2
11.44 -0.16 -1.80 4.27 1.60 1.51 3.218 0.00144 1
33.37 20.95 -1.78 4.07 1.64 1.53 2.921 0.00143 1
31.90 -2.60 -1.40 4.26 1.60 1.45 2.461 0.00137 1
15.63 -4.35 -1.09 3.65 1.70 1.45 2.865 0.00135 1
13.67 -5.51 -1.17 3.53 1.26 1.40 3.113 0.00134 1
39.91 0.13 -1.14 3.82 1.70 1.81 -0.261 0.00132 1
31.97 -15.86 -1.43 3.87 1.90 1.47 -2.992 0.00131 1
57.26 -2.42 -1.77 4.06 1.67 1.61 2.856 0.00128 1
19.19 15.97 -2.24 3.51 1.50 1.38 2.688 0.00117 1
15.61 -2.75 -1.26 3.25 1.43 1.58 2.036 0.00116 1
43.80 3.06 -2.02 3.57 1.53 1.47 -2.936 0.00111 1
28.62 -6.44 -1.37 4.17 1.59 1.50 -0.203 0.00106 1
32.23 -3.39 -1.36 4.37 1.69 1.54 0.585 0.00103 1
38.91 15.63 -1.61 4.37 1.68 1.51 2.906 0.00099 1
38.39 -15.04 -1.22 1.78 0.49 1.75 -0.142 0.00099 3
9.93 -1.37 -2.12 4.64 1.82 1.49 2.971 0.00097 1
50.40 -16.91 -1.60 3.82 1.76 1.47 -2.811 0.00093 1
31.79 -3.12 -1.42 4.18 1.94 1.48 1.028 0.00093 1
19.37 -6.01 -1.44 4.07 1.60 1.69 -2.575 0.00092 1
42.19 14.01 -1.61 3.88 1.72 1.51 2.715 0.00091 1
48.09 12.00 -0.14 3.78 1.73 1.66 0.570 0.00091 1
9.70 -2.62 -1.98 3.87 1.48 1.42 2.599 0.00090 1
29.38 -16.78 -0.79 4.59 1.75 1.73 2.648 0.00088 1
42.05 4.27 -1.62 3.47 1.54 1.44 0.009 0.00082 1
12.56 4.27 -1.26 3.26 1.46 1.49 -0.179 0.00082 1
34.03 19.03 -1.44 3.83 1.62 1.52 -3.063 0.00081 1
36.28 -9.03 -1.52 4.27 1.54 1.42 -2.939 0.00072 1
62.64 -29.84 -1.28 4.04 1.63 1.55 -2.743 0.00068 1
11.17 -0.77 -1.80 3.95 1.62 1.47 -2.675 0.00067 1
43.59 3.36 -1.86 3.31 1.50 1.44 -2.345 0.00062 1
15.77 -2.61 -1.19 4.20 1.39 1.46 -2.561 0.00060 1
11.58 -2.13 -1.64 3.84 1.40 1.44 -2.586 0.00057 1
33.97 -11.78 -1.17 0.86 0.59 1.92 -1.313 0.00057 2
64.21 -29.26 -1.34 3.72 2.02 1.54 -2.720 0.00056 1
32.45 -4.56 -1.33 4.40 1.56 1.45 2.799 0.00055 1
22.73 14.43 -1.57 4.18 1.72 1.37 2.740 0.00051 1
56.99 -47.01 -1.13 3.80 1.62 1.62 0.264 0.00048 1
38.30 18.38 -1.46 4.12 1.69 1.66 -3.066 0.00043 1
27.48 -13.88 2.67 0.56 0.41 1.95 -0.741 0.00039 2
20.18 16.51 -1.02 4.02 1.57 1.47 -0.456 0.00037 1
34.79 -12.05 -1.41 3.19 1.29 1.52 -0.928 0.00036 1
42.15 3.72 -1.81 3.54 1.59 1.53 -0.683 0.00033 1
32.98 -24.05 -1.48 3.59 1.65 1.64 2.927 0.00032 1
34.59 9.70 -1.59 3.92 1.50 1.54 -2.889 0.00030 1
15.59 -2.95 -1.09 4.06 1.93 1.60 2.814 0.00030 1
15.28 -3.06 -1.20 3.28 1.58 1.48 -1.651 0.00030 1
15.84 -3.62 -1.05 4.13 1.88 1.56 -2.587 0.00029 1
12.80 5.33 -1.53 3.26 1.23 1.40 -2.677 0.00029 1
10.75 -1.72 -1.76 3.95 1.90 1.46 2.403 0.00027 1
46.86 -18.06 -1.40 3.73 1.46 1.53 -2.871 0.00026 1
18.46 -6.45 -1.37 3.88 1.98 1.57 -2.791 0.00026 1
46.02 -18.89 -1.76 3.59 1.71 1.62 3.272 0.00026 1
45.46 -8.73 -1.27 3.33 1.55 1.49 0.626 0.00025 1
31.50 -8.78 -1.40 3.31 1.46 1.48 2.860 0.00025 1
30.83 -20.29 -0.79 4.22 1.46 1.51 3.301 0.00024 1
18.26 9.84 -1.11 4.35 1.63 1.79 -2.137 0.00024 1
28.93 -18.25 -0.13 4.12 1.66 1.65 -3.106 0.00024 1
48.77 8.01 4.06 3.97 1.53 1.53 3.346 0.00023 1
45.41 -10.21 -1.05 3.92 1.69 1.55 0.256 0.00022 1
-0.48 0.34 0.57 4.23 1.64 1.54 3.260 0.00022 1
35.47 -9.08 -1.52 3.97 1.43 1.60 -0.933 0.00021 1
10.39 -2.70 -1.74 3.76 1.48 1.44 3.100 0.00021 1
47.33 11.30 -0.18 3.83 1.78 1.65 0.546 0.00019 1
50.35 -28.46 -0.62 4.19 1.60 1.54 3.333 0.00019 1
39.14 -15.07 -1.63 4.21 1.46 1.71 -0.688 0.00018 1
60.43 -50.12 -1.18 4.39 1.62 1.58 -3.058 0.00018 1
43.73 -10.83 -1.14 4.14 1.79 1.60 1.091 0.00017 1
50.07 -8.48 -0.85 3.84 1.67 1.54 -1.894 0.00017 1
10.35 0.41 -1.36 3.37 1.39 1.25 -3.087 0.00016 1
35.96 -8.83 -1.46 3.51 1.95 1.52 -2.119 0.00016 1
39.89 17.29 -1.03 4.21 1.79 1.51 -3.019 0.00015 1
35.35 -9.89 -1.46 3.53 1.38 1.49 -0.744 0.00015 1
33.51 -7.69 -1.53 3.81 1.49 1.61 0.692 0.00015 1
38.22 -12.20 -1.24 4.16 1.70 2.04 -1.764 0.00014 1
43.28 13.23 -1.67 4.41 1.85 1.50 2.697 0.00014 1
3.79 -3.90 -1.39 3.37 1.51 1.51 -2.309 0.00014 1
36.34 -12.26 -0.45 4.19 1.75 1.56 -0.270 0.00013 1
55.61 41.17 0.35 4.33 1.70 1.55 3.304 0.00013 1
45.07 -7.91 -1.26 3.34 1.81 1.54 0.588 0.00012 1
74.15 25.90 -0.31 4.41 1.71 1.55 3.284 0.00011 1
67.21 -44.16 0.61 4.42 1.71 1.55 3.279 0.00011 1
15.31 -5.13 -1.15 4.07 1.57 1.55 2.738 0.00011 1
73.19 -39.54 -0.08 4.34 1.57 1.56 3.122 0.00011 1
38.29 0.72 -1.29 1.83 0.84 1.92 0.830 0.00011 3
10.75 0.83 -1.30 4.33 1.90 1.43 2.584 0.00011 1
28.92 -18.68 -0.52 3.77 1.27 1.59 -2.779 0.00011 1
73.53 -45.29 -1.47 4.11 1.66 1.51 3.005 0.00011 1
41.47 4.40 -0.76 3.48 1.95 1.70 0.612 0.00011 1
72.87 -56.73 -0.76 3.98 1.88 1.55 2.866 0.00011 1
44.20 -19.11 -1.46 4.34 1.24 1.54 -2.932 0.00010 1
64.60 -52.17 -1.36 4.56 1.70 1.59 -3.018 0.00010 1
34.30 -12.52 -1.28 1.82 0.64 1.91 -1.154 0.00009 3
12.30 4.53 -1.33 3.37 1.40 1.41 -1.417 0.00009 1
12.64 5.19 -1.32 3.79 1.48 1.51 -2.035 0.00009 1
32.57 -8.74 -2.17 3.71 1.56 1.57 3.071 0.00008 1
10.41 0.03 -1.88 4.30 1.91 1.61 3.336 0.00008 1
25.21 6.62 -1.52 4.22 1.74 1.58 -2.856 0.00008 1
13.09 4.85 -1.24 3.65 1.50 1.54 -2.284 0.00008 1
72.45 -49.91 -0.01 3.52 1.93 1.78 2.028 0.00007 1
12.73 -4.69 -1.19 3.76 1.63 1.54 -2.937 0.00007 1
29.42 -5.67 -1.38 4.50 1.63 1.54 3.173 0.00007 1
14.00 -5.05 -1.22 3.29 1.40 1.37 2.866 0.00007 1
38.20 -8.94 -1.27 4.17 1.79 1.68 3.088 0.00006 1
10.68 0.04 -1.52 3.66 1.68 1.41 -1.596 0.00006 1
39.10 17.93 -0.87 4.32 2.12 1.86 3.470 0.00006 1
30.94 9.88 -1.49 3.68 1.58 1.54 2.517 0.00006 1
49.80 -6.62 -1.10 3.75 1.59 1.59 -2.357 0.00005 1
35.12 -10.31 -1.41 3.76 1.53 1.51 -0.865 0.00005 1
39.03 -14.47 -1.68 3.79 1.54 1.72 -0.537 0.00005 1
69.64 -41.72 3.55 4.50 1.75 1.58 3.259 0.00005 1
21.91 -15.09 -1.61 3.48 1.51 1.55 -2.882 0.00005 1
73.86 -22.45 -1.18 3.61 1.84 1.81 -0.007 0.00004 1
45.22 14.66 -1.28 3.99 1.40 1.58 2.814 0.00004 1
42.85 -9.21 -0.86 3.42 1.44 1.62 0.321 0.00004 1
34.86 -23.18 -1.10 4.20 1.70 1.59 2.623 0.00004 1
12.39 3.40 -1.27 3.78 1.46 1.45 -1.160 0.00004 1
71.25 -44.15 -0.75 4.47 1.76 1.58 3.244 0.00003 1
34.38 -23.07 -1.19 3.90 1.61 1.59 1.638 0.00003 1
48.27 11.08 -0.16 3.71 1.97 1.71 0.610 0.00003 1
38.47 0.28 -1.29 3.57 1.92 1.84 1.008 0.00003 1
44.73 -19.26 -1.43 4.23 1.20 1.50 -2.622 0.00003 1
19.48 15.30 -1.90 2.87 1.33 1.41 2.828 0.00003 1
41.73 5.77 -0.12 3.75 2.32 1.89 2.142 0.00003 1
31.42 9.19 -1.58 3.48 1.37 1.55 2.779 0.00003 1
29.44 -18.81 -0.16 3.93 2.13 1.60 -2.595 0.00003 1
40.14 27.23 -1.34 4.23 2.13 1.64 2.941 0.00003 1
29.47 -3.51 -1.39 3.54 1.52 1.49 -0.433 0.00002 1
58.32 22.02 -0.76 3.91 1.70 1.58 3.042 0.00002 1
32.43 9.08 -1.79 3.68 1.50 1.47 2.840 0.00002 1
43.79 -9.85 -1.25 3.05 1.51 1.50 0.450 0.00002 1
29.42 8.38 -1.79 4.20 2.14 1.74 3.011 0.00002 1
36.07 3.10 -1.88 4.06 1.97 1.74 0.095 0.00002 1
12.65 4.96 -1.32 3.63 1.69 1.52 -1.417 0.00002 1
49.41 -7.48 -1.04 3.19 1.56 1.53 -2.048 0.00002 1
29.81 -24.59 -0.59 3.96 2.05 1.54 3.168 0.00002 1
30.34 -4.59 -1.56 3.94 1.72 1.51 3.131 0.00002 1
45.96 5.51 -1.89 3.92 1.80 1.69 -2.797 0.00002 1
44.34 -9.33 -1.35 3.78 2.12 1.57 0.127 0.00002 1
12.59 3.18 -1.21 3.71 1.60 1.46 3.044 0.00002 1
72.38 -22.72 -0.90 3.64 2.06 1.74 0.721 0.00002 1
38.06 3.23 -1.95 3.74 1.58 1.53 0.278 0.00002 1
25.19 -21.05 -0.61 3.98 2.17 1.64 -2.949 0.00002 1
25.94 12.38 -1.24 3.95 1.70 1.75 2.714 0.00002 1
42.06 -8.99 -1.77 3.60 1.82 1.58 -2.886 0.00002 1
44.49 11.86 -2.07 3.90 2.16 1.66 3.030 0.00002 1
63.07 -41.93 -0.83 3.71 2.11 1.77 2.994 0.00002 1
62.43 22.10 -1.64 3.53 1.43 1.50 -2.956 0.00002 1
25.81 11.77 -1.07 3.94 1.95 1.80 3.045 0.00001 1
11.24 -3.09 -1.00 3.85 1.55 1.46 -2.834 0.00001 1
68.10 -27.63 -1.52 4.03 1.78 1.67 -2.667 0.00001 1
70.50 -55.79 -0.23 4.06 1.90 1.67 3.378 0.00001 1
51.72 -7.92 -0.36 3.98 1.72 1.63 0.441 0.00001 1
51.76 -8.71 -0.45 4.04 2.53 1.76 0.539 0.00001 1
43.68 12.50 -1.65 4.28 1.82 1.60 2.889 0.00001 1
