16.95 -5.88 -1.29 1.80 0.57 1.84 -2.845 0.99563 3
35.98 -23.82 -1.00 4.04 1.64 1.54 0.938 0.99461 1
31.79 -15.14 -1.30 4.19 1.69 1.56 -2.796 0.98784 1
30.84 -6.72 -1.04 1.07 0.48 1.90 2.465 0.45863 2
37.74 -11.25 -1.35 3.43 1.64 1.50 -2.784 0.36347 1
20.27 3.06 0.22 4.23 1.66 1.54 -2.390 0.20919 1
52.99 -8.49 -0.47 3.96 1.66 1.95 0.452 0.17370 1
45.19 5.51 -1.06 0.77 0.68 1.95 0.473 0.11765 2
28.31 21.54 -1.63 4.11 1.66 1.51 2.630 0.10653 1
37.14 -9.93 -1.38 3.27 1.59 1.48 -2.809 0.09358 1
44.37 -36.21 -1.47 3.86 1.60 1.58 2.788 0.06797 1
51.10 -17.77 -1.91 3.79 1.58 1.52 2.072 0.06379 1
35.78 -14.36 -1.56 1.76 0.63 1.80 -1.112 0.04615 3
30.81 -6.64 -1.13 2.11 0.51 1.83 2.508 0.04355 3
51.71 -11.46 -1.00 3.85 1.66 1.65 0.692 0.03922 1
54.58 14.71 -1.62 1.84 0.44 1.75 0.459 0.03480 3
51.59 -17.44 -1.95 3.89 1.61 1.53 2.560 0.03223 1
12.43 4.85 -1.33 3.56 1.51 1.51 -2.893 0.03046 1
54.68 14.69 -1.44 1.62 0.38 1.70 0.136 0.02616 3
30.65 -6.51 -1.04 0.98 0.49 1.92 2.608 0.02609 2
31.89 9.98 -1.72 4.04 1.67 1.58 2.966 0.02347 1
45.25 5.55 -1.02 1.77 0.59 1.86 0.369 0.02011 3
36.71 19.92 -1.05 3.94 1.63 1.58 2.919 0.01949 1
24.84 13.50 -1.71 4.22 1.69 1.52 2.572 0.01931 1
11.83 7.85 -1.10 0.97 0.50 2.00 2.599 0.01895 2
19.46 11.75 -1.30 4.00 1.62 1.56 -2.067 0.01758 1
45.37 14.99 -1.54 3.96 1.65 1.54 2.609 0.01720 1
44.55 -35.63 -1.34 3.87 1.56 1.61 2.884 0.01659 1
44.80 2.35 -1.89 3.59 1.56 1.48 -0.674 0.01615 1
32.78 -23.34 -1.64 3.99 1.64 1.51 1.416 0.01277 1
34.69 18.28 -1.49 3.93 1.65 1.57 2.690 0.01120 1
23.60 14.01 -1.54 4.05 1.65 1.51 2.647 0.00996 1
30.91 10.48 -1.35 4.13 1.69 1.62 2.826 0.00975 1
44.02 -21.92 -1.42 3.85 1.62 1.56 -0.099 0.00900 1
47.19 -35.36 -1.68 3.84 1.61 1.51 -2.642 0.00849 1
40.09 17.76 -1.39 4.03 1.67 1.56 2.633 0.00818 1
26.17 12.73 -1.30 4.16 1.69 1.54 2.603 0.00811 1
57.69 -11.22 0.02 4.01 1.65 1.55 2.241 0.00713 1
36.70 -14.42 -1.54 3.44 1.57 1.53 -1.026 0.00581 1
56.97 -2.58 -1.76 3.94 1.63 1.53 -2.605 0.00527 1
37.86 -14.46 -1.66 3.60 1.66 1.58 0.100 0.00475 1
36.87 -9.03 -1.48 3.88 1.69 1.55 -2.857 0.00451 1
45.67 2.60 -1.85 3.70 1.61 1.49 -0.675 0.00432 1
27.83 -12.84 -0.27 4.16 1.58 1.55 -1.085 0.00399 1
56.55 -9.86 -0.53 3.63 1.64 1.70 2.053 0.00366 1
9.94 -2.21 -2.10 4.04 1.64 1.38 2.786 0.00330 1
15.15 -3.36 -1.03 3.76 1.57 1.59 1.859 0.00304 1
62.45 10.19 -1.07 0.68 0.66 1.78 0.813 0.00297 2
58.88 -38.33 0.82 4.00 1.64 1.60 -2.514 0.00294 1
52.74 8.31 -0.13 3.99 1.69 1.61 -2.410 0.00294 1
29.02 10.60 -1.54 4.15 1.71 1.66 2.933 0.00283 1
44.69 3.24 -1.37 1.47 0.31 1.70 0.124 0.00283 3
67.04 23.13 0.80 0.65 0.69 1.77 0.646 0.00259 2
44.21 -10.56 -1.40 3.60 1.67 1.76 0.092 0.00255 1
39.73 27.79 -0.36 4.71 1.66 1.68 2.803 0.00244 1
48.22 -12.44 -1.58 4.18 1.70 1.52 3.108 0.00239 1
29.05 -24.60 -0.92 4.34 1.59 1.55 -2.713 0.00232 1
73.76 -49.62 -0.17 4.08 1.69 1.61 2.684 0.00231 1
41.76 13.88 -1.60 4.26 1.66 1.56 2.876 0.00229 1
44.06 -8.91 -1.42 0.67 0.60 1.70 -0.004 0.00220 2
11.44 -0.96 -1.62 3.52 1.56 1.57 -2.669 0.00214 1
28.13 -1.88 -1.24 1.00 0.51 1.89 2.366 0.00191 2
11.01 -0.82 -1.61 3.78 1.39 1.46 2.836 0.00173 1
55.20 -2.27 -0.48 4.14 1.70 1.53 -2.676 0.00165 1
18.37 10.07 -1.25 4.62 1.67 1.50 -2.092 0.00165 1
59.76 7.03 1.35 3.74 1.55 1.50 -3.064 0.00163 1
24.35 7.21 -1.60 4.51 1.56 1.56 -2.971 0.00158 1
31.15 -12.78 -1.44 4.15 1.63 1.46 -3.054 0.00146 1
39.74 -11.12 -1.49 3.88 1.39 1.41 -2.521 0.00143 1
52.88 7.98 -0.35 3.58 1.66 1.55 -1.455 0.00141 1
57.52 -2.48 -0.18 4.44 1.67 1.59 2.138 0.00121 1
20.99 11.42 -1.35 4.18 1.92 1.45 2.918 0.00108 1
12.80 4.51 -1.16 3.94 1.69 1.51 2.819 0.00106 1
52.35 -7.41 -0.47 3.92 1.65 1.93 0.523 0.00100 1
64.96 22.81 -0.21 0.73 0.41 1.74 -0.500 0.00099 2
38.88 18.43 -1.29 4.08 1.68 1.54 2.696 0.00097 1
25.39 -20.49 -1.03 4.38 1.81 1.63 2.204 0.00090 1
56.37 -2.48 -1.75 3.89 1.68 1.55 -1.992 0.00082 1
11.06 -1.75 -1.72 3.95 1.53 1.39 2.527 0.00081 1
31.14 -20.65 -0.96 4.43 1.76 1.65 -3.088 0.00079 1
68.51 17.76 -0.18 0.78 0.70 1.84 -0.169 0.00078 2
11.43 -1.55 -1.70 3.75 1.63 1.49 -2.193 0.00078 1
41.37 5.44 -0.16 0.82 0.46 1.79 -1.186 0.00070 2
45.69 -8.66 -1.41 3.83 1.42 1.54 0.255 0.00052 1
45.57 -7.48 -1.55 3.78 1.67 1.46 0.533 0.00051 1
25.86 -20.65 -0.87 4.11 1.81 1.55 2.766 0.00051 1
11.39 -2.41 -1.67 3.76 1.59 1.50 2.513 0.00049 1
47.18 11.06 -0.10 0.78 0.50 1.83 -2.096 0.00047 2
40.19 -9.59 -0.76 4.31 1.69 1.65 -2.694 0.00046 1
62.39 10.24 -1.17 1.75 0.58 1.79 1.503 0.00045 3
30.56 -13.94 -1.33 4.06 1.66 1.67 -2.687 0.00045 1
62.53 10.44 -1.04 3.84 1.93 1.70 2.733 0.00045 1
56.98 -1.74 -1.75 3.81 1.63 1.56 -2.334 0.00043 1
40.22 2.78 -1.28 0.98 0.48 1.85 1.103 0.00040 2
44.92 5.28 -1.33 0.72 0.58 1.92 0.180 0.00040 2
21.82 15.28 -1.29 4.10 1.79 1.36 2.590 0.00039 1
56.65 23.12 -0.64 0.76 0.43 1.85 -1.780 0.00036 2
47.16 11.16 -0.03 0.97 0.54 1.87 3.184 0.00035 2
18.30 -15.30 -1.32 3.65 1.78 1.50 2.329 0.00033 1
57.72 -2.80 0.03 4.27 1.49 1.63 1.174 0.00032 1
12.46 4.74 -1.26 3.38 1.44 1.51 -2.138 0.00032 1
23.58 -18.43 -1.30 3.73 1.90 1.67 2.514 0.00030 1
12.65 4.59 -1.21 3.37 1.37 1.52 2.127 0.00030 1
36.81 7.41 2.63 3.85 1.46 1.54 -3.000 0.00028 1
10.96 -0.86 -1.59 3.80 1.60 1.50 -1.704 0.00026 1
10.16 -2.01 -1.94 4.14 1.44 1.37 2.190 0.00024 1
10.53 -2.54 -1.71 3.39 1.39 1.38 3.197 0.00023 1
23.39 -14.68 -1.78 3.30 1.47 1.49 2.219 0.00023 1
43.67 15.63 -0.97 4.30 1.78 1.52 2.696 0.00023 1
15.53 -2.91 -1.24 3.64 1.36 1.52 2.006 0.00023 1
-0.48 0.34 0.57 4.23 1.64 1.54 3.260 0.00022 1
49.50 -6.74 -1.33 3.05 1.44 1.47 -2.583 0.00022 1
32.05 -7.91 -1.35 4.20 1.46 1.41 3.471 0.00021 1
27.30 11.63 -2.39 4.05 1.73 1.56 2.788 0.00021 1
28.26 -1.88 -1.35 0.94 0.45 1.55 0.232 0.00021 2
15.31 0.93 -1.32 4.38 1.72 1.45 2.890 0.00020 1
20.81 14.09 -1.33 3.53 1.33 1.49 -3.018 0.00019 1
50.35 -28.61 -1.20 4.19 1.60 1.54 3.333 0.00019 1
29.66 23.15 -1.80 4.69 1.67 1.57 2.747 0.00019 1
15.54 -14.52 -1.48 4.00 1.59 1.41 2.512 0.00018 1
15.46 -5.16 -1.15 3.30 1.37 1.37 2.758 0.00017 1
59.33 -49.26 -2.01 3.42 1.58 1.68 2.428 0.00015 1
59.13 22.28 -0.86 0.77 0.40 1.83 1.592 0.00015 2
12.92 4.58 -1.13 3.42 1.35 1.62 -2.628 0.00014 1
31.69 -9.20 -1.47 3.96 1.59 1.39 3.202 0.00013 1
63.93 23.42 4.77 4.55 1.71 1.67 0.343 0.00012 1
15.42 -4.47 -1.07 3.67 1.53 1.36 2.876 0.00012 1
30.26 -11.06 -1.46 3.89 1.62 1.48 3.168 0.00012 1
69.65 -31.72 -0.76 4.39 1.71 1.56 3.289 0.00011 1
49.89 24.11 -0.85 4.21 1.75 1.62 2.953 0.00011 1
60.66 -50.11 -0.85 4.41 1.71 1.55 3.283 0.00011 1
30.59 -19.62 -0.82 4.36 1.87 1.66 3.066 0.00011 1
38.03 -9.68 -1.37 3.34 1.86 1.36 -2.699 0.00011 1
59.25 -37.50 0.92 3.80 1.99 1.59 -2.600 0.00010 1
38.59 17.95 -1.23 3.42 1.27 1.58 -0.180 0.00010 1
35.72 -13.97 -1.39 1.76 0.72 1.85 -1.069 0.00010 3
52.21 -3.99 -1.31 3.99 1.91 1.52 -2.927 0.00010 1
15.51 -3.46 -1.14 3.49 1.47 1.43 2.874 0.00010 1
8.58 -5.15 -2.23 4.00 1.60 1.40 -3.128 0.00009 1
14.71 -3.23 -1.06 3.57 1.24 1.46 1.449 0.00009 1
12.30 4.16 -1.22 3.69 1.48 1.48 2.812 0.00008 1
22.73 13.09 -1.27 3.54 1.79 1.40 2.672 0.00007 1
17.18 -14.92 -1.39 3.45 1.53 1.43 3.097 0.00007 1
19.81 2.78 0.40 3.74 1.94 1.77 0.126 0.00007 1
13.25 4.13 -1.28 3.89 1.50 1.39 -2.784 0.00007 1
19.17 -15.99 -1.21 3.80 1.43 1.60 2.393 0.00006 1
15.75 -4.06 -1.18 3.84 1.47 1.42 2.870 0.00006 1
62.99 22.72 -0.50 1.67 0.57 1.94 -2.481 0.00006 3
35.25 3.13 -1.62 3.82 1.46 1.52 3.247 0.00006 1
37.30 15.57 -1.48 3.83 1.57 1.63 -2.844 0.00006 1
48.62 -6.11 -1.69 1.78 0.48 1.78 -2.480 0.00005 3
35.99 -8.95 -1.52 4.04 1.75 1.55 -2.577 0.00005 1
11.63 4.55 -1.20 3.37 1.57 1.61 -2.278 0.00005 1
31.80 -14.62 -0.77 3.32 1.53 1.71 -2.495 0.00004 1
48.69 -6.76 -1.27 3.43 1.61 1.43 -2.455 0.00004 1
18.30 10.53 -1.34 4.50 1.79 1.43 -1.595 0.00004 1
45.50 -8.23 -1.40 3.50 1.52 1.57 0.282 0.00004 1
43.40 3.19 0.22 0.86 0.66 1.83 1.613 0.00004 2
44.33 2.00 -1.55 3.80 1.90 1.56 -0.118 0.00004 1
9.38 -5.42 -1.11 3.79 1.63 1.40 -3.115 0.00004 1
16.86 -4.59 -1.15 3.74 1.59 1.51 -2.447 0.00004 1
52.95 8.45 -0.04 4.22 1.66 1.66 -0.940 0.00004 1
16.61 -15.18 -1.47 3.56 1.43 1.37 2.696 0.00004 1
33.77 -22.53 -0.78 4.33 2.27 1.81 1.244 0.00004 1
41.58 12.76 -1.66 4.25 1.46 1.56 3.048 0.00003 1
22.12 -14.85 -1.34 3.76 1.81 1.56 2.350 0.00003 1
36.45 -18.20 -0.93 4.11 1.70 1.63 -2.704 0.00003 1
21.59 16.38 -1.20 4.31 1.62 1.54 -2.556 0.00003 1
63.09 22.52 3.81 3.39 1.92 1.70 0.992 0.00003 1
12.16 -3.11 -1.33 3.64 1.69 1.46 1.696 0.00003 1
23.51 13.50 -1.32 3.87 1.39 1.45 2.698 0.00003 1
55.98 41.04 -0.39 3.55 1.69 1.74 -2.832 0.00003 1
46.89 -36.16 -1.54 4.29 1.90 1.56 -2.681 0.00003 1
39.34 -14.91 -1.62 3.97 1.72 1.67 -2.561 0.00002 1
18.58 -16.32 -1.00 3.89 1.56 1.53 2.638 0.00002 1
49.99 24.53 -1.10 4.07 1.80 1.65 -2.803 0.00002 1
10.92 -3.81 -1.08 4.05 1.37 1.40 -3.153 0.00002 1
48.17 -7.45 -1.27 3.47 1.88 1.48 -2.556 0.00002 1
34.62 -4.21 -1.41 4.29 1.74 1.61 3.350 0.00002 1
62.52 -41.39 0.36 1.72 0.64 2.01 -0.135 0.00002 3
20.80 -15.21 -1.16 3.49 1.59 1.44 2.946 0.00002 1
22.55 14.30 -1.26 3.69 1.49 1.48 2.755 0.00002 1
47.13 -7.20 -1.33 3.13 1.61 1.41 -2.512 0.00002 1
25.55 -20.33 -0.89 3.74 1.65 1.58 1.477 0.00002 1
19.24 -15.52 -1.24 3.41 1.34 1.50 2.691 0.00002 1
10.95 0.20 -1.42 3.93 1.60 1.48 -0.367 0.00002 1
17.79 -4.74 -1.21 3.69 1.36 1.55 -2.421 0.00002 1
66.64 23.19 7.02 4.20 1.80 1.61 -2.758 0.00002 1
52.81 -7.96 -0.28 3.94 1.51 1.96 -2.443 0.00002 1
14.60 -2.12 -1.36 3.27 1.45 1.45 -2.836 0.00002 1
17.23 -14.19 -1.39 3.73 1.57 1.43 2.480 0.00001 1
16.85 -3.72 -1.17 3.31 1.35 1.48 -2.738 0.00001 1
14.39 -2.53 -1.38 3.36 1.53 1.41 -2.233 0.00001 1
56.79 22.76 -0.10 1.03 0.52 1.90 1.993 0.00001 2
18.97 1.62 -1.26 4.20 1.82 1.51 3.135 0.00001 1
50.92 23.67 -0.84 4.25 2.22 1.58 3.063 0.00001 1
