4.90 -0.55 -1.40 3.86 1.62 1.47 -1.985 0.99993 1
36.02 -23.77 -1.04 4.21 1.68 1.58 0.915 0.97371 1
36.34 -1.65 -1.10 1.90 0.56 1.90 0.961 0.92407 3
32.14 -9.86 -1.11 1.93 0.61 1.95 -0.949 0.85555 3
21.80 -3.29 -1.27 1.85 0.54 1.85 0.654 0.79489 3
31.33 -15.44 -1.35 3.99 1.71 1.90 0.362 0.52129 1
37.72 -11.26 -1.32 3.53 1.62 1.52 -2.796 0.31414 1
11.82 7.84 -1.09 0.35 0.45 1.80 2.347 0.24497 2
44.00 -10.69 -1.21 3.74 1.59 1.54 -3.144 0.18930 1
20.54 3.01 0.15 4.21 1.65 1.51 -2.270 0.15179 1
48.40 -17.95 -1.68 3.78 1.60 1.49 -2.614 0.07960 1
29.89 -3.48 -1.06 1.10 0.60 1.91 2.448 0.06987 2
40.81 -16.96 -1.39 3.89 1.61 1.56 2.182 0.06654 1
68.42 17.61 -0.25 0.89 0.54 1.84 -2.161 0.06637 2
5.78 -0.89 -1.53 4.11 1.64 1.48 -1.929 0.06284 1
44.32 -36.36 -1.56 3.90 1.62 1.53 2.835 0.02788 1
41.38 5.42 -0.06 0.82 0.63 1.87 1.347 0.02049 2
57.79 -11.23 0.03 3.75 1.62 1.58 -1.025 0.02020 1
23.24 -18.46 -1.68 3.99 1.66 1.58 2.221 0.01664 1
20.41 3.26 0.22 3.96 1.64 1.53 0.014 0.01660 1
36.15 2.96 -0.98 1.69 0.55 1.88 0.270 0.01622 3
73.81 -23.23 -0.80 3.94 1.65 1.57 2.226 0.01544 1
11.77 0.35 -1.02 3.63 1.61 1.62 -0.559 0.01486 1
45.61 14.76 -1.27 3.99 1.65 1.52 2.724 0.01413 1
41.79 25.11 -0.45 0.78 0.48 1.69 -1.856 0.01072 2
14.83 4.24 -1.21 0.77 0.62 1.72 -0.013 0.01043 2
36.06 2.93 -0.96 0.85 0.52 1.88 0.238 0.00957 2
29.54 21.25 -1.74 4.10 1.70 1.61 2.645 0.00956 1
38.42 28.59 -0.71 4.21 1.70 1.60 -0.030 0.00902 1
38.71 -8.64 -0.30 4.00 1.65 1.41 -2.970 0.00873 1
24.96 13.68 -1.42 4.37 1.69 1.48 2.533 0.00865 1
51.94 -7.44 -0.41 4.15 1.74 1.89 0.490 0.00795 1
36.35 -8.92 -1.50 3.89 1.75 1.48 -2.918 0.00734 1
44.45 -35.64 -1.46 3.91 1.41 1.52 2.759 0.00685 1
43.34 1.43 -2.02 3.96 1.64 1.48 2.685 0.00675 1
55.55 -2.96 -1.48 3.78 1.63 1.55 -2.311 0.00657 1
12.83 5.48 -1.35 4.09 1.69 1.39 -2.415 0.00404 1
63.91 11.18 -0.80 3.84 1.63 1.53 0.304 0.00376 1
71.91 -32.18 -0.91 3.92 1.61 1.48 -2.774 0.00367 1
61.20 16.87 -1.22 1.51 0.42 1.66 -0.134 0.00349 3
15.92 -2.74 -1.18 4.15 1.48 1.48 -2.504 0.00349 1
43.92 2.43 -1.82 3.35 1.51 1.47 2.828 0.00314 1
74.02 -21.58 -1.02 3.92 1.65 1.57 0.916 0.00307 1
57.00 15.93 -1.43 0.79 0.43 1.77 0.407 0.00306 2
0.00 0.00 -0.56 0.00 0.00 0.00 0.047 0.00294 1
0.00 0.00 -0.56 0.00 0.00 0.00 0.047 0.00294 1
0.00 0.00 -0.56 0.00 0.00 0.00 0.047 0.00294 1
0.00 0.00 -0.56 0.00 0.00 0.00 0.047 0.00294 1
0.00 0.00 -0.56 0.00 0.00 0.00 0.047 0.00294 1
0.00 0.00 -0.56 0.00 0.00 0.00 0.047 0.00294 1
0.00 0.00 -0.56 0.00 0.00 0.00 0.047 0.00294 1
0.00 0.00 -0.56 0.00 0.00 0.00 0.047 0.00294 1
0.00 0.00 -0.56 0.00 0.00 0.00 0.047 0.00294 1
0.00 0.00 -0.56 0.00 0.00 0.00 0.047 0.00294 1
0.00 0.00 -0.56 0.00 0.00 0.00 0.047 0.00294 1
0.00 0.00 -0.56 0.00 0.00 0.00 0.047 0.00294 1
0.00 0.00 -0.56 0.00 0.00 0.00 0.047 0.00294 1
0.00 0.00 -0.56 0.00 0.00 0.00 0.047 0.00294 1
0.00 0.00 -0.56 0.00 0.00 0.00 0.047 0.00294 1
0.00 0.00 -0.56 0.00 0.00 0.00 0.047 0.00294 1
0.00 0.00 -0.56 0.00 0.00 0.00 0.047 0.00294 1
0.00 0.00 -0.56 0.00 0.00 0.00 0.047 0.00294 1
0.00 0.00 -0.56 0.00 0.00 0.00 0.047 0.00294 1
0.00 0.00 -0.56 0.00 0.00 0.00 0.047 0.00294 1
0.00 0.00 -0.56 0.00 0.00 0.00 0.047 0.00294 1
0.00 0.00 -0.56 0.00 0.00 0.00 0.047 0.00294 1
0.00 0.00 -0.56 0.00 0.00 0.00 0.047 0.00294 1
0.00 0.00 -0.56 0.00 0.00 0.00 0.047 0.00294 1
0.00 0.00 -0.56 0.00 0.00 0.00 0.047 0.00294 1
0.00 0.00 -0.56 0.00 0.00 0.00 0.047 0.00294 1
0.00 0.00 -0.56 0.00 0.00 0.00 0.047 0.00294 1
0.00 0.00 -0.56 0.00 0.00 0.00 0.047 0.00294 1
0.00 0.00 -0.56 0.00 0.00 0.00 0.047 0.00294 1
0.00 0.00 -0.56 0.00 0.00 0.00 0.047 0.00294 1
0.00 0.00 -0.56 0.00 0.00 0.00 0.047 0.00294 1
0.00 0.00 -0.56 0.00 0.00 0.00 0.047 0.00294 1
0.00 0.00 -0.56 0.00 0.00 0.00 0.047 0.00294 1
0.00 0.00 -0.56 0.00 0.00 0.00 0.047 0.00294 1
0.00 0.00 -0.56 0.00 0.00 0.00 0.047 0.00294 1
0.00 0.00 -0.56 0.00 0.00 0.00 0.047 0.00294 1
0.00 0.00 -0.56 0.00 0.00 0.00 0.047 0.00294 1
0.00 0.00 -0.56 0.00 0.00 0.00 0.047 0.00294 1
0.00 0.00 -0.56 0.00 0.00 0.00 0.047 0.00294 1
0.00 0.00 -0.56 0.00 0.00 0.00 0.047 0.00294 1
0.00 0.00 -0.56 0.00 0.00 0.00 0.047 0.00294 1
0.00 0.00 -0.56 0.00 0.00 0.00 0.047 0.00294 1
0.00 0.00 -0.56 0.00 0.00 0.00 0.047 0.00294 1
0.00 0.00 -0.56 0.00 0.00 0.00 0.047 0.00294 1
0.00 0.00 -0.56 0.00 0.00 0.00 0.047 0.00294 1
0.00 0.00 -0.56 0.00 0.00 0.00 0.047 0.00294 1
0.00 0.00 -0.56 0.00 0.00 0.00 0.047 0.00294 1
0.00 0.00 -0.56 0.00 0.00 0.00 0.047 0.00294 1
0.00 0.00 -0.56 0.00 0.00 0.00 0.047 0.00294 1
0.00 0.00 -0.56 0.00 0.00 0.00 0.047 0.00294 1
0.00 0.00 -0.56 0.00 0.00 0.00 0.047 0.00294 1
0.00 0.00 -0.56 0.00 0.00 0.00 0.047 0.00294 1
0.00 0.00 -0.56 0.00 0.00 0.00 0.047 0.00294 1
0.00 0.00 -0.56 0.00 0.00 0.00 0.047 0.00294 1
0.00 0.00 -0.56 0.00 0.00 0.00 0.047 0.00294 1
0.00 0.00 -0.56 0.00 0.00 0.00 0.047 0.00294 1
0.00 0.00 -0.56 0.00 0.00 0.00 0.047 0.00294 1
0.00 0.00 -0.56 0.00 0.00 0.00 0.047 0.00294 1
0.00 0.00 -0.56 0.00 0.00 0.00 0.047 0.00294 1
0.00 0.00 -0.56 0.00 0.00 0.00 0.047 0.00294 1
0.00 0.00 -0.56 0.00 0.00 0.00 0.047 0.00294 1
0.00 0.00 -0.56 0.00 0.00 0.00 0.047 0.00294 1
0.00 0.00 -0.56 0.00 0.00 0.00 0.047 0.00294 1
0.00 0.00 -0.56 0.00 0.00 0.00 0.047 0.00294 1
0.00 0.00 -0.56 0.00 0.00 0.00 0.047 0.00294 1
0.00 0.00 -0.56 0.00 0.00 0.00 0.047 0.00294 1
0.00 0.00 -0.56 0.00 0.00 0.00 0.047 0.00294 1
0.00 0.00 -0.56 0.00 0.00 0.00 0.047 0.00294 1
0.00 0.00 -0.56 0.00 0.00 0.00 0.047 0.00294 1
0.00 0.00 -0.56 0.00 0.00 0.00 0.047 0.00294 1
0.00 0.00 -0.56 0.00 0.00 0.00 0.047 0.00294 1
0.00 0.00 -0.56 0.00 0.00 0.00 0.047 0.00294 1
0.00 0.00 -0.56 0.00 0.00 0.00 0.047 0.00294 1
0.00 0.00 -0.56 0.00 0.00 0.00 0.047 0.00294 1
0.00 0.00 -0.56 0.00 0.00 0.00 0.047 0.00294 1
0.00 0.00 -0.56 0.00 0.00 0.00 0.047 0.00294 1
0.00 0.00 -0.56 0.00 0.00 0.00 0.047 0.00294 1
0.00 0.00 -0.56 0.00 0.00 0.00 0.047 0.00294 1
0.00 0.00 -0.56 0.00 0.00 0.00 0.047 0.00294 1
0.00 0.00 -0.56 0.00 0.00 0.00 0.047 0.00294 1
0.00 0.00 -0.56 0.00 0.00 0.00 0.047 0.00294 1
0.00 0.00 -0.56 0.00 0.00 0.00 0.047 0.00294 1
0.00 0.00 -0.56 0.00 0.00 0.00 0.047 0.00294 1
0.00 0.00 -0.56 0.00 0.00 0.00 0.047 0.00294 1
0.00 0.00 -0.56 0.00 0.00 0.00 0.047 0.00294 1
0.00 0.00 -0.56 0.00 0.00 0.00 0.047 0.00294 1
0.00 0.00 -0.56 0.00 0.00 0.00 0.047 0.00294 1
0.00 0.00 -0.56 0.00 0.00 0.00 0.047 0.00294 1
0.00 0.00 -0.56 0.00 0.00 0.00 0.047 0.00294 1
0.00 0.00 -0.56 0.00 0.00 0.00 0.047 0.00294 1
0.00 0.00 -0.56 0.00 0.00 0.00 0.047 0.00294 1
0.00 0.00 -0.56 0.00 0.00 0.00 0.047 0.00294 1
0.00 0.00 -0.56 0.00 0.00 0.00 0.047 0.00294 1
0.00 0.00 -0.56 0.00 0.00 0.00 0.047 0.00294 1
0.00 0.00 -0.56 0.00 0.00 0.00 0.047 0.00294 1
0.00 0.00 -0.56 0.00 0.00 0.00 0.047 0.00294 1
0.00 0.00 -0.56 0.00 0.00 0.00 0.047 0.00294 1
0.00 0.00 -0.56 0.00 0.00 0.00 0.047 0.00294 1
0.00 0.00 -0.56 0.00 0.00 0.00 0.047 0.00294 1
0.00 0.00 -0.56 0.00 0.00 0.00 0.047 0.00294 1
0.00 0.00 -0.56 0.00 0.00 0.00 0.047 0.00294 1
0.00 0.00 -0.56 0.00 0.00 0.00 0.047 0.00294 1
0.00 0.00 -0.56 0.00 0.00 0.00 0.047 0.00294 1
0.00 0.00 -0.56 0.00 0.00 0.00 0.047 0.00294 1
0.00 0.00 -0.56 0.00 0.00 0.00 0.047 0.00294 1
0.00 0.00 -0.56 0.00 0.00 0.00 0.047 0.00294 1
0.00 0.00 -0.56 0.00 0.00 0.00 0.047 0.00294 1
0.00 0.00 -0.56 0.00 0.00 0.00 0.047 0.00294 1
0.00 0.00 -0.56 0.00 0.00 0.00 0.047 0.00294 1
0.00 0.00 -0.56 0.00 0.00 0.00 0.047 0.00294 1
0.00 0.00 -0.56 0.00 0.00 0.00 0.047 0.00294 1
0.00 0.00 -0.56 0.00 0.00 0.00 0.047 0.00294 1
0.00 0.00 -0.56 0.00 0.00 0.00 0.047 0.00294 1
0.00 0.00 -0.56 0.00 0.00 0.00 0.047 0.00294 1
0.00 0.00 -0.56 0.00 0.00 0.00 0.047 0.00294 1
0.00 0.00 -0.56 0.00 0.00 0.00 0.047 0.00294 1
0.00 0.00 -0.56 0.00 0.00 0.00 0.047 0.00294 1
0.00 0.00 -0.56 0.00 0.00 0.00 0.047 0.00294 1
0.00 0.00 -0.56 0.00 0.00 0.00 0.047 0.00294 1
0.00 0.00 -0.56 0.00 0.00 0.00 0.047 0.00294 1
0.00 0.00 -0.56 0.00 0.00 0.00 0.047 0.00294 1
0.00 0.00 -0.56 0.00 0.00 0.00 0.047 0.00294 1
0.00 0.00 -0.56 0.00 0.00 0.00 0.047 0.00294 1
0.00 0.00 -0.56 0.00 0.00 0.00 0.047 0.00294 1
0.00 0.00 -0.56 0.00 0.00 0.00 0.047 0.00294 1
0.00 0.00 -0.56 0.00 0.00 0.00 0.047 0.00294 1
0.00 0.00 -0.56 0.00 0.00 0.00 0.047 0.00294 1
0.00 0.00 -0.56 0.00 0.00 0.00 0.047 0.00294 1
0.00 0.00 -0.56 0.00 0.00 0.00 0.047 0.00294 1
0.00 0.00 -0.56 0.00 0.00 0.00 0.047 0.00294 1
0.00 0.00 -0.56 0.00 0.00 0.00 0.047 0.00294 1
0.00 0.00 -0.56 0.00 0.00 0.00 0.047 0.00294 1
0.00 0.00 -0.56 0.00 0.00 0.00 0.047 0.00294 1
0.00 0.00 -0.56 0.00 0.00 0.00 0.047 0.00294 1
0.00 0.00 -0.56 0.00 0.00 0.00 0.047 0.00294 1
0.00 0.00 -0.56 0.00 0.00 0.00 0.047 0.00294 1
0.00 0.00 -0.56 0.00 0.00 0.00 0.047 0.00294 1
0.00 0.00 -0.56 0.00 0.00 0.00 0.047 0.00294 1
0.00 0.00 -0.56 0.00 0.00 0.00 0.047 0.00294 1
0.00 0.00 -0.56 0.00 0.00 0.00 0.047 0.00294 1
0.00 0.00 -0.56 0.00 0.00 0.00 0.047 0.00294 1
0.00 0.00 -0.56 0.00 0.00 0.00 0.047 0.00294 1
0.00 0.00 -0.56 0.00 0.00 0.00 0.047 0.00294 1
0.00 0.00 -0.56 0.00 0.00 0.00 0.047 0.00294 1
0.00 0.00 -0.56 0.00 0.00 0.00 0.047 0.00294 1
0.00 0.00 -0.56 0.00 0.00 0.00 0.047 0.00294 1
0.00 0.00 -0.56 0.00 0.00 0.00 0.047 0.00294 1
0.00 0.00 -0.56 0.00 0.00 0.00 0.047 0.00294 1
0.00 0.00 -0.56 0.00 0.00 0.00 0.047 0.00294 1
0.00 0.00 -0.56 0.00 0.00 0.00 0.047 0.00294 1
0.00 0.00 -0.56 0.00 0.00 0.00 0.047 0.00294 1
0.00 0.00 -0.56 0.00 0.00 0.00 0.047 0.00294 1
0.00 0.00 -0.56 0.00 0.00 0.00 0.047 0.00294 1
0.00 0.00 -0.56 0.00 0.00 0.00 0.047 0.00294 1
0.00 0.00 -0.56 0.00 0.00 0.00 0.047 0.00294 1
0.00 0.00 -0.56 0.00 0.00 0.00 0.047 0.00294 1
0.00 0.00 -0.56 0.00 0.00 0.00 0.047 0.00294 1
0.00 0.00 -0.56 0.00 0.00 0.00 0.047 0.00294 1
0.00 0.00 -0.56 0.00 0.00 0.00 0.047 0.00294 1
0.00 0.00 -0.56 0.00 0.00 0.00 0.047 0.00294 1
0.00 0.00 -0.56 0.00 0.00 0.00 0.047 0.00294 1
0.00 0.00 -0.56 0.00 0.00 0.00 0.047 0.00294 1
0.00 0.00 -0.56 0.00 0.00 0.00 0.047 0.00294 1
0.00 0.00 -0.56 0.00 0.00 0.00 0.047 0.00294 1
0.00 0.00 -0.56 0.00 0.00 0.00 0.047 0.00294 1
0.00 0.00 -0.56 0.00 0.00 0.00 0.047 0.00294 1
0.00 0.00 -0.56 0.00 0.00 0.00 0.047 0.00294 1
0.00 0.00 -0.56 0.00 0.00 0.00 0.047 0.00294 1
0.00 0.00 -0.56 0.00 0.00 0.00 0.047 0.00294 1
0.00 0.00 -0.56 0.00 0.00 0.00 0.047 0.00294 1
0.00 0.00 -0.56 0.00 0.00 0.00 0.047 0.00294 1
0.00 0.00 -0.56 0.00 0.00 0.00 0.047 0.00294 1
0.00 0.00 -0.56 0.00 0.00 0.00 0.047 0.00294 1
0.00 0.00 -0.56 0.00 0.00 0.00 0.047 0.00294 1
0.00 0.00 -0.56 0.00 0.00 0.00 0.047 0.00294 1
0.00 0.00 -0.56 0.00 0.00 0.00 0.047 0.00294 1
0.00 0.00 -0.56 0.00 0.00 0.00 0.047 0.00294 1
0.00 0.00 -0.56 0.00 0.00 0.00 0.047 0.00294 1
0.00 0.00 -0.56 0.00 0.00 0.00 0.047 0.00294 1
0.00 0.00 -0.56 0.00 0.00 0.00 0.047 0.00294 1
0.00 0.00 -0.56 0.00 0.00 0.00 0.047 0.00294 1
0.00 0.00 -0.56 0.00 0.00 0.00 0.047 0.00294 1
0.00 0.00 -0.56 0.00 0.00 0.00 0.047 0.00294 1
0.00 0.00 -0.56 0.00 0.00 0.00 0.047 0.00294 1
0.00 0.00 -0.56 0.00 0.00 0.00 0.047 0.00294 1
0.00 0.00 -0.56 0.00 0.00 0.00 0.047 0.00294 1
0.00 0.00 -0.56 0.00 0.00 0.00 0.047 0.00294 1
0.00 0.00 -0.56 0.00 0.00 0.00 0.047 0.00294 1
0.00 0.00 -0.56 0.00 0.00 0.00 0.047 0.00294 1
0.00 0.00 -0.56 0.00 0.00 0.00 0.047 0.00294 1
0.00 0.00 -0.56 0.00 0.00 0.00 0.047 0.00294 1
0.00 0.00 -0.56 0.00 0.00 0.00 0.047 0.00294 1
0.00 0.00 -0.56 0.00 0.00 0.00 0.047 0.00294 1
0.00 0.00 -0.56 0.00 0.00 0.00 0.047 0.00294 1
0.00 0.00 -0.56 0.00 0.00 0.00 0.047 0.00294 1
0.00 0.00 -0.56 0.00 0.00 0.00 0.047 0.00294 1
0.00 0.00 -0.56 0.00 0.00 0.00 0.047 0.00294 1
0.00 0.00 -0.56 0.00 0.00 0.00 0.047 0.00294 1
0.00 0.00 -0.56 0.00 0.00 0.00 0.047 0.00294 1
0.00 0.00 -0.56 0.00 0.00 0.00 0.047 0.00294 1
0.00 0.00 -0.56 0.00 0.00 0.00 0.047 0.00294 1
0.00 0.00 -0.56 0.00 0.00 0.00 0.047 0.00294 1
0.00 0.00 -0.56 0.00 0.00 0.00 0.047 0.00294 1
0.00 0.00 -0.56 0.00 0.00 0.00 0.047 0.00294 1
0.00 0.00 -0.56 0.00 0.00 0.00 0.047 0.00294 1
0.00 0.00 -0.56 0.00 0.00 0.00 0.047 0.00294 1
0.00 0.00 -0.56 0.00 0.00 0.00 0.047 0.00294 1
0.00 0.00 -0.56 0.00 0.00 0.00 0.047 0.00294 1
0.00 0.00 -0.56 0.00 0.00 0.00 0.047 0.00294 1
0.00 0.00 -0.56 0.00 0.00 0.00 0.047 0.00294 1
0.00 0.00 -0.56 0.00 0.00 0.00 0.047 0.00294 1
0.00 0.00 -0.56 0.00 0.00 0.00 0.047 0.00294 1
0.00 0.00 -0.56 0.00 0.00 0.00 0.047 0.00294 1
0.00 0.00 -0.56 0.00 0.00 0.00 0.047 0.00294 1
0.00 0.00 -0.56 0.00 0.00 0.00 0.047 0.00294 1
0.00 0.00 -0.56 0.00 0.00 0.00 0.047 0.00294 1
0.00 0.00 -0.56 0.00 0.00 0.00 0.047 0.00294 1
0.00 0.00 -0.56 0.00 0.00 0.00 0.047 0.00294 1
0.00 0.00 -0.56 0.00 0.00 0.00 0.047 0.00294 1
0.00 0.00 -0.56 0.00 0.00 0.00 0.047 0.00294 1
0.00 0.00 -0.56 0.00 0.00 0.00 0.047 0.00294 1
0.00 0.00 -0.56 0.00 0.00 0.00 0.047 0.00294 1
0.00 0.00 -0.56 0.00 0.00 0.00 0.047 0.00294 1
0.00 0.00 -0.56 0.00 0.00 0.00 0.047 0.00294 1
56.82 -2.97 -1.85 3.75 1.59 1.50 2.528 0.00286 1
22.27 -15.25 -1.52 3.86 1.57 1.44 3.084 0.00273 1
35.48 -10.65 -6.79 3.81 1.54 1.48 2.833 0.00270 1
12.74 4.84 -1.26 3.87 1.38 1.56 -2.977 0.00252 1
52.90 -8.63 -0.65 4.32 1.77 1.91 0.576 0.00202 1
47.43 -18.32 -1.74 3.91 1.66 1.56 -2.483 0.00195 1
29.72 -13.78 -1.54 4.06 1.44 1.44 0.594 0.00169 1
33.75 18.81 -1.61 4.04 1.67 1.53 2.681 0.00152 1
22.18 15.22 -1.33 4.17 1.91 1.57 2.715 0.00141 1
49.94 24.56 -0.37 4.34 1.66 1.69 2.943 0.00140 1
45.83 -28.43 -0.87 3.74 1.81 1.49 3.046 0.00139 1
36.78 -12.18 -1.53 4.17 1.51 1.47 2.859 0.00134 1
23.96 -15.39 -1.27 3.36 1.41 1.51 2.474 0.00134 1
16.16 3.61 -2.49 4.06 1.62 1.48 3.082 0.00134 1
31.19 -24.62 -0.61 3.64 1.96 1.53 -2.763 0.00131 1
22.01 -11.10 -1.49 3.95 1.71 1.45 2.599 0.00124 1
11.26 -2.47 -1.77 3.61 1.68 1.56 -2.539 0.00124 1
51.55 -9.87 -0.65 3.93 1.68 1.62 -2.502 0.00118 1
38.16 -11.81 -1.30 4.16 1.66 1.51 -3.069 0.00114 1
12.60 4.47 -1.31 3.65 1.59 1.43 2.326 0.00111 1
7.66 -3.88 -2.50 3.91 1.37 1.46 3.358 0.00111 1
9.64 -4.18 -2.15 4.15 1.31 1.39 -2.891 0.00087 1
74.18 -40.92 -0.51 4.24 1.77 1.70 1.391 0.00085 1
23.23 -21.17 -0.55 4.21 1.84 1.52 2.815 0.00083 1
37.04 -13.04 -1.51 4.35 1.72 1.53 2.756 0.00083 1
60.26 -50.13 -0.90 4.42 1.45 1.57 -3.152 0.00082 1
56.06 41.23 0.09 3.59 1.54 1.53 -0.941 0.00080 1
33.58 -23.74 -0.92 4.09 1.68 1.54 -2.857 0.00079 1
29.91 -3.56 -1.19 1.10 0.58 1.90 0.780 0.00077 2
56.66 -4.23 -0.12 3.93 1.63 1.55 -2.824 0.00076 1
40.85 26.30 -0.09 0.71 0.54 1.84 -0.892 0.00072 2
56.34 -2.91 -1.67 3.89 1.80 1.53 3.138 0.00060 1
32.20 -21.57 -0.58 3.96 2.03 1.49 -3.129 0.00058 1
49.85 -17.12 -1.72 3.84 1.63 1.52 -2.872 0.00054 1
20.78 -2.84 -1.50 4.16 1.62 1.45 0.529 0.00053 1
8.45 -4.99 -2.29 3.86 1.41 1.28 -2.883 0.00053 1
23.84 -18.05 -1.70 3.99 1.69 1.55 2.780 0.00048 1
19.32 9.58 -1.39 3.89 1.58 1.47 0.607 0.00048 1
73.80 -22.60 -0.85 3.52 1.77 1.61 1.562 0.00047 1
47.21 -17.52 -1.72 3.96 1.65 1.54 -2.565 0.00046 1
69.51 48.82 -0.45 3.84 1.78 1.54 -2.989 0.00045 1
15.83 -2.50 -1.16 3.61 1.57 1.55 2.972 0.00040 1
57.17 15.99 -1.75 1.67 0.44 1.77 0.336 0.00037 3
19.88 -16.41 -1.16 4.04 1.66 1.44 2.877 0.00036 1
29.15 -13.69 -1.08 3.76 1.28 1.45 0.107 0.00036 1
39.05 -10.13 -0.41 3.56 1.79 1.54 -2.871 0.00036 1
64.69 -51.82 -1.03 4.20 1.61 1.58 -2.893 0.00032 1
19.49 -15.51 -1.17 3.30 1.27 1.43 2.591 0.00032 1
13.17 4.52 -1.25 3.54 1.41 1.58 2.921 0.00032 1
23.90 -14.79 -1.40 3.49 1.48 1.52 3.179 0.00032 1
36.06 -11.61 -1.11 4.14 1.56 1.61 -2.868 0.00030 1
28.16 21.40 -1.88 4.12 1.69 1.54 2.803 0.00026 1
47.21 11.15 -0.13 0.84 0.51 1.79 -1.026 0.00026 2
7.89 -4.36 -2.38 3.96 1.58 1.34 -2.659 0.00026 1
45.04 -36.92 -1.50 3.92 1.79 1.54 2.930 0.00024 1
21.86 -3.31 -1.20 1.76 0.54 1.90 -1.246 0.00023 3
16.10 -2.07 -1.20 3.98 1.57 1.48 -2.830 0.00022 1
18.59 10.21 -1.35 4.39 1.79 1.42 0.945 0.00022 1
-0.48 0.34 0.57 4.23 1.64 1.54 3.260 0.00022 1
67.39 -22.70 -1.04 4.59 1.47 1.57 3.016 0.00019 1
22.14 -15.20 -1.66 3.99 1.60 1.52 2.075 0.00018 1
9.55 -4.70 -2.07 3.77 1.19 1.39 -2.589 0.00017 1
48.83 -18.34 -1.46 3.91 1.66 1.49 -2.426 0.00017 1
69.92 -55.47 -1.21 4.51 1.67 1.58 -3.040 0.00016 1
13.19 4.44 -1.27 3.85 1.65 1.52 -2.726 0.00015 1
12.49 3.55 -1.13 3.77 1.62 1.47 1.602 0.00015 1
36.26 2.74 -1.42 4.11 1.33 1.54 -0.775 0.00015 1
11.95 4.05 -1.25 3.61 1.69 1.50 1.147 0.00012 1
54.19 22.86 -0.69 1.83 0.39 1.80 -0.051 0.00012 3
74.68 20.68 1.14 4.40 1.71 1.56 3.287 0.00011 1
51.30 22.52 -1.29 3.50 1.62 1.53 2.774 0.00011 1
58.80 -49.35 0.31 4.45 1.70 1.61 -2.995 0.00010 1
30.47 -2.20 -1.53 3.56 2.07 1.43 2.916 0.00010 1
45.41 -36.09 -1.45 3.90 1.50 1.56 2.998 0.00010 1
16.86 -5.21 -1.18 4.08 1.68 1.46 -2.558 0.00009 1
10.72 -1.46 -2.06 3.88 1.60 1.47 -2.597 0.00009 1
70.67 -22.88 -1.21 4.48 1.68 1.60 2.329 0.00009 1
38.06 -9.96 -0.97 3.82 1.67 1.63 -3.020 0.00008 1
32.26 -8.99 -1.30 3.74 1.68 1.75 -1.142 0.00008 1
58.80 -48.87 -1.66 3.62 1.64 1.59 -0.076 0.00008 1
12.45 3.73 -1.29 3.52 1.45 1.49 -0.196 0.00008 1
21.95 -3.31 -1.24 1.75 0.57 1.97 0.156 0.00007 3
54.85 22.62 -1.18 1.66 0.42 1.83 -0.204 0.00007 3
36.92 -12.50 -0.65 4.01 1.65 1.64 -2.778 0.00007 1
57.74 6.25 -1.18 4.62 1.78 1.71 3.387 0.00007 1
30.68 8.65 -1.40 3.47 1.94 1.47 2.610 0.00006 1
21.85 -15.55 -1.31 3.90 1.57 1.40 2.526 0.00006 1
34.96 28.50 -0.99 0.47 0.58 2.02 -1.826 0.00005 2
63.18 22.61 -0.69 4.13 1.84 1.61 -0.417 0.00005 1
12.27 5.34 -1.43 3.42 1.41 1.38 -1.970 0.00005 1
17.02 -4.92 -1.20 3.95 1.27 1.42 -2.101 0.00005 1
50.64 22.71 -1.15 5.07 2.33 1.81 2.962 0.00004 1
54.49 22.67 -0.78 1.75 0.50 1.94 0.073 0.00003 3
65.82 23.58 -1.62 4.45 1.75 1.61 3.107 0.00003 1
32.92 3.21 -1.51 4.09 1.60 1.57 -2.811 0.00003 1
72.68 -49.15 -0.26 4.17 2.08 1.70 3.046 0.00003 1
43.54 1.90 -2.03 3.66 1.59 1.54 2.867 0.00003 1
16.03 -3.47 -1.18 3.52 1.67 1.56 -2.598 0.00003 1
31.29 3.84 -1.51 3.95 1.76 1.68 -2.489 0.00003 1
25.56 12.90 -1.38 3.80 1.85 1.43 2.484 0.00003 1
33.72 -10.91 -6.57 4.09 1.86 1.69 3.075 0.00002 1
11.68 -1.19 -1.49 3.22 1.96 1.67 -2.519 0.00002 1
28.02 23.32 -1.11 3.97 1.69 1.72 -2.765 0.00002 1
45.74 13.89 -1.23 4.26 1.54 1.62 3.122 0.00002 1
10.92 -3.20 -1.82 3.97 2.00 1.58 -2.714 0.00002 1
13.17 4.02 -1.23 3.72 1.38 1.57 3.000 0.00002 1
19.74 2.73 0.68 3.62 1.90 1.70 0.361 0.00002 1
48.89 -36.08 -1.02 4.28 2.13 1.79 3.340 0.00002 1
23.20 -15.04 -1.42 3.62 1.87 1.52 2.604 0.00002 1
12.00 7.72 -1.13 0.88 0.75 1.81 -1.548 0.00002 2
16.85 -4.33 -1.39 3.49 1.24 1.44 -2.231 0.00002 1
24.46 -21.51 -0.64 4.10 1.96 1.46 3.014 0.00002 1
12.03 0.53 -1.04 4.16 1.84 1.69 -2.829 0.00002 1
11.30 0.11 -1.08 2.97 1.57 1.61 -0.804 0.00002 1
15.64 -1.72 -1.20 4.27 1.51 1.55 -2.627 0.00002 1
20.20 17.16 -1.44 4.02 1.70 1.73 2.956 0.00002 1
39.59 27.61 -0.73 4.08 2.04 1.73 2.904 0.00001 1
12.49 3.19 -1.08 3.54 1.35 1.57 2.507 0.00001 1
12.65 3.85 -1.24 3.60 1.64 1.47 0.755 0.00001 1
6.19 -2.79 -2.41 3.66 1.66 1.50 -2.113 0.00001 1
43.37 3.10 -1.63 3.56 1.60 1.41 -2.710 0.00001 1
19.80 14.42 -1.93 3.63 1.29 1.43 2.711 0.00001 1
13.04 3.30 -1.12 3.42 1.33 1.57 2.751 0.00001 1
35.12 19.77 -0.66 4.69 1.86 1.70 3.418 0.00001 1
