542 187 576 252 0.786646 0
733 199 774 288 0.738974 0
930 205 949 265 0.384797 0
1138 200 1163 261 0.372987 0
910 195 936 266 0.295387 0
717 212 728 234 0.211568 0
834 191 853 265 0.132454 0
733 202 749 235 0.073321 0
307 184 324 198 0.068677 0
786 197 794 212 0.054089 0
556 173 567 197 0.053507 0
861 211 873 229 0.042360 0
632 201 645 217 0.041916 0
755 199 773 234 0.037421 0
522 184 532 207 0.032829 0
513 192 521 210 0.029984 0
693 209 702 233 0.023958 0
670 210 680 232 0.022986 0
213 192 223 226 0.021081 0
561 185 578 216 0.018536 0
645 199 654 214 0.018437 0
331 183 345 198 0.017981 0
926 206 939 229 0.015161 0
973 210 983 227 0.014846 0
906 196 914 240 0.014747 0
1168 200 1179 217 0.014703 0
772 200 787 235 0.014350 0
948 279 959 302 0.014150 0
857 217 878 266 0.014033 0
222 201 239 238 0.011942 0
990 212 997 224 0.011517 0
892 205 904 240 0.010083 0
540 193 550 221 0.010079 0
1039 205 1050 229 0.009784 0
469 191 481 215 0.009533 0
1165 235 1175 247 0.009251 0
385 197 395 206 0.008402 0
1220 202 1227 231 0.008016 0
847 186 857 220 0.006190 0
572 181 581 200 0.005555 0
351 187 359 198 0.004826 0
1213 190 1224 209 0.004374 0
666 188 672 220 0.003591 0
964 373 981 394 0.003447 0
518 191 529 239 0.003381 0
841 197 875 230 0.003276 0
1239 198 1249 230 0.002749 0
654 201 662 215 0.002726 0
375 183 387 203 0.002552 0
1096 201 1104 220 0.002510 0
322 233 357 320 0.002317 0
1203 408 1215 422 0.002161 0
1000 190 1007 212 0.001949 0
354 185 370 199 0.001517 0
871 199 890 230 0.001462 0
407 179 419 205 0.001403 0
1271 201 1279 236 0.001242 0
414 250 421 270 0.001218 0
396 183 409 205 0.001218 0
718 194 729 217 0.001210 0
690 183 703 216 0.001206 0
175 187 183 205 0.001103 0
1211 223 1227 236 0.000959 0
680 204 693 216 0.000878 0
364 165 378 199 0.000844 0
458 197 479 261 0.000708 0
1181 178 1202 230 0.000684 0
215 183 230 200 0.000610 0
1254 206 1269 231 0.000600 0
407 250 415 271 0.000576 0
415 180 425 204 0.000449 0
306 174 356 203 0.000443 0
1075 228 1110 258 0.000358 0
786 196 808 233 0.000357 0
240 214 253 236 0.000344 0
199 205 207 215 0.000339 0
665 194 697 232 0.000304 0
321 245 330 277 0.000257 0
802 161 850 221 0.000254 0
243 195 256 216 0.000253 0
802 185 811 215 0.000229 0
194 186 202 215 0.000219 0
318 199 329 224 0.000210 0
0 142 7 204 0.000208 0
86 223 93 235 0.000202 0
597 171 609 186 0.000202 0
355 204 378 231 0.000192 0
1190 384 1217 413 0.000177 0
375 198 397 216 0.000141 0
604 174 622 186 0.000140 0
948 181 960 207 0.000138 0
426 233 439 246 0.000127 0
267 216 278 233 0.000123 0
926 280 961 317 0.000112 0
181 173 235 226 0.000109 0
355 238 370 277 0.000104 0
733 240 761 292 0.314384 1
1135 233 1160 262 0.212483 1
868 236 928 287 0.102138 1
871 231 896 259 0.039854 1
915 235 928 267 0.033483 1
838 222 853 263 0.032489 1
1131 225 1222 267 0.012175 1
1121 224 1140 247 0.010317 1
535 198 547 220 0.009143 1
824 218 839 241 0.008831 1
1058 216 1170 257 0.006084 1
889 227 903 244 0.005495 1
938 279 959 302 0.005177 1
1178 198 1199 229 0.004604 1
1164 225 1179 247 0.003851 1
1176 222 1197 248 0.002953 1
750 233 769 269 0.002778 1
846 226 874 270 0.002564 1
1140 308 1170 348 0.002404 1
1178 166 1221 220 0.002000 1
868 206 893 240 0.001486 1
761 249 784 282 0.001242 1
532 258 599 397 0.000955 1
1187 213 1226 232 0.000895 1
924 274 946 294 0.000805 1
1255 196 1279 234 0.000666 1
1261 230 1279 262 0.000665 1
1158 183 1188 218 0.000659 1
575 294 596 358 0.000543 1
519 196 543 244 0.000385 1
543 216 558 252 0.000254 1
525 232 535 245 0.000165 1
843 266 908 297 0.000154 1
962 371 1026 399 0.000144 1
730 270 746 293 0.000127 1
722 213 745 237 0.000105 1
1114 217 1145 241 0.131980 2
894 223 973 266 0.098585 2
523 183 536 196 0.074662 2
480 170 519 216 0.073428 2
696 203 727 231 0.067271 2
1005 212 1025 227 0.055659 2
1003 236 1035 252 0.040242 2
1068 216 1116 243 0.039178 2
480 175 494 198 0.030126 2
971 242 992 259 0.029234 2
802 215 839 240 0.027581 2
1021 208 1047 229 0.026426 2
468 188 480 205 0.023158 2
866 176 945 218 0.021871 2
632 201 649 217 0.015839 2
584 184 648 217 0.014331 2
1052 217 1071 232 0.012150 2
395 200 410 205 0.011648 2
386 199 397 206 0.009873 2
924 199 953 213 0.009450 2
1063 214 1221 256 0.009362 2
522 170 550 191 0.009323 2
523 195 547 218 0.009311 2
449 156 490 171 0.008985 2
942 215 973 245 0.008955 2
1048 226 1092 257 0.008740 2
973 218 984 235 0.008659 2
451 196 474 216 0.007968 2
293 177 323 198 0.007019 2
1104 224 1122 250 0.006094 2
977 217 1027 250 0.005777 2
513 181 525 216 0.005225 2
918 185 943 207 0.004814 2
1208 370 1226 388 0.004595 2
683 211 702 233 0.004522 2
1256 195 1279 218 0.004482 2
1154 201 1177 225 0.004433 2
1037 243 1070 259 0.004349 2
556 171 580 200 0.004247 2
718 199 745 234 0.004170 2
1266 191 1279 201 0.004093 2
1006 199 1036 218 0.004092 2
1260 169 1279 190 0.003452 2
1189 221 1225 235 0.003151 2
544 160 579 176 0.002607 2
947 239 975 264 0.002507 2
1105 207 1131 219 0.002447 2
1238 179 1279 200 0.002342 2
1070 204 1095 223 0.002176 2
433 171 445 188 0.001860 2
475 195 497 217 0.001756 2
646 196 664 215 0.001683 2
772 232 789 238 0.001274 2
355 217 370 228 0.001203 2
460 146 527 183 0.001164 2
838 187 873 223 0.001133 2
436 204 452 219 0.001053 2
1032 196 1081 230 0.001002 2
1026 244 1041 258 0.000986 2
432 173 480 213 0.000971 2
463 251 479 271 0.000951 2
374 197 391 206 0.000912 2
832 141 900 171 0.000859 2
203 239 239 255 0.000831 2
430 194 450 207 0.000816 2
1271 233 1279 261 0.000798 2
352 188 370 199 0.000796 2
1239 196 1256 231 0.000782 2
768 198 789 233 0.000746 2
563 197 581 218 0.000740 2
871 198 889 225 0.000726 2
325 235 352 255 0.000717 2
446 161 465 181 0.000715 2
1192 384 1205 402 0.000591 2
384 182 407 206 0.000535 2
1070 192 1085 205 0.000497 2
1160 183 1190 215 0.000489 2
1091 191 1120 219 0.000489 2
881 198 912 231 0.000438 2
1264 359 1279 373 0.000387 2
1170 344 1275 417 0.000369 2
412 205 453 232 0.000366 2
1219 200 1247 231 0.000359 2
1239 167 1263 181 0.000353 2
354 198 385 228 0.000343 2
659 187 699 224 0.000342 2
274 183 294 193 0.000318 2
699 184 730 210 0.000309 2
607 163 641 193 0.000306 2
968 201 995 223 0.000302 2
634 181 655 211 0.000292 2
319 214 331 232 0.000265 2
196 222 229 242 0.000261 2
191 393 217 402 0.000240 2
955 214 1212 354 0.000228 2
412 173 446 204 0.000220 2
294 190 393 212 0.000219 2
766 219 975 322 0.000217 2
1262 365 1279 397 0.000217 2
77 236 116 256 0.000217 2
123 225 135 236 0.000210 2
390 198 431 214 0.000206 2
1209 163 1279 230 0.000206 2
17 226 73 256 0.000200 2
1008 184 1045 203 0.000178 2
1019 246 1089 278 0.000154 2
995 193 1012 223 0.000145 2
411 201 435 205 0.000142 2
1101 173 1202 222 0.000142 2
1043 193 1058 205 0.000116 2
109 221 152 245 0.000111 2
864 227 887 243 0.008225 3
802 136 940 241 0.038013 5
830 135 900 168 0.005938 5
1199 169 1279 231 0.002348 5
1007 184 1047 214 0.000123 5
369 65 458 207 0.000106 6
801 138 943 240 0.147705 7
585 183 649 218 0.084186 7
1006 198 1051 230 0.061002 7
480 171 519 215 0.033631 7
695 200 730 232 0.029539 7
442 152 520 186 0.010946 7
550 169 578 200 0.006187 7
866 176 939 202 0.005589 7
310 200 457 342 0.004626 7
806 159 858 207 0.003858 7
1180 166 1279 230 0.002745 7
830 135 900 169 0.002337 7
709 214 950 284 0.001474 7
1063 198 1222 258 0.001421 7
343 177 531 224 0.000937 7
693 149 828 237 0.000932 7
605 162 640 195 0.000566 7
382 177 431 206 0.000350 7
408 204 454 239 0.000247 7
660 172 719 216 0.000186 7
516 144 573 197 0.000139 7
1260 164 1279 195 0.000133 7
564 64 714 222 0.000111 7
1103 165 1188 224 0.000108 7
913 182 984 254 0.000102 7
1090 150 1102 177 0.427489 9
513 150 524 178 0.277458 9
1005 136 1014 173 0.059390 9
693 186 702 203 0.031701 9
704 154 712 174 0.030573 9
313 151 343 197 0.015295 9
170 64 203 91 0.013688 9
333 166 353 199 0.011642 9
1014 136 1024 170 0.011447 9
879 155 894 173 0.011317 9
897 164 904 177 0.009963 9
693 174 701 185 0.009305 9
365 165 374 187 0.008457 9
373 166 382 184 0.008216 9
1182 163 1201 217 0.007479 9
596 119 605 143 0.006995 9
119 64 162 78 0.006618 9
450 159 464 170 0.006615 9
586 118 598 139 0.006468 9
1001 186 1008 210 0.005642 9
1052 109 1084 147 0.005363 9
586 169 592 184 0.004543 9
702 172 713 184 0.004307 9
702 116 715 130 0.004206 9
1111 192 1120 205 0.004029 9
665 183 671 204 0.003987 9
846 183 857 207 0.003649 9
897 139 915 165 0.003645 9
1208 169 1217 195 0.002972 9
1096 177 1102 200 0.002648 9
993 138 1000 158 0.002587 9
680 170 689 191 0.002523 9
863 166 870 177 0.002466 9
571 161 580 176 0.002421 9
852 116 865 137 0.002406 9
663 171 671 188 0.002326 9
1096 197 1103 220 0.002212 9
832 136 860 166 0.002039 9
157 64 173 75 0.001991 9
652 182 662 203 0.001905 9
596 116 625 164 0.001783 9
595 64 627 93 0.001746 9
308 178 325 198 0.001740 9
1228 167 1247 181 0.001655 9
649 167 659 181 0.001564 9
581 64 596 93 0.001532 9
1120 164 1149 185 0.001464 9
698 81 717 129 0.001454 9
1088 179 1099 199 0.001434 9
257 145 267 159 0.001426 9
1143 164 1154 185 0.001367 9
611 153 625 168 0.001326 9
638 164 648 183 0.001233 9
1224 165 1233 182 0.001106 9
1195 163 1208 186 0.001046 9
692 158 709 180 0.001023 9
1001 172 1007 187 0.001008 9
518 177 536 197 0.000994 9
695 111 718 161 0.000934 9
1089 194 1099 214 0.000929 9
1098 131 1107 150 0.000886 9
1080 153 1095 185 0.000882 9
833 148 843 163 0.000837 9
597 146 609 163 0.000828 9
865 122 871 136 0.000826 9
1153 166 1166 184 0.000778 9
678 64 695 120 0.000766 9
219 182 231 194 0.000674 9
869 124 880 137 0.000654 9
351 158 361 194 0.000641 9
838 117 852 135 0.000609 9
240 177 246 190 0.000605 9
0 144 6 199 0.000586 9
837 137 939 157 0.000585 9
1096 156 1115 196 0.000574 9
683 120 696 154 0.000550 9
492 154 524 198 0.000540 9
688 119 707 131 0.000524 9
356 218 370 229 0.000499 9
1192 384 1205 402 0.000482 9
624 64 640 92 0.000470 9
638 87 660 104 0.000465 9
183 144 199 168 0.000463 9
984 137 996 158 0.000462 9
568 142 577 161 0.000454 9
819 162 859 210 0.000453 9
1212 164 1243 204 0.000425 9
519 147 543 176 0.000411 9
649 177 698 218 0.000379 9
1098 184 1121 216 0.000375 9
999 129 1007 137 0.000337 9
624 119 637 159 0.000328 9
170 143 180 169 0.000324 9
800 153 827 225 0.000314 9
974 190 982 201 0.000298 9
1106 151 1119 170 0.000295 9
241 111 265 130 0.000290 9
976 170 991 185 0.000286 9
964 152 975 162 0.000278 9
719 117 729 130 0.000274 9
209 66 241 86 0.000270 9
680 144 690 167 0.000267 9
878 128 892 139 0.000257 9
726 96 739 115 0.000234 9
98 176 110 203 0.000231 9
649 122 659 159 0.000230 9
801 150 811 159 0.000220 9
256 82 266 97 0.000199 9
1131 160 1154 167 0.000199 9
415 64 434 127 0.000198 9
697 176 713 200 0.000198 9
638 120 650 162 0.000197 9
544 112 551 137 0.000196 9
1208 159 1227 178 0.000195 9
340 64 363 111 0.000191 9
322 91 332 120 0.000189 9
905 129 912 138 0.000185 9
545 141 551 157 0.000181 9
568 135 578 144 0.000176 9
449 150 491 171 0.000176 9
835 76 849 93 0.000175 9
110 149 127 166 0.000169 9
989 182 1005 213 0.000159 9
1028 148 1040 161 0.000158 9
587 162 604 185 0.000158 9
949 170 960 186 0.000153 9
264 68 273 82 0.000152 9
1044 183 1058 199 0.000149 9
1072 145 1082 161 0.000141 9
959 157 983 167 0.000140 9
228 126 268 150 0.000138 9
743 151 752 160 0.000138 9
577 64 666 151 0.000127 9
718 148 727 158 0.000116 9
999 182 1035 210 0.000113 9
715 153 727 181 0.000102 9
1065 163 1158 223 0.000101 9
324 109 367 163 0.135398 11
1051 111 1084 147 0.086682 11
1181 191 1199 214 0.049502 11
831 135 938 177 0.001903 11
900 137 938 155 0.001526 11
415 64 436 119 0.000458 11
1215 165 1258 206 0.000186 11
1071 130 1091 152 0.000172 11
