493 185 517 261 0.642406 0
766 188 789 266 0.639205 0
816 202 851 265 0.613808 0
1004 189 1043 261 0.482733 0
667 189 694 242 0.396446 0
1173 179 1202 245 0.365954 0
306 184 324 198 0.101712 0
383 197 396 206 0.088571 0
522 181 537 200 0.078848 0
1038 216 1053 260 0.070423 0
556 181 568 198 0.068368 0
514 188 532 247 0.067289 0
1003 200 1017 235 0.063479 0
213 189 224 227 0.061079 0
1025 189 1039 224 0.058719 0
716 212 728 234 0.058615 0
1012 193 1026 226 0.045757 0
926 203 945 253 0.038827 0
375 180 395 205 0.037527 0
572 181 581 202 0.036019 0
645 193 655 214 0.035971 0
470 191 481 218 0.029496 0
330 186 342 198 0.029479 0
633 201 645 217 0.028415 0
693 186 702 205 0.025832 0
681 194 694 215 0.025422 0
480 177 496 205 0.025154 0
865 207 875 234 0.023959 0
1211 190 1227 231 0.023176 0
785 196 799 234 0.021986 0
541 172 553 201 0.021907 0
665 187 672 215 0.020778 0
221 183 231 208 0.019890 0
638 182 647 205 0.019650 0
972 210 984 229 0.018762 0
845 201 856 232 0.015722 0
937 442 1016 502 0.014961 0
818 211 831 240 0.011931 0
984 206 1001 234 0.010459 0
693 204 705 232 0.009689 0
239 211 248 239 0.009232 0
398 184 409 205 0.009092 0
513 181 524 200 0.008701 0
676 183 689 201 0.007744 0
340 186 353 198 0.007470 0
726 207 737 234 0.007163 0
1001 184 1010 215 0.006968 0
1230 195 1245 231 0.006353 0
1183 164 1200 189 0.005461 0
486 183 521 200 0.004796 0
768 185 783 205 0.004755 0
736 202 744 221 0.004640 0
944 274 960 300 0.004611 0
1263 686 1279 703 0.004328 0
409 182 418 205 0.004219 0
1147 440 1160 473 0.003955 0
320 441 385 529 0.003879 0
238 195 255 219 0.003318 0
321 231 356 315 0.003136 0
462 233 479 271 0.003131 0
586 172 595 185 0.003069 0
1272 201 1279 254 0.002878 0
877 199 904 244 0.002769 0
655 199 665 217 0.002224 0
352 188 369 199 0.002094 0
366 166 376 188 0.002039 0
1263 486 1279 588 0.001846 0
239 178 246 190 0.001597 0
1207 168 1216 198 0.001520 0
414 250 422 271 0.001312 0
246 212 256 233 0.001287 0
365 187 376 201 0.001273 0
848 182 858 213 0.001245 0
433 173 445 198 0.001243 0
1111 192 1121 203 0.001243 0
380 454 415 496 0.001207 0
903 219 911 243 0.001142 0
1095 172 1104 201 0.001058 0
1129 431 1177 495 0.001053 0
1206 409 1215 423 0.000998 0
574 176 608 216 0.000995 0
1056 225 1072 269 0.000962 0
803 176 820 210 0.000959 0
1119 312 1128 332 0.000936 0
1054 477 1085 504 0.000915 0
199 205 213 217 0.000910 0
1012 691 1026 703 0.000819 0
1244 199 1263 235 0.000784 0
233 206 241 219 0.000729 0
316 187 329 223 0.000704 0
356 247 367 271 0.000700 0
938 484 971 501 0.000637 0
713 192 729 217 0.000623 0
1064 204 1072 231 0.000613 0
407 250 414 272 0.000608 0
1040 183 1050 200 0.000509 0
941 203 960 250 0.000504 0
562 290 595 317 0.000500 0
1177 344 1196 361 0.000498 0
215 177 227 193 0.000491 0
1188 384 1214 421 0.000423 0
321 246 330 277 0.000423 0
1207 370 1225 404 0.000423 0
375 194 400 228 0.000413 0
363 199 384 220 0.000360 0
0 149 7 203 0.000336 0
1154 674 1280 703 0.000330 0
1225 188 1277 259 0.000327 0
198 185 249 253 0.000318 0
547 308 569 317 0.000302 0
175 187 183 205 0.000293 0
271 194 281 225 0.000283 0
321 478 342 535 0.000262 0
863 405 901 454 0.000259 0
224 219 246 246 0.000254 0
1198 163 1219 232 0.000250 0
349 194 377 273 0.000245 0
526 248 606 322 0.000244 0
868 357 1033 503 0.000212 0
308 159 366 198 0.000210 0
194 189 204 215 0.000199 0
472 407 508 436 0.000195 0
624 177 641 207 0.000192 0
266 214 280 233 0.000189 0
731 184 743 206 0.000188 0
1142 432 1280 701 0.000179 0
848 163 869 238 0.000176 0
939 181 960 206 0.000167 0
989 459 1015 489 0.000164 0
327 183 356 235 0.000157 0
1169 344 1205 406 0.000151 0
994 452 1057 500 0.000139 0
483 372 544 436 0.000129 0
331 573 426 651 0.000122 0
1022 483 1048 500 0.000121 0
1263 455 1279 507 0.000115 0
764 380 878 479 0.000113 0
1154 684 1192 703 0.000113 0
1153 696 1169 703 0.000107 0
1098 327 1107 352 0.000105 0
646 210 699 256 0.626746 1
984 220 1037 265 0.422268 1
766 221 784 266 0.341121 1
1164 225 1181 250 0.201688 1
798 234 868 302 0.154940 1
546 199 570 218 0.105590 1
799 256 832 284 0.079337 1
927 275 960 314 0.038579 1
534 203 552 218 0.037523 1
1037 227 1053 262 0.033619 1
1172 216 1202 250 0.033396 1
865 244 961 313 0.020108 1
704 211 727 234 0.019104 1
858 249 894 284 0.014180 1
969 220 997 257 0.013754 1
924 203 945 253 0.013075 1
801 215 825 239 0.013052 1
561 189 579 216 0.011661 1
824 214 848 267 0.010020 1
786 256 804 281 0.008966 1
1126 225 1171 249 0.008478 1
1105 308 1193 366 0.008460 1
891 262 914 307 0.007881 1
844 227 872 275 0.006610 1
1051 215 1074 253 0.006189 1
495 207 511 261 0.005474 1
910 269 937 312 0.005185 1
478 196 491 218 0.004221 1
1193 213 1215 232 0.003866 1
1203 193 1227 232 0.002894 1
853 207 877 243 0.002664 1
691 217 704 238 0.002587 1
760 209 774 234 0.002393 1
789 231 814 240 0.002299 1
1022 278 1045 296 0.001732 1
1094 222 1224 271 0.001714 1
637 198 665 223 0.001571 1
497 250 509 261 0.001429 1
877 203 907 245 0.001043 1
847 261 870 302 0.001004 1
1177 344 1197 371 0.000934 1
509 232 521 250 0.000901 1
759 258 808 299 0.000713 1
1178 184 1209 229 0.000654 1
516 231 533 248 0.000579 1
1222 224 1243 255 0.000574 1
736 202 768 234 0.000492 1
1105 311 1131 343 0.000477 1
1143 342 1215 418 0.000415 1
1005 242 1063 296 0.000385 1
639 257 863 303 0.000339 1
563 279 597 317 0.000304 1
1037 321 1090 337 0.000208 1
470 246 510 264 0.000196 1
721 222 1138 321 0.000159 1
760 264 783 281 0.000146 1
525 195 656 244 0.000132 1
1008 228 1257 411 0.000122 1
844 184 1073 257 0.000115 1
1042 278 1059 295 0.000114 1
477 229 602 283 0.000110 1
414 191 940 311 0.000109 1
1154 673 1279 703 0.209640 2
695 202 727 231 0.122258 2
481 177 496 199 0.086697 2
866 177 947 243 0.049356 2
587 190 643 217 0.033184 2
1264 487 1279 506 0.030158 2
547 172 580 201 0.021079 2
801 213 827 238 0.019739 2
1037 214 1073 256 0.014224 2
1236 179 1279 219 0.013267 2
1068 215 1120 246 0.012228 2
471 179 559 216 0.011429 2
482 197 497 217 0.010956 2
448 155 517 177 0.009927 2
1261 169 1279 180 0.009168 2
1270 197 1279 238 0.008782 2
520 179 539 200 0.008327 2
466 182 480 205 0.007550 2
1118 218 1179 249 0.006331 2
942 456 1014 494 0.005122 2
531 249 601 310 0.004824 2
292 177 318 198 0.003893 2
1262 190 1279 203 0.003857 2
325 234 352 254 0.003737 2
449 157 503 175 0.003129 2
918 191 946 211 0.002519 2
356 217 370 228 0.002429 2
541 160 580 179 0.002427 2
454 202 467 216 0.002048 2
160 205 197 218 0.002006 2
181 225 229 255 0.001892 2
936 199 953 209 0.001887 2
433 172 445 197 0.001759 2
877 199 900 234 0.001742 2
1071 204 1097 219 0.001648 2
1229 167 1247 183 0.001595 2
737 202 773 232 0.001515 2
1038 197 1055 216 0.001482 2
377 180 404 206 0.001405 2
319 219 331 232 0.001365 2
353 189 369 200 0.001256 2
1246 167 1263 181 0.001199 2
1270 507 1279 529 0.001153 2
437 168 467 183 0.001139 2
432 179 480 216 0.001107 2
1083 192 1096 210 0.001096 2
1208 370 1226 401 0.001085 2
434 299 608 332 0.001082 2
115 223 135 236 0.000953 2
967 207 983 225 0.000865 2
1151 216 1277 264 0.000791 2
1208 439 1280 464 0.000770 2
324 199 371 253 0.000759 2
813 201 848 231 0.000714 2
517 307 568 317 0.000705 2
1250 215 1267 234 0.000701 2
1090 206 1148 232 0.000701 2
848 176 933 190 0.000694 2
1092 194 1104 209 0.000523 2
1264 560 1279 588 0.000520 2
433 198 461 211 0.000518 2
1263 362 1279 380 0.000495 2
19 230 41 251 0.000490 2
1222 163 1249 227 0.000482 2
1273 222 1279 259 0.000419 2
437 204 452 219 0.000399 2
1248 440 1279 451 0.000386 2
949 206 982 245 0.000380 2
1098 170 1123 206 0.000375 2
66 223 95 236 0.000353 2
304 184 549 241 0.000339 2
1146 183 1185 220 0.000330 2
288 185 395 211 0.000329 2
938 490 968 501 0.000317 2
520 167 540 183 0.000307 2
1060 195 1078 221 0.000291 2
322 414 369 488 0.000287 2
112 222 156 253 0.000281 2
77 236 116 256 0.000271 2
1188 345 1279 431 0.000270 2
1127 419 1178 475 0.000256 2
575 278 593 303 0.000247 2
364 201 381 221 0.000231 2
824 163 858 180 0.000221 2
191 211 217 225 0.000218 2
831 136 898 150 0.000210 2
1149 446 1280 527 0.000186 2
393 176 447 206 0.000167 2
599 170 617 186 0.000167 2
410 205 452 243 0.000163 2
434 301 959 397 0.000155 2
23 226 63 238 0.000143 2
475 201 729 283 0.000137 2
272 181 295 194 0.000134 2
31 234 72 256 0.000133 2
1091 568 1119 576 0.000130 2
1262 458 1279 695 0.000118 2
163 238 198 261 0.000105 2
169 168 201 182 0.000104 2
186 249 208 262 0.000101 2
1038 214 1073 261 0.012400 3
1134 229 1169 249 0.008665 3
470 211 949 306 0.000124 3
830 135 938 175 0.038534 5
448 155 522 182 0.012963 5
1101 163 1154 186 0.001739 5
529 159 582 188 0.001312 5
395 304 958 402 0.000275 5
812 157 858 174 0.000230 5
848 162 920 228 0.000129 5
640 298 1280 704 0.623698 6
320 303 957 701 0.379075 6
1154 673 1279 703 0.058215 6
324 244 954 375 0.000853 6
318 201 458 334 0.000702 6
1153 530 1279 703 0.000192 6
1004 491 1280 580 0.000182 6
935 439 1164 504 0.000164 6
658 217 1209 395 0.000138 6
370 64 455 205 0.000132 6
214 106 324 172 0.000110 6
700 152 855 233 0.098825 7
850 177 946 237 0.070636 7
696 202 729 232 0.045705 7
1212 166 1279 233 0.024773 7
1085 165 1193 246 0.019203 7
442 154 520 189 0.016178 7
531 171 580 202 0.012232 7
807 159 858 189 0.011725 7
532 248 601 311 0.009072 7
828 136 911 176 0.008512 7
486 170 535 209 0.004885 7
585 181 646 217 0.002292 7
539 160 581 180 0.001963 7
1100 164 1154 189 0.001380 7
309 200 598 350 0.001094 7
649 196 704 247 0.000865 7
801 189 850 238 0.000682 7
491 246 876 317 0.000617 7
721 153 808 175 0.000490 7
699 184 738 213 0.000386 7
804 133 1092 256 0.000375 7
636 169 674 216 0.000276 7
731 179 791 217 0.000215 7
376 161 414 205 0.000193 7
316 199 370 322 0.000170 7
1114 185 1146 212 0.000108 7
1088 150 1103 180 0.355074 9
513 150 524 173 0.204306 9
1015 156 1024 169 0.028010 9
1006 136 1015 170 0.022773 9
595 115 625 165 0.013277 9
895 155 906 172 0.011241 9
313 152 343 197 0.010364 9
335 164 352 198 0.008229 9
698 82 717 128 0.007796 9
879 154 894 173 0.005380 9
374 166 381 183 0.005373 9
606 148 624 164 0.004559 9
1233 166 1246 180 0.004443 9
1014 136 1025 146 0.003818 9
173 64 202 91 0.003729 9
367 166 376 188 0.003666 9
1002 168 1008 178 0.003506 9
1213 166 1226 190 0.003496 9
697 126 705 153 0.003358 9
587 117 598 141 0.003193 9
1110 164 1153 185 0.003141 9
862 165 869 179 0.003107 9
1154 163 1168 183 0.002972 9
587 175 598 185 0.002965 9
705 154 712 174 0.002909 9
694 176 702 193 0.002664 9
595 64 625 92 0.002598 9
1225 164 1234 180 0.002520 9
119 64 163 74 0.002476 9
699 116 713 129 0.001699 9
606 173 616 184 0.001567 9
680 66 695 120 0.001485 9
694 151 707 175 0.001326 9
853 114 865 137 0.001308 9
239 177 246 190 0.001303 9
993 137 1001 163 0.001093 9
1079 155 1092 185 0.001067 9
686 120 699 153 0.001025 9
838 118 853 135 0.001010 9
352 155 362 193 0.000993 9
831 135 860 166 0.000973 9
581 64 596 93 0.000953 9
680 168 689 193 0.000929 9
681 149 689 166 0.000917 9
1191 384 1205 403 0.000841 9
996 131 1010 173 0.000838 9
638 162 647 175 0.000833 9
0 147 6 195 0.000832 9
692 170 703 181 0.000826 9
702 174 712 183 0.000729 9
883 137 940 176 0.000716 9
512 135 527 147 0.000713 9
849 181 858 198 0.000639 9
624 64 640 92 0.000623 9
95 184 104 202 0.000618 9
624 120 634 150 0.000590 9
642 161 659 187 0.000565 9
170 144 180 169 0.000559 9
999 129 1007 136 0.000542 9
161 64 175 76 0.000538 9
545 142 551 156 0.000538 9
183 144 199 168 0.000521 9
1216 164 1248 209 0.000492 9
807 161 859 187 0.000485 9
702 130 717 155 0.000478 9
743 152 752 161 0.000457 9
646 120 660 162 0.000444 9
1086 183 1097 200 0.000426 9
110 148 126 166 0.000420 9
908 137 938 150 0.000417 9
535 273 568 309 0.000410 9
259 144 269 159 0.000379 9
806 149 813 159 0.000375 9
717 146 732 160 0.000342 9
1190 165 1213 191 0.000318 9
1097 162 1118 206 0.000317 9
514 133 541 175 0.000314 9
1097 131 1109 167 0.000312 9
566 142 577 160 0.000299 9
1106 154 1118 171 0.000290 9
833 78 841 92 0.000287 9
950 180 960 205 0.000276 9
1127 159 1154 168 0.000262 9
1044 182 1056 199 0.000257 9
661 169 675 203 0.000245 9
850 162 870 205 0.000218 9
1058 113 1076 167 0.000215 9
713 95 730 131 0.000203 9
449 151 490 171 0.000191 9
1017 143 1038 167 0.000190 9
800 153 816 216 0.000180 9
1031 149 1041 161 0.000175 9
97 173 111 182 0.000170 9
699 64 714 87 0.000169 9
335 64 363 111 0.000168 9
636 84 658 106 0.000167 9
587 64 662 162 0.000165 9
857 150 866 169 0.000156 9
458 247 603 321 0.000149 9
209 66 248 86 0.000138 9
369 157 390 190 0.000136 9
415 64 435 130 0.000136 9
880 127 892 138 0.000131 9
715 161 727 184 0.000120 9
726 97 738 115 0.000114 9
587 161 613 185 0.000106 9
544 111 551 134 0.000104 9
869 123 881 137 0.000102 9
664 148 671 169 0.000101 9
568 134 578 144 0.000100 9
1051 110 1083 147 0.169338 11
324 109 366 164 0.068910 11
415 64 440 120 0.000332 11
1071 131 1086 150 0.000272 11
352 128 365 158 0.000101 11
