1008 191 1037 259 0.594433 0
497 188 520 253 0.583371 0
768 188 791 266 0.572926 0
805 202 839 265 0.569100 0
670 191 700 241 0.278726 0
1034 211 1062 259 0.151559 0
306 184 324 198 0.107923 0
384 197 396 206 0.103816 0
514 186 532 247 0.098008 0
782 194 795 232 0.081092 0
693 184 703 214 0.071605 0
556 180 568 198 0.060636 0
716 211 728 234 0.059322 0
522 181 537 199 0.055638 0
213 188 224 227 0.049788 0
633 201 644 218 0.049111 0
1180 167 1202 244 0.048677 0
375 180 395 205 0.048100 0
925 203 945 253 0.044401 0
645 194 654 214 0.039929 0
572 181 581 202 0.039828 0
330 186 343 198 0.033278 0
972 210 984 228 0.021917 0
470 191 481 217 0.020839 0
1065 682 1090 703 0.020047 0
542 172 553 201 0.019853 0
639 182 647 203 0.019263 0
221 183 231 217 0.018042 0
865 207 875 235 0.016661 0
234 428 297 518 0.015815 0
1061 215 1072 250 0.013885 0
496 188 506 216 0.013634 0
1194 218 1206 238 0.012829 0
398 184 409 205 0.011125 0
1029 432 1044 467 0.011051 0
476 185 498 217 0.010969 0
988 209 998 226 0.010123 0
341 186 353 198 0.009519 0
1211 190 1227 232 0.009053 0
650 186 661 216 0.008466 0
665 196 677 235 0.007735 0
946 274 960 298 0.007275 0
773 186 787 202 0.006999 0
237 211 248 240 0.005293 0
409 182 418 205 0.005013 0
586 172 595 185 0.004923 0
351 188 368 199 0.003928 0
732 203 745 235 0.003783 0
1000 188 1009 215 0.003698 0
1119 312 1129 332 0.003389 0
514 174 526 193 0.003333 0
848 199 857 230 0.003049 0
1031 197 1044 215 0.002916 0
366 166 376 189 0.002894 0
1156 233 1171 248 0.002668 0
456 200 475 216 0.002663 0
966 372 980 388 0.002629 0
1254 680 1279 703 0.002591 0
1273 201 1279 254 0.002590 0
679 179 690 211 0.002516 0
292 446 332 493 0.002370 0
871 203 896 241 0.002226 0
236 194 256 221 0.002225 0
458 191 479 266 0.002208 0
665 183 671 207 0.002172 0
366 187 376 201 0.002134 0
321 232 356 313 0.002022 0
433 173 445 200 0.001700 0
804 182 814 207 0.001590 0
573 174 605 216 0.001505 0
1231 193 1254 256 0.001445 0
1219 215 1229 233 0.001418 0
239 178 246 190 0.001298 0
1111 193 1120 203 0.001254 0
1060 658 1121 703 0.001252 0
1121 228 1137 249 0.001221 0
246 212 255 236 0.001181 0
1095 166 1104 201 0.001181 0
1207 410 1215 423 0.001141 0
1177 344 1194 361 0.001102 0
1014 412 1063 468 0.001093 0
455 180 479 207 0.001069 0
199 204 213 218 0.001028 0
1114 682 1163 703 0.000984 0
463 245 478 270 0.000964 0
903 219 911 243 0.000961 0
472 290 501 312 0.000957 0
723 189 738 234 0.000952 0
952 670 976 703 0.000938 0
848 180 858 205 0.000861 0
613 167 623 185 0.000815 0
415 250 422 270 0.000749 0
1248 205 1262 235 0.000749 0
1218 566 1266 631 0.000712 0
316 186 329 221 0.000686 0
1033 668 1073 703 0.000630 0
364 198 384 221 0.000585 0
1251 565 1279 703 0.000572 0
322 450 356 491 0.000495 0
356 245 367 271 0.000485 0
1000 382 1018 401 0.000476 0
766 401 813 440 0.000463 0
215 177 228 193 0.000461 0
670 294 677 305 0.000428 0
321 249 330 277 0.000417 0
1042 191 1059 208 0.000410 0
1016 693 1044 703 0.000407 0
847 171 871 237 0.000401 0
940 203 961 250 0.000393 0
441 349 502 435 0.000358 0
271 193 281 226 0.000358 0
308 179 365 205 0.000347 0
175 187 183 205 0.000319 0
0 150 7 203 0.000319 0
192 180 248 253 0.000312 0
1198 369 1227 423 0.000310 0
393 342 455 425 0.000306 0
731 185 743 206 0.000296 0
624 177 641 206 0.000277 0
353 195 376 273 0.000273 0
1165 344 1199 388 0.000258 0
521 227 535 246 0.000255 0
1098 328 1106 354 0.000249 0
408 251 414 271 0.000243 0
810 479 838 489 0.000232 0
539 265 561 295 0.000232 0
194 190 204 216 0.000186 0
809 450 866 489 0.000183 0
874 436 926 488 0.000179 0
221 178 247 194 0.000175 0
947 356 964 380 0.000167 0
1198 163 1220 228 0.000166 0
1150 694 1166 703 0.000157 0
241 443 464 681 0.000154 0
260 212 280 237 0.000153 0
1068 332 1103 416 0.000148 0
767 383 795 417 0.000148 0
947 180 961 206 0.000148 0
375 392 413 426 0.000141 0
1262 625 1279 661 0.000139 0
686 158 706 205 0.000136 0
905 329 914 345 0.000133 0
963 370 1009 403 0.000132 0
834 436 872 454 0.000109 0
655 212 712 256 0.566091 1
989 224 1028 266 0.279338 1
546 199 570 218 0.105298 1
706 211 727 234 0.095847 1
829 251 856 309 0.091938 1
768 225 785 270 0.074970 1
1018 220 1037 260 0.064631 1
970 215 1005 256 0.050019 1
784 254 816 281 0.047072 1
804 232 834 269 0.045326 1
1168 225 1187 249 0.044754 1
534 203 552 218 0.036296 1
1189 216 1205 244 0.036230 1
928 275 961 304 0.032998 1
923 203 945 254 0.026516 1
1183 222 1222 266 0.023530 1
836 218 853 245 0.020097 1
1038 229 1062 264 0.019388 1
1182 215 1193 240 0.014775 1
562 189 579 216 0.012135 1
846 212 875 240 0.012071 1
831 235 902 285 0.010973 1
1128 309 1184 364 0.007947 1
865 246 965 313 0.007414 1
479 195 497 218 0.005800 1
633 201 650 220 0.005642 1
868 250 889 282 0.005343 1
802 219 816 235 0.005333 1
911 275 937 316 0.004421 1
655 217 674 238 0.003377 1
1016 276 1059 295 0.002850 1
802 233 812 257 0.002828 1
728 205 745 235 0.002822 1
891 262 907 286 0.002765 1
1201 199 1227 232 0.001558 1
993 204 1010 228 0.001495 1
759 263 785 281 0.001495 1
895 270 917 311 0.001367 1
888 217 1021 268 0.001291 1
877 204 907 245 0.001129 1
1177 344 1197 368 0.001060 1
497 226 515 261 0.000977 1
753 205 776 233 0.000933 1
411 244 917 327 0.000645 1
1224 185 1251 232 0.000537 1
1108 311 1130 342 0.000493 1
993 424 1060 484 0.000485 1
811 198 856 235 0.000481 1
999 382 1025 413 0.000406 1
786 199 818 234 0.000396 1
1139 344 1199 385 0.000382 1
1059 324 1094 359 0.000360 1
1021 305 1152 361 0.000329 1
671 202 800 271 0.000278 1
646 228 673 255 0.000268 1
1037 321 1074 335 0.000216 1
512 196 609 253 0.000188 1
576 277 594 302 0.000172 1
986 188 1099 257 0.000160 1
1173 164 1201 197 0.000147 1
578 252 714 278 0.000138 1
762 217 1236 411 0.000104 1
227 297 639 701 0.318462 2
481 176 496 198 0.058819 2
851 178 947 240 0.057469 2
1032 210 1063 258 0.051244 2
586 184 643 217 0.036785 2
523 182 536 195 0.026506 2
545 172 580 201 0.025930 2
448 155 522 176 0.014246 2
482 193 499 217 0.011907 2
1065 215 1121 245 0.011834 2
701 199 730 232 0.011624 2
1233 179 1279 218 0.010556 2
467 178 571 216 0.010463 2
533 249 600 289 0.009231 2
1269 197 1279 230 0.007163 2
1258 169 1279 182 0.007095 2
488 182 521 199 0.005702 2
449 157 489 175 0.005611 2
292 177 320 198 0.004985 2
465 182 480 205 0.004835 2
326 234 352 255 0.004601 2
161 205 196 218 0.004276 2
541 159 580 179 0.003749 2
1134 231 1172 250 0.003619 2
1262 191 1279 203 0.003031 2
917 190 946 211 0.002606 2
453 192 475 216 0.002453 2
200 233 228 254 0.002163 2
356 217 370 228 0.002052 2
877 199 901 233 0.001893 2
1071 204 1097 222 0.001772 2
936 199 952 209 0.001771 2
1195 218 1225 233 0.001692 2
959 553 990 566 0.001649 2
433 172 445 199 0.001558 2
1120 224 1138 247 0.001471 2
1102 214 1157 239 0.001411 2
1230 167 1246 182 0.001407 2
811 201 839 224 0.001272 2
1074 197 1093 210 0.001215 2
318 219 331 232 0.001210 2
116 223 135 236 0.001160 2
967 207 984 226 0.001140 2
1209 370 1225 390 0.001096 2
1243 167 1265 181 0.001048 2
1036 197 1059 215 0.000990 2
829 135 905 168 0.000965 2
437 167 466 183 0.000961 2
738 200 776 232 0.000933 2
161 217 242 258 0.000922 2
1252 572 1279 616 0.000883 2
403 293 728 323 0.000797 2
862 177 936 193 0.000769 2
1263 363 1279 380 0.000758 2
19 231 41 250 0.000731 2
1192 227 1226 252 0.000722 2
1250 215 1267 234 0.000713 2
1212 164 1231 231 0.000680 2
1020 191 1045 213 0.000660 2
322 299 918 476 0.000637 2
1273 226 1279 259 0.000594 2
843 436 871 450 0.000574 2
811 159 858 176 0.000570 2
60 254 90 265 0.000559 2
463 251 479 270 0.000483 2
1086 187 1095 202 0.000481 2
926 207 995 253 0.000479 2
328 191 370 238 0.000469 2
1249 236 1279 269 0.000414 2
1248 612 1279 632 0.000401 2
1019 412 1063 465 0.000394 2
1092 193 1105 209 0.000389 2
1025 309 1096 336 0.000356 2
814 172 856 189 0.000353 2
75 236 117 258 0.000351 2
433 198 458 210 0.000349 2
1192 191 1279 267 0.000346 2
638 169 670 206 0.000340 2
1222 164 1249 210 0.000335 2
67 223 94 235 0.000320 2
438 205 452 219 0.000313 2
519 167 540 182 0.000311 2
1263 349 1279 368 0.000307 2
290 184 394 208 0.000299 2
112 222 156 252 0.000297 2
1151 567 1218 594 0.000297 2
1098 171 1122 205 0.000288 2
599 171 617 186 0.000281 2
658 178 692 212 0.000276 2
1145 567 1168 575 0.000247 2
476 294 607 307 0.000237 2
197 211 216 225 0.000229 2
227 520 272 608 0.000226 2
1218 559 1277 572 0.000220 2
1150 183 1201 222 0.000204 2
1179 453 1272 487 0.000200 2
364 201 381 222 0.000200 2
388 178 419 205 0.000192 2
23 226 62 237 0.000186 2
1238 420 1279 474 0.000181 2
33 234 72 256 0.000180 2
1223 609 1250 630 0.000169 2
272 181 296 194 0.000164 2
189 239 209 260 0.000144 2
103 250 154 266 0.000132 2
410 205 452 246 0.000132 2
1185 351 1225 402 0.000129 2
1270 469 1279 481 0.000129 2
984 484 1276 701 0.000125 2
1187 560 1261 620 0.000123 2
205 251 223 263 0.000121 2
163 239 196 261 0.000117 2
854 148 867 169 0.000114 2
622 175 641 201 0.000113 2
1191 344 1279 462 0.000110 2
153 184 182 206 0.000109 2
271 388 292 399 0.000105 2
954 696 1002 703 0.000101 2
238 342 463 456 0.000101 2
792 213 869 274 0.001316 3
838 196 871 239 0.000655 3
760 243 959 321 0.000270 3
830 135 938 176 0.038469 5
477 149 525 178 0.000872 5
1103 163 1155 217 0.000179 5
226 296 639 702 0.299759 6
320 297 959 692 0.287586 6
640 295 1279 701 0.105535 6
325 259 950 364 0.001686 6
6 83 481 418 0.000143 6
371 64 457 205 0.000106 6
226 296 639 702 0.516274 7
844 178 947 246 0.117786 7
716 150 859 236 0.104933 7
1097 170 1184 247 0.022530 7
809 159 857 189 0.017713 7
442 153 520 189 0.016682 7
1209 166 1279 235 0.016327 7
528 171 580 201 0.014448 7
822 136 920 179 0.010090 7
485 170 538 205 0.005569 7
1167 222 1221 265 0.002849 7
539 160 581 180 0.002206 7
585 180 651 217 0.001817 7
1100 164 1154 187 0.000912 7
243 201 634 342 0.000872 7
700 193 733 234 0.000603 7
800 129 1124 259 0.000504 7
723 153 807 177 0.000423 7
634 163 662 207 0.000326 7
316 198 394 320 0.000325 7
717 212 893 269 0.000256 7
1149 183 1185 220 0.000251 7
376 160 416 205 0.000219 7
684 140 752 173 0.000114 7
916 174 994 251 0.000107 7
1255 163 1279 202 0.000104 7
1089 150 1103 180 0.385822 9
513 150 524 173 0.193373 9
1015 156 1024 169 0.015515 9
1006 136 1015 170 0.014686 9
314 152 343 197 0.010635 9
595 135 625 164 0.009762 9
335 164 352 198 0.008867 9
596 118 607 148 0.008036 9
449 159 464 171 0.007471 9
895 155 906 171 0.007239 9
698 85 717 128 0.005323 9
374 166 381 184 0.004673 9
1213 166 1226 192 0.003625 9
173 64 202 91 0.003615 9
1183 164 1200 190 0.003295 9
119 64 163 74 0.002943 9
1111 164 1153 185 0.002932 9
879 154 894 174 0.002907 9
587 117 598 141 0.002890 9
367 166 376 188 0.002855 9
697 126 705 152 0.002805 9
1015 136 1025 145 0.002795 9
1207 168 1216 198 0.002775 9
1232 166 1246 181 0.002487 9
1191 384 1205 403 0.002409 9
606 174 616 185 0.002341 9
705 155 712 174 0.002173 9
681 167 689 192 0.001837 9
862 165 869 178 0.001805 9
1225 164 1233 180 0.001790 9
1001 168 1008 179 0.001788 9
595 64 625 92 0.001681 9
699 116 713 129 0.001645 9
679 66 694 120 0.001429 9
586 170 594 184 0.001356 9
681 150 690 167 0.001342 9
239 177 246 190 0.001313 9
1154 163 1168 183 0.001306 9
693 151 707 176 0.001231 9
686 169 701 194 0.001124 9
356 218 370 229 0.001071 9
853 114 865 137 0.001060 9
1079 151 1094 185 0.001059 9
352 155 362 194 0.001017 9
0 146 6 196 0.000949 9
581 64 596 93 0.000901 9
680 126 691 159 0.000883 9
832 135 860 166 0.000764 9
686 119 702 154 0.000749 9
638 162 647 176 0.000731 9
1204 371 1225 404 0.000697 9
837 118 853 135 0.000678 9
226 478 420 703 0.000662 9
170 143 180 169 0.000661 9
183 144 199 168 0.000649 9
257 145 268 159 0.000645 9
993 137 1001 162 0.000619 9
161 64 175 76 0.000604 9
1216 164 1247 207 0.000585 9
545 142 552 156 0.000555 9
806 150 813 159 0.000554 9
513 135 528 150 0.000549 9
110 148 126 166 0.000544 9
662 172 671 196 0.000509 9
624 64 640 92 0.000488 9
1087 180 1098 198 0.000481 9
996 131 1009 173 0.000474 9
699 174 712 190 0.000472 9
643 164 660 185 0.000437 9
96 183 104 202 0.000423 9
623 125 632 150 0.000423 9
703 130 718 155 0.000415 9
1106 153 1118 170 0.000401 9
999 129 1007 136 0.000398 9
650 123 660 160 0.000384 9
1097 131 1109 160 0.000381 9
567 143 576 160 0.000374 9
878 137 940 176 0.000359 9
717 146 734 159 0.000339 9
1096 158 1118 205 0.000337 9
338 64 363 111 0.000333 9
603 155 623 185 0.000327 9
743 152 752 161 0.000324 9
513 133 542 175 0.000307 9
908 137 939 150 0.000254 9
1192 559 1220 583 0.000236 9
637 119 655 164 0.000227 9
1044 183 1056 199 0.000227 9
806 154 857 185 0.000227 9
1222 601 1250 630 0.000222 9
415 64 434 130 0.000218 9
1054 110 1078 172 0.000211 9
660 167 696 202 0.000211 9
536 272 561 298 0.000203 9
833 78 841 91 0.000196 9
97 172 111 182 0.000194 9
1127 160 1155 168 0.000191 9
711 93 730 131 0.000187 9
849 162 869 213 0.000166 9
219 105 270 149 0.000155 9
578 127 600 163 0.000149 9
699 64 714 87 0.000144 9
449 149 491 172 0.000144 9
636 84 658 106 0.000138 9
209 66 245 86 0.000130 9
1031 149 1041 161 0.000130 9
321 90 333 138 0.000127 9
726 97 738 114 0.000126 9
881 127 891 137 0.000125 9
715 161 727 184 0.000125 9
586 161 611 185 0.000124 9
664 149 671 169 0.000118 9
1018 139 1032 158 0.000117 9
237 129 257 147 0.000114 9
568 135 578 144 0.000113 9
50 184 62 206 0.000111 9
312 123 323 155 0.000108 9
577 64 642 160 0.000108 9
800 152 819 210 0.000105 9
1181 187 1200 214 0.128948 11
1051 110 1083 147 0.109730 11
324 109 366 164 0.061076 11
415 64 439 120 0.000306 11
890 137 939 153 0.000257 11
1071 131 1087 150 0.000175 11
352 128 365 158 0.000118 11
