730 191 760 272 0.816762 0
935 199 992 299 0.771913 0
1127 193 1152 249 0.696429 0
584 189 610 245 0.422006 0
241 195 255 239 0.244704 0
214 187 225 228 0.124802 0
555 172 569 198 0.121051 0
1071 193 1095 239 0.111060 0
472 193 489 249 0.101243 0
970 210 986 232 0.048704 0
645 199 653 214 0.048315 0
1038 200 1050 229 0.042956 0
306 184 324 198 0.041586 0
670 210 680 233 0.041216 0
717 211 727 234 0.040627 0
385 197 395 206 0.039843 0
1216 190 1227 229 0.033397 0
221 183 231 222 0.028908 0
634 201 645 217 0.028676 0
748 204 761 235 0.028217 0
521 192 526 208 0.028111 0
693 210 702 233 0.021720 0
865 207 876 235 0.016393 0
565 181 578 202 0.016257 0
543 186 551 202 0.015362 0
958 195 972 217 0.014945 0
480 182 494 216 0.014629 0
512 194 520 211 0.014483 0
1117 217 1133 248 0.013161 0
785 197 793 213 0.012193 0
350 187 358 198 0.011496 0
332 186 343 198 0.010183 0
374 177 392 203 0.008127 0
989 212 998 225 0.006430 0
1273 197 1279 236 0.006030 0
736 190 746 206 0.005830 0
521 183 543 209 0.005786 0
397 184 409 205 0.005666 0
1243 196 1259 232 0.005206 0
355 185 368 199 0.005198 0
515 188 531 245 0.004985 0
1103 233 1125 263 0.004741 0
409 179 419 205 0.004602 0
1089 208 1106 239 0.004165 0
1063 199 1077 234 0.004088 0
666 188 672 219 0.004062 0
464 196 474 215 0.004057 0
879 200 901 238 0.003825 0
264 195 278 234 0.003547 0
367 166 376 187 0.003471 0
1218 221 1229 233 0.003175 0
690 181 703 216 0.003092 0
1209 169 1218 204 0.003038 0
1254 198 1275 234 0.002915 0
1240 200 1248 231 0.002808 0
1091 196 1102 217 0.002506 0
240 178 245 190 0.002447 0
464 222 480 271 0.002427 0
1083 190 1094 208 0.002362 0
651 200 663 215 0.001883 0
1177 234 1187 248 0.001819 0
1111 194 1120 206 0.001676 0
586 173 595 186 0.001597 0
366 186 377 201 0.001580 0
568 194 582 216 0.001562 0
636 183 647 208 0.001467 0
200 202 209 218 0.001280 0
176 187 182 204 0.001175 0
679 178 693 217 0.001162 0
1204 369 1229 423 0.001145 0
454 180 473 205 0.001057 0
941 199 957 230 0.001016 0
1221 164 1231 208 0.000963 0
999 193 1007 216 0.000910 0
848 201 864 238 0.000869 0
348 187 386 227 0.000862 0
1190 385 1207 408 0.000818 0
186 183 246 254 0.000790 0
432 172 447 204 0.000726 0
803 184 814 208 0.000709 0
622 180 636 202 0.000662 0
240 237 258 256 0.000648 0
322 223 357 321 0.000623 0
194 187 202 213 0.000556 0
932 202 949 252 0.000465 0
214 176 228 196 0.000431 0
642 179 659 206 0.000425 0
901 204 911 243 0.000415 0
327 236 353 254 0.000369 0
414 251 421 270 0.000349 0
982 538 1031 589 0.000324 0
227 194 240 216 0.000314 0
165 193 190 218 0.000295 0
802 184 836 235 0.000288 0
320 203 329 221 0.000265 0
335 186 355 219 0.000219 0
310 165 365 199 0.000216 0
848 178 858 201 0.000207 0
854 228 871 280 0.000200 0
0 152 6 203 0.000184 0
408 251 416 270 0.000184 0
213 252 225 264 0.000182 0
239 162 246 184 0.000152 0
85 221 94 234 0.000142 0
466 191 556 251 0.000141 0
319 232 332 285 0.000140 0
262 178 274 203 0.000120 0
182 186 191 205 0.000119 0
958 369 981 431 0.000106 0
655 190 813 280 0.000103 0
927 247 1011 323 0.753105 1
570 216 618 255 0.519018 1
1062 224 1091 262 0.169372 1
547 200 568 217 0.055141 1
1122 218 1134 248 0.038027 1
1181 170 1203 215 0.029426 1
533 204 552 218 0.028914 1
1137 220 1153 251 0.027609 1
926 262 957 299 0.027595 1
537 247 601 278 0.017821 1
565 202 577 217 0.013016 1
1055 224 1070 243 0.012801 1
708 213 727 234 0.012361 1
996 234 1025 254 0.010883 1
1102 221 1129 262 0.009791 1
947 251 971 298 0.008305 1
1141 309 1172 351 0.007731 1
1187 212 1227 230 0.006266 1
893 264 911 293 0.004681 1
942 223 1033 265 0.004517 1
967 231 996 255 0.004425 1
988 235 1000 251 0.004347 1
1205 189 1226 217 0.003124 1
966 248 989 297 0.002834 1
843 215 876 239 0.002617 1
527 241 610 400 0.002600 1
692 213 707 237 0.002020 1
574 296 595 366 0.001949 1
914 213 937 250 0.001942 1
606 199 662 219 0.001876 1
1043 213 1086 235 0.001629 1
1261 232 1279 256 0.001619 1
745 240 1018 379 0.001496 1
1008 230 1088 290 0.001205 1
1171 219 1206 248 0.001072 1
482 197 611 282 0.001048 1
1227 195 1258 231 0.000976 1
1124 184 1208 227 0.000856 1
869 257 898 285 0.000801 1
767 252 785 279 0.000713 1
904 263 938 326 0.000694 1
1025 274 1059 295 0.000650 1
1054 220 1214 268 0.000561 1
1175 213 1186 222 0.000547 1
203 212 228 240 0.000526 1
189 233 227 261 0.000489 1
888 240 954 282 0.000472 1
224 201 255 240 0.000461 1
939 236 1198 356 0.000393 1
984 277 1020 323 0.000325 1
928 289 958 318 0.000324 1
807 259 828 281 0.000254 1
471 244 486 254 0.000204 1
1066 309 1181 365 0.000177 1
570 201 890 258 0.000155 1
786 254 801 281 0.000151 1
579 156 718 227 0.000131 1
576 277 593 302 0.000118 1
513 237 930 340 0.000111 1
508 228 534 248 0.000107 1
1008 206 1042 228 0.060857 2
523 182 536 195 0.058590 2
696 201 728 232 0.056315 2
1154 236 1173 247 0.050742 2
1253 197 1278 220 0.035011 2
1102 216 1133 254 0.032319 2
859 177 946 232 0.020364 2
1272 196 1279 231 0.019978 2
550 172 575 200 0.019931 2
474 182 526 216 0.016902 2
605 200 649 216 0.015354 2
1146 220 1159 247 0.012634 2
498 201 516 216 0.012215 2
292 176 323 198 0.012153 2
721 201 740 234 0.011649 2
830 220 855 241 0.010938 2
542 200 575 218 0.010358 2
481 176 496 198 0.008618 2
1065 218 1219 263 0.008523 2
676 211 702 233 0.007793 2
913 191 947 212 0.006999 2
596 186 617 215 0.006905 2
556 161 579 176 0.006872 2
449 157 489 174 0.005768 2
980 217 1021 245 0.005542 2
521 198 550 218 0.004098 2
1225 182 1276 231 0.004037 2
539 249 600 280 0.003798 2
356 217 371 228 0.003660 2
1261 169 1279 185 0.003104 2
999 219 1082 251 0.002898 2
878 199 901 233 0.002831 2
1036 198 1054 229 0.002776 2
865 207 880 236 0.002605 2
157 204 198 219 0.002534 2
1148 184 1195 216 0.002357 2
943 199 960 217 0.002331 2
645 197 664 215 0.002158 2
1264 232 1279 257 0.002141 2
455 200 468 216 0.002041 2
433 171 445 194 0.001855 2
320 199 357 254 0.001751 2
933 201 947 218 0.001679 2
1233 168 1246 182 0.001580 2
586 162 608 185 0.001460 2
521 169 553 198 0.001406 2
829 135 904 168 0.001341 2
354 198 383 228 0.001275 2
465 179 487 212 0.001227 2
1095 193 1120 208 0.000984 2
319 216 331 233 0.000940 2
595 187 732 223 0.000901 2
1181 176 1230 255 0.000814 2
441 166 466 182 0.000774 2
1004 183 1045 216 0.000767 2
719 191 761 268 0.000756 2
295 187 393 217 0.000710 2
754 203 790 236 0.000704 2
574 274 604 343 0.000698 2
704 304 770 336 0.000694 2
605 170 617 184 0.000630 2
381 182 405 205 0.000595 2
1095 168 1153 209 0.000552 2
914 184 992 267 0.000510 2
501 238 529 251 0.000453 2
432 190 447 206 0.000420 2
1136 342 1184 362 0.000391 2
696 179 721 202 0.000375 2
802 206 826 239 0.000361 2
433 178 473 214 0.000360 2
967 200 998 224 0.000302 2
361 179 606 302 0.000281 2
1207 369 1231 400 0.000262 2
409 176 442 205 0.000235 2
272 178 302 194 0.000233 2
435 204 452 219 0.000218 2
903 176 936 195 0.000212 2
888 137 938 154 0.000202 2
192 393 214 400 0.000192 2
968 189 982 204 0.000187 2
1126 235 1190 253 0.000186 2
103 251 153 265 0.000182 2
598 159 631 200 0.000180 2
123 225 136 236 0.000166 2
824 328 867 346 0.000151 2
623 177 637 201 0.000145 2
576 280 593 300 0.000141 2
480 144 521 174 0.000118 2
828 135 937 173 0.024435 5
449 153 523 180 0.007712 5
804 137 978 249 0.001205 5
1099 162 1153 193 0.000903 5
305 196 376 254 0.000100 5
373 64 454 204 0.000118 6
801 160 943 241 0.267338 7
1005 191 1053 229 0.021046 7
684 193 765 233 0.020548 7
521 154 580 199 0.011128 7
802 206 854 241 0.009185 7
442 151 521 186 0.007312 7
1220 173 1279 230 0.003385 7
823 136 907 176 0.003321 7
449 156 489 172 0.002032 7
808 158 858 188 0.001447 7
735 165 824 237 0.001099 7
598 169 724 219 0.000953 7
296 196 394 314 0.000581 7
1099 163 1153 232 0.000569 7
646 162 974 339 0.000531 7
1070 190 1220 263 0.000446 7
603 158 624 200 0.000187 7
334 190 560 278 0.000161 7
848 164 869 238 0.000142 7
569 166 954 358 0.000134 7
895 177 991 224 0.000134 7
593 64 892 235 0.000100 7
1088 150 1102 177 0.435948 9
513 151 523 170 0.219922 9
1005 136 1015 174 0.044399 9
693 180 702 204 0.026190 9
174 64 202 91 0.013418 9
313 150 344 197 0.013397 9
519 138 527 161 0.010421 9
895 156 905 171 0.009705 9
373 166 381 184 0.008852 9
1001 158 1010 180 0.007290 9
597 116 626 161 0.007108 9
597 117 606 144 0.006999 9
1014 135 1023 171 0.006634 9
367 166 375 186 0.005925 9
681 171 688 190 0.005432 9
331 185 344 199 0.005251 9
879 154 892 172 0.005210 9
704 162 713 182 0.005020 9
449 159 464 171 0.004934 9
586 117 599 143 0.004009 9
594 64 636 93 0.003895 9
1209 170 1216 189 0.003548 9
666 183 671 201 0.003130 9
1233 167 1246 181 0.002926 9
663 171 670 188 0.002912 9
687 169 701 184 0.002810 9
1112 194 1119 204 0.002810 9
581 64 596 93 0.002417 9
1183 162 1201 202 0.002317 9
861 165 869 179 0.002209 9
119 64 162 78 0.002130 9
589 176 598 185 0.001993 9
678 64 695 120 0.001842 9
904 159 910 178 0.001760 9
514 171 524 192 0.001732 9
1096 177 1103 193 0.001618 9
1052 109 1084 146 0.001508 9
695 151 705 176 0.001483 9
610 158 622 182 0.001449 9
609 152 625 162 0.001440 9
638 161 647 170 0.001314 9
1210 165 1226 202 0.001306 9
648 166 660 184 0.001255 9
1192 385 1205 403 0.001252 9
1097 130 1109 150 0.001194 9
698 88 715 128 0.001162 9
838 119 852 135 0.001043 9
830 135 860 166 0.001004 9
1089 181 1095 192 0.001001 9
1224 164 1233 184 0.000985 9
685 152 694 175 0.000978 9
836 75 850 94 0.000934 9
869 137 939 175 0.000901 9
700 118 713 130 0.000851 9
993 143 1000 161 0.000840 9
832 124 843 134 0.000814 9
356 218 371 229 0.000799 9
1154 163 1167 184 0.000785 9
624 119 636 151 0.000705 9
161 64 174 76 0.000692 9
853 116 865 137 0.000686 9
259 143 269 159 0.000677 9
352 157 362 195 0.000663 9
523 147 544 175 0.000653 9
568 145 579 164 0.000620 9
711 130 717 153 0.000614 9
649 179 664 206 0.000600 9
183 143 199 168 0.000576 9
833 164 858 180 0.000552 9
1081 174 1090 184 0.000547 9
1107 151 1118 170 0.000526 9
832 149 843 163 0.000515 9
1098 164 1116 199 0.000506 9
649 123 660 162 0.000503 9
511 136 526 145 0.000503 9
663 167 693 197 0.000485 9
637 121 653 163 0.000469 9
1000 128 1008 136 0.000455 9
109 148 127 167 0.000442 9
545 142 551 157 0.000440 9
585 64 661 162 0.000392 9
699 125 714 153 0.000356 9
227 108 269 130 0.000356 9
854 149 882 173 0.000311 9
633 64 664 91 0.000308 9
545 112 552 132 0.000301 9
1000 181 1008 208 0.000298 9
637 81 658 105 0.000297 9
806 149 813 159 0.000286 9
624 64 639 78 0.000284 9
341 64 364 111 0.000278 9
415 64 434 128 0.000268 9
718 151 726 160 0.000266 9
97 177 106 203 0.000262 9
679 64 693 71 0.000256 9
805 167 829 189 0.000254 9
256 82 266 97 0.000249 9
170 144 182 169 0.000241 9
1044 183 1055 199 0.000220 9
1114 163 1155 186 0.000217 9
209 66 235 87 0.000217 9
850 162 871 203 0.000216 9
711 149 721 174 0.000215 9
577 128 599 172 0.000207 9
622 149 632 165 0.000204 9
697 64 713 90 0.000198 9
578 82 585 107 0.000190 9
680 123 691 164 0.000186 9
625 163 642 190 0.000182 9
483 129 531 178 0.000177 9
869 123 880 137 0.000174 9
97 172 111 183 0.000153 9
800 153 815 232 0.000142 9
574 134 582 144 0.000141 9
50 184 63 206 0.000134 9
820 116 837 130 0.000132 9
679 82 713 180 0.000131 9
575 78 602 143 0.000130 9
553 143 574 157 0.000112 9
686 119 704 153 0.000109 9
1017 146 1038 163 0.000106 9
715 162 728 183 0.000106 9
670 64 680 101 0.000106 9
961 150 973 160 0.000104 9
665 148 671 168 0.000104 9
1031 148 1041 160 0.000104 9
711 79 721 91 0.000100 9
324 109 366 164 0.193543 11
1051 109 1084 146 0.050751 11
1182 188 1201 215 0.035264 11
1230 167 1247 182 0.000832 11
1221 163 1235 206 0.000655 11
415 64 436 120 0.000619 11
352 127 366 158 0.000164 11
