1058 200 1121 323 0.811157 0
695 197 724 275 0.726197 0
1128 191 1154 251 0.537495 0
893 201 913 255 0.412924 0
247 205 263 239 0.232249 0
1037 197 1051 230 0.215622 0
508 193 533 243 0.167994 0
213 190 224 226 0.120305 0
905 209 928 257 0.066592 0
555 172 569 199 0.065710 0
865 207 877 236 0.056649 0
902 201 912 221 0.047746 0
670 209 681 233 0.042613 0
692 186 703 226 0.042235 0
878 205 892 233 0.040383 0
520 182 537 217 0.038788 0
386 197 395 206 0.037169 0
991 210 997 224 0.033712 0
719 211 728 233 0.027035 0
306 184 325 199 0.026958 0
645 199 654 214 0.025805 0
909 189 920 219 0.025550 0
948 273 960 298 0.024328 0
222 185 231 213 0.019852 0
263 203 276 234 0.019805 0
574 181 581 201 0.017209 0
886 201 900 238 0.016775 0
543 190 551 202 0.013766 0
448 200 458 218 0.012773 0
633 202 645 217 0.011065 0
1150 223 1161 250 0.011023 0
1089 255 1112 324 0.010657 0
973 209 983 223 0.009198 0
785 197 794 213 0.008767 0
1074 198 1096 223 0.008743 0
330 185 343 199 0.008280 0
997 206 1006 220 0.007688 0
1219 210 1230 233 0.007616 0
1092 219 1121 253 0.007188 0
1071 484 1080 501 0.006967 0
374 182 387 203 0.006072 0
1194 384 1205 402 0.005469 0
241 194 257 218 0.005232 0
666 188 672 230 0.005167 0
340 186 353 198 0.005113 0
352 187 363 198 0.004414 0
1093 202 1106 227 0.004296 0
397 188 409 205 0.004152 0
1112 193 1119 205 0.003995 0
1055 487 1066 498 0.003901 0
738 201 745 214 0.003543 0
1205 368 1227 411 0.003011 0
469 196 481 215 0.002905 0
1202 408 1215 421 0.002855 0
408 178 419 205 0.002837 0
1181 170 1202 215 0.002776 0
1063 203 1073 227 0.002673 0
587 171 594 185 0.002635 0
1045 484 1056 496 0.002379 0
1240 199 1248 232 0.002316 0
654 201 662 216 0.002175 0
504 203 524 219 0.002128 0
176 187 182 204 0.002075 0
1095 169 1106 206 0.001866 0
732 201 746 235 0.001831 0
240 177 246 190 0.001696 0
1273 202 1279 246 0.001644 0
625 178 637 196 0.001390 0
651 188 661 207 0.001347 0
680 205 693 218 0.001282 0
415 250 422 270 0.001074 0
449 203 467 246 0.001007 0
169 186 188 217 0.000976 0
85 221 94 235 0.000961 0
1001 185 1008 210 0.000925 0
436 197 450 205 0.000919 0
1131 185 1145 200 0.000909 0
355 205 377 231 0.000907 0
848 202 860 237 0.000880 0
197 196 265 257 0.000832 0
574 307 594 364 0.000796 0
1245 197 1260 233 0.000784 0
320 232 357 324 0.000776 0
690 216 699 238 0.000744 0
325 235 351 255 0.000709 0
1062 218 1088 250 0.000705 0
357 187 379 202 0.000687 0
1210 166 1227 210 0.000645 0
1089 179 1099 192 0.000600 0
194 187 201 212 0.000597 0
217 252 226 263 0.000556 0
360 165 374 194 0.000547 0
1119 195 1136 220 0.000466 0
803 184 815 208 0.000441 0
849 208 905 254 0.000418 0
855 221 870 280 0.000388 0
634 185 659 213 0.000386 0
1041 184 1050 197 0.000360 0
200 203 212 218 0.000329 0
408 250 415 272 0.000328 0
159 205 172 218 0.000311 0
962 370 981 407 0.000303 0
1187 215 1237 260 0.000302 0
0 375 17 398 0.000294 0
1184 393 1215 421 0.000272 0
117 392 130 402 0.000267 0
545 266 554 280 0.000251 0
259 193 274 213 0.000247 0
1140 185 1177 220 0.000243 0
228 194 241 216 0.000237 0
320 238 330 276 0.000199 0
768 198 795 234 0.000194 0
463 206 477 251 0.000188 0
214 176 227 195 0.000179 0
319 203 329 223 0.000178 0
951 182 959 206 0.000177 0
886 278 895 287 0.000176 0
1272 407 1279 418 0.000159 0
346 193 378 288 0.000149 0
577 278 592 295 0.000135 0
329 185 355 220 0.000133 0
0 151 7 203 0.000132 0
271 197 291 235 0.000118 0
112 215 129 236 0.000115 0
653 531 720 609 0.000110 0
369 160 383 189 0.000108 0
1055 261 1136 340 0.594392 1
499 214 542 254 0.429639 1
1118 222 1146 259 0.184211 1
1144 308 1170 349 0.055315 1
1148 209 1162 226 0.022015 1
1102 222 1122 243 0.009312 1
547 200 578 217 0.008939 1
945 278 959 302 0.007598 1
1053 281 1071 333 0.007303 1
1111 285 1136 333 0.005983 1
527 199 553 218 0.005374 1
871 203 910 262 0.004904 1
1180 191 1200 224 0.004739 1
932 283 945 306 0.002424 1
1168 211 1187 222 0.001805 1
1065 295 1096 337 0.001732 1
701 232 720 276 0.001475 1
1096 247 1117 277 0.001395 1
924 227 941 253 0.001292 1
716 214 727 238 0.001180 1
1207 199 1227 229 0.001150 1
896 208 940 304 0.001063 1
964 371 1004 393 0.000855 1
575 299 595 349 0.000769 1
1068 306 1176 380 0.000756 1
1139 187 1202 242 0.000683 1
1038 211 1152 291 0.000615 1
896 281 931 313 0.000560 1
876 246 889 270 0.000532 1
723 209 736 234 0.000502 1
1178 217 1212 245 0.000495 1
1170 344 1197 360 0.000481 1
893 259 910 287 0.000423 1
1100 194 1120 213 0.000399 1
1044 280 1061 297 0.000393 1
1132 275 1203 356 0.000324 1
918 273 985 303 0.000243 1
198 221 232 241 0.000212 1
18 230 39 256 0.000180 1
1142 317 1231 418 0.000168 1
494 243 601 281 0.000154 1
767 251 812 282 0.000150 1
159 236 213 263 0.000146 1
909 262 928 296 0.000127 1
576 354 593 397 0.000109 1
1007 196 1052 230 0.144773 2
1009 213 1026 227 0.069213 2
480 171 538 216 0.053059 2
588 185 650 217 0.044102 2
523 182 536 198 0.032139 2
481 174 494 191 0.029163 2
888 196 961 253 0.020654 2
633 201 646 216 0.015824 2
902 183 955 211 0.015600 2
466 186 480 203 0.015144 2
1255 196 1276 228 0.014093 2
449 155 522 178 0.009579 2
544 160 580 190 0.009478 2
1054 221 1065 234 0.009407 2
396 198 409 206 0.008830 2
1270 196 1279 221 0.008639 2
971 222 1027 253 0.007406 2
832 220 855 241 0.005669 2
305 177 324 198 0.005662 2
1116 488 1137 496 0.005355 2
482 198 508 217 0.005268 2
989 210 1018 225 0.004234 2
1147 210 1178 251 0.003997 2
449 157 489 176 0.003861 2
686 209 697 234 0.003583 2
448 199 471 215 0.003086 2
709 199 725 233 0.003075 2
522 195 551 217 0.002647 2
1191 212 1226 231 0.002320 2
702 302 768 334 0.002298 2
429 173 481 205 0.002136 2
1226 180 1279 213 0.001903 2
1260 169 1279 184 0.001768 2
1214 201 1226 212 0.001663 2
433 172 445 193 0.001636 2
1053 198 1120 237 0.001421 2
325 235 351 254 0.001346 2
1210 369 1226 388 0.001237 2
648 197 663 215 0.001127 2
353 188 369 199 0.001126 2
567 174 581 200 0.001101 2
926 222 946 253 0.001022 2
964 206 982 221 0.001017 2
1230 171 1246 181 0.000981 2
116 223 135 236 0.000975 2
463 259 479 271 0.000930 2
319 216 331 233 0.000930 2
1242 196 1256 231 0.000888 2
355 214 371 229 0.000881 2
1153 184 1195 216 0.000828 2
353 194 388 207 0.000759 2
431 193 445 205 0.000719 2
1069 193 1088 219 0.000718 2
1261 253 1279 270 0.000694 2
192 393 213 400 0.000679 2
521 169 541 180 0.000666 2
328 197 371 247 0.000624 2
937 197 961 209 0.000584 2
17 225 70 254 0.000538 2
414 202 456 246 0.000510 2
1035 228 1066 248 0.000503 2
575 277 606 346 0.000464 2
1102 164 1138 185 0.000458 2
159 204 196 218 0.000446 2
1038 191 1075 223 0.000442 2
1192 363 1229 420 0.000435 2
664 187 696 231 0.000410 2
1262 221 1279 261 0.000400 2
1183 215 1279 269 0.000393 2
381 182 405 206 0.000346 2
390 177 448 206 0.000335 2
1220 200 1241 232 0.000334 2
734 202 768 235 0.000283 2
1264 366 1279 375 0.000274 2
953 203 1141 264 0.000246 2
802 206 830 239 0.000240 2
210 224 232 250 0.000222 2
95 200 111 206 0.000216 2
598 167 615 186 0.000215 2
286 176 311 198 0.000213 2
412 201 432 205 0.000207 2
326 202 601 357 0.000187 2
1098 175 1148 211 0.000180 2
1162 329 1278 420 0.000166 2
411 176 423 203 0.000158 2
576 281 593 299 0.000155 2
1181 164 1221 217 0.000148 2
824 328 858 346 0.000148 2
454 208 483 256 0.000147 2
273 182 294 193 0.000135 2
157 191 175 213 0.000126 2
1263 349 1279 360 0.000123 2
1047 182 1063 197 0.000120 2
184 247 223 263 0.000115 2
65 224 94 236 0.000115 2
499 214 542 254 0.259665 3
1118 221 1146 257 0.191272 3
507 200 556 219 0.001394 3
810 136 942 240 0.036741 5
449 152 523 180 0.012356 5
542 159 581 188 0.009032 5
829 135 899 169 0.003404 5
1252 170 1279 227 0.003384 5
1102 162 1152 186 0.001945 5
528 186 663 219 0.000805 5
0 433 385 492 0.000104 6
801 139 945 241 0.296489 7
480 172 539 217 0.047409 7
542 159 580 201 0.043679 7
801 185 854 240 0.035500 7
724 153 812 237 0.032898 7
1007 196 1051 229 0.026973 7
443 152 519 184 0.007652 7
1183 167 1279 244 0.005787 7
909 182 978 254 0.005218 7
857 177 938 207 0.003656 7
1258 173 1279 230 0.003128 7
586 181 650 217 0.002879 7
809 159 858 189 0.002709 7
1099 162 1155 232 0.001280 7
322 201 462 346 0.001195 7
1119 217 1225 262 0.000925 7
834 137 905 176 0.000711 7
391 184 478 206 0.000291 7
299 198 389 250 0.000279 7
848 164 869 238 0.000210 7
650 151 974 353 0.000194 7
583 156 957 356 0.000189 7
663 169 718 224 0.000159 7
411 205 452 253 0.000137 7
1126 184 1148 202 0.000113 7
1089 149 1102 177 0.336782 9
513 150 524 178 0.195098 9
1006 137 1015 173 0.036251 9
312 150 345 198 0.028700 9
597 116 625 160 0.022043 9
450 159 464 170 0.021033 9
693 179 703 208 0.015339 9
896 156 905 172 0.013496 9
637 162 649 185 0.011618 9
372 166 381 185 0.011246 9
1002 169 1009 182 0.009519 9
169 64 203 92 0.009472 9
1208 170 1216 188 0.007608 9
1154 163 1169 184 0.007148 9
595 64 624 93 0.007022 9
649 163 659 183 0.005910 9
1190 163 1201 186 0.005030 9
665 181 671 197 0.004739 9
1014 136 1023 170 0.004704 9
652 180 661 202 0.004238 9
1210 168 1225 203 0.004173 9
513 172 525 196 0.003958 9
589 174 598 185 0.003899 9
586 118 598 143 0.003709 9
894 137 935 173 0.003451 9
697 123 706 152 0.003022 9
879 155 895 173 0.002959 9
259 143 269 159 0.002941 9
119 64 162 77 0.002746 9
701 108 716 129 0.002705 9
1051 109 1084 147 0.002562 9
609 152 624 166 0.002426 9
851 115 865 137 0.002285 9
699 172 712 199 0.002193 9
239 176 246 190 0.002157 9
692 170 702 184 0.002154 9
581 64 596 93 0.002152 9
626 177 637 192 0.001808 9
835 77 850 93 0.001768 9
637 121 652 163 0.001617 9
357 218 371 230 0.001611 9
727 94 738 106 0.001539 9
863 165 869 179 0.001517 9
448 157 491 180 0.001489 9
110 149 127 166 0.001437 9
834 140 860 165 0.001393 9
1198 164 1208 186 0.001346 9
838 117 853 135 0.001327 9
662 169 671 190 0.001310 9
450 202 461 218 0.001281 9
680 169 691 191 0.001201 9
649 124 660 161 0.001116 9
612 168 622 185 0.001019 9
624 119 637 154 0.000969 9
568 149 580 161 0.000946 9
1126 164 1149 186 0.000931 9
705 156 713 173 0.000926 9
171 145 182 169 0.000867 9
1229 168 1247 180 0.000831 9
163 64 175 76 0.000818 9
1081 172 1090 185 0.000811 9
361 165 375 189 0.000759 9
351 155 362 195 0.000748 9
688 119 710 130 0.000688 9
183 143 199 168 0.000686 9
698 81 713 119 0.000666 9
623 64 642 92 0.000663 9
1098 130 1108 148 0.000561 9
683 65 697 119 0.000531 9
1098 164 1111 187 0.000513 9
96 178 105 202 0.000504 9
998 132 1009 174 0.000483 9
712 85 720 114 0.000471 9
586 64 661 164 0.000470 9
681 120 696 153 0.000452 9
716 154 727 177 0.000434 9
952 181 959 205 0.000408 9
993 139 1001 169 0.000371 9
486 154 525 208 0.000350 9
695 150 706 175 0.000337 9
829 162 858 180 0.000331 9
256 83 266 97 0.000303 9
521 147 543 176 0.000296 9
680 146 690 165 0.000292 9
856 146 890 176 0.000287 9
685 153 696 183 0.000282 9
651 171 698 219 0.000277 9
613 148 635 182 0.000272 9
415 64 435 127 0.000265 9
570 122 599 167 0.000259 9
992 174 1001 187 0.000250 9
98 173 109 184 0.000247 9
641 88 659 104 0.000224 9
257 180 263 191 0.000215 9
255 112 265 129 0.000211 9
664 148 671 169 0.000208 9
544 142 551 156 0.000207 9
1103 152 1122 172 0.000193 9
224 125 268 152 0.000187 9
989 179 1004 210 0.000185 9
461 211 476 253 0.000183 9
0 145 6 197 0.000172 9
718 96 732 130 0.000171 9
999 129 1007 136 0.000148 9
651 150 661 171 0.000140 9
1169 163 1195 184 0.000140 9
340 64 364 111 0.000138 9
553 143 573 159 0.000131 9
865 64 871 71 0.000127 9
805 166 822 189 0.000125 9
1018 138 1034 156 0.000121 9
880 127 893 138 0.000120 9
209 167 220 182 0.000118 9
453 127 529 180 0.000112 9
1024 151 1040 162 0.000111 9
210 68 219 85 0.000111 9
322 92 331 125 0.000108 9
871 72 884 87 0.000107 9
583 161 620 187 0.000107 9
260 175 269 190 0.000106 9
1262 64 1278 74 0.000105 9
247 178 259 191 0.000101 9
324 109 366 164 0.103454 11
1181 190 1200 215 0.048661 11
1051 109 1083 147 0.022810 11
1209 165 1241 206 0.000388 11
899 137 939 154 0.000358 11
415 64 437 124 0.000303 11
352 128 366 158 0.000121 11
