1099 201 1163 322 0.782989 0
689 195 716 280 0.670346 0
1147 190 1170 249 0.567761 0
873 191 901 262 0.369758 0
493 189 516 241 0.234910 0
252 198 265 241 0.142378 0
718 212 728 234 0.093867 0
670 209 680 233 0.089916 0
555 172 569 198 0.079361 0
515 193 529 238 0.073424 0
385 197 395 206 0.047095 0
481 187 499 219 0.043945 0
1067 199 1090 249 0.042198 0
572 182 581 201 0.038876 0
890 196 903 230 0.037345 0
1218 200 1227 230 0.036708 0
213 192 225 227 0.036326 0
306 183 325 199 0.034870 0
964 372 980 391 0.033931 0
727 206 737 234 0.033749 0
1167 224 1178 250 0.032762 0
866 206 873 232 0.030151 0
645 198 654 214 0.025380 0
865 442 876 455 0.024157 0
948 273 960 299 0.022510 0
1038 201 1050 229 0.020930 0
633 202 645 217 0.018670 0
330 185 343 199 0.016992 0
520 184 528 205 0.016942 0
694 186 702 200 0.016640 0
1057 213 1075 248 0.016629 0
785 196 793 214 0.014178 0
1181 167 1202 216 0.012411 0
512 186 523 208 0.012379 0
738 202 746 213 0.012222 0
542 188 551 202 0.010353 0
1091 206 1117 267 0.009853 0
469 191 482 216 0.009457 0
628 181 636 194 0.009235 0
367 165 377 187 0.008749 0
858 206 883 270 0.008666 0
496 184 510 200 0.008413 0
990 212 997 224 0.008102 0
1209 188 1218 212 0.008001 0
260 196 273 235 0.007869 0
1273 201 1279 237 0.007663 0
375 180 392 202 0.007207 0
341 187 354 198 0.006828 0
973 209 984 224 0.006556 0
1055 486 1067 498 0.006461 0
1045 483 1055 497 0.006382 0
1216 188 1224 205 0.006134 0
1241 197 1249 230 0.005368 0
220 183 231 223 0.005295 0
848 203 857 227 0.005256 0
689 194 699 223 0.005052 0
855 206 867 239 0.005026 0
545 202 555 218 0.004762 0
520 182 549 216 0.004322 0
1094 265 1115 303 0.004140 0
1071 482 1080 496 0.003981 0
1111 193 1120 203 0.003882 0
437 195 449 206 0.003738 0
1196 384 1205 402 0.003712 0
1203 408 1215 422 0.003651 0
863 166 870 177 0.003605 0
936 205 944 217 0.003474 0
1208 249 1225 267 0.003295 0
396 198 409 205 0.003154 0
321 224 356 321 0.002793 0
921 204 945 253 0.002722 0
241 194 256 239 0.002541 0
653 200 662 215 0.002461 0
1102 165 1119 195 0.002315 0
870 166 881 176 0.002133 0
1123 201 1138 226 0.002082 0
1107 205 1122 227 0.002039 0
666 187 673 232 0.002002 0
972 219 990 240 0.001823 0
1096 197 1102 209 0.001702 0
605 182 622 199 0.001669 0
586 172 595 186 0.001655 0
406 180 419 205 0.001422 0
1097 172 1106 206 0.001403 0
354 185 372 199 0.001289 0
325 235 352 254 0.001199 0
680 205 688 231 0.001194 0
803 180 814 202 0.000769 0
1134 214 1154 231 0.000763 0
1060 229 1071 294 0.000719 0
1201 368 1230 424 0.000694 0
1087 197 1096 211 0.000672 0
0 155 7 204 0.000574 0
572 178 613 214 0.000552 0
240 177 246 191 0.000535 0
199 182 266 246 0.000501 0
575 315 594 349 0.000483 0
414 250 421 270 0.000441 0
85 220 94 234 0.000415 0
1000 194 1008 214 0.000409 0
463 244 478 271 0.000379 0
454 200 477 251 0.000374 0
633 181 650 207 0.000316 0
985 199 1005 223 0.000314 0
306 166 384 206 0.000298 0
415 182 429 204 0.000298 0
408 250 416 272 0.000288 0
354 203 379 230 0.000283 0
606 157 623 183 0.000274 0
1203 164 1227 216 0.000256 0
319 231 331 280 0.000256 0
95 190 106 207 0.000236 0
705 231 718 257 0.000226 0
161 186 183 209 0.000225 0
194 187 200 207 0.000214 0
1184 395 1215 420 0.000211 0
596 170 610 186 0.000203 0
768 201 792 235 0.000199 0
600 343 611 357 0.000197 0
0 201 8 207 0.000190 0
910 252 927 294 0.000181 0
952 183 960 206 0.000169 0
545 266 554 280 0.000158 0
319 202 329 220 0.000150 0
215 175 229 195 0.000148 0
1160 577 1215 630 0.000140 0
348 189 382 315 0.000129 0
937 370 988 423 0.000127 0
850 159 873 207 0.000126 0
199 201 218 221 0.000122 0
575 337 593 391 0.000120 0
360 147 374 182 0.000116 0
260 177 271 197 0.000106 0
773 188 794 208 0.000103 0
1097 252 1170 354 0.802627 1
485 222 517 253 0.158672 1
1054 217 1090 259 0.147813 1
884 198 904 254 0.044814 1
1025 237 1068 260 0.034654 1
1095 276 1126 325 0.029917 1
1149 231 1166 260 0.029207 1
942 276 959 303 0.018142 1
548 201 562 217 0.016772 1
534 204 550 218 0.013440 1
867 206 890 270 0.012683 1
478 189 499 219 0.009731 1
900 217 912 245 0.008540 1
1166 228 1184 255 0.008208 1
633 201 649 217 0.006319 1
562 199 579 215 0.006033 1
512 229 532 250 0.005022 1
1054 214 1071 233 0.004772 1
932 282 947 299 0.004259 1
1089 226 1103 269 0.003310 1
1183 206 1207 236 0.002600 1
851 209 869 241 0.002377 1
1136 245 1165 296 0.002341 1
1181 180 1212 216 0.002290 1
1153 248 1190 265 0.002279 1
1062 230 1072 280 0.001650 1
918 210 943 253 0.001593 1
964 370 991 392 0.001478 1
1143 291 1170 341 0.001325 1
861 226 874 269 0.001294 1
913 269 929 298 0.001103 1
985 241 1237 452 0.000793 1
690 232 713 280 0.000561 1
1073 311 1109 356 0.000559 1
854 232 928 290 0.000556 1
1043 270 1072 295 0.000554 1
1021 281 1133 345 0.000497 1
576 301 595 346 0.000417 1
476 227 609 277 0.000390 1
903 270 916 297 0.000386 1
862 185 989 258 0.000376 1
1157 341 1186 354 0.000263 1
916 272 962 331 0.000239 1
998 379 1028 399 0.000222 1
215 245 242 264 0.000169 1
1063 325 1088 340 0.000160 1
465 227 477 252 0.000138 1
523 182 536 195 0.059424 2
1009 205 1046 229 0.041400 2
481 175 497 196 0.026985 2
708 205 726 234 0.026211 2
588 196 650 217 0.025018 2
522 178 561 200 0.020430 2
1269 195 1279 235 0.019111 2
826 329 846 343 0.017535 2
865 177 943 213 0.016852 2
988 211 1023 225 0.012366 2
633 201 646 216 0.012153 2
588 184 620 205 0.011944 2
827 218 855 241 0.011006 2
468 188 481 204 0.009544 2
541 159 580 184 0.006956 2
718 198 729 220 0.006487 2
433 171 445 194 0.006487 2
476 188 529 247 0.006014 2
1165 220 1207 250 0.005656 2
919 203 977 255 0.005284 2
1239 179 1279 230 0.005132 2
1096 207 1119 227 0.004984 2
449 156 489 171 0.004568 2
972 217 1026 253 0.003923 2
295 177 323 198 0.003757 2
469 165 519 199 0.003043 2
452 197 473 216 0.002827 2
914 191 955 209 0.002692 2
1046 194 1091 246 0.002501 2
692 183 728 212 0.002465 2
546 199 577 218 0.002196 2
1086 206 1096 225 0.002162 2
1209 371 1226 387 0.002142 2
1264 364 1279 376 0.002054 2
742 201 769 215 0.002026 2
436 180 480 209 0.001963 2
534 249 601 280 0.001753 2
1033 196 1061 229 0.001735 2
123 224 135 235 0.001699 2
1259 170 1279 183 0.001686 2
701 303 768 335 0.001478 2
648 197 662 215 0.001456 2
1189 221 1227 238 0.001178 2
568 175 581 200 0.000993 2
387 177 447 205 0.000946 2
678 209 690 232 0.000916 2
355 216 370 228 0.000833 2
875 158 895 176 0.000789 2
1149 184 1191 215 0.000742 2
359 195 392 206 0.000724 2
326 235 352 255 0.000724 2
1272 224 1279 258 0.000672 2
963 206 983 221 0.000614 2
463 249 479 271 0.000607 2
1098 196 1120 208 0.000599 2
111 223 154 245 0.000564 2
354 188 373 199 0.000546 2
354 199 387 228 0.000531 2
974 201 997 224 0.000527 2
295 192 393 210 0.000484 2
1205 207 1221 228 0.000451 2
574 275 605 343 0.000441 2
1080 209 1191 281 0.000440 2
1112 164 1201 239 0.000423 2
437 197 451 219 0.000344 2
802 206 834 239 0.000333 2
740 199 795 233 0.000320 2
1185 345 1273 422 0.000310 2
208 239 234 257 0.000291 2
605 172 619 183 0.000285 2
1075 191 1090 210 0.000240 2
475 144 526 175 0.000239 2
319 208 331 243 0.000233 2
830 136 904 158 0.000212 2
20 225 62 241 0.000201 2
1223 186 1252 231 0.000193 2
1113 185 1131 206 0.000187 2
390 193 413 206 0.000185 2
1027 317 1074 333 0.000179 2
599 342 612 365 0.000166 2
192 393 217 402 0.000164 2
565 241 590 248 0.000163 2
416 200 435 205 0.000154 2
467 185 621 306 0.000154 2
70 227 213 261 0.000153 2
787 329 846 354 0.000136 2
907 176 930 188 0.000135 2
632 188 678 224 0.000130 2
576 279 593 300 0.000112 2
274 182 294 193 0.000108 2
482 223 518 253 0.082097 3
1055 198 1090 251 0.006110 3
463 208 493 262 0.001110 3
807 135 940 240 0.030422 5
521 161 580 200 0.021018 5
449 153 521 180 0.014629 5
1238 169 1279 229 0.009163 5
828 136 901 168 0.004151 5
554 187 656 219 0.003191 5
1123 162 1152 186 0.001170 5
190 205 604 369 0.000178 6
802 152 943 242 0.265994 7
1006 196 1052 229 0.074659 7
801 201 854 240 0.033882 7
520 160 581 201 0.030688 7
587 183 647 217 0.027646 7
444 152 520 187 0.011287 7
864 176 940 210 0.008872 7
1231 174 1279 232 0.008108 7
709 154 805 226 0.005473 7
694 194 743 233 0.005381 7
915 178 978 255 0.005267 7
807 159 856 191 0.004404 7
1102 163 1197 236 0.002610 7
486 172 538 207 0.002432 7
816 136 913 179 0.001415 7
964 209 1072 256 0.001205 7
296 197 391 329 0.001162 7
1118 221 1223 262 0.001019 7
740 200 794 236 0.000605 7
712 190 728 212 0.000556 7
407 186 447 206 0.000309 7
336 189 533 257 0.000205 7
1118 185 1138 216 0.000184 7
1105 162 1152 185 0.000177 7
482 189 678 271 0.000128 7
301 90 562 346 0.000122 7
1089 150 1103 177 0.279556 9
513 151 523 174 0.171878 9
1006 136 1015 173 0.031065 9
312 149 344 198 0.021035 9
694 181 702 199 0.014161 9
450 159 464 170 0.013246 9
596 121 605 146 0.010962 9
694 174 702 185 0.009732 9
1002 165 1009 179 0.008202 9
895 156 905 171 0.007836 9
1207 170 1215 192 0.007665 9
1212 168 1225 205 0.006464 9
170 64 203 91 0.005278 9
1182 163 1202 217 0.004817 9
704 154 713 174 0.004607 9
589 174 598 185 0.004465 9
610 153 624 168 0.004434 9
334 163 352 197 0.004258 9
896 138 921 169 0.003968 9
879 154 894 173 0.003469 9
666 184 671 200 0.003327 9
594 64 632 93 0.003265 9
586 118 598 147 0.003104 9
1014 140 1024 170 0.003100 9
834 142 858 165 0.002499 9
596 116 625 159 0.002439 9
681 170 689 192 0.002259 9
581 64 596 93 0.002235 9
700 173 712 184 0.002076 9
1014 135 1026 145 0.002004 9
257 144 268 159 0.001963 9
664 171 671 188 0.001938 9
698 122 714 153 0.001935 9
1225 166 1231 180 0.001913 9
1109 155 1117 170 0.001773 9
1126 164 1151 185 0.001727 9
628 177 637 197 0.001661 9
679 72 691 100 0.001544 9
1230 168 1247 181 0.001519 9
120 64 161 77 0.001375 9
694 151 706 176 0.001315 9
652 182 661 201 0.001262 9
612 169 623 186 0.001257 9
1154 162 1167 183 0.001165 9
1089 182 1097 195 0.001144 9
648 164 660 183 0.001126 9
756 134 765 152 0.001042 9
638 162 648 185 0.001041 9
1081 171 1091 184 0.001038 9
1198 165 1209 188 0.000981 9
1001 180 1008 196 0.000968 9
852 115 866 137 0.000955 9
848 181 858 193 0.000938 9
698 84 716 127 0.000924 9
96 182 105 205 0.000900 9
1098 131 1107 149 0.000898 9
357 219 370 229 0.000833 9
624 123 635 152 0.000784 9
836 164 858 187 0.000769 9
165 64 175 76 0.000768 9
568 148 579 161 0.000715 9
183 144 198 168 0.000709 9
449 152 489 173 0.000619 9
1193 384 1204 402 0.000610 9
351 154 362 195 0.000608 9
716 152 727 179 0.000603 9
624 64 639 92 0.000585 9
110 149 127 166 0.000581 9
700 117 714 129 0.000493 9
807 172 815 186 0.000492 9
998 130 1010 174 0.000454 9
686 120 696 153 0.000388 9
1000 129 1007 136 0.000386 9
869 125 880 137 0.000384 9
306 108 374 284 0.000372 9
686 151 696 181 0.000357 9
909 136 938 155 0.000346 9
658 178 692 223 0.000311 9
952 182 960 205 0.000303 9
637 120 654 163 0.000293 9
680 149 690 168 0.000281 9
993 138 1001 169 0.000276 9
863 119 873 137 0.000264 9
990 182 1000 204 0.000248 9
650 124 659 158 0.000242 9
170 143 180 169 0.000234 9
1242 167 1262 181 0.000234 9
522 147 543 174 0.000231 9
0 147 6 201 0.000229 9
839 116 853 135 0.000228 9
666 168 686 188 0.000213 9
1150 126 1160 136 0.000199 9
517 136 528 149 0.000195 9
256 178 263 192 0.000185 9
1041 184 1050 198 0.000179 9
585 122 608 186 0.000174 9
681 64 708 121 0.000174 9
1076 179 1095 201 0.000173 9
1164 163 1193 184 0.000165 9
256 83 265 97 0.000165 9
830 120 843 134 0.000165 9
1019 149 1041 163 0.000161 9
642 87 658 104 0.000157 9
96 169 106 178 0.000157 9
578 79 586 107 0.000155 9
579 64 655 150 0.000154 9
878 127 893 138 0.000152 9
51 184 63 206 0.000152 9
341 64 363 111 0.000149 9
484 143 527 176 0.000147 9
574 134 581 145 0.000143 9
544 140 552 158 0.000141 9
223 122 269 154 0.000124 9
698 68 714 96 0.000118 9
241 130 256 146 0.000114 9
633 64 664 90 0.000114 9
415 64 434 130 0.000112 9
1070 131 1088 187 0.000110 9
1092 163 1127 208 0.000102 9
324 110 367 164 0.102798 11
1181 190 1199 215 0.019852 11
1051 110 1083 147 0.014441 11
415 64 440 125 0.000273 11
358 147 373 164 0.000116 11
352 126 366 159 0.000104 11
