652 197 679 286 0.817322 0
255 199 273 244 0.513953 0
1007 196 1030 253 0.491161 0
818 190 839 236 0.253944 0
213 191 224 228 0.183898 0
1247 203 1279 298 0.092434 0
1120 311 1128 331 0.071439 0
1039 201 1050 230 0.057920 0
715 211 727 234 0.057170 0
633 201 643 217 0.044756 0
555 172 568 199 0.041150 0
785 196 794 216 0.037593 0
307 185 324 198 0.037388 0
866 207 873 233 0.034744 0
948 275 960 302 0.031583 0
386 197 395 206 0.031196 0
992 210 998 224 0.030999 0
644 197 653 215 0.030724 0
221 183 232 224 0.029621 0
727 206 738 234 0.028545 0
1204 408 1215 422 0.028378 0
1109 228 1120 249 0.027844 0
241 195 257 237 0.025914 0
692 211 704 235 0.025157 0
865 444 876 455 0.022055 0
653 198 665 212 0.020874 0
330 185 343 198 0.019751 0
573 183 581 201 0.019130 0
1182 231 1203 265 0.019106 0
521 194 526 207 0.014550 0
848 199 858 232 0.014300 0
997 206 1007 222 0.013237 0
1214 189 1224 211 0.012922 0
802 182 825 228 0.012717 0
268 207 278 235 0.012036 0
512 194 520 209 0.011936 0
671 210 680 250 0.010698 0
1089 150 1104 179 0.010111 0
408 179 418 203 0.010060 0
928 205 945 252 0.009958 0
340 186 353 198 0.009749 0
374 180 392 204 0.008965 0
1167 236 1175 247 0.008941 0
973 209 984 224 0.008538 0
879 155 894 174 0.008429 0
1031 196 1041 229 0.007744 0
1200 221 1226 253 0.007288 0
1264 321 1279 357 0.007092 0
975 207 997 235 0.006836 0
545 202 557 218 0.006533 0
737 202 744 215 0.006399 0
878 200 892 232 0.005781 0
368 166 376 187 0.005396 0
863 166 869 178 0.005286 0
372 166 382 193 0.004772 0
521 183 534 204 0.004513 0
352 188 360 198 0.004277 0
1213 244 1225 256 0.004161 0
1178 233 1189 248 0.003753 0
397 183 408 204 0.003231 0
620 180 630 197 0.003020 0
934 282 945 299 0.002851 0
1265 203 1279 234 0.002632 0
812 165 853 207 0.002397 0
321 228 357 320 0.002378 0
691 185 702 215 0.002296 0
680 206 694 225 0.002264 0
586 171 594 185 0.002223 0
1001 183 1008 212 0.002223 0
1184 169 1220 216 0.002066 0
887 202 904 244 0.001876 0
1193 384 1205 401 0.001867 0
665 189 671 205 0.001863 0
1264 275 1279 332 0.001715 0
515 193 531 247 0.001632 0
659 196 678 222 0.001459 0
1219 220 1229 231 0.001430 0
605 174 617 184 0.001384 0
1240 202 1247 230 0.001238 0
1247 253 1257 264 0.001232 0
240 178 246 190 0.001177 0
86 219 94 235 0.001147 0
1228 299 1280 360 0.001106 0
1216 408 1224 423 0.001105 0
200 200 214 224 0.001088 0
650 202 659 232 0.001076 0
1058 224 1072 250 0.001031 0
453 189 479 256 0.001023 0
756 206 769 232 0.001015 0
1095 197 1102 208 0.000878 0
194 186 200 212 0.000852 0
173 187 183 207 0.000789 0
1062 206 1071 231 0.000764 0
899 201 912 243 0.000709 0
574 297 595 360 0.000664 0
1244 197 1260 232 0.000629 0
962 370 981 407 0.000622 0
894 264 904 285 0.000576 0
325 234 352 256 0.000515 0
186 174 229 224 0.000500 0
0 146 7 204 0.000477 0
631 183 640 198 0.000443 0
369 198 395 217 0.000441 0
211 212 230 252 0.000420 0
952 182 960 205 0.000405 0
450 222 458 262 0.000400 0
319 203 330 223 0.000383 0
354 204 376 230 0.000372 0
990 182 999 201 0.000329 0
766 201 791 235 0.000319 0
1072 482 1081 498 0.000316 0
1098 163 1114 206 0.000315 0
221 178 239 193 0.000293 0
321 236 331 277 0.000293 0
464 250 480 272 0.000292 0
308 179 358 203 0.000275 0
270 188 285 218 0.000274 0
1060 239 1071 288 0.000264 0
756 309 769 330 0.000239 0
734 322 745 335 0.000235 0
239 162 247 179 0.000233 0
216 176 293 244 0.000226 0
182 186 192 206 0.000218 0
599 341 611 356 0.000203 0
924 274 975 321 0.000199 0
736 203 761 234 0.000196 0
846 175 911 237 0.000195 0
1200 366 1226 410 0.000174 0
408 251 415 272 0.000159 0
616 221 846 286 0.000158 0
414 250 421 269 0.000156 0
837 154 873 186 0.000155 0
528 214 683 292 0.000152 0
1050 108 1086 224 0.000145 0
0 375 17 398 0.000136 0
578 277 592 293 0.000133 0
1019 245 1073 297 0.000131 0
1223 196 1251 230 0.000128 0
1038 185 1049 197 0.000128 0
1082 697 1094 703 0.000119 0
499 248 891 352 0.000105 0
257 179 263 192 0.000100 0
791 222 848 276 0.434890 1
1181 181 1224 219 0.190396 1
832 218 855 241 0.108172 1
1010 223 1037 255 0.097601 1
988 222 1019 261 0.066300 1
1185 208 1225 230 0.027544 1
1199 224 1217 254 0.023570 1
549 199 574 217 0.021251 1
801 207 831 234 0.017229 1
1041 225 1068 243 0.015404 1
533 203 552 218 0.014218 1
970 228 997 256 0.011665 1
767 247 798 281 0.010439 1
922 205 946 253 0.009213 1
1122 204 1226 251 0.009188 1
1185 219 1204 252 0.008622 1
945 279 959 303 0.004946 1
792 179 997 276 0.003593 1
1140 309 1171 349 0.002995 1
791 245 811 279 0.002382 1
656 249 671 286 0.001871 1
932 283 946 305 0.001757 1
1231 298 1278 328 0.001729 1
884 260 904 285 0.000785 1
575 300 595 347 0.000733 1
797 225 820 244 0.000576 1
1175 214 1187 222 0.000575 1
675 219 694 248 0.000522 1
532 257 599 399 0.000518 1
870 249 893 284 0.000490 1
727 230 886 342 0.000482 1
909 270 930 303 0.000358 1
644 208 717 275 0.000295 1
741 267 793 303 0.000256 1
845 266 856 281 0.000225 1
968 222 1092 286 0.000223 1
832 212 885 272 0.000186 1
629 272 666 284 0.000155 1
512 233 537 247 0.000125 1
786 199 803 233 0.000120 1
858 260 879 282 0.000108 1
1103 487 1137 498 0.165321 2
825 329 847 343 0.089299 2
523 183 536 195 0.071555 2
865 177 956 244 0.054539 2
463 185 480 204 0.040963 2
1247 204 1279 298 0.035057 2
586 183 637 216 0.031701 2
480 173 518 217 0.031522 2
679 216 696 235 0.023636 2
695 203 727 231 0.022079 2
1067 218 1122 240 0.017279 2
481 174 494 194 0.016643 2
1051 217 1070 233 0.014073 2
975 218 1039 258 0.013686 2
432 193 458 209 0.013121 2
1268 199 1279 225 0.011639 2
449 157 488 175 0.011339 2
1265 323 1279 358 0.009760 2
548 161 579 181 0.008766 2
291 176 322 198 0.008491 2
1196 216 1225 252 0.008223 2
521 171 552 193 0.006971 2
1260 169 1279 181 0.006111 2
913 184 956 208 0.005835 2
1209 369 1225 387 0.005349 2
520 188 556 218 0.004764 2
1103 231 1120 250 0.004493 2
538 186 552 202 0.003862 2
1253 199 1269 217 0.003803 2
395 199 408 205 0.003664 2
495 238 530 251 0.003436 2
1229 295 1279 361 0.003130 2
355 217 370 228 0.002948 2
463 250 479 271 0.002566 2
513 179 529 201 0.002540 2
1180 169 1279 231 0.002517 2
1111 219 1130 244 0.002446 2
1234 299 1270 317 0.002442 2
433 172 445 191 0.002427 2
560 172 589 200 0.002343 2
1262 187 1279 203 0.002198 2
1264 363 1279 376 0.002116 2
353 198 387 228 0.002107 2
1230 171 1247 182 0.002001 2
353 190 372 200 0.001970 2
1193 384 1205 400 0.001903 2
469 199 481 217 0.001830 2
325 235 351 254 0.001704 2
17 225 67 253 0.001634 2
633 201 653 222 0.001455 2
1071 207 1109 223 0.001454 2
375 195 391 206 0.001420 2
114 223 135 236 0.001353 2
1033 195 1058 232 0.001338 2
457 200 466 216 0.001278 2
446 173 493 207 0.001266 2
1238 173 1279 200 0.001199 2
319 209 331 232 0.001057 2
327 194 370 248 0.001002 2
1004 189 1029 220 0.000999 2
924 205 985 255 0.000981 2
742 201 770 224 0.000932 2
830 137 905 170 0.000918 2
606 165 630 191 0.000838 2
406 197 457 236 0.000821 2
381 181 406 205 0.000781 2
405 194 421 205 0.000719 2
1123 213 1195 230 0.000698 2
390 177 463 206 0.000578 2
274 182 294 193 0.000542 2
574 277 604 336 0.000536 2
1036 226 1073 257 0.000534 2
1243 197 1256 231 0.000508 2
1075 196 1094 210 0.000495 2
962 206 982 221 0.000436 2
1196 365 1265 407 0.000415 2
453 200 471 243 0.000406 2
1208 241 1245 267 0.000368 2
821 330 924 348 0.000333 2
703 305 767 336 0.000294 2
586 162 605 186 0.000294 2
663 197 693 227 0.000287 2
1098 191 1120 207 0.000256 2
812 207 1103 287 0.000240 2
1103 164 1151 186 0.000201 2
474 144 525 174 0.000198 2
59 224 104 245 0.000186 2
1234 354 1279 380 0.000184 2
1247 248 1260 263 0.000179 2
308 159 367 199 0.000170 2
521 149 545 175 0.000166 2
108 231 158 255 0.000162 2
1207 261 1267 292 0.000159 2
1142 206 1182 219 0.000155 2
596 299 608 326 0.000145 2
95 200 111 207 0.000136 2
153 183 199 219 0.000120 2
858 162 931 183 0.000118 2
1135 340 1164 353 0.000112 2
1176 379 1188 392 0.000107 2
1154 183 1198 216 0.000102 2
990 221 1038 258 0.044948 3
1265 322 1279 351 0.010268 3
1245 208 1279 355 0.006854 3
1039 219 1070 239 0.005615 3
811 136 942 237 0.047117 5
525 159 581 202 0.027424 5
587 184 621 215 0.025026 5
449 153 522 178 0.009454 5
828 135 900 168 0.007224 5
811 158 858 181 0.001126 5
698 184 729 216 0.000920 5
1223 166 1279 297 0.000557 5
1122 183 1186 219 0.000338 5
552 143 755 237 0.000115 5
368 77 482 207 0.000179 6
173 210 603 360 0.000170 6
480 173 521 217 0.052943 7
1246 204 1279 352 0.044923 7
587 183 624 216 0.032882 7
522 160 580 202 0.031787 7
844 175 954 236 0.028308 7
696 153 807 232 0.027756 7
801 158 856 230 0.019318 7
1118 217 1198 248 0.011947 7
693 185 732 233 0.011417 7
1063 209 1126 239 0.005026 7
312 200 460 331 0.004320 7
449 156 489 172 0.003841 7
1112 202 1279 358 0.003224 7
1078 162 1222 253 0.002833 7
1181 166 1278 250 0.001771 7
806 135 931 182 0.001300 7
1117 183 1187 220 0.001044 7
749 201 794 236 0.000678 7
790 196 1084 287 0.000649 7
1101 163 1155 185 0.000450 7
393 187 466 210 0.000399 7
596 168 703 216 0.000230 7
407 206 452 255 0.000187 7
630 69 898 235 0.000173 7
220 175 328 238 0.000160 7
453 127 530 176 0.000139 7
152 181 203 221 0.000130 7
377 160 416 205 0.000105 7
513 151 524 174 0.188598 9
1089 150 1103 179 0.123008 9
693 184 702 203 0.032672 9
1006 136 1015 173 0.024396 9
313 151 343 197 0.015424 9
450 159 464 170 0.014505 9
1002 169 1008 182 0.013209 9
595 64 633 92 0.012668 9
596 119 605 147 0.007637 9
170 64 203 91 0.007609 9
372 166 381 184 0.007501 9
1051 109 1084 147 0.005797 9
1207 170 1215 189 0.005708 9
895 155 905 171 0.004821 9
586 117 598 141 0.003820 9
588 174 600 185 0.003306 9
1123 164 1151 186 0.003061 9
596 116 625 164 0.002992 9
704 161 713 182 0.002972 9
1111 192 1120 205 0.002721 9
663 171 671 190 0.002511 9
612 153 624 162 0.002450 9
698 122 714 154 0.002405 9
1098 130 1108 150 0.002044 9
692 170 702 181 0.002019 9
258 143 269 159 0.001969 9
1015 152 1024 170 0.001849 9
581 64 596 93 0.001736 9
1154 164 1169 184 0.001668 9
649 164 659 183 0.001633 9
1242 198 1248 225 0.001541 9
1014 136 1024 154 0.001539 9
119 64 161 77 0.001365 9
878 154 894 173 0.001361 9
356 219 370 229 0.001355 9
433 172 444 192 0.001330 9
652 180 662 201 0.001231 9
836 146 857 164 0.001206 9
624 152 630 170 0.001170 9
875 137 939 173 0.001091 9
308 178 325 198 0.001085 9
1184 163 1201 187 0.001024 9
1001 181 1008 202 0.001014 9
624 64 641 91 0.000985 9
638 161 647 173 0.000955 9
678 65 694 119 0.000927 9
701 118 713 130 0.000924 9
681 162 691 186 0.000910 9
852 114 865 137 0.000907 9
1207 168 1225 213 0.000855 9
681 180 689 205 0.000852 9
514 176 524 191 0.000794 9
568 148 579 161 0.000775 9
1228 168 1248 181 0.000719 9
1089 171 1098 195 0.000672 9
463 246 477 269 0.000660 9
694 151 706 177 0.000657 9
717 155 726 170 0.000644 9
165 64 175 76 0.000626 9
608 157 626 177 0.000584 9
754 137 762 152 0.000559 9
637 119 656 165 0.000544 9
685 119 704 153 0.000543 9
334 159 360 199 0.000475 9
624 119 637 157 0.000469 9
1088 189 1095 202 0.000430 9
183 144 199 168 0.000428 9
830 136 897 166 0.000426 9
96 181 105 202 0.000402 9
999 129 1007 136 0.000402 9
697 69 708 119 0.000374 9
449 150 491 171 0.000367 9
680 147 691 167 0.000346 9
108 149 128 167 0.000345 9
811 160 857 176 0.000340 9
993 141 1000 165 0.000331 9
588 132 602 167 0.000331 9
0 143 6 201 0.000328 9
998 131 1008 174 0.000298 9
409 176 426 202 0.000280 9
465 228 477 252 0.000278 9
586 64 661 164 0.000265 9
1096 185 1104 207 0.000239 9
632 160 661 205 0.000220 9
864 161 916 179 0.000185 9
680 123 690 150 0.000183 9
813 148 844 163 0.000174 9
1029 150 1041 160 0.000167 9
522 148 543 174 0.000162 9
869 125 881 137 0.000162 9
1149 126 1160 135 0.000155 9
171 144 184 170 0.000149 9
256 83 265 97 0.000148 9
814 145 822 157 0.000146 9
911 136 938 149 0.000145 9
1098 164 1128 206 0.000143 9
577 82 585 107 0.000138 9
663 176 695 216 0.000134 9
544 112 551 132 0.000130 9
639 84 658 105 0.000125 9
223 124 269 153 0.000121 9
97 172 108 184 0.000119 9
1206 148 1228 173 0.000117 9
828 117 850 134 0.000111 9
1047 167 1056 177 0.000111 9
664 147 671 169 0.000110 9
324 109 366 163 0.126944 11
1051 108 1084 147 0.026031 11
1181 186 1201 215 0.014346 11
415 64 438 120 0.000364 11
359 146 372 163 0.000192 11
352 129 366 160 0.000117 11
