608 202 654 292 0.777132 0
759 194 792 277 0.643546 0
955 194 982 253 0.550611 0
670 210 680 233 0.070365 0
261 201 277 242 0.067324 0
307 183 324 198 0.053139 0
785 197 794 232 0.050145 0
715 212 728 234 0.043456 0
1167 236 1175 249 0.041274 0
555 172 568 199 0.039998 0
693 209 702 233 0.039826 0
1178 234 1186 249 0.039303 0
520 192 526 208 0.029991 0
968 191 983 210 0.028992 0
381 196 396 206 0.025234 0
865 207 874 235 0.025233 0
964 372 980 391 0.022851 0
214 194 224 227 0.021306 0
574 183 581 201 0.020756 0
375 183 388 204 0.019384 0
545 203 555 218 0.016700 0
1212 190 1223 211 0.015859 0
865 444 876 455 0.015551 0
993 201 999 221 0.015550 0
513 192 521 209 0.015390 0
331 185 343 199 0.011745 0
633 200 655 216 0.011259 0
772 194 784 208 0.010869 0
543 189 551 202 0.010460 0
848 201 859 234 0.010055 0
1057 218 1071 244 0.009774 0
756 209 778 233 0.009474 0
981 200 994 224 0.009077 0
1039 205 1050 229 0.008860 0
725 206 736 235 0.008510 0
1204 408 1216 423 0.008110 0
936 205 945 217 0.007887 0
1183 235 1194 251 0.007378 0
738 202 744 213 0.006744 0
368 165 376 187 0.006467 0
934 204 946 251 0.006110 0
409 179 418 200 0.005769 0
339 185 353 198 0.005219 0
351 188 360 198 0.004836 0
666 195 672 230 0.003441 0
1220 218 1229 233 0.003432 0
469 188 482 216 0.003330 0
862 165 869 177 0.003159 0
616 202 628 222 0.002903 0
521 183 542 209 0.002819 0
221 185 231 213 0.002377 0
516 189 532 246 0.002136 0
876 206 893 234 0.002129 0
638 213 648 266 0.002012 0
615 232 627 254 0.001967 0
400 181 413 201 0.001868 0
870 165 885 177 0.001811 0
1192 384 1209 416 0.001785 0
325 235 351 254 0.001751 0
995 196 1010 217 0.001680 0
354 187 381 202 0.001667 0
1206 367 1227 416 0.001613 0
563 188 581 216 0.001610 0
848 184 857 210 0.001466 0
690 183 702 215 0.001341 0
804 184 815 210 0.000944 0
1241 220 1246 232 0.000791 0
1244 192 1257 231 0.000747 0
676 206 695 228 0.000745 0
1254 214 1265 230 0.000664 0
581 177 619 215 0.000657 0
354 204 379 230 0.000638 0
368 197 384 218 0.000603 0
789 197 812 237 0.000594 0
320 223 357 317 0.000583 0
415 250 421 270 0.000574 0
574 293 596 385 0.000560 0
240 178 246 191 0.000493 0
1210 406 1226 424 0.000486 0
605 159 636 184 0.000484 0
455 187 481 264 0.000450 0
1095 198 1102 208 0.000447 0
679 180 693 217 0.000428 0
432 174 445 205 0.000408 0
888 200 916 245 0.000368 0
263 193 276 209 0.000361 0
463 243 478 271 0.000355 0
1169 474 1181 494 0.000323 0
319 201 329 221 0.000301 0
953 184 960 206 0.000301 0
240 210 270 238 0.000285 0
408 250 415 271 0.000231 0
305 167 383 209 0.000230 0
86 219 94 235 0.000221 0
242 195 256 225 0.000221 0
319 234 331 277 0.000201 0
0 151 7 203 0.000184 0
291 175 324 266 0.000177 0
167 186 184 210 0.000170 0
194 186 200 208 0.000164 0
353 199 393 321 0.000161 0
829 218 877 254 0.000160 0
200 201 215 218 0.000157 0
853 161 871 193 0.000155 0
948 370 984 433 0.000140 0
1042 235 1075 296 0.000139 0
211 180 242 233 0.000134 0
215 175 228 191 0.000101 0
738 235 793 289 0.585860 1
943 220 994 266 0.532373 1
1180 174 1202 216 0.043902 1
781 241 793 276 0.017518 1
707 212 727 234 0.015978 1
749 219 766 234 0.010982 1
553 200 574 217 0.009314 1
607 258 656 292 0.008292 1
932 273 961 301 0.008272 1
535 204 545 218 0.004984 1
942 241 959 266 0.004979 1
978 226 1000 254 0.004891 1
876 260 904 285 0.003238 1
894 263 923 294 0.002746 1
1137 309 1170 349 0.002677 1
925 211 948 253 0.002622 1
728 235 914 335 0.002003 1
835 215 876 242 0.001994 1
729 207 755 234 0.001862 1
1183 204 1224 230 0.001610 1
1181 170 1241 261 0.000943 1
1111 171 1202 248 0.000943 1
729 201 794 254 0.000870 1
875 206 906 245 0.000863 1
864 237 986 293 0.000738 1
532 255 598 400 0.000667 1
791 256 817 281 0.000656 1
911 270 931 314 0.000573 1
575 300 595 350 0.000556 1
1172 212 1191 222 0.000442 1
899 218 912 245 0.000207 1
679 154 1218 412 0.000165 1
961 372 1026 399 0.000153 1
1017 252 1078 297 0.000118 1
1007 203 1047 229 0.077682 2
480 172 535 217 0.047593 2
523 183 536 195 0.042255 2
695 202 727 231 0.029782 2
1068 217 1119 236 0.024783 2
631 201 649 215 0.023028 2
481 174 496 195 0.022417 2
1004 235 1024 253 0.019977 2
865 177 954 252 0.018583 2
800 215 844 239 0.016093 2
1048 215 1070 232 0.012578 2
1272 197 1279 208 0.010216 2
996 213 1022 225 0.009859 2
938 199 954 208 0.009343 2
945 219 994 261 0.009272 2
467 186 480 205 0.009056 2
832 223 854 241 0.008606 2
1115 217 1130 232 0.008460 2
1207 255 1225 267 0.007959 2
1186 230 1242 260 0.007956 2
449 155 522 177 0.007727 2
1120 221 1185 247 0.006594 2
1250 237 1273 249 0.005958 2
449 157 491 175 0.005199 2
917 186 955 209 0.005148 2
292 176 320 198 0.005007 2
551 173 580 200 0.004881 2
1103 220 1123 248 0.004814 2
978 222 1019 253 0.004445 2
1209 370 1226 391 0.004186 2
394 198 417 206 0.003972 2
604 201 622 216 0.003906 2
1261 170 1279 182 0.003818 2
1041 228 1060 243 0.003509 2
585 182 652 216 0.003156 2
1254 178 1279 205 0.002896 2
441 179 481 215 0.002323 2
795 232 813 240 0.002305 2
1021 237 1038 251 0.002262 2
673 211 697 232 0.002117 2
739 200 771 231 0.002105 2
433 171 445 193 0.002050 2
1066 228 1095 247 0.002048 2
538 172 553 201 0.001826 2
519 190 560 217 0.001739 2
806 330 847 346 0.001714 2
935 200 955 242 0.001556 2
828 204 897 245 0.001430 2
1259 196 1279 219 0.001422 2
244 216 273 241 0.001351 2
1189 220 1230 231 0.001317 2
402 176 441 205 0.001221 2
1227 169 1247 182 0.001121 2
454 203 467 216 0.001071 2
1272 232 1279 257 0.001032 2
953 199 960 212 0.000993 2
1249 211 1279 256 0.000981 2
119 224 135 236 0.000917 2
543 161 579 179 0.000913 2
877 198 902 233 0.000888 2
376 180 409 205 0.000884 2
640 198 672 216 0.000810 2
853 176 933 192 0.000778 2
1246 190 1260 220 0.000754 2
463 252 479 271 0.000684 2
320 199 355 256 0.000626 2
354 198 382 229 0.000595 2
617 202 646 239 0.000560 2
604 162 635 185 0.000559 2
864 214 884 242 0.000544 2
1086 197 1098 210 0.000532 2
1078 191 1092 203 0.000500 2
1257 253 1279 269 0.000499 2
497 240 528 251 0.000469 2
1183 166 1232 217 0.000467 2
319 216 331 235 0.000441 2
1221 221 1240 233 0.000440 2
1175 342 1279 419 0.000420 2
1093 195 1120 207 0.000376 2
18 225 64 254 0.000373 2
1164 213 1186 222 0.000348 2
292 191 392 205 0.000347 2
1224 179 1265 236 0.000325 2
193 226 236 255 0.000286 2
829 135 906 162 0.000268 2
431 191 448 206 0.000245 2
1007 222 1072 254 0.000230 2
273 181 295 194 0.000207 2
435 206 452 219 0.000201 2
191 394 220 405 0.000200 2
1040 190 1069 225 0.000196 2
153 182 197 219 0.000193 2
589 171 610 186 0.000189 2
574 274 602 330 0.000169 2
162 249 221 263 0.000166 2
924 210 1212 362 0.000161 2
1153 183 1201 219 0.000145 2
1219 357 1256 387 0.000133 2
1180 383 1205 403 0.000132 2
911 177 929 185 0.000131 2
707 307 767 335 0.000125 2
65 224 92 236 0.000112 2
1262 365 1279 386 0.000109 2
466 199 499 222 0.000107 2
1117 217 1190 248 0.050666 5
829 135 937 176 0.018552 5
449 153 522 179 0.010994 5
544 160 581 201 0.005191 5
1250 170 1279 200 0.001831 5
848 162 922 237 0.000225 5
1153 184 1178 214 0.000103 5
726 152 857 237 0.218617 7
805 136 949 246 0.083796 7
1005 196 1058 230 0.073799 7
586 183 620 216 0.032851 7
1118 218 1189 249 0.019708 7
1068 208 1135 237 0.009864 7
444 153 518 184 0.009802 7
1184 228 1242 265 0.008638 7
698 200 727 232 0.007571 7
1180 164 1279 256 0.005719 7
799 200 853 240 0.004688 7
805 158 856 200 0.003544 7
528 169 580 202 0.003467 7
292 198 388 327 0.001174 7
1101 163 1155 185 0.000779 7
603 166 649 209 0.000573 7
876 197 905 233 0.000507 7
503 180 757 225 0.000497 7
448 171 561 217 0.000483 7
699 184 731 206 0.000445 7
390 182 453 206 0.000411 7
916 211 1226 358 0.000381 7
1255 185 1279 260 0.000356 7
1054 138 1217 257 0.000274 7
1008 140 1101 231 0.000228 7
1134 183 1191 219 0.000129 7
663 184 703 231 0.000123 7
567 65 933 233 0.000107 7
411 208 450 252 0.000105 7
376 148 417 201 0.000102 7
1239 162 1279 206 0.000101 7
513 151 524 176 0.194973 9
1088 150 1103 178 0.122071 9
1004 137 1015 174 0.067728 9
693 185 702 203 0.037979 9
554 172 566 199 0.019205 9
1002 167 1009 180 0.018096 9
320 158 352 198 0.016391 9
694 176 702 185 0.015228 9
1192 385 1205 403 0.009678 9
171 64 203 92 0.009540 9
705 154 714 174 0.009395 9
1052 109 1084 146 0.007702 9
595 64 624 93 0.007354 9
895 156 905 173 0.007191 9
368 165 376 186 0.007078 9
596 118 605 145 0.006174 9
450 159 464 170 0.005798 9
585 118 599 159 0.005786 9
1013 136 1023 170 0.004371 9
1123 165 1150 185 0.004332 9
587 171 594 185 0.004315 9
879 154 894 172 0.004091 9
899 141 917 172 0.004057 9
1207 169 1216 196 0.003468 9
581 64 596 93 0.003416 9
703 172 713 183 0.003330 9
312 153 326 197 0.003200 9
595 117 625 164 0.002984 9
1111 193 1119 204 0.002935 9
665 181 671 204 0.002879 9
994 139 1001 162 0.002601 9
624 64 640 92 0.002296 9
1209 370 1225 402 0.002155 9
712 153 720 175 0.002154 9
698 121 714 154 0.002089 9
681 179 688 200 0.002067 9
514 175 524 192 0.001911 9
903 158 910 178 0.001905 9
1155 164 1169 183 0.001896 9
1001 182 1008 194 0.001885 9
695 151 707 176 0.001865 9
834 142 858 165 0.001769 9
119 64 162 76 0.001674 9
1220 214 1228 231 0.001526 9
1183 162 1201 187 0.001484 9
698 79 716 128 0.001371 9
993 166 1000 175 0.001324 9
756 136 765 153 0.001293 9
681 163 690 185 0.001277 9
568 143 578 161 0.001232 9
716 156 727 183 0.001137 9
651 174 665 215 0.001118 9
570 162 581 182 0.001114 9
702 118 714 130 0.001094 9
718 193 728 211 0.001083 9
983 142 993 159 0.001051 9
848 181 858 197 0.000959 9
663 169 671 188 0.000905 9
1092 174 1103 202 0.000897 9
356 219 370 230 0.000871 9
1097 130 1111 175 0.000708 9
351 155 362 195 0.000696 9
875 137 939 156 0.000664 9
1241 197 1250 231 0.000651 9
1226 166 1248 181 0.000616 9
543 139 551 157 0.000587 9
164 64 175 76 0.000578 9
869 124 880 137 0.000554 9
853 115 865 137 0.000538 9
832 162 858 187 0.000524 9
566 174 581 201 0.000499 9
678 65 695 120 0.000499 9
999 129 1007 137 0.000481 9
1088 190 1095 201 0.000466 9
183 144 199 168 0.000451 9
637 162 660 201 0.000429 9
866 126 872 136 0.000422 9
521 169 549 186 0.000393 9
624 118 637 158 0.000383 9
259 144 269 159 0.000354 9
520 149 545 175 0.000353 9
1119 180 1128 192 0.000349 9
660 177 696 220 0.000343 9
806 171 825 187 0.000331 9
1030 149 1040 160 0.000315 9
1080 170 1097 184 0.000296 9
648 121 660 161 0.000265 9
610 149 626 168 0.000263 9
835 77 849 94 0.000257 9
637 118 652 163 0.000252 9
550 141 572 162 0.000246 9
463 249 479 271 0.000240 9
687 152 696 179 0.000233 9
686 120 697 153 0.000227 9
1149 125 1160 135 0.000226 9
579 64 666 160 0.000220 9
449 150 490 171 0.000214 9
239 176 247 190 0.000209 9
96 179 105 202 0.000207 9
108 147 128 168 0.000197 9
1209 165 1250 206 0.000197 9
991 171 1005 187 0.000186 9
1112 182 1133 206 0.000181 9
696 177 727 203 0.000181 9
448 127 530 178 0.000174 9
848 149 891 176 0.000160 9
1133 185 1143 203 0.000160 9
620 151 636 178 0.000151 9
544 113 552 135 0.000149 9
724 140 739 159 0.000144 9
987 182 1006 215 0.000143 9
96 171 107 182 0.000143 9
256 83 265 97 0.000122 9
800 154 822 237 0.000119 9
50 184 63 206 0.000118 9
875 127 892 139 0.000116 9
1073 181 1097 202 0.000115 9
717 115 729 130 0.000112 9
829 120 847 134 0.000109 9
638 86 659 104 0.000109 9
171 143 182 170 0.000103 9
262 67 273 82 0.000103 9
324 109 366 164 0.127842 11
1052 109 1084 147 0.035038 11
1181 188 1200 215 0.028161 11
415 64 440 124 0.000273 11
359 147 373 164 0.000114 11
