629 200 657 289 0.801017 0
772 193 805 277 0.698467 0
261 197 277 244 0.524570 0
972 196 995 254 0.410285 0
717 212 727 234 0.090357 0
387 193 398 206 0.072799 0
214 194 224 228 0.068575 0
307 183 325 199 0.060787 0
949 273 959 292 0.055087 0
693 210 702 234 0.051559 0
670 211 681 233 0.042139 0
555 172 569 199 0.030078 0
865 207 874 235 0.029085 0
520 192 526 208 0.022659 0
574 183 581 201 0.020783 0
726 206 736 235 0.018686 0
1164 237 1175 249 0.018235 0
331 185 343 199 0.016465 0
964 372 982 391 0.014307 0
545 204 555 218 0.013831 0
513 193 521 209 0.013035 0
1219 215 1229 233 0.012619 0
374 178 390 201 0.011351 0
368 165 377 187 0.010464 0
848 202 859 234 0.010198 0
543 188 551 202 0.008698 0
221 185 231 224 0.007576 0
1039 206 1049 229 0.007369 0
1061 221 1072 246 0.007186 0
339 185 354 198 0.006935 0
396 184 409 205 0.006475 0
736 203 745 235 0.005850 0
241 194 257 238 0.005831 0
643 198 656 216 0.005770 0
1175 232 1187 247 0.004924 0
351 187 358 198 0.004868 0
931 282 947 298 0.004510 0
1213 191 1225 211 0.004333 0
1203 408 1215 422 0.004327 0
355 185 373 199 0.003551 0
407 178 419 204 0.003526 0
469 188 482 216 0.003324 0
912 269 928 298 0.003281 0
929 204 945 253 0.003179 0
1212 249 1225 264 0.003136 0
1234 187 1246 225 0.003041 0
1008 234 1035 251 0.003002 0
894 266 904 286 0.002835 0
666 196 673 229 0.002788 0
936 205 945 216 0.002605 0
520 183 544 210 0.002345 0
1274 201 1279 251 0.002054 0
325 235 351 254 0.002030 0
883 200 904 239 0.001860 0
1181 164 1204 216 0.001429 0
848 185 857 205 0.001263 0
240 178 246 190 0.001132 0
903 273 917 296 0.001107 0
1206 368 1227 412 0.001067 0
609 160 636 185 0.001040 0
516 191 532 246 0.001033 0
786 194 801 225 0.000988 0
320 224 357 316 0.000975 0
1192 384 1213 415 0.000896 0
454 188 481 266 0.000746 0
804 181 814 199 0.000647 0
355 204 379 230 0.000644 0
574 288 596 391 0.000603 0
192 174 228 227 0.000561 0
415 250 421 270 0.000549 0
1001 190 1007 211 0.000543 0
291 176 325 262 0.000526 0
463 242 478 271 0.000492 0
269 215 294 245 0.000439 0
1225 217 1240 231 0.000436 0
686 192 699 222 0.000435 0
1224 188 1236 207 0.000435 0
200 200 215 219 0.000424 0
174 402 208 417 0.000383 0
194 186 201 210 0.000373 0
317 190 329 222 0.000354 0
307 166 383 210 0.000350 0
847 265 855 282 0.000286 0
864 442 878 467 0.000265 0
85 218 94 235 0.000256 0
169 186 184 210 0.000240 0
319 233 332 277 0.000224 0
201 211 232 251 0.000224 0
408 251 415 270 0.000221 0
952 183 959 206 0.000216 0
599 217 880 292 0.000213 0
215 176 227 191 0.000195 0
1028 280 1040 295 0.000192 0
360 193 434 315 0.000184 0
0 154 7 203 0.000170 0
279 237 290 247 0.000151 0
260 177 272 201 0.000147 0
842 213 884 264 0.000141 0
901 220 911 244 0.000138 0
936 207 974 252 0.000130 0
1039 229 1077 334 0.000127 0
969 188 985 209 0.000126 0
211 247 235 264 0.000123 0
946 370 986 427 0.000119 0
992 282 998 295 0.000106 0
599 342 612 360 0.000104 0
755 236 807 284 0.730090 1
961 222 983 261 0.173804 1
982 225 999 252 0.044479 1
708 212 727 233 0.020159 1
1181 186 1201 215 0.010797 1
994 226 1023 252 0.009977 1
550 200 574 217 0.009256 1
941 275 959 300 0.006870 1
633 241 653 289 0.006717 1
534 204 546 218 0.005848 1
845 213 874 238 0.003562 1
930 283 948 303 0.003498 1
755 208 771 231 0.002637 1
802 218 817 239 0.002545 1
908 269 928 297 0.002466 1
882 262 902 285 0.002097 1
1137 309 1170 348 0.001011 1
886 225 1006 293 0.000949 1
532 249 599 400 0.000864 1
766 208 787 231 0.000824 1
811 261 834 282 0.000795 1
783 226 807 254 0.000785 1
793 244 805 261 0.000598 1
894 274 910 297 0.000514 1
575 300 595 359 0.000504 1
1180 182 1257 238 0.000444 1
866 255 887 283 0.000404 1
611 223 814 282 0.000367 1
999 382 1027 399 0.000323 1
963 371 986 394 0.000289 1
790 237 853 282 0.000274 1
1110 182 1200 246 0.000246 1
742 180 950 295 0.000213 1
672 257 933 437 0.000161 1
750 252 857 345 0.000137 1
752 265 769 290 0.000125 1
822 261 932 306 0.000116 1
1172 165 1200 191 0.000105 1
480 172 537 217 0.057273 2
523 183 536 195 0.052267 2
1010 204 1045 228 0.046776 2
824 219 854 241 0.036604 2
825 329 846 343 0.035663 2
803 216 825 239 0.034058 2
1012 213 1025 227 0.032344 2
694 202 727 231 0.028056 2
481 174 496 196 0.023498 2
1205 255 1224 267 0.020072 2
1069 218 1118 234 0.019596 2
655 215 672 231 0.016717 2
1047 215 1070 232 0.014467 2
961 219 1004 256 0.014199 2
1271 197 1279 216 0.012579 2
585 183 633 216 0.012355 2
454 181 482 216 0.011930 2
449 155 522 178 0.010454 2
862 177 955 252 0.009634 2
1115 217 1129 232 0.009004 2
292 176 320 198 0.008989 2
449 156 496 176 0.008903 2
1183 231 1227 253 0.008831 2
1259 212 1273 227 0.008762 2
1210 370 1225 389 0.008570 2
1120 220 1182 247 0.008386 2
521 171 553 198 0.006861 2
1043 225 1068 243 0.005873 2
918 197 955 210 0.005237 2
1007 230 1033 252 0.004962 2
1238 176 1279 222 0.004932 2
993 208 1022 245 0.004904 2
671 211 700 232 0.004811 2
1260 170 1279 184 0.004796 2
1193 220 1224 231 0.004746 2
1102 231 1120 248 0.004718 2
1158 235 1175 249 0.004662 2
433 171 445 192 0.004595 2
1175 235 1187 248 0.004377 2
1001 205 1015 220 0.004116 2
553 171 580 201 0.002924 2
1259 230 1279 257 0.002809 2
519 188 560 218 0.002474 2
1024 239 1038 251 0.002471 2
1066 228 1095 247 0.002460 2
454 203 467 216 0.002094 2
1227 169 1246 182 0.002063 2
951 245 961 255 0.001945 2
544 160 580 179 0.001943 2
353 189 375 200 0.001893 2
392 175 446 206 0.001880 2
1071 207 1108 224 0.001844 2
513 178 529 208 0.001565 2
615 202 634 219 0.001563 2
561 193 582 217 0.001398 2
603 161 636 186 0.001254 2
914 180 950 202 0.001204 2
352 195 389 208 0.001144 2
741 203 774 232 0.001095 2
118 224 135 236 0.000976 2
858 177 934 196 0.000956 2
926 226 949 253 0.000890 2
878 201 899 233 0.000846 2
1026 240 1070 255 0.000820 2
463 251 479 271 0.000814 2
355 216 370 229 0.000745 2
1079 192 1092 201 0.000715 2
864 217 881 242 0.000696 2
320 198 354 256 0.000690 2
1074 198 1094 210 0.000664 2
1193 364 1229 420 0.000643 2
951 199 959 209 0.000637 2
1245 207 1265 231 0.000621 2
887 240 911 248 0.000555 2
956 204 1210 253 0.000537 2
194 226 236 255 0.000518 2
830 135 904 161 0.000513 2
1184 200 1279 264 0.000512 2
1226 176 1250 208 0.000509 2
496 240 528 251 0.000489 2
319 213 332 241 0.000426 2
431 190 449 206 0.000408 2
574 276 596 331 0.000396 2
1094 208 1152 233 0.000380 2
1094 195 1120 207 0.000364 2
435 205 453 219 0.000325 2
703 304 768 337 0.000304 2
987 194 1000 209 0.000297 2
818 329 924 348 0.000294 2
273 181 295 194 0.000287 2
1181 164 1218 216 0.000262 2
590 171 612 186 0.000233 2
191 393 220 404 0.000230 2
28 225 61 240 0.000211 2
162 248 207 262 0.000199 2
1175 213 1185 222 0.000189 2
1229 357 1254 386 0.000179 2
153 182 197 220 0.000175 2
1040 190 1068 224 0.000173 2
1156 184 1194 216 0.000168 2
1015 304 1105 339 0.000159 2
597 209 735 259 0.000148 2
623 181 644 204 0.000146 2
911 177 930 185 0.000145 2
792 330 847 357 0.000144 2
1046 568 1092 623 0.000129 2
1150 208 1177 218 0.000117 2
465 199 498 222 0.000115 2
1180 383 1205 403 0.000114 2
1263 365 1279 375 0.000104 2
938 204 974 227 0.000104 2
73 222 151 255 0.000102 2
1118 216 1189 248 0.047421 5
813 138 952 246 0.026442 5
586 184 621 215 0.012097 5
1203 167 1279 226 0.010781 5
449 154 522 179 0.010369 5
828 135 901 169 0.008503 5
811 158 858 184 0.002563 5
1262 173 1279 228 0.001787 5
537 141 581 202 0.000474 5
1132 183 1189 218 0.000342 5
1059 215 1239 282 0.000128 6
454 125 532 148 0.000104 6
367 64 462 205 0.000100 6
726 153 858 242 0.205693 7
1007 196 1061 230 0.054292 7
808 173 953 247 0.038862 7
1118 217 1189 248 0.025326 7
586 183 623 216 0.024933 7
548 171 581 200 0.011721 7
445 153 518 184 0.009272 7
699 200 726 229 0.007430 7
804 203 854 241 0.006795 7
1066 208 1143 240 0.005726 7
809 158 857 189 0.005637 7
525 172 557 201 0.005559 7
638 183 739 234 0.003098 7
477 161 580 207 0.003042 7
1072 169 1278 253 0.001659 7
1176 227 1231 259 0.001564 7
1101 163 1154 185 0.000843 7
380 179 480 207 0.000612 7
291 196 393 307 0.000415 7
877 197 905 233 0.000410 7
1123 203 1187 221 0.000377 7
303 179 592 258 0.000292 7
764 190 806 276 0.000278 7
1153 186 1176 213 0.000238 7
699 184 731 205 0.000236 7
1163 332 1276 415 0.000164 7
893 210 1232 360 0.000154 7
586 64 930 234 0.000129 7
1005 106 1130 233 0.000120 7
411 208 451 252 0.000109 7
1179 604 1274 703 0.000108 7
513 151 524 175 0.173994 9
1088 150 1103 178 0.173057 9
1004 136 1015 174 0.047528 9
694 184 702 202 0.042441 9
694 175 702 186 0.018687 9
324 160 352 198 0.015720 9
1002 167 1009 179 0.013937 9
596 119 605 145 0.012327 9
705 154 713 174 0.012281 9
170 64 203 92 0.011372 9
1051 109 1084 146 0.009410 9
895 155 905 172 0.008952 9
450 159 464 170 0.008826 9
879 154 893 171 0.008461 9
1213 190 1223 208 0.007951 9
586 118 599 159 0.007478 9
1193 385 1205 402 0.007158 9
595 64 624 93 0.006833 9
595 118 622 163 0.005466 9
587 172 594 185 0.005217 9
862 166 869 178 0.004828 9
703 172 713 184 0.004711 9
1124 164 1149 185 0.004380 9
1207 169 1215 195 0.004217 9
663 170 671 189 0.004057 9
1183 163 1201 217 0.003922 9
1013 135 1023 170 0.003651 9
652 171 662 203 0.003537 9
312 153 326 198 0.003350 9
1209 370 1225 403 0.003089 9
1112 194 1119 205 0.003061 9
711 153 719 175 0.002954 9
581 64 596 93 0.002869 9
903 137 921 154 0.002811 9
680 179 688 200 0.002573 9
695 151 707 176 0.002411 9
903 156 910 178 0.002393 9
624 64 640 92 0.002190 9
994 138 1001 160 0.002144 9
870 165 888 177 0.002084 9
119 64 162 76 0.001761 9
698 122 714 154 0.001759 9
666 188 672 214 0.001756 9
848 181 858 197 0.001692 9
835 143 858 165 0.001598 9
698 79 716 128 0.001491 9
681 165 690 185 0.001463 9
1155 164 1169 183 0.001424 9
568 143 578 161 0.001421 9
570 162 581 182 0.001403 9
992 152 1000 169 0.001379 9
718 194 727 209 0.001346 9
514 175 524 192 0.001338 9
716 158 727 184 0.001121 9
1093 176 1103 200 0.001117 9
982 142 993 158 0.001101 9
701 118 713 130 0.001094 9
832 163 858 188 0.001079 9
1001 182 1008 196 0.001053 9
992 166 999 175 0.001049 9
755 136 765 153 0.000981 9
624 118 637 156 0.000974 9
543 139 551 157 0.000930 9
165 64 175 76 0.000916 9
637 161 649 187 0.000912 9
1096 130 1111 175 0.000893 9
874 138 915 160 0.000885 9
357 219 370 229 0.000883 9
678 65 694 119 0.000851 9
1233 191 1254 229 0.000791 9
1193 163 1208 187 0.000783 9
869 124 880 137 0.000775 9
1227 168 1247 181 0.000757 9
351 156 362 195 0.000717 9
565 173 581 201 0.000700 9
852 115 865 137 0.000688 9
1100 162 1113 184 0.000668 9
637 119 653 163 0.000655 9
1121 182 1127 190 0.000639 9
257 144 268 159 0.000609 9
183 144 199 168 0.000593 9
1088 190 1095 201 0.000570 9
865 126 872 136 0.000565 9
1095 198 1102 208 0.000557 9
999 129 1007 137 0.000513 9
660 171 697 222 0.000493 9
646 160 659 185 0.000450 9
807 169 823 187 0.000426 9
611 147 627 172 0.000410 9
986 183 993 199 0.000404 9
449 149 490 171 0.000362 9
1080 170 1097 184 0.000341 9
648 124 658 164 0.000333 9
1149 125 1160 135 0.000331 9
1030 150 1040 159 0.000309 9
969 177 976 186 0.000307 9
522 148 544 174 0.000285 9
680 148 690 168 0.000277 9
578 64 665 161 0.000275 9
1115 182 1134 205 0.000274 9
667 167 679 187 0.000256 9
951 183 959 206 0.000254 9
680 123 690 152 0.000251 9
1214 165 1249 207 0.000246 9
108 148 128 168 0.000243 9
550 141 574 161 0.000242 9
696 174 720 202 0.000235 9
686 151 697 182 0.000234 9
96 177 105 202 0.000217 9
835 77 849 93 0.000203 9
847 163 868 226 0.000199 9
983 156 995 168 0.000190 9
96 171 107 182 0.000181 9
341 64 366 111 0.000173 9
639 86 659 104 0.000168 9
838 115 853 134 0.000160 9
1103 151 1119 171 0.000159 9
876 127 892 139 0.000153 9
544 113 552 133 0.000152 9
256 83 265 97 0.000152 9
824 126 838 136 0.000150 9
586 161 609 185 0.000150 9
632 64 664 90 0.000149 9
1074 182 1097 202 0.000144 9
171 144 183 170 0.000140 9
260 175 269 191 0.000132 9
1072 162 1155 198 0.000129 9
807 149 814 159 0.000124 9
262 67 273 82 0.000120 9
311 118 323 156 0.000119 9
50 184 63 206 0.000119 9
578 79 586 107 0.000119 9
990 171 1005 190 0.000119 9
1164 164 1191 185 0.000115 9
322 92 331 127 0.000114 9
914 139 938 166 0.000114 9
361 147 374 183 0.000109 9
724 139 740 159 0.000107 9
1128 184 1143 204 0.000105 9
0 146 6 188 0.000104 9
209 66 252 87 0.000103 9
800 155 818 224 0.000102 9
324 109 367 164 0.181702 11
1181 191 1200 215 0.083615 11
1051 109 1083 147 0.035458 11
415 64 438 122 0.000333 11
1224 168 1248 206 0.000308 11
359 147 373 165 0.000118 11
