468 194 511 301 0.843202 0
816 190 853 262 0.739118 0
888 193 910 249 0.575546 0
978 198 1003 259 0.548186 0
974 197 1004 260 0.451263 0
887 193 911 254 0.411819 0
1057 198 1088 260 0.401100 0
982 198 1004 258 0.366055 0
229 200 243 234 0.339860 0
1126 191 1148 239 0.321643 0
879 192 895 240 0.288740 0
1126 191 1147 216 0.263473 0
1126 191 1147 231 0.231356 0
880 192 910 249 0.199085 0
885 192 911 259 0.193094 0
879 192 897 242 0.192143 0
1124 190 1149 241 0.181686 0
190 201 205 235 0.167212 0
816 193 831 221 0.154845 0
816 193 831 219 0.154204 0
229 200 242 221 0.147140 0
191 201 205 231 0.130034 0
190 201 205 238 0.130005 0
879 192 894 243 0.129637 0
817 193 831 220 0.121145 0
1057 198 1087 246 0.112714 0
1121 190 1149 244 0.109501 0
229 200 245 234 0.098235 0
191 201 206 236 0.091256 0
190 201 206 239 0.088283 0
848 200 857 217 0.083987 0
1039 202 1051 230 0.079271 0
191 201 204 229 0.078116 0
878 192 911 263 0.077642 0
229 200 244 238 0.070922 0
815 193 831 226 0.066009 0
718 211 728 235 0.059637 0
1057 198 1087 234 0.051438 0
983 198 1003 225 0.044146 0
1058 206 1088 260 0.040892 0
847 200 858 219 0.037698 0
1037 199 1051 229 0.037678 0
1057 199 1073 242 0.037335 0
887 196 912 261 0.036069 0
973 198 1002 259 0.035306 0
191 200 205 227 0.035306 0
807 193 831 230 0.034550 0
805 193 831 232 0.034185 0
814 193 831 232 0.034122 0
1126 190 1149 220 0.033576 0
808 193 830 249 0.033344 0
718 210 729 235 0.032479 0
985 197 1003 219 0.032444 0
717 209 728 234 0.030877 0
846 200 857 233 0.030855 0
786 198 795 215 0.030520 0
985 198 1003 220 0.029120 0
1057 198 1087 227 0.026818 0
1038 200 1050 230 0.025389 0
785 197 795 236 0.025352 0
786 198 795 235 0.025077 0
1113 194 1120 202 0.024693 0
213 200 224 237 0.021819 0
229 200 247 226 0.021472 0
950 363 982 462 0.021212 0
984 199 1004 243 0.021099 0
846 200 859 239 0.020429 0
160 204 172 228 0.020192 0
950 367 980 460 0.019294 0
1059 199 1076 227 0.018640 0
950 362 984 459 0.018514 0
848 200 870 238 0.018396 0
786 198 795 233 0.018143 0
951 372 978 462 0.017698 0
1272 200 1279 245 0.017148 0
888 203 912 260 0.017006 0
1271 200 1279 242 0.016881 0
213 200 224 231 0.016499 0
809 195 830 253 0.015162 0
787 198 795 212 0.014731 0
708 211 728 235 0.014561 0
949 348 987 459 0.014396 0
244 197 255 215 0.014242 0
953 368 980 427 0.013635 0
887 193 912 259 0.013544 0
190 201 205 249 0.013499 0
633 202 645 216 0.013143 0
1057 200 1073 226 0.012863 0
846 201 870 259 0.012827 0
1271 198 1279 240 0.012749 0
1272 201 1279 247 0.012591 0
873 199 911 267 0.012489 0
890 196 910 247 0.012409 0
845 199 863 254 0.012085 0
229 199 243 233 0.012069 0
818 191 849 231 0.012054 0
864 194 894 268 0.011981 0
1057 201 1067 232 0.011813 0
213 199 224 231 0.011264 0
1149 192 1162 219 0.010692 0
1070 199 1088 228 0.010422 0
955 367 981 425 0.010411 0
875 210 892 247 0.010266 0
783 197 795 238 0.010052 0
1146 194 1160 218 0.009855 0
1071 214 1088 244 0.009725 0
213 200 224 239 0.009711 0
827 194 851 228 0.009408 0
1233 197 1256 233 0.009381 0
160 204 173 229 0.009270 0
807 193 832 224 0.009217 0
949 272 960 295 0.008789 0
994 201 1009 219 0.008758 0
159 205 171 227 0.008742 0
1216 193 1228 233 0.008378 0
848 200 871 229 0.008102 0
1113 194 1120 208 0.008092 0
848 199 865 219 0.007981 0
953 365 986 426 0.007943 0
1273 201 1279 248 0.007903 0
863 218 894 268 0.007866 0
1070 213 1088 252 0.007840 0
1057 202 1070 224 0.007736 0
1052 207 1071 247 0.007671 0
786 197 797 235 0.007621 0
814 193 832 249 0.007452 0
787 198 796 212 0.007415 0
707 206 728 234 0.007398 0
1015 202 1025 221 0.007268 0
999 203 1012 222 0.007266 0
786 197 796 233 0.007216 0
242 200 251 233 0.007125 0
805 199 830 241 0.007073 0
1148 192 1162 221 0.006899 0
1269 198 1279 240 0.006761 0
1216 211 1229 234 0.006751 0
693 207 702 232 0.006731 0
1144 193 1161 222 0.006404 0
863 219 892 254 0.006250 0
864 215 895 270 0.006201 0
632 202 645 226 0.006158 0
632 202 645 216 0.005790 0
159 204 172 236 0.005784 0
243 195 255 221 0.005654 0
159 204 174 237 0.005575 0
243 197 255 232 0.005524 0
860 209 871 237 0.005462 0
824 191 847 222 0.005455 0
998 382 1025 439 0.005448 0
693 207 702 234 0.005381 0
1128 205 1151 243 0.005339 0
984 194 1003 225 0.005320 0
846 202 871 269 0.005317 0
1218 213 1230 234 0.005300 0
1269 199 1279 247 0.005266 0
718 211 728 236 0.005209 0
986 200 1012 246 0.005065 0
863 208 872 236 0.005041 0
783 331 817 378 0.004979 0
1072 211 1088 234 0.004895 0
994 382 1024 439 0.004777 0
1117 193 1149 239 0.004737 0
375 185 386 201 0.004723 0
803 192 832 235 0.004579 0
228 200 243 263 0.004431 0
974 198 1002 241 0.004376 0
949 272 960 299 0.004341 0
828 193 852 231 0.004338 0
1216 191 1227 233 0.004333 0
945 337 991 436 0.004332 0
1119 312 1129 332 0.004253 0
863 216 891 245 0.004202 0
957 367 981 414 0.004175 0
693 207 703 231 0.004142 0
242 198 255 235 0.004131 0
1152 193 1162 217 0.004127 0
922 340 988 461 0.004072 0
714 199 729 234 0.004058 0
889 197 909 230 0.004029 0
951 364 980 429 0.004013 0
951 357 980 431 0.003949 0
832 190 847 216 0.003947 0
1218 208 1229 234 0.003939 0
1013 201 1027 221 0.003918 0
311 185 323 199 0.003879 0
188 202 207 253 0.003790 0
803 202 830 234 0.003723 0
692 206 703 236 0.003711 0
866 208 872 226 0.003628 0
1258 199 1273 221 0.003538 0
159 202 173 228 0.003499 0
865 205 891 245 0.003419 0
861 215 890 246 0.003326 0
925 342 985 463 0.003286 0
995 382 1025 446 0.003268 0
952 352 984 413 0.003263 0
1001 382 1025 441 0.003098 0
374 185 388 201 0.003093 0
788 331 811 345 0.003005 0
1039 202 1054 230 0.002991 0
1011 202 1025 222 0.002990 0
160 202 174 228 0.002971 0
983 193 1002 220 0.002875 0
1119 312 1130 344 0.002868 0
914 340 989 465 0.002804 0
1119 312 1129 341 0.002745 0
1000 206 1014 230 0.002740 0
949 272 961 301 0.002715 0
1264 200 1279 270 0.002686 0
913 472 928 487 0.002685 0
964 369 980 389 0.002683 0
847 185 857 216 0.002664 0
910 337 992 464 0.002655 0
965 372 980 390 0.002629 0
327 184 343 199 0.002616 0
1217 196 1229 234 0.002606 0
959 369 981 405 0.002605 0
949 272 961 304 0.002596 0
999 383 1024 410 0.002583 0
1256 200 1273 231 0.002570 0
213 197 224 230 0.002532 0
192 200 210 229 0.002515 0
915 337 994 461 0.002472 0
1153 192 1165 215 0.002464 0
834 208 890 275 0.002407 0
1251 200 1270 228 0.002375 0
855 339 928 465 0.002372 0
852 339 935 472 0.002307 0
992 383 1026 460 0.002300 0
964 371 981 391 0.002276 0
329 183 343 199 0.002260 0
699 209 728 235 0.002239 0
907 337 996 462 0.002209 0
1119 312 1134 344 0.002202 0
1150 193 1165 216 0.002195 0
950 367 989 460 0.002184 0
205 200 224 240 0.002109 0
854 339 958 478 0.002081 0
1036 194 1048 229 0.002066 0
1000 383 1024 405 0.002041 0
1194 383 1209 415 0.002025 0
947 336 993 400 0.002017 0
226 200 243 262 0.002008 0
848 465 868 478 0.002008 0
233 208 247 238 0.001996 0
852 338 950 482 0.001995 0
936 203 944 214 0.001991 0
167 201 180 223 0.001985 0
850 212 895 272 0.001983 0
1256 200 1279 236 0.001983 0
911 454 928 488 0.001974 0
786 194 796 213 0.001891 0
1251 200 1272 232 0.001861 0
985 194 1007 222 0.001845 0
516 191 526 208 0.001843 0
885 192 909 247 0.001839 0
999 384 1024 407 0.001828 0
1037 199 1054 230 0.001813 0
862 423 882 458 0.001807 0
351 190 357 200 0.001788 0
458 201 466 216 0.001763 0
1064 193 1087 227 0.001760 0
1216 192 1226 211 0.001760 0
226 200 243 233 0.001745 0
458 201 466 216 0.001743 0
1231 169 1246 182 0.001742 0
949 342 988 411 0.001724 0
977 213 999 262 0.001718 0
948 342 1025 460 0.001712 0
849 337 944 481 0.001701 0
848 463 868 479 0.001688 0
1146 193 1166 219 0.001674 0
857 338 995 479 0.001648 0
856 337 965 471 0.001640 0
858 338 984 483 0.001634 0
981 215 1002 256 0.001634 0
209 200 224 232 0.001605 0
347 189 353 199 0.001605 0
242 194 255 215 0.001595 0
1057 192 1087 228 0.001592 0
822 202 850 226 0.001575 0
1216 191 1223 205 0.001569 0
948 356 1025 461 0.001566 0
964 368 985 392 0.001548 0
1230 167 1247 181 0.001521 0
375 185 387 206 0.001509 0
270 200 279 216 0.001502 0
1198 384 1210 416 0.001499 0
1265 193 1279 267 0.001489 0
1000 384 1019 399 0.001488 0
1216 182 1230 234 0.001480 0
1072 483 1081 502 0.001470 0
632 202 648 231 0.001428 0
536 197 553 219 0.001416 0
978 205 1022 258 0.001413 0
991 383 1024 442 0.001411 0
1250 199 1276 234 0.001408 0
999 384 1024 413 0.001389 0
945 348 982 411 0.001382 0
325 185 342 199 0.001349 0
948 337 995 394 0.001342 0
965 371 982 391 0.001273 0
1001 385 1023 408 0.001273 0
226 199 243 225 0.001272 0
1196 383 1206 401 0.001266 0
990 384 1023 437 0.001259 0
613 153 629 171 0.001254 0
242 214 251 237 0.001237 0
947 349 980 422 0.001230 0
909 336 1001 447 0.001193 0
783 331 817 392 0.001193 0
537 200 553 219 0.001191 0
848 462 873 479 0.001191 0
613 154 629 171 0.001181 0
1000 385 1020 399 0.001175 0
1072 486 1081 503 0.001171 0
1119 317 1136 384 0.001168 0
912 471 928 489 0.001167 0
860 430 881 480 0.001167 0
786 194 797 214 0.001163 0
949 349 1028 458 0.001156 0
632 202 647 225 0.001154 0
225 200 242 233 0.001140 0
863 438 876 458 0.001138 0
945 337 1022 440 0.001133 0
855 422 894 472 0.001125 0
863 432 880 476 0.001103 0
883 340 990 478 0.001100 0
367 208 374 217 0.001093 0
375 184 393 203 0.001093 0
275 200 287 217 0.001090 0
275 200 286 226 0.001088 0
1000 215 1017 230 0.001068 0
190 203 208 251 0.001063 0
1119 312 1136 347 0.001056 0
1186 383 1209 413 0.001050 0
1256 200 1279 269 0.001047 0
949 341 1024 437 0.001047 0
1119 310 1136 375 0.001045 0
464 204 478 263 0.001035 0
670 208 679 231 0.001032 0
460 201 470 219 0.001032 0
1190 212 1204 230 0.001027 0
808 215 833 262 0.001026 0
1185 382 1211 416 0.001019 0
940 335 1022 437 0.001018 0
1232 170 1245 181 0.001016 0
154 205 163 226 0.001013 0
853 333 980 469 0.001007 0
1119 317 1136 371 0.000979 0
866 193 893 236 0.000978 0
990 380 1024 429 0.000974 0
738 202 744 214 0.000971 0
945 350 1031 473 0.000960 0
949 336 992 394 0.000956 0
265 199 275 232 0.000956 0
851 464 874 478 0.000955 0
154 206 164 228 0.000955 0
1117 191 1148 225 0.000953 0
460 203 467 214 0.000948 0
264 198 271 208 0.000926 0
1231 454 1249 511 0.000922 0
704 212 728 236 0.000922 0
377 184 393 201 0.000920 0
923 364 947 459 0.000919 0
1215 167 1238 234 0.000918 0
862 437 879 478 0.000916 0
854 335 1000 467 0.000909 0
947 349 968 400 0.000906 0
924 406 945 465 0.000901 0
273 201 281 222 0.000899 0
469 198 501 293 0.000897 0
948 348 965 389 0.000894 0
847 434 877 479 0.000892 0
992 382 1038 467 0.000887 0
1227 197 1264 249 0.000884 0
922 349 951 462 0.000879 0
903 336 1000 432 0.000869 0
1191 214 1206 231 0.000865 0
240 194 255 217 0.000850 0
948 362 1026 457 0.000841 0
462 200 476 255 0.000835 0
1209 173 1228 221 0.000830 0
670 208 681 233 0.000824 0
914 346 985 475 0.000817 0
782 332 819 394 0.000814 0
1126 186 1147 218 0.000790 0
158 205 175 237 0.000785 0
469 198 478 217 0.000780 0
801 202 829 233 0.000775 0
964 359 982 391 0.000771 0
1088 192 1096 209 0.000769 0
843 273 932 468 0.000766 0
274 200 286 232 0.000764 0
842 276 994 467 0.000754 0
602 154 631 193 0.000751 0
468 200 478 234 0.000747 0
469 199 504 298 0.000745 0
751 463 760 472 0.000742 0
1209 190 1226 225 0.000738 0
541 201 553 219 0.000731 0
847 428 878 479 0.000731 0
374 183 386 202 0.000725 0
1191 384 1205 401 0.000718 0
717 210 733 235 0.000716 0
326 183 342 198 0.000714 0
738 201 744 214 0.000712 0
216 207 243 263 0.000704 0
960 352 992 394 0.000702 0
839 340 935 475 0.000700 0
903 335 930 392 0.000700 0
459 200 470 217 0.000699 0
1231 169 1247 181 0.000692 0
943 337 1025 433 0.000692 0
971 357 992 393 0.000691 0
275 200 287 232 0.000688 0
876 439 910 486 0.000687 0
603 154 637 199 0.000684 0
1116 312 1136 342 0.000680 0
907 338 962 417 0.000675 0
636 206 653 216 0.000671 0
612 154 633 176 0.000669 0
468 202 500 250 0.000660 0
687 207 703 235 0.000655 0
1181 167 1201 217 0.000652 0
750 454 763 472 0.000643 0
821 339 933 471 0.000638 0
930 348 971 418 0.000626 0
681 201 690 216 0.000625 0
1213 390 1232 425 0.000625 0
1215 401 1232 425 0.000622 0
1183 344 1196 402 0.000618 0
908 339 961 403 0.000611 0
848 467 872 479 0.000610 0
320 204 330 219 0.000610 0
1098 304 1149 360 0.000605 0
906 335 930 400 0.000603 0
846 254 857 286 0.000587 0
872 438 905 485 0.000585 0
901 335 941 391 0.000584 0
1074 332 1088 343 0.000584 0
858 423 905 462 0.000584 0
384 196 395 206 0.000581 0
1077 189 1091 208 0.000579 0
904 336 937 394 0.000575 0
821 220 852 262 0.000574 0
543 202 552 222 0.000571 0
924 342 963 413 0.000570 0
954 366 993 414 0.000568 0
478 206 503 240 0.000565 0
999 375 1025 407 0.000565 0
924 408 944 460 0.000565 0
182 199 192 214 0.000564 0
799 440 816 473 0.000562 0
1119 326 1136 344 0.000562 0
868 428 935 488 0.000559 0
311 185 324 199 0.000552 0
604 153 641 199 0.000552 0
605 153 631 185 0.000552 0
578 64 642 94 0.000547 0
613 152 634 173 0.000547 0
1137 447 1143 457 0.000544 0
991 381 1044 467 0.000538 0
1119 326 1136 345 0.000536 0
847 435 873 479 0.000534 0
308 186 323 202 0.000533 0
902 451 930 488 0.000531 0
689 207 702 234 0.000528 0
1231 452 1250 511 0.000525 0
858 403 882 458 0.000525 0
920 359 976 458 0.000522 0
781 326 819 436 0.000519 0
1188 373 1208 409 0.000515 0
914 352 950 463 0.000511 0
681 199 690 215 0.000505 0
939 351 970 423 0.000503 0
989 374 1024 425 0.000500 0
158 197 175 229 0.000499 0
1202 366 1229 421 0.000499 0
950 347 961 381 0.000497 0
1075 331 1089 362 0.000494 0
799 194 830 233 0.000492 0
905 338 961 391 0.000490 0
925 343 960 397 0.000485 0
854 377 883 458 0.000484 0
633 202 653 217 0.000484 0
859 409 905 460 0.000484 0
876 439 931 488 0.000480 0
1054 487 1067 497 0.000470 0
851 331 1005 446 0.000468 0
934 355 975 436 0.000468 0
1264 181 1279 242 0.000468 0
1103 312 1113 331 0.000465 0
901 335 927 379 0.000464 0
860 423 939 486 0.000463 0
607 152 645 200 0.000462 0
632 177 640 198 0.000460 0
476 200 507 245 0.000460 0
1071 482 1080 501 0.000458 0
921 367 979 462 0.000454 0
924 346 956 454 0.000451 0
1127 446 1134 461 0.000447 0
977 179 1209 252 0.000442 0
902 335 960 388 0.000437 0
1194 358 1221 419 0.000436 0
1071 329 1092 406 0.000433 0
1183 344 1196 391 0.000433 0
631 202 656 232 0.000427 0
515 192 530 217 0.000425 0
926 343 961 385 0.000420 0
847 426 876 480 0.000419 0
788 330 815 345 0.000415 0
867 183 891 227 0.000415 0
1102 312 1117 338 0.000410 0
1184 350 1211 411 0.000409 0
642 191 656 212 0.000409 0
909 337 933 400 0.000408 0
1214 398 1232 425 0.000405 0
683 203 703 232 0.000401 0
1113 191 1148 214 0.000400 0
924 346 960 421 0.000399 0
876 439 909 482 0.000396 0
952 367 1014 428 0.000396 0
877 439 902 475 0.000395 0
1190 359 1211 417 0.000394 0
846 424 936 488 0.000393 0
901 336 926 351 0.000393 0
793 339 816 393 0.000391 0
1196 358 1211 415 0.000389 0
1167 378 1177 392 0.000389 0
1224 199 1276 246 0.000389 0
1183 381 1208 411 0.000381 0
715 202 735 235 0.000380 0
861 404 882 458 0.000379 0
1263 236 1279 269 0.000377 0
1184 356 1209 415 0.000376 0
896 471 930 488 0.000376 0
215 185 224 224 0.000373 0
909 342 954 420 0.000373 0
978 373 991 392 0.000371 0
875 439 922 487 0.000366 0
1197 386 1232 425 0.000365 0
367 207 375 230 0.000365 0
584 64 641 95 0.000364 0
894 335 928 382 0.000363 0
846 420 891 479 0.000361 0
978 350 992 374 0.000361 0
926 343 958 383 0.000359 0
1263 251 1279 270 0.000356 0
870 440 931 488 0.000354 0
847 410 887 460 0.000351 0
992 377 1048 464 0.000349 0
1197 377 1232 423 0.000348 0
1176 212 1185 223 0.000345 0
979 371 992 411 0.000345 0
907 340 930 403 0.000345 0
846 285 953 438 0.000345 0
949 370 1008 463 0.000344 0
1262 64 1279 74 0.000341 0
1158 327 1167 351 0.000340 0
575 64 593 103 0.000339 0
847 373 891 462 0.000337 0
1010 455 1024 467 0.000336 0
655 197 661 216 0.000335 0
1105 312 1130 334 0.000335 0
1090 227 1104 273 0.000334 0
924 341 959 382 0.000333 0
1182 336 1210 408 0.000332 0
1092 311 1142 345 0.000332 0
531 189 552 219 0.000332 0
1108 191 1121 222 0.000332 0
1074 332 1090 372 0.000331 0
1119 310 1136 386 0.000330 0
1071 328 1102 410 0.000328 0
1129 184 1161 218 0.000327 0
891 333 930 410 0.000325 0
583 64 641 155 0.000324 0
909 339 932 407 0.000324 0
400 184 409 203 0.000324 0
587 64 641 93 0.000323 0
1183 351 1202 411 0.000322 0
941 359 958 391 0.000322 0
799 438 816 468 0.000321 0
996 378 1043 442 0.000320 0
990 383 1022 444 0.000318 0
626 201 647 217 0.000316 0
496 64 557 143 0.000315 0
979 372 991 392 0.000315 0
977 351 992 381 0.000314 0
848 368 897 461 0.000313 0
31 214 41 229 0.000309 0
585 64 642 110 0.000309 0
858 421 921 462 0.000308 0
1195 382 1225 418 0.000306 0
1081 312 1136 345 0.000301 0
935 275 1025 428 0.000301 0
580 64 768 119 0.000300 0
907 283 1022 434 0.000299 0
312 183 326 199 0.000297 0
653 199 663 217 0.000291 0
861 205 1232 266 0.000291 0
825 264 978 468 0.000291 0
799 442 817 473 0.000290 0
855 271 864 296 0.000289 0
1038 484 1068 499 0.000287 0
623 64 641 112 0.000287 0
896 335 926 375 0.000287 0
1043 202 1213 256 0.000286 0
855 380 885 459 0.000285 0
969 202 989 240 0.000284 0
1263 367 1279 427 0.000284 0
579 64 643 142 0.000283 0
603 154 644 200 0.000282 0
606 200 617 216 0.000282 0
601 154 633 189 0.000279 0
951 344 960 365 0.000278 0
953 372 1039 472 0.000277 0
576 64 597 104 0.000276 0
1057 197 1085 235 0.000275 0
805 355 815 392 0.000275 0
799 452 817 473 0.000273 0
798 445 817 473 0.000272 0
851 251 864 296 0.000270 0
924 341 965 379 0.000270 0
602 159 629 186 0.000270 0
848 423 881 466 0.000269 0
1249 481 1263 516 0.000268 0
948 342 1041 443 0.000266 0
1146 301 1168 349 0.000266 0
1231 448 1251 509 0.000266 0
794 415 816 473 0.000265 0
579 64 596 94 0.000264 0
1071 324 1121 411 0.000261 0
766 202 781 234 0.000258 0
319 203 331 231 0.000258 0
955 337 981 387 0.000258 0
1143 328 1153 344 0.000257 0
1077 312 1130 362 0.000254 0
496 64 562 145 0.000253 0
1105 312 1130 338 0.000253 0
817 456 832 473 0.000253 0
899 334 948 386 0.000252 0
1183 382 1206 408 0.000251 0
922 387 979 463 0.000250 0
622 64 640 92 0.000248 0
879 454 900 487 0.000248 0
850 371 898 461 0.000246 0
1150 440 1165 475 0.000245 0
153 201 165 226 0.000245 0
364 183 381 201 0.000245 0
590 64 642 109 0.000244 0
1263 358 1279 426 0.000243 0
1131 327 1148 344 0.000241 0
965 346 1024 391 0.000241 0
454 201 471 266 0.000241 0
1033 200 1060 249 0.000240 0
879 439 901 458 0.000240 0
973 366 1024 417 0.000238 0
1089 197 1102 209 0.000237 0
1071 329 1091 402 0.000237 0
686 64 754 124 0.000237 0
654 190 662 215 0.000237 0
1149 440 1165 478 0.000236 0
387 198 396 206 0.000235 0
312 185 324 224 0.000235 0
563 201 576 216 0.000235 0
748 451 769 472 0.000235 0
862 347 1000 483 0.000234 0
959 199 968 208 0.000233 0
877 440 897 461 0.000233 0
1263 269 1279 490 0.000232 0
909 338 941 418 0.000232 0
400 184 409 203 0.000231 0
681 64 765 121 0.000231 0
680 64 779 119 0.000230 0
1073 197 1124 258 0.000228 0
1145 440 1168 479 0.000227 0
1015 326 1024 345 0.000227 0
884 407 946 470 0.000227 0
809 273 850 344 0.000226 0
575 64 596 97 0.000226 0
655 64 768 119 0.000226 0
798 416 817 471 0.000225 0
940 358 958 385 0.000224 0
922 400 977 466 0.000223 0
333 200 353 255 0.000223 0
1197 207 1280 313 0.000223 0
1013 461 1024 471 0.000221 0
1263 249 1279 270 0.000221 0
1088 184 1104 208 0.000220 0
1083 176 1116 261 0.000219 0
972 343 1022 388 0.000219 0
183 203 194 216 0.000218 0
1076 311 1150 354 0.000218 0
1008 472 1016 483 0.000218 0
578 64 665 97 0.000216 0
801 190 834 228 0.000216 0
903 321 1015 422 0.000215 0
1182 380 1211 420 0.000215 0
789 328 820 344 0.000214 0
1102 191 1121 208 0.000214 0
751 458 768 472 0.000213 0
1191 382 1218 425 0.000213 0
895 328 906 344 0.000212 0
1251 482 1263 514 0.000210 0
1136 439 1168 481 0.000210 0
893 416 944 482 0.000210 0
1147 271 1168 350 0.000209 0
614 173 634 199 0.000209 0
908 444 943 487 0.000208 0
623 64 641 121 0.000208 0
1195 360 1222 419 0.000206 0
624 189 650 208 0.000206 0
455 201 468 239 0.000206 0
1264 64 1279 73 0.000205 0
1033 484 1080 500 0.000205 0
832 479 840 487 0.000204 0
836 270 1015 458 0.000204 0
601 159 627 190 0.000202 0
983 328 1118 460 0.000202 0
513 191 532 245 0.000201 0
622 64 764 119 0.000201 0
793 415 816 461 0.000201 0
1232 401 1255 427 0.000200 0
1039 482 1062 495 0.000199 0
663 64 757 121 0.000198 0
1263 280 1279 432 0.000198 0
856 392 899 461 0.000197 0
404 194 412 205 0.000197 0
1007 425 1016 440 0.000195 0
1231 458 1243 472 0.000194 0
601 157 638 200 0.000192 0
910 348 949 428 0.000190 0
975 193 991 212 0.000189 0
1267 368 1279 426 0.000189 0
846 185 869 219 0.000188 0
545 64 596 108 0.000186 0
876 439 915 483 0.000186 0
633 204 654 223 0.000186 0
606 164 642 200 0.000185 0
1167 343 1197 401 0.000185 0
908 355 947 459 0.000184 0
1190 158 1279 402 0.000184 0
1205 388 1256 427 0.000184 0
974 343 1012 387 0.000184 0
637 160 645 172 0.000183 0
1109 305 1154 348 0.000182 0
880 202 938 261 0.000182 0
1008 472 1016 492 0.000182 0
1135 448 1142 464 0.000181 0
821 295 848 344 0.000180 0
846 404 889 459 0.000180 0
1079 314 1122 353 0.000179 0
576 64 599 138 0.000179 0
1062 168 1256 261 0.000178 0
765 203 783 236 0.000178 0
850 420 943 462 0.000178 0
555 64 643 95 0.000178 0
689 64 782 122 0.000177 0
624 64 640 83 0.000176 0
1220 194 1279 365 0.000176 0
677 64 703 106 0.000176 0
174 204 186 217 0.000176 0
780 330 817 379 0.000175 0
895 326 905 343 0.000175 0
336 183 353 199 0.000174 0
872 439 914 462 0.000174 0
1142 317 1153 339 0.000174 0
1071 330 1108 412 0.000173 0
908 342 930 413 0.000173 0
891 333 931 416 0.000172 0
799 270 849 344 0.000172 0
1143 327 1155 344 0.000171 0
1024 483 1075 499 0.000171 0
266 200 278 232 0.000170 0
577 64 642 157 0.000169 0
1119 320 1136 388 0.000169 0
571 64 644 107 0.000168 0
588 64 643 128 0.000168 0
610 151 641 194 0.000168 0
678 64 702 110 0.000168 0
591 64 633 93 0.000167 0
470 196 507 297 0.000166 0
1141 439 1168 483 0.000166 0
565 64 886 123 0.000165 0
909 467 940 487 0.000165 0
583 64 641 106 0.000164 0
765 203 781 236 0.000164 0
1071 331 1093 411 0.000164 0
1071 329 1089 361 0.000163 0
997 381 1043 449 0.000163 0
991 366 1025 400 0.000162 0
1080 312 1124 345 0.000162 0
893 335 925 351 0.000160 0
790 318 814 345 0.000160 0
937 274 1046 426 0.000160 0
575 64 596 93 0.000158 0
575 78 586 106 0.000158 0
922 417 943 465 0.000158 0
878 440 901 462 0.000157 0
573 64 939 122 0.000156 0
1193 357 1210 404 0.000156 0
645 64 950 119 0.000156 0
635 64 757 121 0.000155 0
1127 446 1135 470 0.000155 0
690 202 704 276 0.000154 0
174 201 188 217 0.000152 0
974 354 1024 397 0.000152 0
561 196 578 216 0.000151 0
993 370 1122 459 0.000151 0
579 64 761 138 0.000151 0
1043 279 1058 296 0.000150 0
1071 333 1087 370 0.000150 0
544 64 592 109 0.000149 0
467 188 567 295 0.000149 0
956 339 1011 387 0.000149 0
262 197 268 207 0.000149 0
590 64 641 151 0.000148 0
1160 375 1168 391 0.000148 0
1205 411 1216 424 0.000148 0
603 64 950 119 0.000147 0
1029 480 1078 501 0.000146 0
1144 376 1152 387 0.000146 0
822 279 849 344 0.000146 0
1027 328 1056 424 0.000146 0
1074 327 1122 361 0.000146 0
583 64 674 153 0.000144 0
1054 489 1071 501 0.000145 0
908 423 945 475 0.000144 0
495 194 533 250 0.000144 0
1072 320 1124 400 0.000143 0
160 201 210 228 0.000142 0
398 199 408 206 0.000141 0
191 192 205 222 0.000141 0
1067 64 1157 76 0.000140 0
580 64 690 120 0.000140 0
513 194 531 247 0.000139 0
1253 64 1279 98 0.000139 0
1143 272 1168 348 0.000139 0
1181 344 1196 376 0.000138 0
898 332 943 373 0.000137 0
1203 408 1216 416 0.000137 0
1263 358 1279 519 0.000137 0
765 198 792 237 0.000137 0
1022 484 1077 498 0.000136 0
853 284 1013 436 0.000136 0
955 329 1112 463 0.000136 0
579 64 695 103 0.000135 0
878 440 907 463 0.000135 0
952 372 1025 441 0.000135 0
831 472 840 483 0.000134 0
1030 483 1078 510 0.000134 0
1123 327 1150 344 0.000134 0
675 64 698 104 0.000134 0
599 64 642 123 0.000133 0
643 179 657 203 0.000133 0
894 276 913 312 0.000132 0
993 325 1134 462 0.000132 0
624 64 640 84 0.000132 0
1179 344 1196 363 0.000132 0
784 341 825 377 0.000132 0
798 313 848 344 0.000132 0
1214 496 1232 512 0.000130 0
542 64 648 171 0.000130 0
949 334 991 389 0.000130 0
1126 273 1149 338 0.000129 0
795 258 849 345 0.000129 0
860 413 937 460 0.000129 0
887 354 1045 488 0.000129 0
438 212 443 218 0.000128 0
910 472 938 487 0.000128 0
1114 293 1152 342 0.000128 0
354 190 366 200 0.000128 0
983 355 1023 386 0.000128 0
1177 337 1205 398 0.000128 0
250 197 276 234 0.000128 0
946 272 967 307 0.000127 0
636 65 658 110 0.000127 0
850 261 865 339 0.000127 0
1167 343 1197 387 0.000127 0
1183 379 1200 398 0.000127 0
1027 322 1070 425 0.000126 0
579 64 630 94 0.000125 0
769 200 794 237 0.000125 0
815 455 832 475 0.000125 0
622 64 660 109 0.000123 0
453 205 470 267 0.000122 0
948 272 966 302 0.000122 0
1039 454 1049 469 0.000122 0
579 64 635 112 0.000121 0
879 411 900 457 0.000121 0
578 64 614 137 0.000120 0
470 193 483 210 0.000120 0
781 327 845 377 0.000120 0
1133 439 1169 482 0.000119 0
578 64 673 136 0.000119 0
797 315 840 344 0.000119 0
333 203 353 256 0.000119 0
678 64 726 112 0.000118 0
797 415 817 462 0.000118 0
816 458 832 478 0.000118 0
977 344 1023 383 0.000118 0
1227 64 1279 76 0.000118 0
822 307 849 344 0.000118 0
471 192 490 209 0.000117 0
910 346 942 416 0.000117 0
886 334 925 376 0.000117 0
636 64 661 111 0.000116 0
1212 370 1223 389 0.000116 0
950 418 976 461 0.000116 0
1021 336 1057 424 0.000116 0
681 64 739 107 0.000115 0
697 64 753 157 0.000115 0
1189 357 1221 419 0.000115 0
624 64 755 122 0.000115 0
317 201 331 223 0.000114 0
575 80 586 107 0.000114 0
892 335 934 423 0.000114 0
579 64 762 156 0.000114 0
405 196 414 205 0.000113 0
1076 320 1126 361 0.000113 0
637 73 657 118 0.000113 0
1076 312 1123 361 0.000112 0
864 322 883 343 0.000112 0
545 64 592 87 0.000112 0
1027 320 1064 426 0.000111 0
998 381 1033 411 0.000111 0
638 64 658 113 0.000111 0
813 127 1220 267 0.000111 0
895 327 924 348 0.000110 0
816 224 844 261 0.000110 0
1016 379 1058 467 0.000110 0
887 373 1040 486 0.000110 0
1183 387 1217 424 0.000110 0
1232 402 1256 427 0.000110 0
846 423 876 467 0.000110 0
896 327 927 350 0.000109 0
1012 363 1023 378 0.000109 0
1075 310 1145 363 0.000108 0
910 358 946 432 0.000108 0
987 357 1024 389 0.000108 0
1216 399 1233 433 0.000108 0
1143 312 1168 346 0.000108 0
991 381 1126 466 0.000108 0
806 247 849 335 0.000107 0
509 195 538 251 0.000107 0
1149 192 1178 218 0.000106 0
544 64 584 113 0.000106 0
920 409 975 470 0.000106 0
826 254 866 333 0.000106 0
765 335 836 442 0.000105 0
496 64 587 152 0.000105 0
683 64 709 106 0.000105 0
324 203 335 252 0.000104 0
1143 326 1169 352 0.000104 0
1028 351 1055 424 0.000104 0
826 326 848 393 0.000104 0
997 380 1044 434 0.000104 0
578 64 641 105 0.000104 0
1074 335 1120 361 0.000103 0
1148 445 1168 479 0.000103 0
498 189 610 221 0.000103 0
516 190 541 217 0.000103 0
854 280 881 340 0.000103 0
984 342 1011 382 0.000102 0
577 64 642 134 0.000102 0
851 270 867 340 0.000102 0
1027 481 1075 499 0.000102 0
334 203 353 242 0.000102 0
911 471 929 497 0.000102 0
318 198 335 279 0.000102 0
676 64 696 103 0.000102 0
680 64 733 112 0.000102 0
1149 271 1167 347 0.000101 0
895 286 912 312 0.000101 0
590 64 645 139 0.000101 0
995 359 1128 461 0.000101 0
621 64 641 122 0.000100 0
543 65 597 205 0.000100 0
766 265 845 345 0.000100 0
1146 334 1181 397 0.000100 0
951 218 1017 262 0.825710 1
1116 215 1152 254 0.699816 1
1050 223 1091 268 0.630495 1
792 221 848 278 0.591729 1
792 227 847 278 0.405729 1
791 222 859 278 0.045746 1
792 221 874 279 0.013300 1
864 240 912 282 0.009574 1
870 240 912 287 0.009385 1
791 236 846 278 0.009094 1
877 242 912 288 0.008849 1
1103 226 1119 249 0.008060 1
852 230 910 284 0.007056 1
881 243 912 287 0.006949 1
920 210 945 253 0.006944 1
1052 219 1089 264 0.006902 1
869 238 905 286 0.006864 1
920 205 946 253 0.006647 1
885 242 913 288 0.006299 1
866 239 904 284 0.006270 1
885 245 912 288 0.005975 1
856 241 899 282 0.005920 1
847 234 899 278 0.005746 1
918 203 945 249 0.005497 1
846 237 900 281 0.005468 1
953 224 1017 263 0.005422 1
1103 227 1118 248 0.005160 1
920 209 942 247 0.005013 1
793 220 898 278 0.005005 1
1075 228 1089 251 0.004865 1
1053 229 1091 268 0.004816 1
854 233 912 287 0.004747 1
792 230 817 277 0.004708 1
859 216 895 272 0.004469 1
851 219 897 276 0.004453 1
858 238 901 285 0.004424 1
818 239 861 278 0.004267 1
864 234 912 285 0.004262 1
821 231 863 278 0.004245 1
999 223 1028 255 0.004185 1
846 222 903 281 0.004070 1
1114 215 1142 236 0.003935 1
1050 240 1081 269 0.003806 1
951 227 1015 262 0.003769 1
772 247 797 271 0.003703 1
791 241 822 278 0.003671 1
960 228 1017 263 0.003656 1
865 242 896 272 0.003579 1
1003 225 1028 254 0.003484 1
919 202 946 252 0.003462 1
820 240 862 279 0.003450 1
887 240 913 287 0.003419 1
868 241 913 288 0.003398 1
848 223 908 286 0.003083 1
950 230 982 262 0.002900 1
1115 215 1141 248 0.002820 1
773 247 791 269 0.002793 1
1050 232 1086 268 0.002766 1
891 244 911 273 0.002741 1
1050 238 1085 268 0.002710 1
791 245 814 274 0.002675 1
972 210 998 256 0.002646 1
1081 217 1151 255 0.002595 1
1078 229 1093 251 0.002566 1
950 219 983 262 0.002513 1
1098 224 1120 250 0.002460 1
1117 218 1153 254 0.002410 1
792 219 821 275 0.002404 1
1007 230 1028 255 0.002379 1
918 218 932 242 0.002362 1
826 242 863 277 0.002316 1
772 247 792 268 0.002128 1
818 238 844 268 0.002107 1
911 215 935 251 0.002105 1
844 220 898 275 0.002088 1
997 218 1028 255 0.002070 1
846 222 868 277 0.002045 1
805 213 825 248 0.002033 1
1043 230 1060 249 0.002026 1
847 254 864 278 0.001971 1
1052 216 1139 270 0.001895 1
771 242 845 274 0.001845 1
779 246 814 274 0.001830 1
1007 231 1026 255 0.001811 1
843 213 860 263 0.001806 1
875 250 910 288 0.001733 1
845 243 900 284 0.001672 1
773 244 815 274 0.001658 1
847 253 863 275 0.001633 1
969 215 983 243 0.001619 1
1134 224 1152 253 0.001584 1
914 215 933 243 0.001547 1
909 271 959 297 0.001544 1
1077 223 1093 250 0.001536 1
950 215 985 261 0.001518 1
793 219 830 270 0.001514 1
919 219 932 242 0.001499 1
779 218 821 274 0.001476 1
822 239 845 264 0.001461 1
892 235 912 262 0.001457 1
1133 216 1152 248 0.001444 1
828 223 849 239 0.001431 1
953 220 983 258 0.001423 1
905 217 932 244 0.001351 1
821 241 853 276 0.001344 1
1025 239 1035 251 0.001332 1
888 247 915 290 0.001329 1
1105 223 1130 254 0.001327 1
820 240 847 271 0.001317 1
978 231 1017 259 0.001292 1
1073 229 1095 267 0.001275 1
883 245 929 295 0.001252 1
911 271 951 296 0.001232 1
970 210 983 235 0.001222 1
893 241 912 265 0.001208 1
1071 212 1099 251 0.001203 1
909 270 937 296 0.001198 1
1135 232 1152 254 0.001193 1
923 220 944 253 0.001187 1
843 252 862 282 0.001136 1
919 271 961 297 0.001123 1
830 248 862 281 0.001085 1
822 233 854 271 0.001083 1
992 234 1019 259 0.001077 1
1050 241 1069 269 0.001057 1
972 234 1016 263 0.001017 1
951 225 1008 261 0.001003 1
847 254 864 281 0.000978 1
989 236 1017 263 0.000974 1
796 217 821 250 0.000960 1
925 272 961 298 0.000897 1
801 215 819 235 0.000893 1
791 219 908 287 0.000842 1
1052 210 1091 266 0.000841 1
792 245 817 278 0.000812 1
889 238 921 289 0.000801 1
916 201 981 254 0.000786 1
801 246 865 280 0.000763 1
980 218 1083 267 0.000759 1
1050 215 1149 272 0.000758 1
1055 228 1092 270 0.000748 1
1050 227 1092 269 0.000746 1
801 213 819 234 0.000670 1
858 254 911 294 0.000640 1
951 234 982 262 0.000596 1
900 214 933 258 0.000594 1
950 225 983 259 0.000593 1
772 231 827 273 0.000587 1
791 245 815 278 0.000575 1
907 215 938 255 0.000549 1
1072 228 1098 268 0.000537 1
888 243 938 295 0.000504 1
808 248 848 278 0.000501 1
1064 212 1117 256 0.000498 1
891 237 920 280 0.000477 1
772 223 819 271 0.000476 1
929 239 944 253 0.000468 1
992 235 1017 263 0.000434 1
791 221 863 288 0.000434 1
872 207 1013 262 0.000418 1
864 207 1035 302 0.000398 1
958 211 1076 315 0.000386 1
936 272 961 299 0.000376 1
1053 212 1213 275 0.000372 1
1050 220 1093 268 0.000352 1
799 214 838 246 0.000334 1
1072 226 1113 268 0.000332 1
765 221 850 275 0.000314 1
933 271 962 306 0.000312 1
900 226 921 264 0.000303 1
927 275 963 310 0.000298 1
977 213 1087 304 0.000295 1
950 233 980 262 0.000284 1
865 250 987 304 0.000259 1
895 255 957 296 0.000256 1
919 209 976 254 0.000246 1
872 257 1024 309 0.000223 1
846 254 907 295 0.000214 1
897 271 973 312 0.000208 1
772 229 813 271 0.000180 1
933 207 985 258 0.000179 1
1128 222 1181 255 0.000162 1
792 242 847 278 0.000157 1
892 258 916 297 0.000150 1
827 248 859 300 0.000149 1
955 207 983 247 0.000139 1
1057 223 1103 274 0.000137 1
785 223 852 297 0.000134 1
770 247 790 272 0.000130 1
771 247 800 279 0.000130 1
874 256 1046 308 0.000129 1
867 250 921 297 0.000127 1
770 246 814 279 0.000122 1
879 209 946 295 0.000122 1
765 247 796 278 0.000116 1
907 253 970 297 0.000116 1
1019 230 1074 266 0.000115 1
1048 211 1259 280 0.000111 1
986 231 1046 262 0.000109 1
924 284 997 312 0.000106 1
799 248 846 278 0.000104 1
1004 196 1049 227 0.039362 2
491 205 516 217 0.023021 2
1006 196 1051 226 0.022972 2
1005 197 1049 225 0.021907 2
489 200 516 217 0.021857 2
823 328 848 344 0.013602 2
986 198 1045 225 0.012910 2
1006 197 1046 229 0.011897 2
1005 199 1037 221 0.011198 2
528 200 549 218 0.004511 2
871 176 960 249 0.004325 2
600 200 650 216 0.004165 2
594 199 651 216 0.004044 2
1000 203 1014 221 0.004000 2
305 191 313 198 0.003936 2
1259 200 1279 243 0.003806 2
924 199 953 207 0.003635 2
605 201 647 216 0.003533 2
530 197 553 218 0.003525 2
873 184 954 211 0.003505 2
488 197 514 216 0.003084 2
693 203 728 234 0.003073 2
921 198 953 210 0.002711 2
589 183 622 201 0.002674 2
825 284 848 300 0.002518 2
1007 194 1049 225 0.002307 2
919 196 953 208 0.002117 2
1152 269 1279 361 0.002109 2
693 199 728 232 0.002094 2
824 283 848 311 0.001975 2
824 283 848 308 0.001953 2
848 471 866 479 0.001811 2
1249 207 1272 237 0.001747 2
1034 197 1052 229 0.001690 2
877 177 955 258 0.001671 2
914 195 952 208 0.001662 2
531 202 546 218 0.001633 2
304 185 318 198 0.001580 2
1258 199 1279 264 0.001533 2
1218 159 1249 237 0.001372 2
490 192 518 216 0.001331 2
1008 194 1044 222 0.001231 2
693 200 722 219 0.001195 2
449 157 490 171 0.001181 2
629 199 655 216 0.001161 2
1249 212 1277 242 0.001064 2
919 186 952 207 0.001062 2
995 193 1046 222 0.001044 2
1220 166 1279 182 0.000985 2
822 327 848 343 0.000964 2
1119 488 1136 498 0.000960 2
488 202 512 217 0.000957 2
823 282 848 312 0.000948 2
588 184 621 213 0.000893 2
1214 167 1279 204 0.000888 2
526 197 549 218 0.000878 2
491 199 511 216 0.000843 2
533 206 542 218 0.000787 2
588 183 637 215 0.000785 2
873 191 948 216 0.000783 2
1199 277 1232 327 0.000780 2
588 192 655 216 0.000776 2
1260 168 1279 182 0.000773 2
1119 488 1135 497 0.000772 2
1215 276 1231 327 0.000767 2
587 183 656 216 0.000767 2
1103 487 1136 501 0.000760 2
587 187 656 216 0.000751 2
1203 277 1231 328 0.000736 2
868 183 1022 260 0.000730 2
587 183 623 213 0.000704 2
1213 277 1231 328 0.000699 2
598 198 652 217 0.000681 2
580 183 622 201 0.000676 2
823 282 851 311 0.000647 2
1158 273 1279 365 0.000625 2
914 201 947 246 0.000598 2
1152 270 1273 309 0.000591 2
1218 166 1279 206 0.000589 2
1102 198 1120 209 0.000587 2
532 200 552 221 0.000566 2
589 199 617 215 0.000555 2
1221 178 1279 233 0.000539 2
1071 327 1087 340 0.000536 2
1225 158 1248 181 0.000536 2
558 182 623 215 0.000527 2
1224 180 1279 221 0.000489 2
899 197 948 244 0.000484 2
1223 165 1279 182 0.000482 2
917 199 969 238 0.000472 2
814 327 848 344 0.000468 2
920 187 948 205 0.000466 2
1071 326 1087 338 0.000461 2
916 200 979 254 0.000452 2
840 176 1167 261 0.000448 2
612 191 656 215 0.000439 2
294 184 307 199 0.000437 2
1226 180 1279 215 0.000433 2
1103 487 1115 495 0.000419 2
469 194 509 216 0.000411 2
1204 277 1232 334 0.000410 2
1211 277 1232 352 0.000407 2
886 192 949 247 0.000396 2
489 203 517 232 0.000385 2
1103 487 1136 504 0.000374 2
916 197 986 248 0.000373 2
553 183 620 216 0.000366 2
981 198 1061 252 0.000358 2
920 180 953 206 0.000357 2
1263 278 1279 330 0.000353 2
589 200 614 215 0.000353 2
823 263 863 313 0.000352 2
126 205 137 217 0.000341 2
816 328 848 344 0.000340 2
1149 471 1168 478 0.000320 2
1223 180 1279 201 0.000312 2
1233 273 1279 367 0.000305 2
1225 271 1279 365 0.000303 2
1263 282 1279 365 0.000303 2
1171 272 1279 375 0.000302 2
356 217 368 230 0.000300 2
1195 359 1259 424 0.000297 2
1263 284 1279 360 0.000279 2
1104 487 1136 506 0.000277 2
1199 279 1232 332 0.000271 2
1182 273 1200 283 0.000270 2
557 184 571 199 0.000265 2
1072 195 1105 234 0.000262 2
95 200 103 208 0.000260 2
1264 276 1279 421 0.000258 2
553 179 622 207 0.000257 2
1184 294 1279 423 0.000257 2
1071 329 1088 343 0.000255 2
356 218 368 231 0.000255 2
1246 271 1279 403 0.000255 2
487 201 511 237 0.000243 2
891 204 933 247 0.000242 2
1263 350 1279 423 0.000241 2
1262 275 1279 420 0.000241 2
1224 275 1279 327 0.000234 2
294 177 309 198 0.000232 2
821 328 848 359 0.000227 2
1196 360 1262 421 0.000224 2
1200 278 1270 327 0.000221 2
1166 271 1203 284 0.000220 2
549 195 572 217 0.000214 2
590 164 667 217 0.000208 2
1210 274 1279 325 0.000203 2
551 202 564 216 0.000201 2
319 205 331 231 0.000200 2
1168 272 1231 333 0.000190 2
681 198 713 217 0.000189 2
1227 276 1279 330 0.000187 2
822 269 865 336 0.000183 2
1203 276 1267 327 0.000180 2
386 198 396 206 0.000177 2
520 185 553 218 0.000176 2
914 290 1029 312 0.000176 2
505 237 536 251 0.000176 2
126 201 138 214 0.000172 2
1263 286 1279 331 0.000172 2
1017 327 1090 345 0.000171 2
1263 359 1279 376 0.000171 2
919 192 981 211 0.000170 2
823 245 864 304 0.000169 2
1166 274 1233 361 0.000169 2
489 194 528 245 0.000168 2
854 466 885 483 0.000167 2
1141 503 1162 510 0.000163 2
1263 351 1279 376 0.000163 2
828 273 849 300 0.000162 2
1018 327 1087 344 0.000162 2
1142 501 1163 510 0.000162 2
819 328 847 345 0.000159 2
1197 350 1260 422 0.000159 2
1177 380 1185 392 0.000159 2
1239 269 1279 366 0.000158 2
551 191 574 216 0.000158 2
760 271 1003 345 0.000157 2
1151 270 1168 344 0.000157 2
1187 275 1232 330 0.000156 2
1263 303 1279 372 0.000155 2
1033 183 1064 229 0.000155 2
1229 277 1265 325 0.000153 2
1186 276 1214 285 0.000153 2
1167 273 1218 332 0.000152 2
963 198 994 225 0.000151 2
709 197 736 234 0.000150 2
1263 286 1279 371 0.000150 2
1164 271 1236 364 0.000148 2
1017 325 1089 343 0.000145 2
902 454 913 463 0.000144 2
662 274 688 283 0.000144 2
1206 274 1279 295 0.000144 2
927 289 1028 312 0.000143 2
1263 349 1279 369 0.000143 2
1136 342 1198 360 0.000141 2
1166 272 1212 287 0.000141 2
1167 274 1232 342 0.000140 2
738 201 795 236 0.000140 2
863 335 885 343 0.000139 2
556 177 580 204 0.000139 2
1229 278 1266 328 0.000135 2
822 328 848 362 0.000134 2
1224 158 1248 184 0.000134 2
1131 180 1202 219 0.000132 2
1041 186 1064 227 0.000132 2
495 409 528 426 0.000131 2
507 236 537 250 0.000131 2
1151 270 1214 323 0.000131 2
882 477 897 487 0.000130 2
557 199 591 216 0.000126 2
1151 271 1211 339 0.000125 2
1194 281 1276 329 0.000124 2
1166 272 1214 332 0.000122 2
797 247 874 317 0.000120 2
1231 283 1279 359 0.000120 2
1135 335 1198 361 0.000120 2
1105 185 1123 204 0.000119 2
922 455 936 463 0.000119 2
920 284 1024 312 0.000119 2
1124 183 1200 217 0.000118 2
1202 344 1272 422 0.000116 2
1264 365 1279 375 0.000116 2
1185 274 1213 285 0.000115 2
1023 486 1035 495 0.000113 2
1205 343 1265 420 0.000113 2
1205 275 1272 322 0.000111 2
459 192 794 219 0.000111 2
554 197 621 216 0.000111 2
819 328 848 365 0.000111 2
1260 166 1279 205 0.000110 2
935 286 1029 349 0.000110 2
592 463 608 472 0.000109 2
1198 357 1256 424 0.000109 2
876 476 899 487 0.000107 2
1100 172 1149 215 0.000106 2
442 163 528 213 0.000105 2
1207 322 1269 419 0.000104 2
951 203 985 231 0.000104 2
1189 277 1233 362 0.000104 2
511 343 520 349 0.000102 2
765 272 852 345 0.000102 2
578 193 660 218 0.000100 2
1199 275 1232 369 0.000100 2
1263 79 1279 169 0.005810 5
1217 162 1279 256 0.003017 5
1219 173 1279 264 0.002794 5
1262 78 1279 261 0.001642 5
1216 161 1279 239 0.001372 5
1217 159 1276 236 0.001286 5
1213 160 1251 235 0.001162 5
1212 163 1276 235 0.000857 5
1193 160 1279 256 0.000823 5
1222 173 1279 259 0.000729 5
1215 172 1279 233 0.000585 5
1217 161 1277 226 0.000565 5
1223 179 1279 200 0.000364 5
1224 180 1279 200 0.000322 5
794 166 942 220 0.000317 5
1209 164 1234 225 0.000266 5
1151 270 1167 353 0.000261 5
645 257 1278 373 0.040727 6
642 259 1277 361 0.037477 6
643 260 1278 472 0.032421 6
641 261 1278 436 0.026198 6
651 261 1278 420 0.023492 6
1264 79 1279 168 0.014053 6
641 263 1261 367 0.011361 6
838 264 1279 393 0.008347 6
651 246 1275 318 0.008271 6
1148 270 1279 418 0.008061 6
698 264 1278 417 0.007332 6
919 267 1279 419 0.006768 6
920 266 1279 391 0.006536 6
641 264 1212 374 0.005487 6
657 229 1276 316 0.005294 6
652 247 1275 334 0.004990 6
640 264 1130 375 0.004973 6
641 267 1199 383 0.003788 6
641 267 1022 380 0.003271 6
1263 79 1279 260 0.002875 6
916 269 1168 331 0.002516 6
640 263 1056 375 0.002478 6
1151 269 1279 356 0.002473 6
913 270 1163 338 0.002366 6
648 247 1267 311 0.002298 6
929 266 1278 451 0.002079 6
645 247 1263 301 0.002043 6
1031 268 1279 416 0.001857 6
641 264 1266 409 0.001721 6
921 269 1165 319 0.001666 6
702 219 1278 308 0.001664 6
974 266 1278 454 0.001634 6
479 171 576 208 0.001414 6
1260 78 1279 265 0.001369 6
641 231 1246 320 0.001348 6
1010 260 1279 398 0.001232 6
930 272 1149 336 0.001074 6
478 170 593 209 0.001000 6
853 216 1280 307 0.000992 6
1150 269 1246 356 0.000966 6
1159 273 1279 420 0.000942 6
574 64 673 210 0.000885 6
575 147 945 233 0.000797 6
996 267 1277 345 0.000768 6
919 270 1149 359 0.000721 6
972 270 1276 358 0.000716 6
1150 270 1251 361 0.000709 6
1222 77 1279 269 0.000707 6
929 270 1152 330 0.000695 6
1248 79 1279 257 0.000688 6
977 267 1276 341 0.000683 6
754 264 1278 477 0.000667 6
642 267 1032 463 0.000665 6
958 269 1183 335 0.000665 6
1030 268 1277 348 0.000660 6
1201 77 1279 268 0.000650 6
1 65 74 260 0.000643 6
959 274 1207 345 0.000634 6
915 269 1117 313 0.000633 6
1189 153 1279 267 0.000626 6
994 268 1277 365 0.000616 6
980 272 1143 335 0.000608 6
0 64 75 281 0.000604 6
642 268 999 464 0.000602 6
921 206 1279 323 0.000596 6
640 180 1052 376 0.000591 6
866 269 1141 348 0.000574 6
1046 266 1279 454 0.000568 6
641 221 1152 345 0.000557 6
959 272 1165 342 0.000554 6
696 129 954 231 0.000547 6
960 271 1263 356 0.000533 6
543 64 676 211 0.000506 6
579 64 680 214 0.000491 6
573 64 948 234 0.000489 6
963 268 1238 336 0.000474 6
1173 176 1279 269 0.000459 6
922 268 1151 368 0.000453 6
791 211 1101 262 0.000436 6
774 202 1230 265 0.000432 6
1088 263 1279 415 0.000421 6
0 138 40 210 0.000417 6
950 270 1173 332 0.000414 6
950 166 1280 375 0.000396 6
1036 269 1276 361 0.000393 6
476 168 634 209 0.000390 6
760 199 1237 266 0.000344 6
2 65 81 247 0.000340 6
1226 81 1279 248 0.000330 6
1 64 77 236 0.000319 6
510 141 916 231 0.000310 6
838 268 1045 338 0.000306 6
967 268 1152 331 0.000297 6
640 686 811 703 0.000294 6
759 269 1033 344 0.000293 6
1005 194 1275 267 0.000292 6
473 157 641 209 0.000291 6
598 66 954 237 0.000290 6
829 267 1039 333 0.000283 6
0 66 200 260 0.000281 6
823 268 1055 377 0.000280 6
929 273 1107 379 0.000262 6
0 65 71 243 0.000258 6
1 65 88 259 0.000255 6
478 159 581 208 0.000254 6
840 267 1034 379 0.000252 6
1045 261 1278 340 0.000241 6
0 65 224 261 0.000238 6
1062 180 1279 270 0.000237 6
892 269 1028 311 0.000230 6
1077 150 1280 427 0.000227 6
683 114 953 231 0.000224 6
1039 152 1280 420 0.000218 6
1029 257 1277 335 0.000214 6
1125 264 1279 471 0.000209 6
1149 157 1280 417 0.000202 6
544 64 652 208 0.000199 6
0 138 44 245 0.000196 6
1094 165 1279 265 0.000196 6
937 275 1027 382 0.000186 6
0 140 40 205 0.000181 6
565 64 927 229 0.000170 6
479 64 916 238 0.000166 6
0 65 245 287 0.000163 6
0 81 73 286 0.000161 6
0 64 215 288 0.000157 6
0 85 133 242 0.000156 6
757 270 1023 351 0.000149 6
0 64 73 226 0.000148 6
440 83 920 242 0.000135 6
0 64 192 271 0.000131 6
20 64 128 240 0.000120 6
1081 98 1280 274 0.000114 6
1163 143 1280 423 0.000110 6
7 65 129 244 0.000110 6
70 159 129 229 0.000108 6
341 64 704 228 0.000104 6
34 158 130 237 0.000102 6
866 177 953 224 0.332293 7
865 177 953 211 0.082047 7
866 177 954 208 0.079996 7
704 151 859 235 0.072631 7
870 177 954 241 0.063830 7
723 152 859 234 0.063540 7
803 176 954 226 0.046512 7
867 177 953 219 0.038716 7
701 152 954 232 0.031363 7
724 152 859 225 0.030814 7
867 177 945 233 0.025770 7
1264 79 1279 168 0.014884 7
867 177 944 215 0.014117 7
706 152 913 231 0.012387 7
703 161 954 232 0.010841 7
867 177 940 224 0.008739 7
701 151 828 235 0.008048 7
703 151 852 215 0.007371 7
866 177 1003 251 0.007157 7
705 166 957 244 0.006164 7
803 154 953 225 0.005155 7
866 177 1019 257 0.004708 7
695 152 951 239 0.003845 7
680 151 956 231 0.003794 7
741 165 937 230 0.002951 7
809 176 950 258 0.002524 7
478 169 570 214 0.002047 7
689 151 848 234 0.002014 7
588 183 622 201 0.001950 7
866 176 1007 239 0.001725 7
476 171 568 216 0.001681 7
487 176 547 217 0.001646 7
588 183 622 204 0.001491 7
893 177 953 206 0.001455 7
654 151 855 220 0.001422 7
579 149 954 234 0.001320 7
866 176 916 227 0.001315 7
479 171 570 208 0.001280 7
803 162 856 223 0.001181 7
735 175 967 250 0.001080 7
479 171 578 216 0.001025 7
699 184 729 235 0.000986 7
729 152 807 215 0.000957 7
697 184 729 232 0.000933 7
693 185 729 232 0.000907 7
478 172 515 215 0.000878 7
700 184 729 224 0.000875 7
577 153 956 248 0.000735 7
588 183 622 213 0.000727 7
808 161 858 190 0.000695 7
691 199 998 266 0.000690 7
804 174 938 223 0.000687 7
660 171 963 275 0.000663 7
701 184 728 215 0.000641 7
700 153 973 236 0.000637 7
649 154 959 249 0.000631 7
1180 172 1279 265 0.000611 7
693 184 728 225 0.000589 7
804 168 857 222 0.000574 7
700 130 956 232 0.000566 7
805 161 859 215 0.000564 7
467 176 517 217 0.000562 7
803 197 1039 268 0.000525 7
643 159 965 298 0.000512 7
477 170 602 216 0.000498 7
1006 183 1067 218 0.000481 7
727 153 805 220 0.000469 7
1204 165 1279 271 0.000432 7
728 152 856 212 0.000402 7
731 152 819 218 0.000396 7
627 157 950 288 0.000388 7
579 64 689 217 0.000375 7
786 192 1020 266 0.000375 7
1006 184 1064 211 0.000345 7
480 172 519 216 0.000345 7
578 64 719 220 0.000334 7
597 153 736 220 0.000332 7
731 152 856 220 0.000326 7
640 688 812 703 0.000322 7
729 152 807 205 0.000313 7
515 169 568 206 0.000310 7
477 170 629 216 0.000302 7
729 152 830 210 0.000285 7
583 150 856 223 0.000279 7
801 153 857 219 0.000276 7
596 154 675 214 0.000273 7
704 117 860 220 0.000270 7
695 184 731 234 0.000268 7
588 154 660 215 0.000263 7
594 154 664 214 0.000262 7
582 157 951 295 0.000242 7
688 169 728 234 0.000225 7
598 154 719 216 0.000224 7
525 172 579 217 0.000224 7
700 102 859 222 0.000222 7
599 153 662 207 0.000221 7
597 155 733 229 0.000219 7
1006 183 1060 201 0.000210 7
640 692 815 703 0.000197 7
800 145 859 228 0.000185 7
552 173 581 202 0.000183 7
555 177 580 202 0.000181 7
719 144 860 218 0.000177 7
800 153 853 229 0.000175 7
596 152 655 207 0.000172 7
1180 161 1273 259 0.000167 7
478 156 916 241 0.000165 7
552 178 621 204 0.000165 7
682 168 732 231 0.000164 7
743 151 856 221 0.000162 7
700 122 963 232 0.000161 7
546 172 576 203 0.000157 7
585 177 636 206 0.000152 7
726 153 801 212 0.000147 7
547 173 575 201 0.000142 7
1151 270 1167 349 0.000139 7
594 152 756 229 0.000138 7
867 176 937 221 0.000137 7
445 161 549 215 0.000134 7
1122 64 1230 91 0.000134 7
507 158 943 307 0.000126 7
727 152 804 208 0.000123 7
883 177 953 206 0.000122 7
598 156 722 221 0.000119 7
293 176 308 198 0.000115 7
579 64 739 218 0.000114 7
686 134 1209 261 0.000113 7
700 154 809 236 0.000109 7
844 176 921 226 0.000104 7
585 167 633 202 0.000103 7
1089 151 1103 176 0.576814 9
512 151 525 181 0.075875 9
512 152 524 180 0.057144 9
512 151 526 182 0.047134 9
512 151 524 177 0.044220 9
239 177 247 190 0.037485 9
512 152 527 185 0.022677 9
1088 150 1103 183 0.019752 9
373 167 381 184 0.019261 9
1089 150 1105 178 0.018578 9
864 439 875 455 0.017172 9
1007 135 1024 174 0.016522 9
366 167 373 188 0.016216 9
864 440 875 455 0.014921 9
1008 136 1025 171 0.012506 9
449 157 490 171 0.010186 9
119 64 160 76 0.009655 9
517 191 524 202 0.009460 9
119 64 159 75 0.007806 9
1263 79 1279 168 0.006942 9
1207 168 1215 191 0.005908 9
1207 169 1215 198 0.005190 9
119 64 167 77 0.005151 9
1129 64 1151 72 0.005130 9
372 166 381 187 0.005027 9
119 64 160 78 0.004923 9
1123 64 1151 75 0.004882 9
119 64 182 77 0.004727 9
372 167 381 185 0.004547 9
1208 169 1215 200 0.004418 9
841 119 860 136 0.004375 9
846 151 859 166 0.004153 9
223 183 231 191 0.004150 9
1125 64 1152 75 0.004100 9
1097 134 1104 151 0.004010 9
833 135 861 166 0.003839 9
119 64 164 76 0.003832 9
1213 167 1224 184 0.003820 9
362 167 373 188 0.003739 9
1213 168 1224 187 0.003580 9
365 167 374 189 0.003557 9
512 157 526 187 0.003501 9
1133 64 1151 72 0.003500 9
841 119 854 135 0.003416 9
119 64 177 76 0.003194 9
215 183 223 191 0.002853 9
909 272 927 296 0.002836 9
1090 150 1109 177 0.002833 9
841 119 857 136 0.002831 9
1091 133 1106 176 0.002824 9
312 149 341 193 0.002821 9
312 148 351 194 0.002811 9
839 148 860 166 0.002707 9
909 271 929 296 0.002637 9
835 135 862 166 0.002591 9
998 136 1010 178 0.002483 9
119 64 173 78 0.002478 9
511 190 523 208 0.002399 9
511 195 521 210 0.002235 9
995 138 1002 171 0.002125 9
1125 64 1152 77 0.002108 9
1080 174 1088 181 0.002108 9
1122 64 1152 77 0.002081 9
587 172 593 184 0.001994 9
1206 168 1215 198 0.001926 9
833 137 861 166 0.001880 9
1087 140 1104 177 0.001805 9
808 162 857 180 0.001770 9
365 166 373 185 0.001764 9
511 152 527 198 0.001745 9
1209 168 1217 200 0.001738 9
362 167 374 189 0.001711 9
864 441 878 456 0.001696 9
832 131 861 165 0.001683 9
841 119 864 136 0.001659 9
804 149 813 159 0.001649 9
847 180 858 211 0.001632 9
1127 64 1152 79 0.001613 9
844 119 864 136 0.001605 9
162 64 180 75 0.001598 9
448 157 495 171 0.001566 9
312 148 348 194 0.001561 9
1209 167 1225 201 0.001522 9
807 161 858 188 0.001504 9
997 136 1011 175 0.001503 9
1088 183 1096 201 0.001495 9
976 142 993 166 0.001461 9
863 431 880 456 0.001459 9
239 176 249 191 0.001413 9
804 150 811 158 0.001411 9
1181 166 1200 218 0.001373 9
1120 64 1142 75 0.001366 9
842 118 861 138 0.001323 9
975 140 994 168 0.001296 9
976 142 993 164 0.001281 9
1088 185 1095 205 0.001246 9
119 64 185 79 0.001238 9
1181 172 1200 216 0.001237 9
257 147 266 159 0.001197 9
813 150 822 160 0.001164 9
807 161 861 210 0.001157 9
831 136 862 159 0.001105 9
842 119 860 136 0.001079 9
835 120 862 160 0.001051 9
1200 151 1206 176 0.001046 9
698 131 704 152 0.001041 9
1190 165 1201 185 0.001039 9
909 137 937 152 0.001033 9
993 139 1001 169 0.001014 9
996 136 1010 175 0.001007 9
1200 135 1210 153 0.001001 9
995 136 1007 174 0.001000 9
257 180 262 191 0.000976 9
994 139 1001 168 0.000972 9
862 425 879 456 0.000948 9
1053 111 1083 144 0.000945 9
557 184 566 198 0.000940 9
994 138 1001 167 0.000933 9
975 139 993 165 0.000909 9
1193 160 1201 185 0.000896 9
977 140 997 168 0.000893 9
802 149 811 160 0.000883 9
697 128 704 152 0.000876 9
1060 110 1083 143 0.000851 9
121 165 127 174 0.000845 9
807 161 858 191 0.000845 9
909 271 934 296 0.000819 9
1053 114 1082 144 0.000810 9
545 141 551 152 0.000808 9
1248 89 1264 167 0.000805 9
161 64 178 77 0.000783 9
990 679 1023 703 0.000764 9
1099 134 1109 161 0.000764 9
905 127 912 138 0.000763 9
831 136 847 151 0.000762 9
974 124 996 168 0.000759 9
1050 120 1056 134 0.000757 9
118 64 199 85 0.000750 9
1238 694 1265 703 0.000733 9
991 283 1001 310 0.000723 9
95 169 102 176 0.000722 9
1200 135 1212 152 0.000720 9
771 695 809 703 0.000714 9
258 144 268 159 0.000699 9
1078 167 1088 181 0.000671 9
861 136 937 153 0.000656 9
996 132 1014 175 0.000646 9
999 125 1006 136 0.000644 9
974 122 996 165 0.000636 9
1186 166 1200 185 0.000632 9
689 119 704 154 0.000628 9
879 155 890 168 0.000618 9
1172 150 1182 160 0.000617 9
975 140 993 163 0.000612 9
1003 136 1022 185 0.000611 9
1088 149 1102 189 0.000609 9
839 145 861 166 0.000603 9
248 177 257 191 0.000602 9
1087 134 1106 178 0.000593 9
803 158 858 216 0.000592 9
805 161 861 218 0.000588 9
586 117 597 135 0.000584 9
1000 152 1007 184 0.000583 9
340 166 350 187 0.000581 9
1239 694 1256 703 0.000580 9
316 155 352 192 0.000579 9
1119 64 1148 77 0.000574 9
313 143 358 196 0.000569 9
118 64 200 91 0.000565 9
221 183 232 199 0.000563 9
808 161 857 181 0.000557 9
1198 152 1207 185 0.000555 9
1182 162 1210 222 0.000547 9
1020 127 1105 199 0.000544 9
864 117 870 136 0.000539 9
1056 152 1064 164 0.000527 9
993 135 1010 176 0.000526 9
979 122 992 140 0.000523 9
1065 105 1073 119 0.000520 9
216 163 224 177 0.000515 9
225 176 248 192 0.000512 9
804 156 857 188 0.000511 9
975 121 983 139 0.000510 9
1098 135 1109 152 0.000508 9
1050 119 1061 135 0.000507 9
851 427 878 471 0.000503 9
168 64 184 74 0.000498 9
213 181 226 194 0.000492 9
861 112 869 120 0.000489 9
694 178 703 200 0.000488 9
1225 165 1232 181 0.000487 9
1097 130 1104 144 0.000484 9
689 119 703 181 0.000482 9
991 281 1007 314 0.000477 9
172 64 201 88 0.000470 9
689 119 703 158 0.000461 9
961 136 976 158 0.000460 9
689 119 702 160 0.000453 9
1087 151 1105 206 0.000452 9
832 118 845 135 0.000439 9
257 144 268 159 0.000436 9
1073 151 1082 166 0.000428 9
993 137 1009 178 0.000415 9
170 64 201 90 0.000406 9
861 118 870 136 0.000403 9
259 143 269 159 0.000398 9
951 345 960 370 0.000386 9
1056 152 1064 166 0.000385 9
896 166 904 177 0.000384 9
1184 166 1200 184 0.000378 9
556 173 568 199 0.000378 9
449 157 491 173 0.000376 9
221 164 232 175 0.000368 9
1039 183 1063 198 0.000367 9
1077 149 1103 179 0.000367 9
447 151 575 213 0.000363 9
696 151 705 177 0.000363 9
858 137 938 153 0.000362 9
160 64 189 90 0.000360 9
813 143 822 158 0.000356 9
986 134 1002 171 0.000354 9
1201 167 1212 185 0.000345 9
1093 149 1124 178 0.000343 9
112 151 127 163 0.000343 9
694 122 705 177 0.000342 9
1077 150 1101 182 0.000334 9
94 153 104 174 0.000334 9
1087 133 1131 188 0.000332 9
223 176 247 191 0.000331 9
1197 155 1222 201 0.000326 9
687 119 705 193 0.000324 9
1039 132 1064 160 0.000324 9
831 119 858 157 0.000323 9
1106 153 1118 169 0.000318 9
581 64 596 86 0.000317 9
863 137 896 152 0.000317 9
586 170 593 184 0.000316 9
217 161 223 175 0.000314 9
1180 160 1229 229 0.000312 9
1054 113 1067 137 0.000311 9
856 136 940 154 0.000307 9
1013 135 1037 173 0.000306 9
895 153 908 174 0.000299 9
1154 163 1167 184 0.000296 9
803 139 813 158 0.000294 9
832 119 852 136 0.000292 9
1015 141 1030 170 0.000288 9
1045 138 1105 194 0.000287 9
991 282 1008 318 0.000282 9
694 176 704 200 0.000279 9
1184 160 1201 187 0.000278 9
1271 693 1279 703 0.000278 9
581 64 638 95 0.000276 9
871 692 880 703 0.000274 9
1195 166 1216 199 0.000274 9
842 136 901 152 0.000271 9
172 64 201 90 0.000267 9
626 684 673 703 0.000265 9
265 215 275 232 0.000265 9
864 137 898 153 0.000259 9
681 167 688 184 0.000252 9
1042 183 1062 198 0.000251 9
159 64 201 90 0.000250 9
972 123 1027 182 0.000248 9
158 64 190 89 0.000247 9
1145 166 1154 184 0.000244 9
256 177 264 190 0.000243 9
860 136 897 151 0.000242 9
579 64 632 93 0.000241 9
976 119 986 139 0.000239 9
870 118 878 135 0.000239 9
580 64 596 92 0.000238 9
680 167 689 211 0.000238 9
223 177 237 190 0.000237 9
894 269 955 312 0.000235 9
687 120 705 207 0.000232 9
1039 129 1064 158 0.000229 9
1055 153 1065 192 0.000229 9
896 152 910 176 0.000229 9
1093 150 1117 192 0.000228 9
372 148 383 166 0.000228 9
1200 167 1216 202 0.000227 9
1076 123 1111 188 0.000225 9
499 152 524 178 0.000223 9
879 154 895 170 0.000223 9
527 182 554 203 0.000220 9
239 163 248 179 0.000216 9
804 161 932 215 0.000214 9
512 167 552 187 0.000212 9
1127 64 1153 87 0.000210 9
257 144 269 160 0.000210 9
863 136 895 151 0.000209 9
484 173 496 186 0.000209 9
1210 163 1232 207 0.000207 9
1021 148 1040 161 0.000207 9
266 213 277 232 0.000205 9
1190 152 1206 186 0.000205 9
684 109 704 222 0.000204 9
448 154 517 173 0.000203 9
597 64 622 91 0.000200 9
1201 134 1214 155 0.000200 9
1018 137 1040 162 0.000199 9
1198 130 1229 197 0.000198 9
241 177 257 192 0.000197 9
1040 131 1064 155 0.000196 9
1073 151 1082 168 0.000196 9
1215 64 1232 90 0.000195 9
686 169 695 203 0.000192 9
1014 135 1033 172 0.000191 9
1047 111 1090 209 0.000191 9
807 160 885 186 0.000190 9
1154 157 1167 182 0.000190 9
1237 693 1279 703 0.000189 9
495 150 525 190 0.000189 9
834 134 872 168 0.000188 9
399 84 410 96 0.000188 9
446 150 523 172 0.000186 9
833 116 859 138 0.000186 9
987 123 997 148 0.000185 9
1205 127 1232 197 0.000185 9
1172 144 1182 154 0.000185 9
893 258 930 298 0.000184 9
369 153 383 186 0.000184 9
215 176 228 194 0.000181 9
688 118 705 153 0.000177 9
1044 118 1066 152 0.000174 9
894 266 919 312 0.000172 9
359 152 380 189 0.000171 9
959 135 980 164 0.000170 9
802 141 811 158 0.000170 9
1057 112 1083 141 0.000169 9
1247 87 1264 180 0.000169 9
588 176 599 185 0.000169 9
522 173 549 186 0.000168 9
813 147 859 167 0.000168 9
1055 151 1065 185 0.000167 9
801 154 845 193 0.000167 9
1003 132 1108 188 0.000166 9
801 153 817 188 0.000165 9
1201 134 1214 153 0.000165 9
352 161 364 189 0.000164 9
1248 347 1261 359 0.000164 9
321 92 331 118 0.000163 9
687 117 705 154 0.000163 9
579 64 627 93 0.000163 9
1237 693 1263 703 0.000162 9
525 168 552 183 0.000160 9
1248 87 1269 165 0.000156 9
877 119 889 136 0.000156 9
1092 131 1110 179 0.000156 9
866 118 880 136 0.000155 9
1047 156 1056 167 0.000155 9
1151 103 1176 133 0.000152 9
1015 127 1040 164 0.000151 9
895 121 903 137 0.000151 9
517 175 546 195 0.000149 9
626 689 672 703 0.000149 9
520 182 553 200 0.000149 9
1007 183 1063 217 0.000148 9
255 162 263 175 0.000148 9
863 136 905 151 0.000147 9
895 270 973 312 0.000146 9
502 150 525 177 0.000145 9
810 151 851 164 0.000145 9
681 175 689 212 0.000143 9
1068 64 1154 76 0.000143 9
511 150 546 193 0.000142 9
1120 64 1155 88 0.000141 9
691 145 707 202 0.000141 9
528 168 553 193 0.000140 9
432 171 445 193 0.000139 9
1151 124 1160 135 0.000138 9
858 164 871 179 0.000138 9
376 166 389 186 0.000138 9
803 129 814 157 0.000136 9
352 166 363 188 0.000136 9
1105 150 1118 170 0.000135 9
1207 126 1232 183 0.000134 9
357 151 374 190 0.000133 9
597 134 605 143 0.000133 9
959 160 989 168 0.000133 9
210 182 226 197 0.000131 9
111 135 127 164 0.000130 9
1038 135 1062 165 0.000130 9
1043 151 1059 162 0.000128 9
256 157 265 173 0.000127 9
248 163 256 174 0.000125 9
655 152 671 179 0.000124 9
313 147 359 197 0.000124 9
119 164 129 214 0.000123 9
551 141 564 151 0.000123 9
869 140 896 167 0.000123 9
863 136 932 177 0.000123 9
1208 126 1232 176 0.000122 9
848 136 906 172 0.000121 9
977 119 993 142 0.000121 9
479 167 525 211 0.000121 9
259 165 270 179 0.000121 9
312 144 366 196 0.000120 9
1005 136 1057 194 0.000117 9
1072 155 1089 187 0.000117 9
1151 103 1184 131 0.000117 9
1203 156 1230 201 0.000116 9
988 122 1027 175 0.000115 9
895 285 913 312 0.000114 9
1237 687 1265 703 0.000113 9
687 167 698 184 0.000111 9
959 134 993 169 0.000109 9
581 64 598 92 0.000109 9
867 153 883 173 0.000108 9
826 135 907 169 0.000108 9
215 178 241 198 0.000107 9
1180 167 1216 218 0.000107 9
389 84 406 96 0.000106 9
1014 131 1037 169 0.000106 9
104 151 111 162 0.000106 9
863 136 913 174 0.000106 9
1059 103 1083 142 0.000105 9
1169 148 1183 165 0.000103 9
884 121 896 137 0.000103 9
1054 104 1064 130 0.000103 9
884 146 908 169 0.000102 9
1015 156 1064 207 0.000102 9
1207 126 1232 173 0.000101 9
680 123 691 165 0.000101 9
1004 135 1031 208 0.000100 9
1233 197 1256 233 0.043469 11
523 183 536 197 0.036777 11
1182 191 1199 216 0.034423 11
1181 189 1199 216 0.023366 11
324 110 366 164 0.015658 11
522 183 536 198 0.009011 11
517 190 526 200 0.007315 11
313 149 341 192 0.003470 11
1052 112 1083 145 0.003030 11
1181 177 1200 216 0.001872 11
449 157 491 171 0.001436 11
1055 117 1065 136 0.001418 11
1054 113 1083 145 0.001350 11
1055 116 1066 136 0.001251 11
312 148 339 190 0.001171 11
312 150 326 188 0.000745 11
1053 114 1075 143 0.000422 11
326 235 334 247 0.000240 11
313 149 331 189 0.000201 11
1178 186 1199 216 0.000129 11
