541 185 575 253 0.793882 0
914 191 942 269 0.767161 0
735 199 771 272 0.743329 0
1145 200 1168 251 0.732131 0
830 193 854 265 0.711281 0
223 200 238 236 0.207367 0
223 200 238 240 0.142605 0
223 200 238 233 0.134265 0
541 183 576 278 0.100996 0
1036 193 1050 229 0.085887 0
1036 195 1050 229 0.056914 0
1037 196 1051 229 0.053334 0
718 211 728 235 0.051834 0
1166 197 1182 222 0.049389 0
542 189 575 250 0.040830 0
470 201 479 217 0.038955 0
470 201 478 218 0.032276 0
736 199 771 237 0.029147 0
718 209 728 234 0.028469 0
470 202 479 217 0.027628 0
1165 197 1181 222 0.026081 0
930 203 953 263 0.025770 0
931 204 951 258 0.021621 0
1165 198 1184 247 0.016214 0
843 193 857 231 0.015495 0
932 205 948 237 0.015182 0
1255 188 1276 234 0.014064 0
1165 198 1186 247 0.013815 0
1252 189 1276 233 0.013331 0
1216 195 1229 233 0.012290 0
1254 188 1278 235 0.012146 0
931 204 951 242 0.012119 0
933 204 951 234 0.011786 0
1230 196 1256 233 0.011774 0
1251 189 1275 235 0.011747 0
1166 197 1183 223 0.011713 0
842 186 856 232 0.010879 0
934 204 947 230 0.010428 0
544 191 574 280 0.010146 0
1165 197 1182 224 0.010119 0
1088 187 1097 215 0.009936 0
1217 199 1228 233 0.009849 0
1250 189 1275 242 0.009723 0
843 199 857 231 0.009711 0
1270 200 1279 236 0.009633 0
787 198 793 212 0.009322 0
470 201 479 225 0.009221 0
1217 206 1229 233 0.009103 0
1087 189 1097 215 0.009062 0
830 194 849 234 0.008790 0
878 197 911 246 0.008673 0
879 198 902 245 0.008493 0
1216 193 1228 233 0.008404 0
1165 198 1183 246 0.008404 0
1087 189 1097 216 0.008319 0
1253 189 1279 236 0.008218 0
1112 195 1120 203 0.008204 0
222 200 240 263 0.008009 0
878 197 906 245 0.007731 0
1269 198 1279 234 0.007429 0
830 194 852 239 0.007009 0
1270 200 1279 235 0.006994 0
1217 198 1229 233 0.006976 0
1217 205 1229 234 0.006921 0
1232 197 1256 233 0.006917 0
879 198 908 244 0.006904 0
633 202 644 216 0.006601 0
746 199 770 236 0.006570 0
1167 197 1182 248 0.006560 0
787 198 793 215 0.006507 0
1261 191 1279 243 0.006428 0
1086 189 1098 235 0.006102 0
881 202 900 242 0.005695 0
831 193 846 227 0.005615 0
242 196 252 216 0.004981 0
887 199 907 242 0.004931 0
876 200 898 246 0.004916 0
704 209 728 235 0.004816 0
1217 191 1226 227 0.004662 0
841 188 854 223 0.004649 0
244 196 255 215 0.004619 0
716 199 729 235 0.004613 0
1216 186 1230 234 0.004524 0
1271 199 1279 249 0.004508 0
1038 196 1053 230 0.004493 0
613 151 634 169 0.004393 0
1165 200 1182 247 0.004339 0
632 202 645 227 0.004291 0
1224 196 1256 234 0.004124 0
1259 191 1279 267 0.004054 0
1249 191 1277 246 0.003896 0
1218 216 1230 234 0.003843 0
866 197 889 248 0.003842 0
878 203 891 244 0.003835 0
543 196 574 280 0.003765 0
1259 186 1279 237 0.003702 0
158 201 170 229 0.003609 0
1036 193 1053 230 0.003372 0
718 211 729 236 0.003258 0
242 197 254 218 0.003232 0
782 193 795 222 0.003127 0
1112 195 1120 207 0.003125 0
865 198 884 244 0.003049 0
602 150 641 193 0.003043 0
223 199 238 227 0.003043 0
950 274 960 292 0.002988 0
602 151 640 191 0.002988 0
872 194 887 233 0.002874 0
703 204 728 234 0.002793 0
933 202 946 224 0.002771 0
470 198 479 217 0.002765 0
1221 195 1260 264 0.002739 0
847 201 866 244 0.002663 0
1145 206 1168 249 0.002646 0
465 200 479 216 0.002639 0
375 185 386 202 0.002628 0
1264 197 1279 269 0.002554 0
1166 194 1181 222 0.002553 0
632 202 645 216 0.002386 0
240 196 253 232 0.002362 0
783 197 793 235 0.002347 0
460 203 467 216 0.002269 0
243 196 253 218 0.002266 0
878 204 889 238 0.002252 0
157 202 170 230 0.002220 0
847 201 867 254 0.002198 0
602 151 636 186 0.002170 0
1215 171 1232 234 0.002157 0
1231 168 1246 181 0.002141 0
467 201 479 245 0.002107 0
601 150 640 194 0.002075 0
914 191 933 224 0.002059 0
1231 169 1246 181 0.002029 0
909 234 930 296 0.001965 0
1072 483 1081 501 0.001958 0
854 197 885 264 0.001925 0
864 439 876 455 0.001923 0
1150 200 1169 225 0.001914 0
607 151 643 193 0.001904 0
784 192 794 212 0.001899 0
1216 190 1224 210 0.001887 0
862 438 880 479 0.001878 0
241 196 255 234 0.001857 0
1224 195 1272 256 0.001841 0
871 197 888 239 0.001812 0
540 183 592 279 0.001807 0
1086 188 1104 240 0.001806 0
214 198 223 224 0.001728 0
863 439 880 477 0.001712 0
515 191 526 209 0.001689 0
863 439 879 456 0.001662 0
862 439 879 461 0.001659 0
693 207 703 231 0.001607 0
786 197 794 228 0.001585 0
465 202 472 215 0.001562 0
862 199 880 235 0.001553 0
546 196 574 280 0.001537 0
862 436 878 456 0.001522 0
864 441 879 456 0.001451 0
216 200 225 225 0.001448 0
865 199 879 231 0.001440 0
1232 170 1246 181 0.001418 0
611 151 645 192 0.001415 0
692 208 703 235 0.001401 0
464 201 479 228 0.001377 0
854 438 880 479 0.001356 0
751 452 768 472 0.001354 0
846 201 868 237 0.001353 0
1055 221 1066 238 0.001341 0
1088 188 1101 224 0.001334 0
1038 199 1055 231 0.001297 0
670 208 679 231 0.001284 0
864 200 879 232 0.001262 0
1088 186 1102 215 0.001261 0
157 202 171 240 0.001247 0
1035 192 1055 229 0.001238 0
949 275 960 298 0.001222 0
375 185 387 205 0.001216 0
751 463 760 472 0.001196 0
736 199 770 263 0.001190 0
241 197 253 235 0.001186 0
845 197 880 236 0.001181 0
613 150 635 168 0.001179 0
992 456 999 464 0.001177 0
951 274 960 292 0.001159 0
464 201 479 249 0.001152 0
605 151 643 195 0.001140 0
604 151 637 183 0.001136 0
1071 483 1081 502 0.001129 0
1088 188 1101 215 0.001121 0
693 208 702 233 0.001075 0
1026 199 1051 231 0.001070 0
1209 178 1227 229 0.001070 0
222 200 239 258 0.001069 0
217 204 225 228 0.001064 0
458 202 465 216 0.001060 0
670 208 681 233 0.001052 0
1110 195 1119 203 0.001039 0
964 373 980 391 0.001032 0
874 193 943 267 0.001028 0
681 200 690 216 0.001019 0
916 474 927 487 0.001012 0
605 151 634 175 0.000990 0
543 203 574 280 0.000960 0
1186 208 1204 232 0.000960 0
374 185 388 202 0.000951 0
964 246 975 271 0.000946 0
222 204 240 259 0.000933 0
158 202 173 232 0.000929 0
816 213 851 264 0.000926 0
1165 191 1200 244 0.000917 0
778 197 793 237 0.000917 0
1084 171 1100 250 0.000910 0
351 191 357 200 0.000885 0
909 245 929 296 0.000878 0
846 200 872 233 0.000876 0
266 196 272 211 0.000870 0
458 202 465 216 0.000866 0
320 204 330 218 0.000848 0
1135 447 1143 460 0.000847 0
367 207 374 216 0.000843 0
909 252 929 296 0.000817 0
1261 201 1279 269 0.000800 0
1071 480 1081 501 0.000795 0
1208 167 1229 224 0.000783 0
600 150 639 188 0.000781 0
1165 201 1201 247 0.000771 0
1259 169 1279 234 0.000760 0
862 432 877 456 0.000755 0
912 454 928 487 0.000728 0
963 369 988 392 0.000720 0
1256 172 1279 269 0.000719 0
631 201 647 231 0.000716 0
868 189 904 234 0.000710 0
465 201 479 250 0.000703 0
1070 64 1079 69 0.000701 0
916 472 928 486 0.000687 0
1226 177 1256 232 0.000680 0
964 370 981 390 0.000674 0
670 208 680 232 0.000666 0
601 150 635 185 0.000643 0
681 199 690 215 0.000641 0
963 254 975 271 0.000635 0
856 436 912 483 0.000631 0
631 202 646 224 0.000610 0
1056 488 1066 496 0.000598 0
751 450 766 472 0.000595 0
751 456 768 472 0.000594 0
1135 447 1142 462 0.000580 0
654 197 663 217 0.000574 0
612 151 641 171 0.000572 0
915 191 935 223 0.000568 0
861 431 884 457 0.000568 0
1228 186 1266 232 0.000567 0
815 209 825 222 0.000562 0
1221 165 1231 186 0.000555 0
1127 445 1134 459 0.000554 0
751 457 767 473 0.000544 0
1246 194 1279 269 0.000536 0
1261 167 1279 240 0.000522 0
961 373 981 391 0.000518 0
545 185 573 224 0.000509 0
158 201 174 231 0.000507 0
311 185 323 197 0.000494 0
799 440 816 473 0.000493 0
785 330 816 378 0.000493 0
942 211 960 235 0.000492 0
716 211 736 235 0.000492 0
211 200 224 229 0.000490 0
154 200 170 230 0.000489 0
1185 224 1203 247 0.000485 0
1167 192 1195 220 0.000484 0
641 207 653 216 0.000467 0
914 191 934 222 0.000463 0
460 193 479 265 0.000462 0
960 373 981 392 0.000456 0
842 186 880 237 0.000456 0
1056 221 1072 301 0.000453 0
716 206 737 235 0.000452 0
787 330 820 380 0.000451 0
603 151 660 201 0.000445 0
961 363 992 392 0.000442 0
876 439 910 486 0.000440 0
958 372 982 410 0.000436 0
952 345 960 364 0.000433 0
23 215 41 256 0.000431 0
1062 116 1103 285 0.000430 0
949 339 960 371 0.000428 0
860 437 913 482 0.000428 0
266 198 273 227 0.000427 0
786 197 797 223 0.000425 0
386 196 396 205 0.000425 0
154 201 170 231 0.000421 0
848 463 866 478 0.000414 0
703 209 729 236 0.000409 0
1058 226 1072 295 0.000408 0
947 343 964 389 0.000396 0
199 210 206 219 0.000390 0
241 204 252 240 0.000388 0
783 330 826 379 0.000388 0
777 198 793 237 0.000386 0
242 218 251 240 0.000375 0
912 464 929 487 0.000372 0
608 151 646 202 0.000367 0
736 205 746 231 0.000367 0
241 194 255 215 0.000362 0
366 182 384 202 0.000357 0
175 198 186 217 0.000353 0
198 211 207 221 0.000351 0
876 439 909 481 0.000346 0
951 345 960 369 0.000342 0
798 182 838 237 0.000340 0
183 198 190 214 0.000334 0
240 194 255 217 0.000333 0
556 204 575 252 0.000331 0
858 434 931 487 0.000330 0
1009 455 1024 468 0.000324 0
1094 497 1104 504 0.000323 0
925 441 934 459 0.000321 0
1209 164 1232 219 0.000320 0
607 447 624 469 0.000318 0
502 178 578 279 0.000317 0
911 454 929 488 0.000316 0
174 204 185 217 0.000307 0
714 193 729 234 0.000304 0
751 449 768 472 0.000298 0
1197 372 1232 427 0.000298 0
1059 225 1072 297 0.000292 0
1196 383 1206 402 0.000290 0
154 202 171 239 0.000289 0
610 150 652 193 0.000288 0
311 187 325 200 0.000285 0
912 473 928 488 0.000283 0
343 173 833 279 0.000282 0
374 184 393 204 0.000282 0
957 372 981 423 0.000281 0
787 197 799 235 0.000281 0
681 199 693 216 0.000280 0
1058 230 1072 320 0.000279 0
1103 190 1121 210 0.000278 0
1216 211 1256 247 0.000274 0
1076 332 1088 360 0.000271 0
557 200 575 252 0.000269 0
775 198 793 237 0.000265 0
371 171 387 204 0.000265 0
1191 214 1211 231 0.000265 0
597 148 635 183 0.000264 0
725 200 760 233 0.000263 0
789 330 820 384 0.000262 0
1021 223 1084 297 0.000260 0
1143 191 1171 245 0.000259 0
958 372 989 409 0.000259 0
557 190 573 209 0.000257 0
715 201 740 235 0.000257 0
683 202 697 220 0.000255 0
894 244 932 296 0.000254 0
876 439 913 487 0.000252 0
464 200 479 260 0.000251 0
785 314 826 391 0.000251 0
1196 375 1232 428 0.000250 0
852 437 925 484 0.000249 0
271 200 278 216 0.000246 0
575 79 585 101 0.000245 0
783 331 829 378 0.000243 0
1174 344 1193 362 0.000241 0
1215 394 1231 427 0.000241 0
776 198 793 232 0.000234 0
958 372 980 409 0.000234 0
345 187 353 199 0.000234 0
1181 344 1196 359 0.000232 0
329 185 343 199 0.000231 0
810 201 849 248 0.000231 0
822 462 831 472 0.000229 0
879 439 905 457 0.000226 0
1177 228 1186 247 0.000226 0
374 184 392 203 0.000223 0
1200 370 1231 424 0.000223 0
946 343 981 393 0.000222 0
512 194 531 248 0.000221 0
1142 182 1163 235 0.000219 0
958 364 986 391 0.000219 0
272 201 278 222 0.000217 0
1056 215 1097 295 0.000215 0
1008 466 1015 480 0.000215 0
875 439 914 479 0.000213 0
860 433 936 485 0.000212 0
575 80 587 105 0.000210 0
664 195 672 217 0.000209 0
798 152 826 237 0.000209 0
956 373 980 425 0.000208 0
1055 231 1072 297 0.000208 0
1061 64 1081 69 0.000204 0
807 365 815 392 0.000204 0
912 453 930 479 0.000203 0
30 215 41 232 0.000203 0
242 204 255 239 0.000202 0
387 198 396 206 0.000201 0
879 440 904 459 0.000201 0
925 439 933 457 0.000200 0
1057 151 1265 285 0.000199 0
559 184 577 208 0.000198 0
786 329 822 383 0.000198 0
955 346 992 393 0.000196 0
511 193 539 245 0.000195 0
941 337 964 388 0.000195 0
509 194 533 250 0.000194 0
847 433 881 480 0.000194 0
799 356 817 392 0.000190 0
766 261 854 345 0.000189 0
628 200 664 233 0.000186 0
583 64 643 164 0.000184 0
1029 185 1052 230 0.000183 0
1057 169 1102 343 0.000183 0
1204 368 1227 420 0.000180 0
956 371 988 420 0.000179 0
861 438 891 456 0.000178 0
1183 344 1195 376 0.000178 0
1155 192 1182 228 0.000178 0
578 64 643 97 0.000177 0
1217 405 1232 427 0.000177 0
1127 443 1135 474 0.000177 0
779 330 821 378 0.000177 0
1143 195 1193 222 0.000177 0
995 385 1024 423 0.000176 0
1175 344 1192 360 0.000175 0
744 150 752 157 0.000175 0
1039 455 1048 466 0.000174 0
454 184 481 302 0.000172 0
513 195 550 251 0.000172 0
990 190 1002 217 0.000170 0
579 64 646 161 0.000169 0
1056 151 1104 341 0.000169 0
1007 457 1023 474 0.000168 0
1056 209 1101 305 0.000168 0
487 164 574 263 0.000166 0
943 335 960 379 0.000166 0
1072 331 1089 395 0.000165 0
579 64 596 93 0.000164 0
593 165 645 203 0.000162 0
983 352 992 370 0.000162 0
1007 455 1024 469 0.000161 0
760 200 773 237 0.000159 0
840 438 917 482 0.000158 0
850 414 939 484 0.000158 0
794 195 835 239 0.000157 0
1055 135 1254 285 0.000156 0
319 202 331 231 0.000156 0
832 469 840 481 0.000154 0
1009 458 1024 472 0.000154 0
751 461 762 480 0.000153 0
942 339 960 381 0.000152 0
575 80 586 107 0.000152 0
1057 233 1072 334 0.000150 0
499 177 580 275 0.000150 0
212 194 223 222 0.000150 0
947 366 989 429 0.000148 0
773 200 793 237 0.000148 0
203 203 222 231 0.000147 0
1024 275 1041 294 0.000146 0
320 184 341 199 0.000144 0
1060 64 1140 74 0.000143 0
803 267 852 346 0.000143 0
982 351 993 383 0.000143 0
447 169 542 278 0.000142 0
664 188 671 216 0.000142 0
943 342 991 394 0.000142 0
352 184 648 264 0.000140 0
938 336 975 394 0.000139 0
786 197 801 236 0.000138 0
951 344 993 390 0.000137 0
336 170 927 281 0.000136 0
861 439 909 458 0.000136 0
1177 344 1196 374 0.000135 0
463 199 479 298 0.000133 0
0 188 5 205 0.000133 0
527 202 565 279 0.000133 0
953 372 980 448 0.000132 0
266 193 272 208 0.000132 0
1063 64 1148 74 0.000132 0
1191 377 1231 423 0.000132 0
1071 330 1088 407 0.000130 0
1263 276 1279 478 0.000129 0
846 442 882 479 0.000129 0
780 330 816 379 0.000128 0
822 279 850 344 0.000127 0
448 175 518 337 0.000126 0
798 279 851 344 0.000126 0
842 436 930 485 0.000126 0
605 447 624 469 0.000125 0
854 410 942 484 0.000125 0
1263 368 1279 426 0.000125 0
942 340 992 391 0.000124 0
1235 408 1255 428 0.000124 0
504 196 531 248 0.000123 0
581 64 672 172 0.000122 0
896 472 909 482 0.000119 0
935 452 943 464 0.000117 0
405 160 895 258 0.000117 0
856 435 879 456 0.000117 0
576 64 596 105 0.000116 0
991 384 1024 424 0.000114 0
764 251 855 344 0.000113 0
826 231 905 297 0.000113 0
525 196 602 281 0.000113 0
624 64 640 91 0.000112 0
856 427 909 460 0.000112 0
821 311 849 344 0.000111 0
1204 385 1236 428 0.000111 0
1221 391 1257 428 0.000111 0
612 144 636 169 0.000110 0
1129 278 1138 299 0.000110 0
1007 461 1017 493 0.000109 0
784 354 823 393 0.000109 0
525 196 553 245 0.000109 0
1237 410 1255 428 0.000109 0
624 64 639 76 0.000108 0
574 275 598 392 0.000108 0
154 194 173 232 0.000108 0
1183 348 1215 412 0.000108 0
583 64 680 169 0.000106 0
1270 152 1279 179 0.000105 0
1263 365 1279 422 0.000104 0
914 444 932 461 0.000104 0
575 64 596 99 0.000104 0
1264 366 1279 427 0.000103 0
1263 356 1279 423 0.000103 0
400 183 409 203 0.000102 0
317 200 332 221 0.000101 0
589 64 639 93 0.000101 0
781 334 828 378 0.000100 0
853 428 883 458 0.000100 0
988 345 1008 386 0.000100 0
1141 228 1171 263 0.799960 1
733 230 764 291 0.677157 1
914 211 954 269 0.536733 1
816 231 855 262 0.501854 1
913 206 954 268 0.322284 1
733 231 761 292 0.291251 1
914 224 954 269 0.251136 1
817 230 854 265 0.246919 1
913 222 955 269 0.233752 1
816 232 852 261 0.092568 1
816 232 848 261 0.072662 1
831 230 854 268 0.066951 1
733 233 755 291 0.058753 1
816 230 870 263 0.054462 1
830 229 856 280 0.050712 1
829 230 856 275 0.046973 1
817 231 840 261 0.041016 1
816 230 860 272 0.034626 1
924 206 953 268 0.030012 1
818 230 869 280 0.023036 1
913 228 955 271 0.022007 1
825 230 856 266 0.021853 1
816 227 858 262 0.019665 1
816 232 842 261 0.017955 1
915 232 946 269 0.016071 1
916 210 977 272 0.015941 1
931 209 954 260 0.015278 1
835 231 857 257 0.014938 1
868 203 955 267 0.013314 1
816 230 859 278 0.011770 1
831 232 853 271 0.011321 1
916 213 953 268 0.009985 1
821 215 856 264 0.008968 1
917 231 935 265 0.008857 1
914 207 977 281 0.008849 1
915 231 951 271 0.007714 1
910 233 934 271 0.007401 1
931 213 977 264 0.006641 1
827 232 856 281 0.006368 1
733 231 805 293 0.006317 1
916 228 955 270 0.006122 1
926 214 977 269 0.005585 1
911 232 931 268 0.005522 1
915 227 977 270 0.005319 1
816 229 861 283 0.004941 1
907 232 935 295 0.004789 1
937 214 977 264 0.004749 1
829 228 878 280 0.004694 1
824 229 870 266 0.004674 1
732 243 751 294 0.004533 1
867 199 915 269 0.004515 1
834 229 876 278 0.004343 1
732 232 788 293 0.004233 1
869 202 956 278 0.004204 1
933 211 976 263 0.003634 1
913 233 935 283 0.003498 1
870 232 916 270 0.003309 1
866 231 887 265 0.003280 1
1066 214 1092 248 0.003155 1
820 228 886 283 0.003153 1
1071 215 1091 240 0.003144 1
1070 213 1094 233 0.003103 1
869 197 918 269 0.002933 1
873 236 920 269 0.002812 1
826 217 933 282 0.002730 1
867 233 884 266 0.002707 1
855 231 884 265 0.002585 1
867 231 906 267 0.002572 1
867 199 935 290 0.002548 1
874 236 924 273 0.002498 1
859 231 881 266 0.002489 1
872 235 918 287 0.002465 1
866 231 913 272 0.002416 1
1070 212 1090 234 0.002386 1
866 228 895 265 0.002355 1
876 230 937 292 0.002347 1
817 207 954 270 0.002201 1
1069 215 1095 260 0.002051 1
1070 207 1098 250 0.002022 1
875 235 916 273 0.001980 1
1069 212 1096 259 0.001952 1
872 196 943 271 0.001942 1
815 193 918 265 0.001937 1
912 236 976 272 0.001915 1
910 231 932 295 0.001897 1
874 233 939 275 0.001865 1
867 233 915 286 0.001835 1
916 209 975 297 0.001807 1
734 228 773 290 0.001727 1
867 235 883 267 0.001711 1
908 228 952 297 0.001681 1
887 232 934 295 0.001624 1
733 232 784 298 0.001600 1
875 236 915 290 0.001584 1
734 231 762 270 0.001579 1
793 233 857 283 0.001560 1
856 232 881 270 0.001516 1
908 233 932 296 0.001492 1
733 237 757 297 0.001456 1
758 250 784 280 0.001388 1
876 233 936 270 0.001353 1
908 233 957 298 0.001299 1
910 233 929 264 0.001298 1
905 213 951 296 0.001289 1
736 231 765 271 0.001272 1
936 214 977 270 0.001264 1
848 228 867 263 0.001208 1
871 196 953 293 0.001158 1
734 226 763 288 0.001128 1
871 236 916 289 0.001098 1
930 280 959 298 0.001095 1
816 214 928 292 0.001043 1
934 275 961 302 0.001004 1
849 231 882 279 0.000958 1
735 231 763 273 0.000948 1
932 223 977 271 0.000909 1
813 241 859 282 0.000900 1
931 275 961 304 0.000899 1
867 202 929 291 0.000841 1
891 236 932 295 0.000826 1
938 275 960 295 0.000816 1
742 231 769 272 0.000808 1
892 212 977 297 0.000790 1
803 215 825 239 0.000782 1
863 234 883 274 0.000761 1
733 234 764 301 0.000746 1
888 246 913 291 0.000719 1
906 265 960 300 0.000680 1
930 279 954 295 0.000644 1
928 277 961 306 0.000628 1
946 275 960 304 0.000608 1
908 228 964 297 0.000589 1
1119 226 1140 248 0.000574 1
834 229 878 282 0.000561 1
873 249 914 290 0.000545 1
914 241 971 297 0.000524 1
1142 221 1164 251 0.000479 1
719 205 859 267 0.000441 1
1110 223 1276 280 0.000432 1
731 245 748 292 0.000431 1
1139 227 1169 262 0.000406 1
782 232 831 266 0.000350 1
1067 218 1183 284 0.000337 1
826 230 865 298 0.000313 1
730 238 751 291 0.000284 1
828 235 856 299 0.000281 1
906 274 962 310 0.000275 1
221 202 241 265 0.000257 1
730 241 809 293 0.000250 1
1130 226 1180 266 0.000238 1
914 212 960 271 0.000228 1
959 248 975 271 0.000226 1
739 224 770 269 0.000220 1
828 257 855 300 0.000218 1
803 262 839 282 0.000215 1
1137 219 1211 263 0.000205 1
1144 225 1176 251 0.000191 1
1077 214 1173 259 0.000187 1
1136 228 1170 263 0.000184 1
730 232 753 291 0.000177 1
698 237 766 331 0.000163 1
844 231 885 282 0.000163 1
871 255 935 296 0.000162 1
801 186 889 251 0.000157 1
814 252 858 302 0.000148 1
1069 245 1261 333 0.000140 1
1134 229 1155 250 0.000137 1
712 230 835 332 0.000132 1
919 215 977 307 0.000131 1
1149 228 1176 263 0.000124 1
927 276 967 312 0.000123 1
722 195 857 272 0.000121 1
887 219 982 306 0.000119 1
738 229 794 252 0.000116 1
1056 201 1256 334 0.000112 1
800 260 837 296 0.000110 1
926 279 963 312 0.000108 1
987 197 1051 230 0.199499 2
998 198 1050 229 0.089569 2
995 198 1048 230 0.070031 2
864 180 978 267 0.058832 2
1003 197 1050 230 0.053367 2
997 198 1042 229 0.048363 2
985 197 1048 232 0.048022 2
988 199 1039 229 0.046679 2
528 203 544 217 0.042116 2
484 200 516 217 0.036098 2
867 195 959 268 0.035645 2
982 203 1022 229 0.033033 2
484 204 516 217 0.029704 2
484 198 516 217 0.029546 2
985 202 1023 229 0.029184 2
529 203 545 217 0.022317 2
1115 217 1139 228 0.022156 2
1009 196 1051 230 0.020047 2
529 206 543 217 0.019970 2
866 177 983 265 0.019153 2
485 201 517 217 0.018427 2
624 192 657 214 0.018355 2
998 204 1024 229 0.016079 2
983 200 1026 229 0.015991 2
528 201 546 218 0.014810 2
1115 217 1136 229 0.013750 2
1000 199 1043 231 0.013341 2
623 192 656 211 0.013232 2
1115 217 1144 231 0.011637 2
1114 217 1156 247 0.011503 2
693 203 728 235 0.011163 2
624 192 657 212 0.011074 2
1009 198 1035 212 0.010660 2
693 207 728 235 0.010621 2
1114 217 1150 247 0.010240 2
1010 198 1037 210 0.009174 2
619 193 656 214 0.009077 2
624 192 655 208 0.009062 2
822 328 848 344 0.008803 2
1006 203 1034 230 0.008764 2
595 199 653 216 0.008508 2
1167 274 1279 419 0.008443 2
1114 217 1148 246 0.008116 2
624 191 656 210 0.008071 2
1113 216 1137 229 0.007288 2
1003 206 1023 230 0.007175 2
1007 202 1027 228 0.006923 2
978 204 994 226 0.006885 2
625 194 654 215 0.006784 2
970 205 987 223 0.006748 2
868 197 953 270 0.006718 2
1115 216 1151 235 0.006435 2
982 207 997 228 0.006332 2
1168 272 1215 329 0.006073 2
963 205 986 223 0.005740 2
974 245 992 261 0.005735 2
869 194 913 244 0.005660 2
875 198 910 244 0.005352 2
512 196 545 217 0.005344 2
1114 216 1154 248 0.005284 2
981 205 995 225 0.005277 2
973 207 985 225 0.005204 2
1105 217 1142 247 0.005072 2
603 201 649 216 0.005064 2
964 205 986 232 0.004767 2
983 197 1070 252 0.004764 2
591 198 650 216 0.004186 2
864 194 979 266 0.003950 2
487 196 516 216 0.003878 2
966 202 988 223 0.003753 2
589 183 623 201 0.003704 2
872 196 981 261 0.003655 2
985 197 1089 260 0.003583 2
1096 215 1135 247 0.003497 2
480 195 517 217 0.003481 2
974 249 989 262 0.003455 2
694 200 726 234 0.003300 2
1104 487 1117 495 0.003151 2
938 214 977 265 0.003129 2
1006 194 1038 218 0.003096 2
973 208 986 239 0.003023 2
1168 272 1279 331 0.002883 2
938 212 983 265 0.002833 2
974 244 993 261 0.002807 2
963 201 988 223 0.002775 2
1010 194 1038 210 0.002765 2
941 203 982 228 0.002745 2
877 198 907 243 0.002721 2
1103 217 1129 248 0.002620 2
304 192 313 198 0.002559 2
938 217 990 267 0.002533 2
940 203 982 240 0.002492 2
1104 487 1128 498 0.002490 2
1202 274 1279 329 0.002452 2
591 200 648 216 0.002417 2
848 471 865 479 0.002405 2
1263 278 1279 328 0.002376 2
695 200 729 234 0.002369 2
1023 194 1083 229 0.002334 2
973 233 993 261 0.002269 2
1011 193 1050 229 0.002223 2
989 195 1092 257 0.002209 2
1114 488 1135 497 0.002194 2
876 196 916 248 0.002150 2
977 206 1000 251 0.002059 2
1102 218 1120 248 0.002040 2
1102 222 1120 248 0.002037 2
581 183 623 201 0.002016 2
865 200 879 218 0.002015 2
974 246 992 262 0.001993 2
1110 218 1144 248 0.001948 2
312 187 323 199 0.001896 2
927 200 982 238 0.001879 2
631 380 659 396 0.001829 2
631 377 658 396 0.001825 2
876 194 919 249 0.001810 2
978 202 1080 260 0.001758 2
877 196 919 243 0.001750 2
978 197 1059 258 0.001739 2
1071 199 1097 235 0.001684 2
1003 235 1023 250 0.001645 2
1063 216 1139 250 0.001639 2
1056 212 1128 253 0.001631 2
1175 270 1279 328 0.001578 2
1070 201 1094 234 0.001574 2
1222 166 1279 181 0.001536 2
1072 217 1121 249 0.001526 2
1120 489 1136 497 0.001500 2
1117 216 1171 249 0.001481 2
1215 167 1279 220 0.001429 2
1029 195 1072 233 0.001422 2
1104 487 1136 505 0.001414 2
1074 216 1121 249 0.001412 2
951 206 987 254 0.001379 2
1221 275 1279 327 0.001365 2
972 210 992 251 0.001311 2
1074 200 1094 216 0.001297 2
997 194 1085 226 0.001295 2
973 235 994 260 0.001270 2
591 197 653 218 0.001265 2
1262 249 1279 269 0.001264 2
633 381 658 396 0.001262 2
1226 275 1279 328 0.001253 2
1045 193 1084 221 0.001238 2
1070 196 1091 217 0.001236 2
978 201 996 225 0.001235 2
692 200 725 229 0.001223 2
1212 274 1279 328 0.001189 2
624 193 662 216 0.001168 2
1181 333 1266 420 0.001158 2
972 210 997 255 0.001155 2
939 229 982 270 0.001148 2
954 204 1009 259 0.001137 2
1058 210 1093 239 0.001125 2
1048 194 1093 236 0.001122 2
303 184 316 198 0.001117 2
1264 279 1279 413 0.001115 2
589 199 639 216 0.001115 2
1213 273 1279 398 0.001045 2
918 198 984 231 0.001031 2
588 183 625 215 0.000995 2
1104 488 1136 506 0.000973 2
630 373 659 397 0.000972 2
1211 278 1279 328 0.000968 2
519 191 554 217 0.000959 2
873 195 946 244 0.000952 2
934 199 985 226 0.000938 2
602 201 648 217 0.000930 2
709 188 1259 275 0.000912 2
968 202 1079 260 0.000906 2
631 381 658 397 0.000903 2
848 470 867 479 0.000898 2
492 194 515 216 0.000893 2
475 204 486 217 0.000891 2
631 204 654 217 0.000890 2
1213 276 1232 328 0.000883 2
673 180 1272 283 0.000871 2
1003 236 1024 255 0.000861 2
1056 192 1079 201 0.000854 2
1001 233 1025 252 0.000848 2
973 210 1024 255 0.000846 2
1199 274 1232 328 0.000831 2
671 208 699 234 0.000830 2
1263 270 1279 375 0.000829 2
935 200 955 212 0.000815 2
1263 333 1279 407 0.000812 2
1210 276 1232 328 0.000810 2
1001 237 1024 257 0.000799 2
866 176 987 246 0.000796 2
989 192 1040 226 0.000792 2
1067 191 1081 200 0.000788 2
1215 277 1232 328 0.000760 2
1114 212 1175 237 0.000747 2
1260 248 1279 268 0.000727 2
1183 335 1270 422 0.000721 2
1263 278 1279 312 0.000704 2
625 186 671 217 0.000703 2
973 215 1023 260 0.000700 2
674 208 703 235 0.000699 2
1219 278 1279 328 0.000691 2
1258 275 1279 398 0.000683 2
940 210 1014 262 0.000678 2
575 182 625 216 0.000651 2
1264 285 1279 420 0.000631 2
847 470 873 479 0.000625 2
1207 273 1275 328 0.000622 2
1263 278 1279 344 0.000622 2
1263 334 1279 401 0.000614 2
1185 259 1279 294 0.000613 2
1222 164 1279 181 0.000603 2
1054 191 1079 202 0.000595 2
1263 280 1279 331 0.000591 2
976 208 1032 252 0.000589 2
528 202 547 221 0.000585 2
293 180 308 198 0.000585 2
676 207 703 234 0.000571 2
597 185 619 202 0.000567 2
1183 324 1279 423 0.000567 2
1004 233 1024 250 0.000563 2
1103 487 1132 503 0.000556 2
533 202 548 222 0.000553 2
1221 158 1279 182 0.000551 2
1225 158 1248 182 0.000541 2
972 232 1015 262 0.000532 2
854 176 1009 269 0.000528 2
1109 488 1136 508 0.000516 2
1200 267 1232 328 0.000510 2
1193 354 1263 424 0.000499 2
1243 248 1279 270 0.000496 2
293 176 309 198 0.000496 2
821 327 848 344 0.000493 2
482 177 554 228 0.000484 2
1184 274 1204 282 0.000483 2
1195 365 1259 426 0.000478 2
1180 280 1279 422 0.000472 2
1078 187 1098 218 0.000468 2
387 198 397 206 0.000468 2
1194 369 1260 426 0.000461 2
589 206 608 216 0.000458 2
1211 275 1279 297 0.000454 2
1215 280 1232 328 0.000454 2
1215 271 1232 328 0.000448 2
1167 273 1214 286 0.000441 2
802 185 854 237 0.000427 2
1184 224 1279 293 0.000425 2
1189 235 1279 295 0.000421 2
1184 338 1273 426 0.000413 2
1213 291 1278 328 0.000412 2
692 208 729 236 0.000412 2
1051 212 1068 231 0.000403 2
1104 486 1116 496 0.000398 2
1181 273 1208 282 0.000398 2
1112 207 1164 231 0.000397 2
1192 348 1262 421 0.000389 2
1167 272 1209 329 0.000388 2
828 287 849 300 0.000380 2
901 457 913 463 0.000378 2
1059 140 1105 260 0.000377 2
1148 272 1279 367 0.000376 2
1206 274 1279 294 0.000366 2
1113 488 1137 507 0.000365 2
1262 169 1279 181 0.000365 2
1167 273 1214 285 0.000342 2
1103 206 1133 227 0.000342 2
1197 346 1269 423 0.000341 2
1150 182 1202 219 0.000341 2
792 327 849 344 0.000337 2
1261 168 1279 181 0.000337 2
1263 334 1279 378 0.000336 2
865 183 918 233 0.000331 2
1084 193 1133 248 0.000323 2
988 252 1007 263 0.000323 2
0 395 16 410 0.000320 2
1197 365 1266 426 0.000318 2
1194 373 1259 427 0.000315 2
1225 287 1278 328 0.000312 2
1235 294 1279 328 0.000311 2
714 199 738 235 0.000311 2
1263 327 1279 376 0.000301 2
1217 275 1279 373 0.000296 2
1190 353 1259 423 0.000292 2
1263 339 1279 403 0.000291 2
1216 293 1278 328 0.000288 2
630 376 658 397 0.000286 2
1263 279 1279 294 0.000283 2
599 463 608 471 0.000282 2
1263 297 1279 375 0.000281 2
1103 208 1139 229 0.000281 2
523 184 548 218 0.000275 2
807 328 848 344 0.000269 2
1082 270 1220 330 0.000268 2
592 182 625 205 0.000264 2
1204 266 1279 294 0.000261 2
1077 169 1149 257 0.000259 2
661 274 688 283 0.000257 2
622 178 664 212 0.000251 2
617 179 658 208 0.000244 2
571 182 622 203 0.000244 2
1187 364 1277 426 0.000239 2
1059 213 1168 257 0.000238 2
1045 484 1054 494 0.000237 2
1204 214 1227 232 0.000231 2
1221 503 1232 511 0.000231 2
1263 283 1279 374 0.000227 2
889 178 961 216 0.000226 2
1191 276 1214 285 0.000222 2
784 359 832 376 0.000217 2
1207 249 1280 295 0.000217 2
1236 273 1279 378 0.000216 2
1226 296 1278 329 0.000214 2
981 246 1023 262 0.000210 2
1201 373 1259 427 0.000208 2
660 194 694 220 0.000200 2
527 185 560 217 0.000198 2
1184 359 1230 420 0.000197 2
1063 273 1278 342 0.000196 2
453 203 465 222 0.000195 2
1160 330 1268 421 0.000194 2
660 375 695 387 0.000192 2
1208 503 1232 512 0.000192 2
1063 269 1245 332 0.000192 2
1068 326 1087 338 0.000191 2
1264 347 1279 402 0.000191 2
1176 381 1185 392 0.000188 2
1233 295 1279 331 0.000188 2
595 200 656 231 0.000187 2
0 391 17 409 0.000183 2
917 214 1022 297 0.000180 2
603 200 651 230 0.000180 2
1103 195 1121 209 0.000180 2
827 258 915 297 0.000179 2
1166 269 1221 363 0.000178 2
832 478 840 486 0.000178 2
1214 336 1266 418 0.000177 2
624 373 659 396 0.000177 2
694 183 730 235 0.000176 2
1168 274 1221 329 0.000173 2
471 188 480 202 0.000173 2
1186 368 1233 421 0.000170 2
1177 332 1251 420 0.000169 2
1228 274 1278 380 0.000167 2
1181 339 1241 420 0.000165 2
657 375 694 387 0.000164 2
842 186 909 232 0.000161 2
913 193 1021 234 0.000160 2
652 182 671 212 0.000159 2
883 144 1234 276 0.000158 2
1264 332 1279 370 0.000158 2
1102 486 1139 508 0.000156 2
1189 345 1259 420 0.000156 2
1202 408 1216 416 0.000155 2
1197 272 1232 328 0.000153 2
821 328 848 353 0.000152 2
1050 270 1277 345 0.000151 2
1091 164 1208 272 0.000145 2
1151 470 1168 479 0.000144 2
355 154 945 264 0.000144 2
644 201 725 235 0.000141 2
1187 360 1228 418 0.000139 2
1095 168 1225 261 0.000139 2
1191 341 1264 417 0.000137 2
1147 471 1168 479 0.000137 2
633 380 660 396 0.000135 2
922 454 937 463 0.000135 2
668 375 694 386 0.000134 2
1146 183 1201 212 0.000134 2
1066 325 1087 335 0.000134 2
1071 277 1279 365 0.000133 2
1179 334 1259 419 0.000131 2
1200 364 1279 423 0.000130 2
1150 272 1209 330 0.000130 2
793 359 832 376 0.000130 2
583 191 657 218 0.000127 2
1202 334 1279 419 0.000127 2
1178 494 1239 513 0.000127 2
1263 363 1279 408 0.000125 2
826 286 849 305 0.000124 2
827 286 849 303 0.000124 2
1152 271 1167 330 0.000122 2
292 175 314 199 0.000122 2
1168 379 1207 396 0.000121 2
483 205 517 223 0.000120 2
1187 273 1215 314 0.000119 2
1167 380 1180 393 0.000119 2
689 178 727 233 0.000118 2
482 201 517 222 0.000118 2
1027 483 1071 499 0.000117 2
1023 486 1039 495 0.000115 2
623 374 652 386 0.000114 2
881 440 904 456 0.000114 2
331 177 642 272 0.000113 2
1211 370 1223 389 0.000113 2
598 153 661 210 0.000113 2
1152 271 1213 332 0.000113 2
1200 380 1258 428 0.000113 2
980 164 1070 232 0.000112 2
1045 481 1056 492 0.000111 2
1183 356 1223 417 0.000111 2
1190 282 1280 367 0.000109 2
1186 498 1200 506 0.000109 2
453 170 582 263 0.000109 2
1183 335 1262 418 0.000109 2
1010 181 1058 218 0.000106 2
603 165 663 207 0.000105 2
821 328 848 355 0.000104 2
1141 276 1273 419 0.000104 2
1210 495 1232 507 0.000104 2
657 183 671 208 0.000104 2
343 158 943 282 0.000103 2
825 261 894 298 0.000101 2
858 470 896 481 0.000100 2
1216 164 1279 236 0.010948 5
1216 165 1279 268 0.009533 5
481 173 517 217 0.008791 5
867 177 944 202 0.007217 5
867 177 944 207 0.007053 5
482 185 516 217 0.006626 5
1208 164 1279 268 0.005716 5
1185 164 1279 278 0.004528 5
1214 160 1277 236 0.004298 5
480 168 575 216 0.004041 5
1219 164 1276 233 0.003506 5
1217 169 1279 232 0.003180 5
1210 162 1244 234 0.003008 5
867 177 938 201 0.001965 5
1209 162 1277 234 0.001892 5
1217 165 1253 233 0.001590 5
1204 160 1252 236 0.001421 5
860 177 940 208 0.001267 5
1217 165 1279 223 0.001044 5
1181 163 1235 225 0.001021 5
1180 164 1219 217 0.001008 5
1210 165 1232 231 0.000897 5
1212 166 1256 233 0.000829 5
478 177 517 217 0.000630 5
840 176 938 215 0.000281 5
446 163 518 220 0.000226 5
640 265 1278 414 0.030514 6
642 266 1277 360 0.020214 6
643 265 1277 384 0.014754 6
642 265 1276 369 0.008741 6
641 269 1278 438 0.007628 6
641 269 1277 398 0.006831 6
643 148 1277 396 0.006744 6
642 267 1277 467 0.004574 6
1182 164 1279 275 0.004230 6
648 121 1279 418 0.003725 6
648 173 1276 355 0.002979 6
1173 165 1279 280 0.002762 6
641 265 1279 352 0.002471 6
847 269 1279 420 0.002225 6
1070 162 1279 280 0.001966 6
1056 158 1279 419 0.001785 6
793 270 1279 373 0.001449 6
1060 164 1279 298 0.001395 6
1168 163 1279 412 0.001372 6
794 126 1280 425 0.001280 6
936 269 1279 419 0.001245 6
1102 158 1279 273 0.001224 6
926 272 1218 335 0.001026 6
1038 266 1279 417 0.000886 6
937 170 1279 417 0.000836 6
932 271 1184 331 0.000815 6
427 149 938 245 0.000770 6
935 275 1191 335 0.000762 6
918 272 1173 332 0.000745 6
711 149 954 238 0.000732 6
3 65 468 393 0.000716 6
1165 177 1279 418 0.000695 6
927 271 1192 338 0.000678 6
920 274 1173 338 0.000662 6
1055 164 1279 360 0.000649 6
683 133 1278 345 0.000639 6
475 167 634 211 0.000610 6
1 65 74 247 0.000599 6
1056 270 1279 426 0.000567 6
3 66 369 388 0.000561 6
381 150 942 255 0.000547 6
1053 154 1278 327 0.000534 6
680 115 961 249 0.000528 6
589 66 956 263 0.000479 6
645 80 961 251 0.000462 6
891 137 1279 352 0.000461 6
933 268 1194 331 0.000458 6
651 274 1279 423 0.000441 6
2 64 351 345 0.000439 6
640 172 991 346 0.000412 6
1099 269 1279 422 0.000400 6
1 67 179 250 0.000394 6
0 139 40 209 0.000367 6
475 166 632 206 0.000355 6
574 64 948 248 0.000352 6
2 65 81 243 0.000350 6
7 64 548 392 0.000335 6
966 265 1160 333 0.000312 6
920 270 1199 385 0.000307 6
378 152 948 269 0.000289 6
1 68 89 242 0.000286 6
472 153 640 208 0.000277 6
10 64 419 326 0.000272 6
1056 152 1280 273 0.000268 6
1095 167 1233 220 0.000265 6
1048 324 1276 482 0.000259 6
917 271 1163 315 0.000255 6
931 269 1217 383 0.000248 6
390 64 936 258 0.000244 6
11 64 479 364 0.000240 6
0 65 67 236 0.000236 6
489 64 930 250 0.000234 6
1 65 212 247 0.000233 6
0 141 43 225 0.000224 6
1089 163 1229 248 0.000223 6
955 268 1213 399 0.000193 6
11 64 130 243 0.000192 6
0 64 175 261 0.000185 6
0 91 71 258 0.000179 6
0 65 61 231 0.000177 6
0 65 192 277 0.000174 6
1106 170 1230 220 0.000172 6
0 142 40 205 0.000171 6
914 264 1043 306 0.000170 6
0 64 339 303 0.000169 6
8 64 366 262 0.000169 6
1092 160 1227 217 0.000168 6
2 64 341 267 0.000163 6
1054 329 1272 419 0.000162 6
0 64 329 390 0.000156 6
1020 137 1262 286 0.000151 6
0 64 77 226 0.000146 6
0 80 137 243 0.000145 6
940 269 1195 392 0.000144 6
862 270 1126 349 0.000141 6
702 132 945 227 0.000139 6
3 65 134 246 0.000139 6
674 281 1279 488 0.000138 6
1009 469 1267 510 0.000137 6
929 272 1188 390 0.000133 6
1058 280 1274 418 0.000128 6
360 151 948 292 0.000128 6
1038 396 1274 487 0.000127 6
550 64 928 241 0.000125 6
1083 159 1226 219 0.000122 6
331 64 649 259 0.000121 6
1050 413 1278 480 0.000120 6
0 78 116 254 0.000119 6
0 64 241 280 0.000119 6
1042 401 1276 481 0.000117 6
13 70 136 245 0.000105 6
1031 469 1254 510 0.000103 6
641 64 959 255 0.000102 6
823 136 941 159 0.000101 6
864 177 976 272 0.119981 7
852 177 977 268 0.083756 7
702 152 859 237 0.077213 7
864 177 967 269 0.056335 7
865 177 978 252 0.047746 7
865 177 954 244 0.041192 7
865 177 946 236 0.035833 7
807 177 968 266 0.022093 7
814 177 960 270 0.021659 7
695 158 978 271 0.020099 7
795 176 976 271 0.019922 7
701 174 979 270 0.019792 7
695 151 972 258 0.014553 7
804 176 959 248 0.014542 7
650 159 978 279 0.013108 7
665 167 978 276 0.012773 7
803 176 958 242 0.011832 7
811 176 949 237 0.010711 7
659 154 975 275 0.010060 7
687 151 965 250 0.009338 7
866 177 945 209 0.008913 7
589 183 623 201 0.007080 7
866 177 944 241 0.006180 7
698 156 958 238 0.005812 7
866 177 944 206 0.004790 7
797 175 955 244 0.004360 7
594 149 956 258 0.003023 7
700 151 835 231 0.002976 7
645 150 972 244 0.002899 7
593 150 854 230 0.002898 7
695 151 846 234 0.002873 7
800 164 857 239 0.002290 7
641 159 976 290 0.002215 7
592 153 958 269 0.002012 7
613 159 957 274 0.001877 7
564 149 951 243 0.001464 7
802 181 859 236 0.001035 7
762 177 1004 293 0.000976 7
657 179 1062 301 0.000913 7
490 177 558 220 0.000911 7
488 152 955 264 0.000883 7
705 152 859 215 0.000813 7
802 171 857 227 0.000778 7
597 150 844 226 0.000770 7
720 180 1194 304 0.000712 7
842 178 1119 275 0.000667 7
477 169 590 213 0.000661 7
685 121 978 259 0.000630 7
802 183 858 241 0.000618 7
1179 164 1280 265 0.000613 7
686 127 990 263 0.000612 7
485 182 582 227 0.000606 7
642 176 1077 320 0.000569 7
431 152 952 266 0.000533 7
802 184 854 238 0.000489 7
692 153 837 238 0.000438 7
599 149 788 236 0.000405 7
600 151 808 226 0.000398 7
753 143 986 267 0.000381 7
872 177 945 214 0.000381 7
547 175 623 204 0.000374 7
603 151 755 235 0.000337 7
485 158 952 275 0.000336 7
801 147 949 236 0.000277 7
584 171 630 202 0.000253 7
688 160 813 235 0.000241 7
697 152 823 255 0.000238 7
705 161 863 270 0.000232 7
583 174 625 202 0.000224 7
445 153 949 284 0.000219 7
811 144 950 233 0.000200 7
475 175 641 220 0.000198 7
605 153 703 219 0.000194 7
601 151 760 217 0.000173 7
729 152 855 211 0.000170 7
721 152 807 212 0.000152 7
1010 179 1063 230 0.000152 7
854 147 955 231 0.000152 7
600 152 678 216 0.000135 7
848 148 949 227 0.000131 7
981 164 1079 233 0.000117 7
578 182 624 202 0.000115 7
716 152 805 216 0.000114 7
858 139 1000 231 0.000104 7
1089 150 1103 176 0.574877 9
512 151 524 183 0.187035 9
512 152 525 185 0.142157 9
512 151 525 184 0.127176 9
512 151 527 185 0.076639 9
1007 135 1024 172 0.043980 9
1012 136 1024 170 0.042946 9
1013 136 1024 168 0.040855 9
366 167 373 188 0.037020 9
1006 135 1024 175 0.034827 9
1009 134 1025 171 0.024080 9
1005 136 1024 176 0.021524 9
1088 150 1103 183 0.021494 9
373 167 381 184 0.018546 9
995 140 1001 166 0.018150 9
1207 168 1215 194 0.015315 9
1006 134 1024 172 0.014202 9
1207 168 1215 199 0.013786 9
1208 168 1215 200 0.011923 9
1181 179 1200 216 0.010660 9
119 64 160 75 0.010083 9
449 157 490 171 0.009485 9
1089 151 1105 178 0.009349 9
119 64 159 73 0.009027 9
511 151 526 193 0.008406 9
365 167 374 189 0.008159 9
368 166 381 188 0.007908 9
313 149 340 194 0.007763 9
994 140 1001 164 0.007517 9
994 138 1001 162 0.007327 9
517 191 524 201 0.007278 9
362 167 373 188 0.006936 9
839 151 858 166 0.006918 9
837 135 860 166 0.006727 9
841 151 859 166 0.006650 9
1130 64 1151 72 0.006588 9
996 136 1020 176 0.006102 9
239 177 247 190 0.005916 9
1125 64 1152 74 0.005758 9
239 177 247 189 0.005651 9
995 136 1013 175 0.005487 9
1120 64 1145 75 0.005467 9
1181 167 1200 216 0.005154 9
369 167 382 187 0.005131 9
1211 167 1225 196 0.005094 9
119 64 175 77 0.005028 9
983 139 993 160 0.005007 9
119 64 161 78 0.005000 9
1134 64 1151 72 0.004949 9
994 138 1001 170 0.004853 9
1097 132 1104 151 0.004798 9
511 191 522 206 0.004780 9
1088 188 1098 215 0.004764 9
837 151 858 165 0.004754 9
1089 132 1105 176 0.004561 9
1211 167 1225 199 0.004556 9
998 136 1011 176 0.004516 9
119 64 183 77 0.004435 9
982 139 993 160 0.004412 9
362 167 374 189 0.004176 9
1054 111 1083 144 0.003964 9
834 135 861 166 0.003773 9
995 135 1017 175 0.003515 9
1087 185 1098 215 0.003422 9
365 166 373 186 0.003413 9
1209 168 1216 200 0.003305 9
511 194 521 209 0.003246 9
832 135 861 166 0.003228 9
987 136 1000 164 0.003151 9
1080 173 1088 183 0.003144 9
1120 64 1134 74 0.002989 9
993 130 1025 177 0.002880 9
802 155 858 196 0.002875 9
1056 115 1066 136 0.002792 9
1087 138 1103 177 0.002764 9
836 135 862 166 0.002727 9
1120 64 1151 75 0.002671 9
1181 165 1204 217 0.002640 9
983 135 996 161 0.002633 9
995 136 1008 174 0.002616 9
977 137 996 166 0.002427 9
1086 145 1102 271 0.002400 9
1192 164 1200 184 0.002362 9
829 135 899 165 0.002350 9
802 155 857 190 0.002296 9
844 183 857 209 0.002200 9
1013 136 1030 169 0.002188 9
841 119 856 135 0.002113 9
1209 167 1226 204 0.002096 9
995 132 1019 174 0.002071 9
587 172 592 184 0.002032 9
808 160 858 182 0.002006 9
801 154 858 209 0.001963 9
1089 149 1110 178 0.001957 9
1154 165 1167 184 0.001922 9
1123 64 1152 77 0.001917 9
809 161 858 180 0.001917 9
587 117 598 135 0.001916 9
257 147 265 159 0.001915 9
1181 163 1221 217 0.001863 9
831 135 854 163 0.001827 9
119 64 180 76 0.001814 9
1013 135 1033 171 0.001777 9
960 135 993 166 0.001701 9
993 137 1006 176 0.001689 9
983 137 1000 170 0.001661 9
864 136 937 153 0.001636 9
839 118 851 133 0.001630 9
1055 113 1067 136 0.001626 9
447 156 512 171 0.001603 9
1050 120 1063 135 0.001591 9
879 156 889 168 0.001583 9
1145 165 1154 200 0.001565 9
864 440 877 455 0.001559 9
808 159 858 185 0.001533 9
586 117 598 136 0.001508 9
1200 135 1209 155 0.001503 9
1064 105 1072 118 0.001469 9
813 162 858 180 0.001448 9
1128 64 1152 79 0.001443 9
801 156 811 186 0.001435 9
801 155 858 222 0.001435 9
1120 64 1152 77 0.001432 9
833 152 859 169 0.001428 9
832 118 840 135 0.001386 9
1181 166 1216 213 0.001361 9
831 143 859 166 0.001347 9
1200 135 1208 152 0.001347 9
831 135 852 154 0.001339 9
851 119 865 136 0.001327 9
814 149 824 160 0.001318 9
1086 134 1105 178 0.001307 9
962 72 976 80 0.001302 9
959 135 995 169 0.001297 9
862 112 869 118 0.001296 9
1181 185 1199 217 0.001292 9
802 156 859 206 0.001252 9
163 64 180 75 0.001250 9
865 150 884 170 0.001234 9
806 158 858 183 0.001223 9
832 135 897 152 0.001219 9
964 373 979 389 0.001213 9
1193 160 1201 185 0.001205 9
1073 151 1082 165 0.001136 9
1182 166 1216 202 0.001132 9
223 183 231 191 0.001131 9
259 144 269 159 0.001120 9
842 119 859 136 0.001119 9
688 118 706 152 0.001114 9
1187 166 1216 192 0.001103 9
970 136 993 162 0.001101 9
512 151 541 190 0.001089 9
863 165 870 180 0.001087 9
1013 135 1030 171 0.001066 9
1088 219 1104 279 0.001041 9
1180 167 1218 217 0.001035 9
1199 135 1211 188 0.001027 9
686 118 704 153 0.001013 9
1145 165 1154 184 0.001001 9
806 159 858 193 0.001000 9
1097 130 1104 147 0.000992 9
117 64 171 77 0.000985 9
1089 148 1110 176 0.000981 9
999 125 1006 135 0.000980 9
806 159 858 198 0.000964 9
687 118 703 152 0.000961 9
552 173 568 195 0.000956 9
1153 164 1167 185 0.000952 9
1181 162 1227 219 0.000948 9
963 373 991 391 0.000945 9
215 183 224 191 0.000939 9
1201 156 1220 200 0.000938 9
1172 150 1182 161 0.000935 9
810 160 857 181 0.000934 9
847 136 898 170 0.000913 9
801 154 812 186 0.000906 9
1007 135 1057 195 0.000896 9
688 119 705 153 0.000896 9
806 159 859 201 0.000888 9
896 167 904 177 0.000871 9
552 173 568 190 0.000868 9
855 136 938 153 0.000867 9
1181 165 1201 216 0.000839 9
686 118 708 180 0.000829 9
960 134 992 163 0.000824 9
831 118 850 136 0.000822 9
967 134 995 162 0.000821 9
694 177 703 199 0.000807 9
137 64 175 75 0.000797 9
959 72 976 81 0.000796 9
959 135 989 166 0.000794 9
831 135 849 153 0.000785 9
862 115 870 136 0.000781 9
1100 133 1109 169 0.000779 9
802 147 819 175 0.000778 9
1022 152 1040 159 0.000776 9
813 143 824 158 0.000774 9
119 64 184 80 0.000771 9
905 126 912 138 0.000766 9
1004 135 1021 169 0.000764 9
1119 64 1135 77 0.000755 9
513 166 546 184 0.000750 9
1193 149 1216 194 0.000747 9
551 172 577 200 0.000746 9
654 151 671 174 0.000742 9
803 159 859 222 0.000739 9
838 149 861 167 0.000731 9
447 152 562 208 0.000731 9
830 135 898 168 0.000730 9
1215 277 1232 327 0.000728 9
261 142 269 159 0.000712 9
501 152 524 180 0.000711 9
161 64 179 78 0.000706 9
1152 165 1167 184 0.000700 9
878 136 937 153 0.000690 9
1060 119 1103 296 0.000684 9
1079 166 1088 181 0.000679 9
684 118 706 180 0.000678 9
991 282 999 296 0.000667 9
498 151 524 190 0.000664 9
637 135 659 164 0.000662 9
941 78 974 92 0.000657 9
1197 384 1207 404 0.000634 9
1073 151 1082 169 0.000626 9
448 155 517 172 0.000625 9
322 92 331 118 0.000622 9
834 119 849 136 0.000613 9
864 136 897 170 0.000606 9
863 137 895 152 0.000600 9
957 71 976 91 0.000591 9
500 181 541 203 0.000569 9
521 171 547 184 0.000562 9
168 64 184 75 0.000561 9
1215 64 1232 89 0.000561 9
861 117 870 136 0.000548 9
1053 116 1103 214 0.000543 9
700 151 715 179 0.000542 9
256 143 268 159 0.000540 9
806 160 862 209 0.000539 9
679 149 690 167 0.000537 9
257 180 262 191 0.000535 9
659 150 671 173 0.000517 9
697 151 710 177 0.000514 9
1076 149 1102 182 0.000510 9
695 150 714 183 0.000506 9
1072 122 1107 187 0.000506 9
1006 135 1029 214 0.000506 9
118 64 197 86 0.000503 9
901 136 937 153 0.000499 9
515 169 575 209 0.000499 9
839 180 858 212 0.000497 9
1013 132 1032 170 0.000494 9
682 119 707 186 0.000494 9
685 118 706 154 0.000493 9
1087 156 1104 217 0.000492 9
118 64 198 91 0.000491 9
523 169 548 182 0.000490 9
447 156 506 171 0.000483 9
1195 134 1224 201 0.000483 9
897 136 937 153 0.000481 9
990 104 1026 174 0.000481 9
515 174 545 194 0.000480 9
503 151 524 180 0.000461 9
1058 117 1104 283 0.000461 9
799 139 816 158 0.000458 9
1189 385 1205 401 0.000456 9
1075 147 1103 180 0.000455 9
862 137 906 153 0.000455 9
1049 116 1069 148 0.000455 9
801 153 853 205 0.000454 9
999 147 1007 187 0.000453 9
1020 123 1040 161 0.000452 9
878 154 895 174 0.000450 9
856 136 895 151 0.000450 9
1084 152 1103 288 0.000450 9
172 64 201 89 0.000444 9
697 150 710 175 0.000443 9
862 136 896 151 0.000441 9
959 175 965 185 0.000431 9
1098 133 1109 155 0.000428 9
1086 130 1134 192 0.000426 9
1214 273 1232 328 0.000425 9
1077 333 1088 364 0.000423 9
1206 154 1229 203 0.000415 9
581 64 595 71 0.000412 9
1153 157 1168 184 0.000410 9
521 170 573 212 0.000410 9
693 155 707 201 0.000409 9
463 184 478 200 0.000408 9
1147 163 1167 212 0.000406 9
1016 133 1040 161 0.000406 9
169 64 201 90 0.000405 9
1079 135 1090 146 0.000403 9
998 135 1025 202 0.000401 9
1006 134 1065 175 0.000400 9
895 155 907 175 0.000399 9
1049 112 1067 136 0.000395 9
853 136 935 174 0.000394 9
1139 165 1156 225 0.000391 9
1104 105 1111 119 0.000389 9
1065 64 1149 75 0.000388 9
680 167 689 206 0.000379 9
160 64 188 90 0.000377 9
543 171 573 207 0.000375 9
999 179 1007 192 0.000374 9
825 119 833 133 0.000374 9
446 152 522 172 0.000373 9
400 84 410 96 0.000369 9
1009 159 1064 211 0.000368 9
962 374 992 392 0.000364 9
1057 155 1064 167 0.000362 9
870 119 879 134 0.000361 9
679 150 689 173 0.000360 9
993 103 1029 173 0.000360 9
680 156 689 185 0.000352 9
942 80 971 92 0.000351 9
963 126 1005 168 0.000350 9
1072 153 1086 190 0.000350 9
1101 164 1156 218 0.000349 9
974 188 981 200 0.000348 9
943 81 966 93 0.000335 9
652 151 671 199 0.000333 9
828 139 898 178 0.000330 9
1189 380 1216 416 0.000326 9
637 132 659 162 0.000323 9
1199 133 1217 195 0.000323 9
321 90 331 118 0.000323 9
1012 146 1045 169 0.000321 9
1183 160 1202 189 0.000314 9
959 157 990 168 0.000314 9
869 165 892 178 0.000313 9
944 129 952 138 0.000312 9
545 141 552 151 0.000307 9
968 175 975 186 0.000306 9
859 136 937 176 0.000304 9
681 124 690 152 0.000303 9
1112 104 1120 120 0.000302 9
1055 103 1083 142 0.000302 9
1009 167 1064 205 0.000300 9
680 124 690 161 0.000299 9
959 158 990 169 0.000294 9
1072 150 1086 185 0.000294 9
982 121 994 152 0.000293 9
699 150 714 176 0.000292 9
159 64 187 89 0.000291 9
448 157 490 173 0.000285 9
1183 379 1215 414 0.000285 9
1047 157 1056 168 0.000282 9
972 182 985 201 0.000275 9
1172 145 1183 153 0.000275 9
927 148 938 166 0.000272 9
801 148 811 169 0.000270 9
1008 163 1068 212 0.000270 9
944 173 960 187 0.000267 9
1007 166 1066 214 0.000267 9
552 173 581 203 0.000266 9
1106 152 1118 169 0.000265 9
548 173 581 203 0.000259 9
810 172 939 205 0.000258 9
841 176 915 224 0.000258 9
636 137 659 165 0.000257 9
942 131 957 150 0.000257 9
652 151 671 205 0.000255 9
338 163 350 193 0.000255 9
959 135 978 159 0.000254 9
800 164 924 209 0.000251 9
1022 142 1060 169 0.000249 9
1073 132 1102 179 0.000246 9
1089 147 1137 181 0.000246 9
447 150 532 173 0.000243 9
831 134 937 166 0.000242 9
985 124 1000 167 0.000242 9
1017 90 1041 167 0.000242 9
975 137 1002 183 0.000241 9
1115 175 1128 186 0.000239 9
1035 133 1063 166 0.000234 9
1053 104 1069 138 0.000233 9
314 150 352 196 0.000232 9
587 117 601 144 0.000229 9
255 112 267 129 0.000228 9
637 131 660 163 0.000228 9
1189 147 1212 187 0.000222 9
690 118 715 183 0.000221 9
318 150 344 194 0.000220 9
1072 116 1085 142 0.000218 9
942 77 973 93 0.000216 9
1003 153 1065 196 0.000213 9
501 150 563 207 0.000212 9
644 150 698 216 0.000211 9
464 185 480 206 0.000211 9
598 64 623 90 0.000209 9
159 64 193 88 0.000207 9
1206 142 1228 194 0.000205 9
1016 154 1058 169 0.000204 9
318 157 344 195 0.000204 9
480 155 524 214 0.000203 9
581 64 630 92 0.000202 9
1019 88 1041 161 0.000202 9
522 183 549 203 0.000201 9
1071 115 1085 138 0.000201 9
869 163 897 177 0.000201 9
849 87 859 105 0.000201 9
1110 165 1151 186 0.000201 9
680 102 713 229 0.000200 9
1053 113 1084 153 0.000200 9
1096 164 1157 212 0.000198 9
586 169 593 184 0.000197 9
1040 146 1060 165 0.000197 9
1009 167 1063 189 0.000197 9
682 144 713 207 0.000196 9
315 130 360 197 0.000196 9
695 182 703 200 0.000196 9
806 157 896 185 0.000196 9
829 135 939 161 0.000195 9
320 64 364 110 0.000195 9
1199 406 1214 415 0.000194 9
1003 166 1065 194 0.000194 9
1040 118 1065 161 0.000193 9
1105 149 1119 169 0.000192 9
1079 127 1120 193 0.000191 9
1077 180 1097 211 0.000188 9
579 64 596 92 0.000188 9
854 111 870 137 0.000187 9
1142 130 1196 185 0.000186 9
683 133 710 189 0.000184 9
1023 85 1039 124 0.000184 9
255 161 261 174 0.000184 9
590 64 640 93 0.000183 9
364 155 383 187 0.000183 9
867 120 880 136 0.000180 9
959 159 992 189 0.000180 9
784 114 835 137 0.000180 9
360 154 378 189 0.000179 9
914 156 993 189 0.000178 9
1115 165 1159 224 0.000176 9
160 64 198 90 0.000175 9
679 111 713 223 0.000173 9
956 142 1010 234 0.000173 9
694 120 714 180 0.000173 9
928 152 937 167 0.000172 9
591 64 628 92 0.000172 9
1005 96 1070 178 0.000172 9
904 66 929 119 0.000171 9
391 83 405 96 0.000169 9
680 120 691 152 0.000168 9
947 139 994 170 0.000168 9
682 157 703 214 0.000168 9
1112 104 1120 120 0.000168 9
1200 133 1215 165 0.000167 9
255 155 264 174 0.000166 9
800 145 816 160 0.000166 9
1040 112 1102 300 0.000166 9
908 151 992 189 0.000166 9
996 132 1093 226 0.000165 9
690 118 713 173 0.000164 9
579 64 634 94 0.000164 9
786 114 835 138 0.000164 9
352 161 365 190 0.000164 9
265 216 275 232 0.000164 9
692 148 717 217 0.000162 9
660 120 671 147 0.000161 9
1091 149 1121 197 0.000161 9
543 160 581 192 0.000160 9
240 165 248 178 0.000160 9
934 70 975 92 0.000160 9
974 167 991 185 0.000160 9
358 151 374 190 0.000158 9
545 160 581 187 0.000158 9
810 151 858 166 0.000158 9
1149 133 1190 181 0.000157 9
1184 383 1206 400 0.000155 9
861 99 871 119 0.000154 9
1143 163 1203 220 0.000152 9
640 127 673 177 0.000152 9
585 101 599 137 0.000150 9
792 138 815 158 0.000148 9
704 80 721 94 0.000148 9
943 82 960 93 0.000148 9
822 83 855 137 0.000148 9
784 113 835 155 0.000148 9
352 165 366 189 0.000147 9
873 120 889 137 0.000147 9
508 152 551 189 0.000146 9
1103 104 1112 119 0.000146 9
1248 344 1262 370 0.000146 9
1072 64 1140 74 0.000145 9
651 126 665 145 0.000145 9
799 151 854 222 0.000144 9
1141 153 1170 187 0.000142 9
1170 177 1200 219 0.000142 9
512 149 545 184 0.000141 9
627 139 659 166 0.000141 9
1060 109 1085 142 0.000140 9
833 87 843 104 0.000139 9
266 215 275 232 0.000139 9
1148 164 1193 185 0.000139 9
324 158 352 199 0.000138 9
260 116 267 128 0.000138 9
673 334 679 343 0.000138 9
256 176 265 190 0.000138 9
1021 85 1041 158 0.000137 9
1220 158 1248 197 0.000136 9
1075 146 1145 279 0.000136 9
322 91 334 120 0.000136 9
1128 64 1152 87 0.000136 9
966 122 981 137 0.000135 9
943 133 959 150 0.000135 9
969 115 985 144 0.000134 9
375 164 395 188 0.000133 9
839 112 851 132 0.000133 9
1185 132 1216 190 0.000132 9
354 157 380 193 0.000132 9
1189 131 1223 222 0.000132 9
650 123 672 171 0.000131 9
318 89 333 159 0.000131 9
1139 128 1186 186 0.000131 9
543 164 577 187 0.000130 9
1049 148 1064 166 0.000130 9
1150 102 1186 136 0.000130 9
1099 164 1152 189 0.000128 9
256 84 269 102 0.000128 9
1018 84 1042 160 0.000128 9
314 152 351 198 0.000127 9
376 161 409 188 0.000127 9
386 67 417 99 0.000126 9
781 132 833 159 0.000126 9
678 64 692 69 0.000126 9
1145 135 1199 192 0.000125 9
703 74 722 96 0.000125 9
702 79 723 96 0.000124 9
1217 109 1232 136 0.000124 9
1036 117 1065 160 0.000124 9
961 351 987 391 0.000123 9
588 64 641 96 0.000122 9
440 143 548 183 0.000122 9
213 181 225 192 0.000122 9
265 215 277 232 0.000122 9
255 109 266 128 0.000121 9
77 64 162 74 0.000120 9
907 151 988 187 0.000120 9
795 134 865 169 0.000119 9
571 163 581 180 0.000119 9
249 177 256 191 0.000118 9
1022 86 1040 138 0.000118 9
1263 79 1279 105 0.000118 9
837 109 863 136 0.000117 9
835 116 856 139 0.000117 9
696 64 725 104 0.000117 9
687 93 693 106 0.000117 9
515 167 575 191 0.000116 9
894 149 911 177 0.000116 9
444 156 524 185 0.000116 9
1103 164 1161 222 0.000115 9
866 105 1206 277 0.000115 9
679 64 698 69 0.000114 9
680 168 690 215 0.000113 9
548 172 602 203 0.000113 9
1204 129 1231 192 0.000113 9
550 141 564 150 0.000112 9
1020 85 1040 127 0.000111 9
1079 139 1195 255 0.000111 9
448 156 490 174 0.000110 9
1150 135 1166 156 0.000110 9
989 280 1006 312 0.000109 9
463 172 473 187 0.000109 9
700 151 718 180 0.000108 9
1083 126 1158 220 0.000107 9
1165 138 1205 190 0.000107 9
1087 161 1172 279 0.000107 9
215 163 226 177 0.000106 9
1096 127 1110 159 0.000106 9
1103 535 1119 584 0.000106 9
579 64 627 93 0.000106 9
1166 140 1183 153 0.000105 9
828 136 940 164 0.000105 9
679 64 704 111 0.000104 9
869 162 898 177 0.000104 9
975 166 992 186 0.000104 9
597 133 605 143 0.000104 9
224 176 248 192 0.000103 9
894 120 906 139 0.000103 9
660 121 671 152 0.000103 9
1051 113 1084 159 0.000103 9
1086 124 1106 167 0.000102 9
119 64 196 88 0.000102 9
257 143 270 179 0.000101 9
848 82 859 106 0.000101 9
647 162 696 217 0.000100 9
312 149 340 194 0.041171 11
523 183 536 197 0.038126 11
325 110 366 164 0.019316 11
1230 196 1256 233 0.018215 11
1182 190 1199 216 0.016674 11
1054 112 1082 145 0.011466 11
518 190 526 200 0.007952 11
522 183 536 198 0.006817 11
1054 113 1082 143 0.002851 11
448 157 491 171 0.001641 11
865 200 879 220 0.000786 11
866 200 879 216 0.000779 11
1180 168 1215 217 0.000348 11
320 64 359 101 0.000234 11
320 64 362 104 0.000190 11
320 64 363 108 0.000167 11
321 168 340 194 0.000137 11
