663 198 701 286 0.837970 0
1160 203 1233 354 0.802768 0
1035 195 1060 252 0.774137 0
0 362 336 703 0.562626 0
1173 180 1199 230 0.529229 0
841 200 869 269 0.200889 0
841 201 868 265 0.167669 0
841 201 863 263 0.161205 0
254 201 267 243 0.139452 0
1170 180 1200 253 0.101492 0
841 201 872 269 0.097298 0
841 201 857 255 0.093878 0
839 200 881 275 0.071163 0
841 201 857 245 0.062399 0
841 200 880 271 0.058591 0
840 202 858 266 0.051332 0
842 201 857 241 0.047978 0
839 200 877 270 0.044999 0
841 202 857 273 0.042790 0
1173 183 1199 225 0.036880 0
832 202 881 279 0.034413 0
1166 183 1199 250 0.032744 0
1180 181 1199 210 0.025199 0
846 200 857 221 0.025097 0
254 200 269 243 0.021068 0
1178 182 1199 213 0.021067 0
863 200 876 236 0.020621 0
472 202 486 239 0.020044 0
472 200 488 251 0.019481 0
844 201 869 241 0.018880 0
456 203 487 253 0.017632 0
1170 191 1196 249 0.015104 0
863 200 877 237 0.015102 0
1172 186 1198 247 0.014247 0
862 200 882 269 0.012379 0
862 204 876 235 0.011519 0
1177 181 1199 223 0.011151 0
863 200 879 253 0.010610 0
864 202 883 268 0.010282 0
841 201 857 238 0.009663 0
844 200 873 238 0.009199 0
1038 216 1059 252 0.007471 0
666 198 701 286 0.005734 0
1169 192 1190 248 0.005078 0
473 200 484 219 0.004759 0
460 201 485 241 0.004745 0
804 185 815 213 0.004519 0
1035 194 1059 244 0.004488 0
787 198 793 215 0.004485 0
803 185 815 217 0.004396 0
938 204 943 215 0.003860 0
244 197 255 220 0.003640 0
1170 194 1202 263 0.003480 0
185 669 294 703 0.003366 0
242 197 253 235 0.003025 0
321 610 668 703 0.003024 0
1207 201 1227 233 0.002983 0
242 197 252 219 0.002867 0
459 198 487 255 0.002848 0
241 197 253 240 0.002846 0
242 197 252 239 0.002815 0
1216 201 1227 222 0.002768 0
1168 197 1189 248 0.002762 0
1112 194 1121 203 0.002686 0
474 201 487 218 0.002651 0
474 202 483 221 0.002640 0
958 370 981 422 0.002625 0
241 198 252 241 0.002550 0
804 184 814 209 0.002445 0
1172 204 1231 269 0.002355 0
1036 196 1077 253 0.002304 0
1202 195 1211 209 0.002098 0
1120 312 1128 329 0.002053 0
1180 181 1212 220 0.002030 0
244 199 255 224 0.001904 0
1176 201 1203 229 0.001903 0
510 197 518 210 0.001757 0
1209 188 1219 205 0.001754 0
1231 170 1246 181 0.001706 0
637 678 672 703 0.001636 0
254 200 269 240 0.001572 0
185 667 277 703 0.001568 0
802 185 830 239 0.001566 0
958 369 981 426 0.001521 0
1231 169 1246 181 0.001507 0
1170 195 1185 237 0.001507 0
802 184 815 227 0.001496 0
186 668 287 703 0.001438 0
1207 168 1219 204 0.001429 0
1217 208 1230 234 0.001390 0
1178 177 1200 215 0.001379 0
1214 200 1235 234 0.001377 0
1210 174 1225 218 0.001370 0
1112 195 1121 208 0.001368 0
1271 199 1279 266 0.001364 0
1195 191 1214 231 0.001339 0
1215 201 1231 232 0.001336 0
1232 171 1245 181 0.001334 0
682 227 693 244 0.001322 0
1194 206 1228 267 0.001302 0
784 192 794 213 0.001271 0
240 203 252 241 0.001249 0
1202 195 1211 213 0.001214 0
1036 194 1059 222 0.001204 0
1178 207 1232 273 0.001204 0
621 192 641 212 0.001196 0
1199 383 1210 416 0.001170 0
1203 200 1233 264 0.001158 0
1200 203 1229 262 0.001135 0
311 185 323 198 0.001103 0
965 372 981 391 0.001100 0
958 369 985 418 0.001083 0
213 199 224 227 0.001082 0
1038 195 1060 237 0.001077 0
242 198 260 243 0.001076 0
801 184 816 235 0.001064 0
965 371 983 391 0.001061 0
242 196 254 230 0.000992 0
1232 170 1246 181 0.000983 0
789 331 810 345 0.000982 0
1265 177 1279 237 0.000957 0
1044 196 1076 251 0.000941 0
458 204 467 218 0.000936 0
311 186 323 199 0.000912 0
456 203 465 221 0.000909 0
1028 195 1080 252 0.000897 0
186 675 294 703 0.000894 0
1204 199 1251 265 0.000874 0
463 197 485 222 0.000867 0
848 185 857 216 0.000854 0
1198 383 1208 415 0.000850 0
1175 224 1207 277 0.000847 0
244 199 256 233 0.000846 0
185 667 269 703 0.000841 0
964 369 985 392 0.000839 0
964 370 981 390 0.000826 0
1199 385 1207 416 0.000809 0
184 197 191 206 0.000799 0
965 373 980 389 0.000792 0
958 368 988 424 0.000765 0
1165 177 1228 246 0.000760 0
1201 203 1233 267 0.000759 0
243 200 266 243 0.000749 0
1264 200 1279 269 0.000744 0
1212 189 1231 232 0.000739 0
214 206 224 228 0.000733 0
1210 169 1233 233 0.000725 0
537 194 551 212 0.000711 0
641 678 673 703 0.000688 0
1182 172 1202 210 0.000670 0
471 188 489 222 0.000664 0
880 203 901 239 0.000636 0
879 210 889 232 0.000623 0
1210 167 1232 206 0.000619 0
800 184 825 239 0.000619 0
630 687 672 703 0.000607 0
186 673 288 703 0.000605 0
1170 191 1185 227 0.000599 0
1197 196 1222 232 0.000598 0
1188 168 1217 216 0.000598 0
859 194 875 232 0.000590 0
786 197 799 234 0.000587 0
1174 202 1210 251 0.000586 0
928 242 936 254 0.000577 0
637 192 656 213 0.000561 0
957 371 979 438 0.000561 0
1210 167 1227 209 0.000557 0
863 438 880 475 0.000549 0
213 194 224 224 0.000548 0
640 686 684 703 0.000538 0
1039 201 1063 242 0.000537 0
158 207 166 227 0.000532 0
881 201 902 232 0.000527 0
460 224 482 305 0.000525 0
787 198 797 215 0.000513 0
1209 166 1232 229 0.000506 0
1198 383 1207 407 0.000506 0
956 367 1024 426 0.000505 0
786 330 813 391 0.000492 0
785 327 849 344 0.000492 0
1176 203 1224 254 0.000484 0
456 202 465 220 0.000477 0
994 384 1024 422 0.000476 0
862 436 880 473 0.000473 0
462 218 486 274 0.000458 0
1088 194 1097 209 0.000437 0
1104 312 1115 328 0.000432 0
346 188 353 199 0.000431 0
785 276 848 344 0.000424 0
944 348 1023 426 0.000420 0
1067 200 1077 230 0.000417 0
1215 391 1232 435 0.000416 0
691 219 702 280 0.000414 0
875 206 889 244 0.000411 0
329 184 343 199 0.000408 0
1201 227 1230 268 0.000407 0
1105 311 1128 329 0.000407 0
185 672 279 703 0.000406 0
1217 167 1232 192 0.000399 0
367 208 374 217 0.000392 0
640 689 682 703 0.000387 0
471 188 485 222 0.000382 0
213 200 220 227 0.000377 0
863 437 880 478 0.000376 0
252 196 269 254 0.000373 0
671 201 679 227 0.000368 0
249 200 271 263 0.000368 0
812 276 849 344 0.000363 0
284 626 367 703 0.000356 0
997 385 1024 420 0.000355 0
158 208 166 228 0.000355 0
629 200 646 226 0.000352 0
1198 383 1216 418 0.000352 0
921 201 947 249 0.000349 0
999 384 1024 413 0.000347 0
386 198 396 206 0.000342 0
1075 332 1090 363 0.000339 0
957 370 979 450 0.000337 0
1073 332 1090 365 0.000335 0
212 209 225 240 0.000325 0
788 268 849 345 0.000324 0
1044 279 1058 296 0.000320 0
784 330 816 391 0.000320 0
1204 207 1243 265 0.000315 0
965 367 991 393 0.000315 0
1166 180 1202 236 0.000314 0
351 189 359 200 0.000312 0
925 201 944 253 0.000310 0
690 227 702 283 0.000309 0
930 343 1025 458 0.000305 0
639 672 672 703 0.000300 0
777 263 849 345 0.000300 0
785 197 796 232 0.000300 0
865 204 890 247 0.000300 0
0 363 122 549 0.000297 0
992 383 1024 435 0.000297 0
254 201 272 250 0.000295 0
1214 386 1232 434 0.000285 0
1184 383 1212 416 0.000285 0
670 234 696 285 0.000283 0
1089 226 1103 269 0.000277 0
635 670 672 703 0.000274 0
285 633 348 703 0.000272 0
689 215 702 285 0.000272 0
1185 383 1210 414 0.000270 0
1199 383 1216 417 0.000270 0
940 354 1025 462 0.000262 0
1214 389 1232 433 0.000261 0
957 368 983 393 0.000261 0
814 292 848 345 0.000260 0
199 210 207 220 0.000255 0
1074 331 1089 345 0.000251 0
1103 312 1121 329 0.000250 0
969 370 991 392 0.000249 0
948 344 1026 428 0.000248 0
242 203 267 247 0.000244 0
787 202 805 239 0.000229 0
375 185 387 201 0.000223 0
1035 194 1063 226 0.000222 0
782 280 850 344 0.000222 0
672 199 683 216 0.000221 0
1154 317 1180 355 0.000220 0
1200 382 1232 430 0.000219 0
1199 382 1217 415 0.000217 0
240 194 255 225 0.000216 0
1136 447 1143 460 0.000216 0
1090 245 1099 269 0.000215 0
1083 128 1108 260 0.000215 0
1193 166 1217 210 0.000213 0
182 199 192 216 0.000212 0
1173 176 1200 227 0.000207 0
1200 385 1216 418 0.000203 0
1097 399 1104 407 0.000202 0
681 226 699 283 0.000201 0
943 350 981 445 0.000200 0
961 365 1024 422 0.000199 0
185 669 261 703 0.000199 0
921 340 1022 431 0.000198 0
1055 487 1068 500 0.000195 0
943 356 980 459 0.000193 0
1200 364 1229 416 0.000193 0
518 229 538 249 0.000191 0
815 297 849 344 0.000189 0
814 281 849 344 0.000188 0
1246 197 1279 325 0.000187 0
1059 238 1072 295 0.000183 0
686 197 696 214 0.000183 0
0 637 19 703 0.000182 0
1155 193 1171 215 0.000178 0
324 186 342 199 0.000178 0
242 194 255 218 0.000178 0
1042 225 1085 284 0.000177 0
0 637 39 703 0.000175 0
1167 379 1179 393 0.000173 0
154 203 164 230 0.000172 0
1198 343 1227 419 0.000170 0
780 311 849 344 0.000170 0
185 675 272 703 0.000169 0
286 627 354 703 0.000166 0
0 637 25 703 0.000166 0
213 196 220 220 0.000165 0
796 306 849 344 0.000165 0
0 637 35 703 0.000164 0
1080 130 1115 255 0.000163 0
967 368 1025 424 0.000162 0
800 158 824 230 0.000161 0
753 269 850 348 0.000161 0
1047 158 1177 317 0.000160 0
421 149 947 401 0.000159 0
310 186 325 199 0.000159 0
760 263 846 345 0.000157 0
103 249 128 264 0.000157 0
0 363 127 662 0.000156 0
1027 278 1039 295 0.000154 0
913 475 927 487 0.000152 0
897 335 927 378 0.000152 0
1199 379 1232 426 0.000151 0
1072 331 1092 376 0.000150 0
665 201 676 220 0.000150 0
359 162 925 301 0.000149 0
1195 347 1269 412 0.000147 0
960 360 1022 420 0.000146 0
320 536 654 704 0.000146 0
949 368 978 461 0.000146 0
108 627 195 704 0.000146 0
1060 181 1124 277 0.000146 0
927 342 992 400 0.000145 0
630 183 652 210 0.000142 0
954 370 978 459 0.000142 0
912 469 928 486 0.000140 0
205 202 222 228 0.000136 0
943 344 968 392 0.000134 0
911 453 928 486 0.000134 0
262 200 278 239 0.000133 0
1087 219 1123 268 0.000133 0
0 638 21 703 0.000133 0
1123 313 1136 330 0.000133 0
257 204 278 244 0.000131 0
836 183 878 234 0.000130 0
1210 386 1232 432 0.000130 0
986 379 1024 424 0.000130 0
905 336 926 351 0.000129 0
124 211 134 237 0.000129 0
111 621 193 704 0.000128 0
993 382 1025 447 0.000128 0
1071 330 1090 363 0.000126 0
952 342 995 396 0.000126 0
1156 219 1189 295 0.000125 0
942 351 982 428 0.000125 0
955 356 1030 472 0.000124 0
1059 228 1092 281 0.000123 0
187 685 289 703 0.000123 0
659 195 768 286 0.000122 0
0 64 73 214 0.000122 0
645 197 662 217 0.000122 0
1032 231 1075 298 0.000121 0
788 216 811 240 0.000121 0
0 640 49 703 0.000119 0
116 626 194 704 0.000119 0
1160 376 1167 384 0.000117 0
276 599 338 703 0.000116 0
965 363 1027 422 0.000116 0
781 313 851 344 0.000116 0
1135 447 1142 463 0.000115 0
918 338 1021 461 0.000115 0
985 384 1023 424 0.000114 0
866 334 886 344 0.000114 0
1127 446 1135 462 0.000113 0
0 637 15 703 0.000113 0
634 197 702 287 0.000112 0
0 363 124 568 0.000110 0
575 278 597 392 0.000109 0
1025 279 1040 296 0.000109 0
635 685 710 703 0.000107 0
0 635 44 703 0.000107 0
752 463 762 472 0.000107 0
952 344 988 396 0.000107 0
1029 307 1123 404 0.000107 0
1048 151 1211 329 0.000106 0
1039 277 1058 333 0.000106 0
0 637 14 701 0.000105 0
213 184 244 245 0.000105 0
623 670 669 703 0.000104 0
1160 196 1279 340 0.000104 0
184 677 267 703 0.000103 0
1042 278 1058 316 0.000103 0
99 621 193 704 0.000102 0
1006 174 1275 343 0.000101 0
926 341 994 395 0.000100 0
1150 262 1242 369 0.874338 1
1027 218 1065 262 0.618432 1
829 233 882 279 0.553279 1
455 222 488 253 0.423185 1
473 224 488 253 0.132620 1
21 216 72 257 0.122251 1
473 221 488 253 0.104299 1
1027 218 1079 262 0.086752 1
829 236 855 279 0.086599 1
460 220 488 253 0.067609 1
829 224 882 279 0.050875 1
829 218 857 279 0.042587 1
829 236 883 279 0.034119 1
21 223 73 257 0.033493 1
20 219 72 257 0.032192 1
1027 235 1064 262 0.024882 1
48 228 73 256 0.024123 1
23 216 71 250 0.023861 1
48 222 73 256 0.022529 1
454 210 488 253 0.020896 1
830 228 883 275 0.017229 1
24 215 42 246 0.016932 1
22 216 42 247 0.015878 1
283 627 367 703 0.015821 1
48 230 73 256 0.014411 1
867 237 882 268 0.014348 1
48 219 73 256 0.013868 1
1028 223 1080 262 0.011294 1
181 626 367 703 0.010446 1
24 214 53 249 0.009473 1
20 215 42 247 0.009265 1
19 224 42 247 0.008018 1
1190 261 1242 367 0.007756 1
20 227 41 249 0.007443 1
866 238 883 274 0.007226 1
1152 286 1201 356 0.006585 1
23 213 66 253 0.006202 1
16 225 53 257 0.005876 1
1038 217 1082 251 0.005710 1
1153 286 1208 350 0.005264 1
1023 217 1080 259 0.005222 1
1153 286 1218 345 0.004892 1
1049 223 1064 250 0.004655 1
1041 220 1065 248 0.004627 1
1047 220 1081 255 0.004322 1
1045 222 1082 261 0.004267 1
0 217 73 257 0.003956 1
1036 216 1058 255 0.003917 1
1022 239 1053 262 0.003830 1
831 237 857 280 0.003606 1
820 215 865 248 0.003074 1
1012 229 1040 262 0.003058 1
1153 285 1203 346 0.002999 1
50 231 74 256 0.002804 1
0 215 70 256 0.002763 1
632 202 646 216 0.002743 1
78 232 115 256 0.002708 1
1200 269 1241 368 0.002667 1
1201 306 1241 369 0.002423 1
78 234 114 257 0.002266 1
1231 198 1256 233 0.002256 1
106 236 156 261 0.002219 1
78 220 102 255 0.002170 1
113 237 156 254 0.002124 1
101 235 156 263 0.002099 1
110 236 156 255 0.002084 1
1008 224 1041 261 0.001963 1
832 236 885 281 0.001894 1
113 237 156 262 0.001728 1
1192 261 1241 347 0.001698 1
54 221 102 257 0.001678 1
1154 288 1178 316 0.001661 1
1198 264 1242 363 0.001655 1
1153 285 1191 337 0.001639 1
60 625 361 704 0.001632 1
114 216 159 255 0.001630 1
1163 260 1231 345 0.001625 1
1161 262 1224 343 0.001520 1
78 220 105 255 0.001482 1
85 234 156 260 0.001408 1
1153 270 1216 345 0.001370 1
868 235 887 270 0.001361 1
1153 291 1200 355 0.001338 1
118 216 165 253 0.001324 1
455 227 486 253 0.001316 1
633 199 654 216 0.001309 1
1200 300 1242 367 0.001302 1
1197 308 1241 369 0.001299 1
829 231 946 284 0.001278 1
47 230 73 264 0.001277 1
110 218 158 256 0.001272 1
1155 259 1182 319 0.001250 1
1032 229 1068 262 0.001243 1
127 238 155 255 0.001227 1
20 229 73 265 0.001199 1
866 240 890 281 0.001199 1
0 228 36 258 0.001193 1
1002 223 1040 261 0.001190 1
867 239 887 273 0.001184 1
78 219 113 256 0.001144 1
860 237 890 282 0.001124 1
137 218 163 238 0.001113 1
1002 228 1039 261 0.001106 1
138 217 160 237 0.001100 1
1017 222 1043 260 0.001079 1
1191 262 1235 333 0.001061 1
828 234 1026 293 0.001038 1
61 221 98 256 0.001027 1
1154 288 1180 315 0.001017 1
1155 301 1200 354 0.001005 1
639 196 655 215 0.000991 1
918 271 960 297 0.000986 1
1193 263 1237 331 0.000959 1
78 220 96 243 0.000937 1
1167 259 1235 343 0.000925 1
828 193 975 279 0.000924 1
1192 301 1241 369 0.000915 1
1149 287 1187 353 0.000906 1
1150 286 1180 342 0.000904 1
125 218 168 251 0.000898 1
51 217 71 242 0.000890 1
1163 269 1221 345 0.000882 1
830 233 956 298 0.000880 1
1058 228 1084 254 0.000873 1
1153 288 1179 319 0.000861 1
50 223 102 261 0.000843 1
1161 263 1221 350 0.000835 1
49 218 89 255 0.000826 1
1195 262 1242 345 0.000823 1
473 222 494 252 0.000822 1
860 246 912 289 0.000798 1
910 270 954 297 0.000797 1
950 272 959 294 0.000770 1
473 219 495 253 0.000763 1
924 272 962 298 0.000728 1
950 271 959 294 0.000726 1
1190 259 1239 281 0.000719 1
216 214 242 262 0.000713 1
866 242 915 289 0.000707 1
120 218 172 260 0.000706 1
926 273 960 298 0.000703 1
1010 243 1031 261 0.000702 1
1153 289 1177 327 0.000694 1
949 273 960 303 0.000690 1
1032 217 1051 254 0.000687 1
107 221 156 257 0.000679 1
131 215 149 237 0.000659 1
1183 263 1230 337 0.000658 1
1165 265 1241 366 0.000651 1
75 617 360 703 0.000630 1
50 229 73 263 0.000626 1
866 227 888 269 0.000621 1
1150 292 1183 353 0.000610 1
908 269 947 296 0.000597 1
871 262 913 290 0.000592 1
50 217 73 251 0.000592 1
1171 309 1200 354 0.000589 1
926 272 961 302 0.000587 1
134 212 162 238 0.000586 1
131 214 160 237 0.000585 1
1183 258 1235 300 0.000572 1
890 264 912 290 0.000557 1
1160 287 1208 343 0.000555 1
0 229 19 282 0.000548 1
843 247 914 296 0.000545 1
850 258 914 296 0.000544 1
452 208 485 254 0.000536 1
909 270 958 298 0.000524 1
903 267 947 296 0.000520 1
208 219 242 262 0.000518 1
279 626 350 703 0.000515 1
1171 261 1233 344 0.000512 1
1197 265 1233 311 0.000506 1
917 269 960 296 0.000496 1
889 263 916 293 0.000495 1
948 273 960 305 0.000494 1
464 199 573 260 0.000492 1
1192 259 1235 279 0.000491 1
889 264 914 291 0.000490 1
884 248 918 292 0.000482 1
829 236 1041 306 0.000479 1
262 625 338 703 0.000477 1
1188 259 1232 277 0.000476 1
466 191 566 257 0.000475 1
1180 259 1236 335 0.000467 1
1188 258 1238 301 0.000457 1
1159 302 1200 349 0.000456 1
14 208 43 245 0.000451 1
920 270 960 296 0.000446 1
1189 260 1237 320 0.000444 1
875 262 914 293 0.000439 1
67 221 96 242 0.000435 1
1153 282 1181 319 0.000434 1
1207 197 1261 264 0.000428 1
867 234 916 289 0.000424 1
1168 277 1222 347 0.000420 1
218 229 241 262 0.000420 1
1155 246 1189 318 0.000419 1
1118 281 1181 336 0.000418 1
826 233 1040 298 0.000412 1
113 228 172 263 0.000408 1
1160 284 1214 343 0.000407 1
212 228 242 262 0.000406 1
1195 263 1240 324 0.000405 1
927 272 961 308 0.000392 1
890 264 917 294 0.000376 1
193 219 236 260 0.000365 1
1194 260 1240 277 0.000358 1
1184 311 1200 342 0.000357 1
1184 286 1213 337 0.000355 1
1152 327 1174 356 0.000348 1
127 214 151 237 0.000340 1
1203 302 1244 364 0.000336 1
926 274 961 310 0.000335 1
884 263 935 296 0.000334 1
824 227 855 279 0.000323 1
1164 286 1241 364 0.000323 1
23 208 56 248 0.000321 1
1171 313 1200 356 0.000318 1
888 261 911 288 0.000315 1
1098 312 1134 344 0.000313 1
82 216 95 236 0.000312 1
15 212 47 250 0.000312 1
841 241 907 296 0.000310 1
826 239 1047 307 0.000309 1
1154 328 1173 356 0.000305 1
1180 311 1200 348 0.000303 1
1158 301 1242 368 0.000303 1
869 238 916 290 0.000302 1
1152 323 1175 354 0.000302 1
1153 308 1241 367 0.000302 1
1201 312 1242 369 0.000298 1
1166 256 1222 347 0.000295 1
8 225 74 270 0.000287 1
828 231 903 296 0.000287 1
750 255 852 343 0.000281 1
891 265 933 296 0.000277 1
826 239 855 279 0.000272 1
808 261 845 305 0.000258 1
1125 288 1179 354 0.000256 1
214 214 242 261 0.000253 1
1002 241 1031 261 0.000248 1
77 234 116 264 0.000248 1
816 221 950 320 0.000246 1
145 220 180 260 0.000245 1
826 186 986 288 0.000245 1
1192 261 1238 306 0.000244 1
79 216 96 238 0.000244 1
142 219 171 250 0.000243 1
1124 278 1180 337 0.000243 1
825 242 855 280 0.000242 1
1202 309 1249 368 0.000237 1
1159 311 1200 357 0.000231 1
1204 246 1232 270 0.000231 1
1196 263 1240 312 0.000225 1
832 235 859 298 0.000225 1
0 206 47 256 0.000223 1
217 212 242 261 0.000219 1
1116 285 1170 352 0.000217 1
1112 279 1164 334 0.000216 1
826 276 882 306 0.000216 1
202 231 236 261 0.000214 1
909 270 962 312 0.000210 1
1149 298 1240 370 0.000209 1
1113 282 1169 340 0.000204 1
1200 269 1275 340 0.000203 1
1192 260 1239 288 0.000201 1
795 236 953 318 0.000197 1
1149 326 1185 361 0.000196 1
1155 244 1199 338 0.000196 1
804 262 839 288 0.000193 1
894 241 952 296 0.000193 1
1174 265 1279 369 0.000191 1
111 221 120 238 0.000190 1
460 219 488 268 0.000188 1
123 220 133 237 0.000187 1
815 264 852 306 0.000185 1
1153 328 1182 358 0.000185 1
191 223 240 262 0.000183 1
749 227 885 282 0.000183 1
1086 311 1136 344 0.000183 1
828 241 856 303 0.000182 1
473 207 506 253 0.000178 1
1205 288 1254 352 0.000177 1
847 236 885 296 0.000174 1
451 203 479 234 0.000169 1
467 193 573 265 0.000167 1
780 205 888 280 0.000164 1
101 238 155 264 0.000163 1
1082 310 1142 346 0.000161 1
750 230 864 285 0.000159 1
904 244 954 296 0.000157 1
1217 253 1233 267 0.000157 1
192 232 232 262 0.000156 1
888 243 925 295 0.000153 1
1156 323 1178 356 0.000153 1
1140 311 1173 353 0.000148 1
75 232 107 264 0.000148 1
749 238 875 313 0.000146 1
820 244 1046 307 0.000146 1
0 647 290 703 0.000142 1
24 207 63 245 0.000138 1
811 258 851 289 0.000137 1
643 687 809 703 0.000134 1
1175 264 1278 359 0.000134 1
907 244 966 296 0.000130 1
1172 272 1279 392 0.000130 1
1190 266 1277 333 0.000130 1
765 257 839 309 0.000128 1
436 220 489 255 0.000127 1
808 261 847 311 0.000127 1
1152 255 1233 354 0.000125 1
1150 310 1243 369 0.000125 1
821 213 1051 300 0.000125 1
866 230 912 277 0.000123 1
806 260 833 285 0.000123 1
472 218 520 254 0.000121 1
1107 278 1160 335 0.000121 1
113 221 134 239 0.000120 1
449 220 489 254 0.000119 1
1118 310 1137 330 0.000116 1
923 281 1002 313 0.000115 1
100 244 155 264 0.000114 1
627 201 655 224 0.000112 1
59 226 99 266 0.000111 1
794 234 1037 327 0.000110 1
1144 281 1210 368 0.000109 1
471 207 522 254 0.000109 1
444 207 580 279 0.000105 1
1152 264 1237 356 0.000105 1
467 180 563 257 0.000104 1
1106 287 1150 332 0.000104 1
2 226 57 269 0.000103 1
1192 262 1240 303 0.000103 1
872 240 919 292 0.000103 1
882 263 917 296 0.000103 1
1139 321 1173 357 0.000103 1
145 231 184 263 0.000101 1
441 217 488 253 0.000101 1
1200 317 1240 369 0.000101 1
923 283 990 313 0.000101 1
1118 299 1172 358 0.000101 1
502 207 516 217 0.063554 2
983 196 1056 229 0.051815 2
491 207 516 217 0.045353 2
984 198 1043 229 0.044361 2
607 199 645 216 0.043543 2
984 197 1049 229 0.041223 2
983 195 1063 229 0.040546 2
489 206 516 217 0.029665 2
606 200 645 216 0.029573 2
983 199 1036 229 0.029268 2
982 201 1025 229 0.024711 2
994 196 1052 228 0.023391 2
697 186 729 234 0.023124 2
697 199 729 234 0.022441 2
998 197 1046 229 0.020874 2
993 198 1040 229 0.020552 2
983 200 1026 230 0.018962 2
613 198 645 216 0.018818 2
1114 215 1176 247 0.018812 2
1004 196 1049 228 0.016899 2
486 204 516 217 0.016431 2
588 183 646 216 0.016306 2
1271 199 1279 235 0.016230 2
528 201 552 218 0.015869 2
982 204 1022 229 0.015059 2
876 198 953 233 0.014567 2
529 199 553 218 0.013053 2
697 202 728 234 0.012568 2
700 184 728 228 0.012481 2
489 205 516 217 0.012258 2
982 196 1072 253 0.011412 2
702 184 729 216 0.010950 2
701 184 729 233 0.010925 2
484 199 515 216 0.010908 2
488 199 516 217 0.010795 2
984 197 1067 252 0.010154 2
1004 195 1058 221 0.009421 2
1270 197 1279 235 0.009051 2
530 202 552 218 0.007628 2
533 206 550 218 0.007329 2
526 199 552 218 0.007011 2
1263 198 1279 236 0.006939 2
1139 231 1168 247 0.006855 2
530 201 553 218 0.006826 2
789 232 810 239 0.006255 2
871 198 953 231 0.006047 2
981 202 1027 240 0.005995 2
822 329 848 344 0.005952 2
1139 231 1172 247 0.005753 2
1263 201 1279 234 0.005422 2
1139 231 1165 247 0.005406 2
588 184 622 200 0.005306 2
1260 197 1279 234 0.005078 2
982 208 998 228 0.004853 2
965 205 988 223 0.004794 2
1268 199 1279 235 0.004726 2
718 197 728 214 0.004494 2
620 196 655 216 0.004378 2
1248 201 1279 235 0.004172 2
621 192 642 209 0.004144 2
531 201 554 218 0.004111 2
960 207 985 224 0.003933 2
588 183 656 216 0.003927 2
559 200 578 216 0.003911 2
488 197 516 216 0.003908 2
981 205 998 228 0.003769 2
513 199 553 218 0.003679 2
589 196 635 215 0.003577 2
1239 197 1279 267 0.003545 2
1198 289 1279 412 0.003290 2
1095 220 1121 248 0.003281 2
1226 167 1279 181 0.003131 2
552 200 577 216 0.003125 2
965 206 987 236 0.003107 2
1256 198 1279 266 0.003013 2
1271 199 1279 251 0.002971 2
1070 218 1092 248 0.002924 2
1002 210 1023 230 0.002915 2
980 204 1019 249 0.002838 2
958 206 986 235 0.002836 2
1070 215 1091 234 0.002829 2
1113 220 1136 247 0.002782 2
1100 220 1134 248 0.002758 2
1101 222 1120 248 0.002714 2
1102 198 1121 209 0.002705 2
552 199 565 216 0.002641 2
1102 221 1132 248 0.002639 2
552 200 563 216 0.002596 2
1088 219 1120 248 0.002557 2
1115 220 1133 233 0.002545 2
829 285 848 302 0.002530 2
974 221 985 238 0.002523 2
1261 168 1279 182 0.002497 2
1114 215 1172 237 0.002454 2
693 197 727 218 0.002450 2
694 202 728 234 0.002438 2
828 285 848 310 0.002390 2
1264 364 1279 402 0.002344 2
588 184 620 201 0.002215 2
882 199 916 231 0.002206 2
971 206 998 250 0.002202 2
972 222 988 246 0.002186 2
1064 217 1092 248 0.002165 2
1204 199 1226 231 0.002107 2
874 199 946 244 0.002105 2
1089 215 1132 237 0.002092 2
1008 194 1043 215 0.002087 2
1216 198 1279 265 0.002078 2
1086 214 1122 233 0.002034 2
1114 214 1185 247 0.002010 2
1068 214 1091 240 0.001990 2
1085 215 1122 243 0.001925 2
557 199 593 216 0.001905 2
1250 199 1277 233 0.001888 2
1221 168 1279 183 0.001883 2
1070 216 1123 248 0.001877 2
973 223 997 252 0.001865 2
971 221 997 252 0.001861 2
987 191 1047 227 0.001838 2
973 222 997 251 0.001805 2
1008 194 1052 217 0.001782 2
962 201 991 223 0.001764 2
978 195 1053 256 0.001710 2
874 199 952 247 0.001697 2
1007 206 1031 232 0.001687 2
989 194 1102 233 0.001653 2
1205 200 1224 232 0.001645 2
975 213 1039 254 0.001644 2
1108 221 1137 248 0.001629 2
802 215 826 239 0.001617 2
622 191 656 215 0.001596 2
939 246 957 255 0.001575 2
1224 167 1279 183 0.001547 2
1114 217 1134 231 0.001529 2
932 199 954 206 0.001490 2
1263 366 1279 408 0.001481 2
1114 223 1159 247 0.001426 2
949 205 983 225 0.001417 2
556 183 625 215 0.001415 2
1216 201 1226 211 0.001410 2
559 201 577 216 0.001404 2
558 200 591 216 0.001401 2
1207 202 1229 234 0.001399 2
1235 200 1279 267 0.001380 2
1100 185 1122 209 0.001362 2
1203 195 1225 230 0.001357 2
880 199 907 231 0.001272 2
1070 200 1098 237 0.001271 2
1067 217 1093 249 0.001270 2
551 201 562 216 0.001265 2
706 207 728 234 0.001264 2
1135 231 1170 247 0.001250 2
969 198 1045 253 0.001248 2
959 205 987 248 0.001240 2
1104 229 1120 248 0.001168 2
802 214 826 238 0.001165 2
960 200 989 224 0.001152 2
975 215 1021 253 0.001151 2
973 220 1025 256 0.001142 2
915 200 984 230 0.001138 2
305 191 313 198 0.001104 2
589 202 609 215 0.001091 2
453 205 465 222 0.001090 2
1209 169 1264 233 0.001083 2
927 200 953 210 0.001079 2
1103 487 1134 497 0.001067 2
1104 487 1135 499 0.001030 2
1104 487 1135 498 0.001029 2
1264 366 1279 376 0.001026 2
744 202 768 216 0.000995 2
784 327 849 344 0.000993 2
628 200 655 217 0.000969 2
984 211 1063 260 0.000957 2
879 200 910 242 0.000957 2
552 200 578 217 0.000945 2
474 200 493 219 0.000933 2
907 193 1049 252 0.000932 2
913 199 952 241 0.000918 2
111 697 128 703 0.000896 2
882 199 908 232 0.000856 2
1247 197 1278 234 0.000854 2
693 184 728 215 0.000843 2
1201 328 1279 413 0.000828 2
999 217 1041 255 0.000822 2
823 283 848 311 0.000809 2
741 200 769 216 0.000807 2
942 206 983 251 0.000779 2
802 193 854 240 0.000775 2
965 200 997 226 0.000774 2
1074 199 1092 209 0.000766 2
803 211 851 240 0.000730 2
963 206 991 253 0.000719 2
1086 216 1101 232 0.000716 2
801 216 825 239 0.000715 2
717 199 737 216 0.000713 2
912 199 953 243 0.000712 2
1029 195 1059 240 0.000710 2
826 285 848 312 0.000707 2
1104 487 1136 505 0.000703 2
1073 195 1128 235 0.000692 2
1107 487 1135 498 0.000683 2
931 246 956 254 0.000680 2
1088 188 1096 201 0.000673 2
945 235 998 259 0.000673 2
1007 194 1060 218 0.000673 2
1251 204 1279 269 0.000672 2
699 184 764 218 0.000670 2
1259 176 1279 234 0.000668 2
728 199 773 216 0.000667 2
802 188 853 239 0.000666 2
1086 219 1100 232 0.000664 2
1068 198 1077 212 0.000660 2
1204 201 1225 236 0.000658 2
966 215 994 255 0.000657 2
988 184 1120 253 0.000657 2
1070 197 1105 235 0.000641 2
928 199 983 228 0.000640 2
1002 237 1032 261 0.000633 2
716 199 792 236 0.000632 2
999 239 1029 260 0.000631 2
1261 249 1279 268 0.000630 2
709 198 790 236 0.000627 2
556 200 611 216 0.000620 2
800 214 826 238 0.000611 2
520 196 543 217 0.000598 2
1086 205 1132 249 0.000590 2
1081 199 1125 236 0.000585 2
1251 198 1265 228 0.000579 2
823 281 848 309 0.000578 2
1263 349 1279 379 0.000560 2
1022 306 1106 340 0.000558 2
710 198 775 216 0.000541 2
531 201 552 221 0.000540 2
478 187 517 217 0.000531 2
453 181 682 223 0.000530 2
529 201 553 221 0.000526 2
974 238 997 257 0.000525 2
914 201 946 250 0.000512 2
997 233 1029 258 0.000505 2
1021 306 1112 336 0.000499 2
718 200 737 216 0.000495 2
926 193 987 226 0.000494 2
941 242 996 259 0.000492 2
1098 182 1123 207 0.000492 2
941 246 993 259 0.000484 2
1103 184 1122 205 0.000478 2
1022 307 1095 341 0.000474 2
919 191 986 229 0.000471 2
1091 196 1103 209 0.000469 2
1263 250 1279 270 0.000462 2
786 232 810 239 0.000458 2
1263 208 1279 269 0.000456 2
913 199 953 210 0.000445 2
579 183 622 201 0.000444 2
1087 200 1135 233 0.000441 2
1060 196 1077 225 0.000423 2
744 200 769 216 0.000415 2
915 201 950 249 0.000410 2
740 201 768 216 0.000408 2
1239 344 1267 358 0.000404 2
486 189 520 217 0.000404 2
983 183 1116 247 0.000403 2
873 198 929 245 0.000400 2
1264 350 1279 376 0.000394 2
877 201 909 244 0.000390 2
865 190 977 259 0.000389 2
1079 192 1091 202 0.000378 2
1215 197 1271 264 0.000377 2
1087 186 1107 208 0.000372 2
1071 327 1088 339 0.000370 2
699 183 757 216 0.000356 2
515 193 535 215 0.000355 2
1081 196 1160 235 0.000350 2
519 190 563 217 0.000347 2
477 189 510 217 0.000344 2
524 192 553 218 0.000342 2
494 180 551 225 0.000339 2
1022 306 1116 339 0.000332 2
1022 307 1118 334 0.000330 2
304 184 321 198 0.000325 2
945 246 958 255 0.000321 2
387 198 397 206 0.000320 2
974 251 988 261 0.000318 2
716 202 794 237 0.000317 2
1263 365 1279 413 0.000314 2
1183 273 1279 332 0.000311 2
702 195 732 235 0.000309 2
1013 281 1128 334 0.000306 2
876 205 906 244 0.000302 2
1022 321 1089 343 0.000301 2
1064 311 1137 345 0.000295 2
1023 325 1090 343 0.000286 2
1218 340 1280 407 0.000285 2
696 196 729 235 0.000281 2
446 170 548 219 0.000275 2
913 201 948 247 0.000274 2
1077 170 1124 251 0.000273 2
1034 191 1082 225 0.000272 2
704 198 738 235 0.000270 2
1061 325 1088 340 0.000266 2
1264 248 1279 271 0.000264 2
527 200 552 221 0.000260 2
1263 349 1279 367 0.000257 2
1077 321 1130 362 0.000255 2
1208 269 1279 327 0.000251 2
1207 357 1280 409 0.000249 2
1174 269 1279 329 0.000244 2
1021 326 1089 345 0.000241 2
868 199 917 236 0.000240 2
1238 345 1276 359 0.000235 2
1022 324 1089 344 0.000234 2
828 275 850 303 0.000233 2
985 246 1003 257 0.000233 2
917 202 945 252 0.000232 2
1049 310 1129 344 0.000230 2
848 469 867 479 0.000230 2
1263 347 1279 360 0.000229 2
1080 312 1134 345 0.000226 2
1217 170 1272 232 0.000223 2
1081 322 1129 345 0.000223 2
704 199 781 235 0.000221 2
1237 344 1274 359 0.000219 2
0 362 75 393 0.000217 2
546 192 649 218 0.000214 2
1225 158 1271 183 0.000214 2
1149 471 1168 479 0.000209 2
0 246 16 364 0.000207 2
724 200 761 216 0.000206 2
923 202 946 252 0.000201 2
1111 224 1184 250 0.000200 2
0 361 80 394 0.000197 2
1207 327 1275 411 0.000197 2
1201 344 1279 409 0.000195 2
1023 307 1089 337 0.000195 2
575 241 590 247 0.000192 2
1204 271 1279 324 0.000189 2
826 279 861 310 0.000186 2
1018 326 1090 366 0.000186 2
1023 277 1137 330 0.000185 2
1015 338 1024 345 0.000184 2
344 173 925 300 0.000183 2
974 247 1002 262 0.000183 2
1087 199 1181 235 0.000183 2
1238 345 1279 360 0.000182 2
1240 343 1269 359 0.000181 2
995 240 1031 262 0.000181 2
606 199 649 225 0.000180 2
1201 338 1275 411 0.000180 2
863 334 886 344 0.000179 2
1214 331 1279 408 0.000176 2
1234 344 1278 360 0.000176 2
1030 327 1089 346 0.000175 2
1023 291 1100 337 0.000173 2
1101 227 1123 254 0.000172 2
649 196 661 216 0.000169 2
1072 192 1086 207 0.000169 2
1103 487 1136 506 0.000169 2
881 199 946 249 0.000168 2
1151 471 1168 479 0.000167 2
1231 302 1279 361 0.000165 2
337 171 898 289 0.000162 2
1198 325 1273 411 0.000161 2
825 248 862 307 0.000158 2
1078 312 1128 362 0.000156 2
1081 313 1131 345 0.000156 2
957 247 990 261 0.000156 2
697 184 787 217 0.000155 2
983 246 1014 262 0.000154 2
858 334 886 343 0.000154 2
1203 260 1279 294 0.000152 2
293 178 308 199 0.000152 2
1028 275 1129 329 0.000149 2
350 174 828 287 0.000149 2
449 202 465 222 0.000146 2
721 204 792 236 0.000146 2
1023 309 1117 336 0.000146 2
693 192 813 239 0.000146 2
1105 185 1130 210 0.000146 2
1068 312 1128 353 0.000145 2
1200 272 1279 373 0.000145 2
1097 186 1146 219 0.000143 2
1229 340 1280 392 0.000143 2
1207 269 1279 294 0.000142 2
798 165 936 223 0.000140 2
1206 365 1280 412 0.000137 2
1196 347 1274 410 0.000137 2
673 197 696 216 0.000137 2
914 204 951 254 0.000137 2
501 207 517 225 0.000135 2
645 191 664 216 0.000134 2
731 199 792 237 0.000134 2
1211 251 1280 295 0.000134 2
1213 271 1279 325 0.000133 2
1079 324 1123 361 0.000133 2
1090 214 1190 256 0.000133 2
720 209 794 237 0.000131 2
354 192 367 200 0.000127 2
1194 259 1279 294 0.000127 2
1193 353 1271 419 0.000126 2
1073 321 1124 364 0.000125 2
471 204 517 230 0.000125 2
909 180 955 206 0.000123 2
605 199 649 227 0.000123 2
732 182 785 219 0.000119 2
1152 261 1279 335 0.000116 2
624 180 660 213 0.000116 2
493 207 516 222 0.000115 2
1199 366 1279 410 0.000115 2
818 281 848 324 0.000115 2
1081 215 1136 251 0.000112 2
1254 153 1279 183 0.000111 2
450 203 465 222 0.000111 2
991 283 1122 388 0.000110 2
1047 311 1118 340 0.000110 2
1075 182 1098 203 0.000109 2
1161 207 1279 324 0.000108 2
1231 338 1279 376 0.000108 2
877 202 948 256 0.000107 2
330 186 643 274 0.000107 2
1268 307 1279 329 0.000107 2
0 199 8 207 0.000107 2
1264 340 1279 361 0.000106 2
475 205 517 225 0.000106 2
1020 277 1114 333 0.000105 2
1079 316 1124 362 0.000104 2
1224 159 1252 182 0.000103 2
815 328 886 344 0.000102 2
1218 332 1279 404 0.000102 2
820 329 848 363 0.000102 2
1202 255 1279 329 0.000102 2
635 178 674 214 0.000101 2
704 201 794 236 0.000101 2
818 215 1057 301 0.000101 2
732 185 790 218 0.000100 2
1212 166 1279 235 0.007753 5
1107 163 1279 262 0.002611 5
1204 167 1279 265 0.002073 5
980 183 1066 216 0.000608 5
995 183 1068 219 0.000552 5
554 177 622 206 0.000360 5
573 183 622 213 0.000306 5
445 165 559 216 0.000236 5
444 162 545 221 0.000218 5
431 171 446 196 0.000194 5
699 153 729 216 0.000130 5
802 159 932 212 0.000125 5
480 174 508 200 0.000124 5
643 273 1275 407 0.009838 6
642 272 1273 390 0.009472 6
642 263 1270 369 0.007548 6
641 266 1258 376 0.005159 6
643 271 1275 466 0.004453 6
641 274 1235 380 0.003521 6
1198 294 1279 412 0.003431 6
644 144 1239 384 0.003179 6
646 245 1272 366 0.002735 6
641 273 1162 379 0.002260 6
641 277 1266 432 0.002137 6
653 270 1277 378 0.002060 6
641 272 1068 377 0.001736 6
641 268 1191 377 0.001602 6
650 165 1272 381 0.001579 6
641 149 1164 384 0.001578 6
644 320 1275 463 0.001487 6
641 266 1109 376 0.001385 6
1196 279 1279 411 0.001328 6
640 264 1044 375 0.001285 6
640 270 1026 375 0.001273 6
652 274 1279 451 0.001264 6
669 265 1274 350 0.001174 6
1195 256 1279 411 0.001117 6
4 65 538 401 0.001094 6
640 149 1068 384 0.001072 6
847 273 1133 341 0.001041 6
1183 278 1279 411 0.001012 6
640 145 995 380 0.000945 6
897 272 1138 338 0.000866 6
887 273 1277 370 0.000844 6
1085 159 1279 260 0.000844 6
888 277 1131 342 0.000827 6
640 256 1013 374 0.000779 6
1165 260 1279 411 0.000741 6
2 65 346 400 0.000653 6
657 309 1278 467 0.000649 6
920 278 1131 342 0.000585 6
642 272 1163 439 0.000585 6
883 266 1275 353 0.000564 6
713 171 1274 355 0.000517 6
911 273 1042 308 0.000483 6
642 270 1040 449 0.000476 6
1049 271 1279 417 0.000435 6
0 64 75 281 0.000427 6
678 176 1260 273 0.000419 6
1051 220 1280 416 0.000399 6
858 277 1279 422 0.000389 6
1200 336 1279 422 0.000354 6
681 184 1269 270 0.000334 6
910 273 1046 302 0.000334 6
1113 279 1280 417 0.000314 6
832 270 1130 344 0.000298 6
912 272 1043 303 0.000291 6
14 64 458 360 0.000286 6
678 125 1264 259 0.000280 6
1158 162 1279 411 0.000277 6
1 65 76 242 0.000270 6
1 65 75 262 0.000268 6
815 266 1120 348 0.000260 6
640 276 977 421 0.000260 6
937 270 1277 381 0.000240 6
7 64 338 270 0.000240 6
960 163 1262 260 0.000237 6
902 169 1276 345 0.000228 6
722 186 1269 267 0.000225 6
0 142 39 209 0.000222 6
851 179 1272 271 0.000206 6
1010 134 1261 262 0.000195 6
1044 270 1280 472 0.000193 6
958 170 1271 294 0.000187 6
937 272 1279 423 0.000177 6
936 281 1071 390 0.000166 6
744 121 1262 257 0.000163 6
951 124 1241 256 0.000158 6
1060 168 1280 406 0.000147 6
0 64 333 258 0.000144 6
1030 305 1276 482 0.000139 6
1 64 76 221 0.000135 6
0 143 41 218 0.000135 6
118 64 271 94 0.000133 6
0 65 72 228 0.000132 6
578 65 672 214 0.000127 6
886 270 1040 307 0.000124 6
51 64 438 273 0.000114 6
942 218 1275 364 0.000107 6
0 66 63 233 0.000104 6
866 177 953 233 0.314484 7
710 152 957 240 0.157851 7
802 177 955 239 0.134522 7
723 152 858 238 0.122330 7
827 177 952 234 0.069749 7
692 150 958 238 0.057335 7
867 177 985 238 0.046737 7
866 177 951 229 0.035693 7
1115 181 1222 248 0.031107 7
867 177 983 251 0.027096 7
588 183 646 216 0.023443 7
1110 182 1212 248 0.022424 7
721 152 935 238 0.021774 7
867 177 944 207 0.019849 7
699 184 729 234 0.018739 7
868 177 991 243 0.015848 7
866 177 951 214 0.014328 7
799 154 953 238 0.012989 7
726 152 807 236 0.012054 7
1215 167 1279 266 0.010772 7
1215 167 1279 234 0.010412 7
866 177 946 227 0.009257 7
699 151 827 236 0.008807 7
1113 187 1213 247 0.008488 7
811 179 963 244 0.008429 7
1112 184 1183 248 0.008099 7
867 177 942 204 0.007593 7
705 161 995 246 0.007548 7
1209 165 1279 234 0.007457 7
1120 183 1194 218 0.006857 7
1209 171 1279 266 0.006726 7
1119 183 1186 217 0.006390 7
1118 183 1187 224 0.005416 7
1119 183 1191 222 0.005313 7
594 150 954 238 0.005267 7
588 184 627 214 0.005161 7
802 183 855 240 0.005020 7
870 181 996 253 0.004717 7
1215 170 1279 226 0.004502 7
802 161 857 219 0.004490 7
696 151 837 234 0.004485 7
717 152 826 234 0.004472 7
704 152 812 236 0.004373 7
1267 198 1279 265 0.004341 7
589 184 622 201 0.004245 7
588 184 623 215 0.004117 7
867 177 947 202 0.004095 7
702 184 728 214 0.004058 7
1103 164 1229 249 0.004024 7
701 151 850 219 0.003982 7
1111 163 1230 247 0.003684 7
1107 167 1279 264 0.003635 7
588 184 620 214 0.003611 7
1202 168 1279 265 0.003515 7
803 170 857 218 0.002896 7
867 177 933 202 0.002723 7
912 201 981 253 0.002550 7
1220 171 1279 228 0.002478 7
951 181 1049 225 0.002414 7
1147 167 1280 266 0.002321 7
588 181 649 216 0.002312 7
1086 184 1202 249 0.002310 7
1108 183 1183 243 0.002242 7
1263 199 1279 268 0.002198 7
1104 173 1279 259 0.002191 7
1114 184 1190 248 0.002170 7
1223 175 1279 233 0.002080 7
1202 162 1279 236 0.002014 7
976 184 1048 227 0.001843 7
802 182 856 223 0.001802 7
1085 155 1229 252 0.001725 7
704 168 1088 252 0.001705 7
1119 183 1201 220 0.001673 7
866 177 936 210 0.001652 7
913 202 978 254 0.001594 7
865 177 935 230 0.001591 7
801 170 925 239 0.001529 7
662 151 856 224 0.001420 7
1218 174 1279 232 0.001364 7
642 147 960 360 0.001337 7
3 65 558 402 0.001325 7
692 170 1027 264 0.001324 7
1112 165 1276 237 0.001320 7
1249 199 1279 268 0.001249 7
917 204 977 255 0.001116 7
502 149 950 235 0.001104 7
585 150 859 225 0.001104 7
696 161 1011 264 0.001081 7
798 173 942 227 0.001061 7
705 151 1018 243 0.001038 7
868 177 1061 242 0.001035 7
941 207 976 254 0.000983 7
1261 167 1279 237 0.000941 7
937 205 979 253 0.000902 7
449 153 947 247 0.000895 7
981 183 1053 223 0.000893 7
802 163 859 221 0.000883 7
974 183 1051 212 0.000857 7
2 65 505 401 0.000847 7
555 183 648 216 0.000829 7
728 152 811 218 0.000829 7
957 182 1048 219 0.000786 7
976 183 1060 219 0.000779 7
1193 272 1279 412 0.000775 7
590 154 690 216 0.000756 7
978 179 1070 231 0.000732 7
697 166 1252 257 0.000718 7
572 155 949 301 0.000718 7
969 171 1068 232 0.000695 7
1086 181 1135 250 0.000670 7
695 147 1191 248 0.000654 7
674 174 1188 268 0.000645 7
690 155 991 277 0.000629 7
1259 168 1279 230 0.000588 7
806 160 857 199 0.000578 7
592 152 671 216 0.000576 7
1041 175 1261 259 0.000570 7
952 175 1048 225 0.000545 7
679 151 965 290 0.000530 7
949 165 1064 232 0.000490 7
1190 150 1280 407 0.000481 7
593 153 746 220 0.000476 7
618 152 955 304 0.000448 7
1064 172 1279 277 0.000445 7
555 177 580 209 0.000440 7
681 133 1262 260 0.000435 7
592 152 757 227 0.000430 7
721 152 854 244 0.000421 7
866 177 953 245 0.000420 7
696 175 728 234 0.000417 7
519 183 553 218 0.000415 7
593 153 723 216 0.000410 7
1102 158 1229 221 0.000410 7
981 178 1077 231 0.000405 7
701 180 1257 249 0.000392 7
720 151 818 239 0.000376 7
592 151 842 218 0.000374 7
554 179 622 215 0.000363 7
491 172 581 208 0.000355 7
1129 161 1279 402 0.000351 7
869 193 977 257 0.000350 7
593 74 949 238 0.000348 7
797 164 941 216 0.000348 7
1224 158 1279 183 0.000341 7
875 178 952 205 0.000332 7
1096 160 1153 213 0.000320 7
748 153 857 225 0.000316 7
499 168 654 216 0.000314 7
556 182 573 199 0.000309 7
469 171 579 208 0.000309 7
528 173 580 217 0.000301 7
507 173 581 216 0.000300 7
1096 159 1227 213 0.000297 7
592 151 776 213 0.000271 7
1116 184 1157 215 0.000269 7
522 157 938 291 0.000267 7
728 153 793 216 0.000265 7
727 152 811 204 0.000264 7
729 152 808 210 0.000262 7
1117 184 1171 218 0.000255 7
955 174 1260 252 0.000247 7
494 170 853 230 0.000229 7
1062 163 1280 385 0.000227 7
866 176 923 201 0.000223 7
1035 175 1272 297 0.000210 7
1098 163 1151 216 0.000207 7
641 78 952 239 0.000207 7
464 177 506 221 0.000207 7
1229 300 1279 362 0.000202 7
382 135 935 242 0.000201 7
1117 161 1261 237 0.000196 7
1118 169 1159 217 0.000182 7
868 178 952 208 0.000182 7
1196 172 1279 306 0.000180 7
672 177 729 231 0.000180 7
967 189 1195 244 0.000177 7
902 202 1053 267 0.000173 7
850 147 998 226 0.000173 7
689 98 961 240 0.000171 7
579 64 676 219 0.000171 7
1102 159 1238 233 0.000166 7
581 151 653 217 0.000154 7
699 126 860 227 0.000145 7
581 265 764 368 0.000145 7
479 174 516 208 0.000141 7
1103 159 1233 228 0.000134 7
536 64 934 240 0.000132 7
589 161 712 222 0.000130 7
587 172 624 203 0.000129 7
904 201 1015 259 0.000128 7
702 88 1003 243 0.000127 7
540 155 954 375 0.000113 7
700 153 729 216 0.000111 7
582 64 691 221 0.000108 7
383 90 895 241 0.000107 7
837 140 996 234 0.000105 7
1088 150 1102 176 0.581007 9
513 152 524 179 0.338440 9
513 152 525 180 0.203768 9
512 152 525 182 0.122116 9
513 152 526 183 0.082689 9
512 151 524 179 0.042777 9
1007 136 1024 173 0.033461 9
366 167 373 185 0.026885 9
449 157 490 171 0.025387 9
1008 136 1024 171 0.024672 9
1006 136 1024 174 0.017466 9
1088 150 1102 182 0.014683 9
370 167 381 185 0.014158 9
512 152 526 186 0.011395 9
373 171 381 184 0.009776 9
371 167 381 186 0.008350 9
1089 151 1109 179 0.008108 9
1154 159 1167 183 0.007900 9
1089 151 1105 178 0.007176 9
312 149 342 194 0.007057 9
517 192 524 201 0.007057 9
239 178 246 191 0.006814 9
545 141 552 151 0.006551 9
312 149 353 193 0.006028 9
239 177 246 188 0.005441 9
831 133 861 166 0.005315 9
1207 168 1215 187 0.005293 9
366 166 382 185 0.005254 9
996 135 1024 174 0.005141 9
1088 132 1107 177 0.004894 9
362 167 373 187 0.004870 9
995 137 1004 173 0.004777 9
840 119 866 136 0.004646 9
1096 133 1105 160 0.004495 9
1154 157 1167 183 0.004453 9
1207 169 1215 188 0.004424 9
512 151 527 197 0.004400 9
997 136 1009 176 0.004248 9
1089 149 1110 177 0.004240 9
832 128 862 166 0.004181 9
364 166 376 189 0.004137 9
557 184 566 197 0.004092 9
448 156 515 171 0.004031 9
835 120 863 166 0.004016 9
362 167 372 187 0.004002 9
119 64 159 73 0.003882 9
995 135 1016 174 0.003842 9
512 191 523 202 0.003697 9
837 119 865 165 0.003539 9
613 155 624 168 0.003429 9
224 183 231 194 0.003403 9
864 440 876 455 0.003224 9
1126 165 1146 185 0.003154 9
119 64 167 76 0.003149 9
864 439 877 455 0.003147 9
841 151 859 166 0.003121 9
863 439 880 476 0.003108 9
863 438 880 467 0.003106 9
844 151 859 166 0.003048 9
119 64 161 75 0.002878 9
1050 110 1083 146 0.002789 9
836 134 862 166 0.002773 9
119 64 178 78 0.002762 9
612 152 624 168 0.002719 9
1136 164 1154 186 0.002684 9
830 135 862 166 0.002624 9
1053 111 1082 146 0.002616 9
1130 64 1151 72 0.002596 9
993 139 1001 172 0.002518 9
257 145 267 159 0.002511 9
997 137 1005 174 0.002489 9
974 140 992 161 0.002453 9
841 119 857 134 0.002447 9
975 140 994 159 0.002445 9
839 119 866 156 0.002410 9
555 173 567 197 0.002224 9
1085 132 1105 177 0.002216 9
975 144 993 157 0.002156 9
1056 116 1065 136 0.002154 9
993 141 1001 170 0.002128 9
1087 140 1103 257 0.002127 9
167 64 176 76 0.002114 9
1055 120 1065 136 0.002093 9
832 136 861 166 0.002044 9
994 138 1001 169 0.002020 9
365 167 373 184 0.001882 9
689 119 705 152 0.001836 9
119 64 184 79 0.001826 9
340 164 351 186 0.001805 9
1045 159 1057 177 0.001749 9
1125 64 1152 74 0.001730 9
119 64 162 78 0.001725 9
1121 64 1143 76 0.001724 9
689 119 702 152 0.001711 9
1100 133 1110 173 0.001703 9
1046 155 1056 173 0.001678 9
1211 167 1225 199 0.001663 9
690 119 700 153 0.001649 9
1134 64 1151 72 0.001649 9
258 143 268 159 0.001638 9
639 160 644 168 0.001635 9
864 150 880 168 0.001538 9
1154 161 1167 184 0.001468 9
361 166 376 189 0.001462 9
1144 165 1154 184 0.001433 9
1023 152 1040 159 0.001432 9
1047 170 1056 186 0.001404 9
1124 165 1147 185 0.001375 9
257 143 268 160 0.001359 9
502 151 524 183 0.001356 9
257 180 263 191 0.001355 9
993 130 1024 177 0.001315 9
629 183 637 193 0.001311 9
1122 64 1151 76 0.001300 9
688 120 700 152 0.001283 9
313 147 355 193 0.001269 9
215 183 226 195 0.001252 9
1153 156 1167 183 0.001235 9
544 170 553 190 0.001228 9
1212 167 1225 202 0.001218 9
1153 159 1168 188 0.001213 9
1040 154 1055 174 0.001209 9
1098 133 1110 158 0.001189 9
864 138 885 168 0.001184 9
1087 141 1103 177 0.001175 9
974 135 994 160 0.001171 9
543 168 553 183 0.001163 9
499 153 523 177 0.001138 9
119 64 166 78 0.001126 9
448 152 530 181 0.001122 9
164 64 176 78 0.001102 9
340 163 352 187 0.001088 9
225 184 231 199 0.001084 9
815 162 857 183 0.001040 9
446 152 524 172 0.000994 9
993 138 1005 177 0.000990 9
809 161 857 184 0.000963 9
1088 133 1124 183 0.000950 9
1050 105 1068 140 0.000942 9
829 136 858 152 0.000933 9
689 119 704 154 0.000922 9
1263 79 1279 135 0.000915 9
1093 149 1118 178 0.000912 9
1108 153 1119 170 0.000897 9
365 166 384 196 0.000890 9
1079 126 1109 185 0.000889 9
312 150 332 191 0.000865 9
962 136 975 158 0.000864 9
504 151 524 178 0.000858 9
159 64 170 75 0.000847 9
809 161 857 189 0.000846 9
687 118 703 153 0.000830 9
1038 152 1058 180 0.000829 9
589 176 600 185 0.000824 9
1120 64 1134 76 0.000821 9
1011 135 1039 173 0.000814 9
248 177 257 192 0.000813 9
587 173 594 185 0.000809 9
1126 64 1152 78 0.000797 9
379 161 409 184 0.000773 9
814 144 822 156 0.000769 9
1021 151 1040 159 0.000768 9
511 153 548 186 0.000754 9
122 64 179 79 0.000742 9
1055 112 1082 146 0.000740 9
1049 104 1071 124 0.000739 9
1050 120 1065 136 0.000736 9
118 64 163 76 0.000734 9
312 148 353 197 0.000734 9
544 138 552 151 0.000733 9
993 135 1004 172 0.000729 9
858 136 939 153 0.000724 9
449 157 490 173 0.000722 9
1115 163 1128 182 0.000712 9
905 127 912 138 0.000711 9
1048 104 1078 138 0.000706 9
952 346 959 367 0.000704 9
960 70 976 91 0.000703 9
804 161 864 217 0.000695 9
851 89 859 105 0.000688 9
802 157 857 206 0.000680 9
581 64 595 76 0.000669 9
1173 151 1182 162 0.000663 9
1202 87 1224 129 0.000660 9
1048 116 1106 231 0.000660 9
1200 137 1209 152 0.000660 9
962 71 976 88 0.000653 9
1263 79 1279 126 0.000646 9
814 149 822 160 0.000644 9
312 148 363 196 0.000637 9
577 64 640 93 0.000636 9
827 135 897 168 0.000631 9
1050 120 1062 135 0.000631 9
809 161 859 193 0.000625 9
1080 169 1089 182 0.000620 9
449 153 516 171 0.000614 9
578 64 630 92 0.000613 9
1017 150 1040 171 0.000613 9
1264 79 1279 105 0.000612 9
1202 87 1216 128 0.000608 9
840 119 869 136 0.000606 9
1048 115 1107 264 0.000606 9
1048 105 1070 139 0.000605 9
1202 87 1220 129 0.000603 9
1048 110 1082 157 0.000601 9
553 173 568 198 0.000595 9
1152 125 1160 135 0.000589 9
512 152 541 185 0.000587 9
864 136 939 153 0.000583 9
974 167 992 191 0.000577 9
1111 152 1120 169 0.000569 9
555 177 580 202 0.000565 9
638 151 653 164 0.000552 9
1121 64 1142 77 0.000550 9
1078 149 1102 182 0.000550 9
694 175 703 196 0.000547 9
1092 151 1116 188 0.000543 9
975 167 992 188 0.000542 9
696 151 705 176 0.000541 9
838 145 862 166 0.000539 9
831 128 911 167 0.000532 9
1128 64 1152 81 0.000532 9
429 223 439 232 0.000531 9
1044 182 1059 215 0.000530 9
544 141 564 159 0.000528 9
594 64 625 92 0.000527 9
519 181 541 201 0.000516 9
1077 148 1102 180 0.000514 9
595 64 622 90 0.000513 9
822 136 902 164 0.000513 9
1045 110 1083 173 0.000512 9
895 166 904 177 0.000511 9
1192 164 1201 186 0.000510 9
1264 79 1279 117 0.000507 9
313 148 358 195 0.000498 9
878 153 895 168 0.000497 9
579 64 596 91 0.000497 9
844 119 869 136 0.000495 9
1087 183 1099 201 0.000494 9
829 136 852 151 0.000493 9
1150 102 1176 135 0.000490 9
1150 102 1184 135 0.000481 9
586 117 597 133 0.000479 9
1263 79 1279 121 0.000475 9
665 328 679 347 0.000474 9
592 64 630 92 0.000471 9
803 146 812 156 0.000469 9
553 173 580 203 0.000467 9
522 173 547 183 0.000466 9
1199 145 1208 178 0.000463 9
566 145 580 162 0.000454 9
1042 151 1057 174 0.000454 9
1096 130 1105 149 0.000447 9
850 136 940 153 0.000447 9
548 141 562 151 0.000441 9
514 174 547 189 0.000435 9
1189 165 1217 203 0.000435 9
598 64 623 90 0.000434 9
894 155 905 174 0.000434 9
575 136 580 143 0.000432 9
1043 111 1102 220 0.000431 9
590 164 601 184 0.000426 9
1193 149 1216 200 0.000425 9
1012 132 1040 173 0.000424 9
896 136 938 153 0.000422 9
809 160 857 184 0.000421 9
974 167 992 193 0.000421 9
609 152 625 173 0.000418 9
835 136 896 149 0.000418 9
482 174 496 187 0.000416 9
879 154 896 171 0.000416 9
1008 137 1050 194 0.000413 9
862 137 898 170 0.000411 9
927 148 938 167 0.000409 9
799 154 857 222 0.000407 9
864 137 895 151 0.000407 9
1075 144 1102 179 0.000407 9
883 136 938 152 0.000400 9
692 128 706 176 0.000393 9
256 82 272 104 0.000392 9
240 163 248 178 0.000389 9
1038 183 1054 213 0.000386 9
522 168 552 183 0.000386 9
685 121 705 180 0.000385 9
256 77 272 102 0.000383 9
833 86 843 104 0.000382 9
1119 64 1135 77 0.000378 9
591 64 639 92 0.000378 9
1201 87 1232 133 0.000377 9
216 163 224 179 0.000377 9
119 64 199 91 0.000374 9
1086 150 1108 206 0.000372 9
816 152 860 179 0.000367 9
585 64 626 92 0.000367 9
1147 159 1170 208 0.000367 9
362 159 377 187 0.000364 9
261 178 272 193 0.000357 9
861 111 869 118 0.000353 9
527 171 560 203 0.000351 9
802 143 814 158 0.000351 9
951 345 959 373 0.000349 9
255 66 272 103 0.000348 9
112 151 128 163 0.000348 9
215 184 225 212 0.000346 9
878 136 939 152 0.000341 9
805 148 816 164 0.000340 9
1103 154 1121 180 0.000340 9
864 137 897 154 0.000336 9
664 327 679 348 0.000334 9
1105 162 1145 191 0.000334 9
608 152 625 178 0.000332 9
1073 150 1082 166 0.000331 9
961 134 984 159 0.000331 9
449 154 490 171 0.000330 9
927 87 944 104 0.000329 9
864 137 895 149 0.000328 9
960 64 1016 104 0.000328 9
973 167 992 202 0.000326 9
596 64 625 91 0.000325 9
959 133 980 161 0.000324 9
1034 145 1059 176 0.000323 9
809 158 857 185 0.000322 9
1147 131 1181 185 0.000322 9
836 142 887 169 0.000321 9
680 166 687 182 0.000318 9
606 151 658 180 0.000317 9
1193 154 1228 202 0.000316 9
960 64 1014 108 0.000311 9
445 155 526 181 0.000310 9
1015 124 1040 163 0.000306 9
568 143 578 160 0.000306 9
446 144 527 182 0.000305 9
958 161 990 187 0.000301 9
361 158 385 187 0.000300 9
575 64 597 92 0.000298 9
256 84 270 103 0.000297 9
1193 160 1202 185 0.000297 9
548 173 577 201 0.000296 9
256 143 268 172 0.000295 9
1200 135 1210 152 0.000292 9
627 173 639 196 0.000291 9
326 151 354 197 0.000291 9
596 159 663 199 0.000287 9
556 142 571 151 0.000287 9
928 152 937 167 0.000285 9
1083 129 1131 199 0.000284 9
377 184 392 201 0.000283 9
608 153 625 185 0.000280 9
849 88 858 105 0.000280 9
975 139 1001 170 0.000280 9
957 165 973 189 0.000280 9
256 177 267 191 0.000278 9
579 64 625 93 0.000278 9
652 127 660 143 0.000278 9
802 154 856 197 0.000276 9
685 151 703 181 0.000270 9
1022 123 1040 157 0.000270 9
257 142 269 178 0.000268 9
519 180 553 200 0.000267 9
512 151 543 181 0.000266 9
1048 104 1068 124 0.000266 9
1019 122 1041 160 0.000264 9
1214 88 1233 133 0.000261 9
1074 131 1101 178 0.000261 9
1007 157 1064 209 0.000260 9
831 117 840 133 0.000260 9
1263 78 1279 166 0.000259 9
1061 115 1107 263 0.000259 9
848 84 859 105 0.000257 9
462 151 525 171 0.000257 9
898 150 911 177 0.000257 9
585 117 598 135 0.000256 9
492 160 525 187 0.000256 9
801 142 811 157 0.000256 9
223 176 248 193 0.000255 9
1083 144 1131 257 0.000254 9
375 161 409 186 0.000254 9
1084 125 1105 174 0.000254 9
171 64 183 74 0.000253 9
606 150 662 169 0.000252 9
387 198 396 206 0.000249 9
95 151 105 176 0.000248 9
1263 64 1279 73 0.000247 9
1102 156 1127 206 0.000245 9
1003 125 1085 183 0.000244 9
611 153 626 172 0.000241 9
173 64 201 88 0.000241 9
1182 64 1201 79 0.000240 9
767 175 776 187 0.000239 9
860 136 938 178 0.000237 9
865 137 898 149 0.000235 9
293 176 307 198 0.000235 9
571 136 581 162 0.000234 9
861 431 877 456 0.000233 9
959 134 993 165 0.000232 9
1201 87 1217 128 0.000230 9
1116 158 1128 179 0.000229 9
856 136 940 157 0.000228 9
1201 87 1217 130 0.000228 9
681 181 688 198 0.000227 9
247 176 258 192 0.000225 9
63 140 79 177 0.000225 9
1075 133 1098 170 0.000225 9
1264 79 1279 157 0.000224 9
119 64 199 88 0.000223 9
320 64 364 110 0.000223 9
223 176 246 189 0.000223 9
968 175 975 186 0.000222 9
1147 128 1173 185 0.000221 9
858 136 918 173 0.000220 9
829 119 866 169 0.000220 9
504 151 575 203 0.000219 9
1009 148 1048 190 0.000218 9
861 409 880 471 0.000218 9
833 83 844 104 0.000217 9
1189 384 1206 401 0.000217 9
624 65 639 91 0.000215 9
684 157 704 208 0.000214 9
610 151 641 170 0.000214 9
1231 94 1248 140 0.000213 9
974 123 995 158 0.000212 9
255 64 273 104 0.000212 9
624 64 640 89 0.000211 9
1072 82 1085 97 0.000210 9
624 64 640 91 0.000209 9
960 69 977 107 0.000208 9
1046 101 1084 145 0.000206 9
691 151 707 188 0.000206 9
1198 64 1209 73 0.000205 9
510 152 548 185 0.000205 9
577 64 645 95 0.000205 9
1048 110 1083 150 0.000205 9
1042 108 1087 271 0.000204 9
321 93 330 119 0.000203 9
600 163 661 196 0.000202 9
621 64 640 91 0.000201 9
543 145 571 160 0.000201 9
567 138 581 162 0.000200 9
1073 151 1083 168 0.000200 9
1150 102 1174 133 0.000197 9
450 164 578 208 0.000195 9
610 152 637 175 0.000194 9
352 165 363 188 0.000194 9
911 90 944 108 0.000193 9
829 64 839 70 0.000192 9
358 149 375 189 0.000191 9
654 128 661 143 0.000191 9
256 83 272 105 0.000190 9
312 64 369 196 0.000190 9
693 181 708 205 0.000188 9
823 136 854 159 0.000188 9
480 93 521 103 0.000186 9
1185 139 1201 151 0.000185 9
1049 114 1071 147 0.000182 9
1103 155 1148 187 0.000182 9
217 161 223 176 0.000180 9
972 121 988 140 0.000180 9
679 164 689 202 0.000180 9
333 154 371 191 0.000179 9
867 166 897 178 0.000178 9
121 165 127 175 0.000178 9
361 148 374 174 0.000177 9
682 150 707 202 0.000177 9
1205 86 1232 130 0.000176 9
870 119 879 134 0.000176 9
1056 152 1065 172 0.000175 9
625 64 640 79 0.000174 9
67 169 80 178 0.000174 9
162 64 200 88 0.000173 9
769 695 809 703 0.000173 9
681 327 689 354 0.000173 9
597 134 605 143 0.000172 9
598 152 661 196 0.000171 9
1263 114 1279 135 0.000171 9
577 64 642 103 0.000170 9
1042 108 1092 272 0.000169 9
215 172 226 194 0.000167 9
638 136 656 162 0.000166 9
959 72 976 90 0.000165 9
463 185 478 197 0.000165 9
638 149 657 163 0.000165 9
1094 156 1154 206 0.000165 9
826 134 942 169 0.000164 9
1110 159 1150 185 0.000164 9
66 168 79 179 0.000164 9
1088 131 1144 193 0.000163 9
544 161 581 204 0.000163 9
542 139 579 162 0.000162 9
942 78 969 93 0.000162 9
869 166 899 178 0.000162 9
960 120 982 136 0.000162 9
959 161 991 189 0.000161 9
974 189 982 200 0.000160 9
448 145 525 173 0.000160 9
915 87 944 104 0.000159 9
1263 83 1279 136 0.000158 9
1003 136 1040 206 0.000157 9
1037 116 1065 180 0.000157 9
586 117 597 135 0.000157 9
829 118 861 156 0.000156 9
268 212 277 233 0.000156 9
1037 147 1065 191 0.000155 9
529 164 575 201 0.000155 9
1005 109 1084 185 0.000155 9
624 64 639 77 0.000155 9
833 87 846 105 0.000154 9
1202 151 1230 208 0.000154 9
1232 64 1276 103 0.000154 9
714 135 720 155 0.000154 9
160 64 196 88 0.000154 9
680 151 689 180 0.000153 9
258 176 270 192 0.000153 9
311 144 386 194 0.000152 9
680 123 690 151 0.000152 9
1002 162 1064 211 0.000151 9
976 318 991 343 0.000151 9
232 161 240 176 0.000149 9
910 88 944 107 0.000149 9
471 186 482 197 0.000148 9
398 82 411 96 0.000146 9
586 64 641 107 0.000146 9
1058 73 1073 88 0.000145 9
976 108 986 136 0.000145 9
472 155 528 184 0.000144 9
312 132 373 194 0.000143 9
534 163 581 202 0.000143 9
319 203 331 223 0.000143 9
1004 163 1058 207 0.000142 9
1195 136 1231 199 0.000142 9
258 165 270 181 0.000141 9
1050 110 1084 184 0.000140 9
987 112 1028 174 0.000140 9
961 122 1024 184 0.000139 9
1071 149 1095 204 0.000139 9
944 128 951 137 0.000138 9
63 137 79 174 0.000137 9
1074 117 1087 148 0.000136 9
798 154 842 203 0.000135 9
960 64 1012 98 0.000135 9
801 147 811 167 0.000135 9
1230 64 1279 101 0.000134 9
377 184 393 203 0.000134 9
586 166 595 184 0.000131 9
523 150 544 171 0.000131 9
963 64 1014 106 0.000130 9
1042 155 1064 197 0.000130 9
1230 92 1249 138 0.000129 9
220 176 246 192 0.000129 9
679 150 688 168 0.000129 9
321 64 360 107 0.000129 9
1093 129 1111 163 0.000129 9
1146 160 1203 193 0.000128 9
943 80 961 94 0.000128 9
603 166 661 211 0.000127 9
976 119 1087 240 0.000127 9
1110 146 1130 173 0.000126 9
972 167 992 209 0.000126 9
233 161 241 176 0.000125 9
1230 92 1248 143 0.000124 9
1084 124 1134 194 0.000124 9
1146 143 1201 193 0.000123 9
925 343 961 391 0.000123 9
505 97 520 103 0.000123 9
481 94 520 103 0.000123 9
997 125 1007 146 0.000122 9
605 158 625 183 0.000121 9
313 149 329 190 0.000121 9
480 172 523 204 0.000121 9
391 85 405 96 0.000121 9
999 136 1024 194 0.000121 9
1113 156 1165 186 0.000120 9
911 69 947 111 0.000120 9
1201 84 1216 126 0.000119 9
256 162 268 179 0.000119 9
1152 135 1186 183 0.000119 9
311 147 388 196 0.000119 9
700 151 714 178 0.000118 9
828 85 853 134 0.000117 9
683 99 704 215 0.000117 9
934 108 1233 271 0.000117 9
1131 64 1153 89 0.000117 9
1201 64 1219 72 0.000117 9
959 119 977 135 0.000117 9
220 164 232 175 0.000117 9
463 187 483 218 0.000116 9
415 64 432 96 0.000116 9
959 131 981 160 0.000115 9
664 142 671 170 0.000115 9
680 121 692 152 0.000114 9
95 166 104 176 0.000114 9
910 87 944 105 0.000114 9
1171 137 1184 157 0.000114 9
1167 142 1175 153 0.000114 9
650 127 659 144 0.000114 9
905 91 942 120 0.000114 9
1183 138 1201 151 0.000114 9
605 165 665 201 0.000113 9
1041 124 1065 175 0.000113 9
675 91 708 198 0.000112 9
611 172 625 188 0.000112 9
932 149 944 168 0.000111 9
828 84 852 132 0.000111 9
800 92 807 101 0.000110 9
507 144 525 180 0.000109 9
1071 74 1083 95 0.000109 9
910 87 945 108 0.000109 9
1072 148 1097 188 0.000109 9
416 64 431 96 0.000109 9
960 64 1021 109 0.000108 9
545 136 577 152 0.000107 9
858 164 885 181 0.000107 9
801 154 814 193 0.000107 9
1020 119 1041 161 0.000106 9
310 65 428 230 0.000106 9
830 85 854 133 0.000106 9
1232 64 1279 74 0.000105 9
1262 64 1279 79 0.000104 9
1029 125 1065 179 0.000104 9
238 161 249 177 0.000104 9
113 64 198 92 0.000104 9
807 157 905 187 0.000104 9
925 343 960 386 0.000103 9
1022 120 1041 156 0.000102 9
696 151 722 204 0.000102 9
625 118 631 129 0.000102 9
638 134 659 163 0.000102 9
511 144 526 180 0.000101 9
1238 67 1265 104 0.000101 9
1097 133 1127 175 0.000101 9
839 107 871 137 0.000101 9
1150 101 1171 132 0.000100 9
1232 68 1263 98 0.000100 9
1232 198 1256 232 0.135703 11
523 183 536 196 0.021071 11
324 110 366 164 0.010931 11
522 183 536 197 0.009520 11
517 191 527 200 0.007423 11
521 183 536 199 0.003896 11
1056 112 1082 146 0.001629 11
449 157 490 171 0.001050 11
