730 191 760 272 0.816762 0
935 199 992 299 0.771913 0
1127 193 1152 249 0.696429 0
1128 193 1151 250 0.625028 0
728 191 760 271 0.486502 0
584 189 610 245 0.422006 0
584 190 612 244 0.354597 0
584 190 610 240 0.314067 0
241 195 255 239 0.244704 0
1128 195 1151 248 0.218619 0
583 190 614 254 0.217777 0
583 190 610 238 0.134780 0
214 187 225 228 0.124802 0
555 172 569 198 0.121051 0
213 187 224 227 0.119455 0
1071 193 1095 239 0.111060 0
554 171 568 198 0.110599 0
472 193 489 249 0.101243 0
555 173 570 199 0.100747 0
470 192 489 251 0.091990 0
213 187 225 226 0.090513 0
1071 193 1095 243 0.083104 0
554 171 570 198 0.077056 0
241 198 256 241 0.069841 0
590 190 610 216 0.061113 0
554 172 569 199 0.058197 0
582 191 609 244 0.058034 0
1072 193 1093 232 0.055468 0
1136 201 1154 250 0.051988 0
588 190 609 223 0.048798 0
970 210 986 232 0.048704 0
645 199 653 214 0.048315 0
1134 218 1150 251 0.045248 0
1038 200 1050 229 0.042956 0
725 191 761 273 0.042321 0
306 184 324 198 0.041586 0
670 210 680 233 0.041216 0
1072 195 1092 230 0.041091 0
717 211 727 234 0.040627 0
385 197 395 206 0.039843 0
472 192 490 251 0.038277 0
1125 198 1147 249 0.035185 0
1216 190 1227 229 0.033397 0
968 211 989 237 0.031447 0
583 191 605 230 0.031412 0
644 199 654 215 0.030483 0
467 190 489 252 0.029995 0
221 183 231 222 0.028908 0
634 201 645 217 0.028676 0
748 204 761 235 0.028217 0
521 192 526 208 0.028111 0
386 198 396 206 0.027167 0
1216 190 1226 218 0.025378 0
516 189 524 212 0.024201 0
1134 197 1152 245 0.023774 0
307 185 324 199 0.023725 0
473 192 490 249 0.023365 0
716 212 727 234 0.022651 0
1038 197 1051 229 0.022489 0
1215 189 1225 211 0.022324 0
732 192 758 270 0.022166 0
693 210 702 233 0.021720 0
967 210 987 236 0.020706 0
1073 199 1095 231 0.020635 0
470 192 483 218 0.020492 0
216 182 230 226 0.019731 0
219 183 230 226 0.019559 0
477 186 494 217 0.019313 0
214 182 229 225 0.018861 0
645 197 652 214 0.018785 0
1083 209 1096 232 0.018777 0
1073 207 1096 254 0.018721 0
1217 193 1227 231 0.018574 0
670 209 679 232 0.017900 0
215 182 230 229 0.017107 0
476 191 491 217 0.016995 0
1069 193 1114 262 0.016469 0
692 184 703 230 0.016466 0
560 175 576 201 0.016461 0
865 207 876 235 0.016393 0
565 181 578 202 0.016257 0
967 211 993 243 0.015703 0
543 186 551 202 0.015362 0
633 200 647 215 0.015347 0
732 191 761 269 0.014963 0
958 195 972 217 0.014945 0
221 182 231 200 0.014866 0
1217 192 1228 231 0.014832 0
866 208 875 234 0.014752 0
745 198 761 236 0.014693 0
966 202 979 229 0.014682 0
480 182 494 216 0.014629 0
307 184 325 199 0.014558 0
512 194 520 211 0.014483 0
521 185 528 207 0.014262 0
968 208 985 230 0.014083 0
966 209 988 240 0.013354 0
468 188 489 239 0.013165 0
1117 217 1133 248 0.013161 0
1067 200 1094 244 0.013079 0
692 210 703 235 0.013055 0
1111 218 1132 253 0.013039 0
633 201 648 217 0.012555 0
749 203 761 237 0.012536 0
864 207 878 236 0.012305 0
936 199 991 265 0.012246 0
785 197 793 213 0.012193 0
1073 193 1095 226 0.011889 0
1069 192 1106 264 0.011640 0
350 187 358 198 0.011496 0
378 182 395 205 0.011098 0
1215 192 1229 231 0.011000 0
211 191 224 226 0.010993 0
1071 210 1100 264 0.010800 0
518 192 527 220 0.010360 0
332 186 343 198 0.010183 0
1076 191 1092 221 0.010009 0
692 203 703 232 0.009962 0
386 198 396 206 0.009832 0
753 205 768 236 0.009778 0
1214 191 1229 230 0.009724 0
468 188 482 217 0.009610 0
959 199 971 217 0.009511 0
1215 191 1227 221 0.009394 0
740 195 761 236 0.009120 0
1069 194 1111 264 0.008952 0
464 188 489 265 0.008857 0
511 194 520 216 0.008823 0
741 201 760 235 0.008629 0
785 198 794 217 0.008422 0
213 189 226 232 0.008321 0
513 187 524 209 0.008190 0
374 177 392 203 0.008127 0
960 196 974 220 0.008054 0
210 188 225 225 0.007941 0
374 181 390 204 0.007402 0
469 193 488 252 0.007343 0
753 206 767 236 0.007177 0
1036 201 1052 230 0.007140 0
966 212 995 259 0.007116 0
573 184 581 203 0.006907 0
945 199 965 217 0.006898 0
572 182 581 201 0.006626 0
241 194 256 228 0.006571 0
959 187 972 217 0.006558 0
989 212 998 225 0.006430 0
350 186 360 198 0.006409 0
384 182 395 205 0.006301 0
1071 191 1092 226 0.006156 0
344 187 356 198 0.006103 0
1273 197 1279 236 0.006030 0
462 195 488 253 0.005836 0
736 190 746 206 0.005830 0
373 167 383 199 0.005795 0
521 183 543 209 0.005786 0
988 208 998 224 0.005783 0
240 193 255 225 0.005685 0
397 184 409 205 0.005666 0
1035 195 1051 229 0.005663 0
579 189 616 245 0.005477 0
516 190 530 218 0.005402 0
1130 192 1149 217 0.005338 0
467 191 491 253 0.005333 0
1272 196 1279 248 0.005333 0
1243 196 1259 232 0.005206 0
355 185 368 199 0.005198 0
751 204 767 236 0.004989 0
515 188 531 245 0.004985 0
399 182 409 204 0.004787 0
1103 233 1125 263 0.004741 0
1245 196 1258 231 0.004679 0
645 194 656 214 0.004659 0
981 210 996 228 0.004621 0
409 179 419 205 0.004602 0
1208 188 1225 216 0.004595 0
865 210 879 235 0.004563 0
865 208 879 236 0.004520 0
731 199 759 270 0.004405 0
969 211 996 240 0.004386 0
1059 205 1093 240 0.004348 0
584 193 617 251 0.004339 0
327 186 343 198 0.004312 0
737 190 752 210 0.004308 0
396 199 409 205 0.004188 0
541 172 552 201 0.004184 0
1089 208 1106 239 0.004165 0
982 207 995 224 0.004158 0
1063 199 1077 234 0.004088 0
666 188 672 219 0.004062 0
464 196 474 215 0.004057 0
1243 196 1258 232 0.004038 0
212 177 228 227 0.004016 0
1217 193 1229 232 0.003881 0
732 211 758 271 0.003871 0
879 200 901 238 0.003825 0
666 198 677 231 0.003598 0
264 195 278 234 0.003547 0
409 179 419 204 0.003541 0
367 166 376 187 0.003471 0
517 189 529 240 0.003320 0
584 186 598 212 0.003300 0
959 185 975 223 0.003286 0
633 189 645 216 0.003217 0
1218 221 1229 233 0.003175 0
591 193 614 216 0.003126 0
1239 196 1255 231 0.003101 0
690 181 703 216 0.003092 0
1209 169 1218 204 0.003038 0
354 187 369 199 0.003002 0
785 197 797 231 0.002959 0
1254 198 1275 234 0.002915 0
1088 197 1104 231 0.002905 0
213 182 234 226 0.002871 0
634 189 649 214 0.002850 0
1240 200 1248 231 0.002808 0
1074 210 1117 265 0.002755 0
1214 214 1228 233 0.002677 0
877 205 893 234 0.002667 0
1064 197 1074 226 0.002661 0
465 197 486 253 0.002623 0
1235 196 1256 231 0.002586 0
1091 196 1102 217 0.002506 0
1132 190 1151 217 0.002484 0
666 188 671 208 0.002476 0
240 178 245 190 0.002447 0
464 222 480 271 0.002427 0
784 195 793 208 0.002369 0
1083 190 1094 208 0.002362 0
306 177 324 198 0.002347 0
1255 196 1278 252 0.002333 0
666 208 679 232 0.002328 0
1058 193 1096 242 0.002313 0
265 196 278 233 0.002262 0
380 177 396 206 0.002254 0
365 168 381 201 0.002187 0
371 169 385 199 0.002154 0
265 195 277 232 0.002135 0
551 179 574 209 0.002056 0
471 201 488 253 0.002006 0
963 185 975 205 0.001972 0
1265 196 1279 256 0.001929 0
405 193 418 205 0.001928 0
651 200 663 215 0.001883 0
462 182 481 215 0.001869 0
1177 234 1187 248 0.001819 0
460 198 480 218 0.001783 0
847 206 876 238 0.001721 0
1111 194 1120 206 0.001676 0
946 199 965 218 0.001649 0
1212 169 1225 209 0.001648 0
463 222 478 272 0.001632 0
686 186 702 229 0.001627 0
586 173 595 186 0.001597 0
1213 164 1227 213 0.001587 0
366 186 377 201 0.001580 0
568 194 582 216 0.001562 0
510 188 533 248 0.001525 0
1238 196 1256 231 0.001515 0
878 199 902 234 0.001497 0
636 183 647 208 0.001467 0
333 173 352 198 0.001449 0
733 233 759 271 0.001414 0
929 200 990 299 0.001407 0
509 177 532 206 0.001398 0
960 185 974 213 0.001393 0
213 180 235 230 0.001354 0
1215 189 1229 219 0.001328 0
200 202 209 218 0.001280 0
1261 216 1279 254 0.001277 0
264 194 280 234 0.001258 0
239 176 246 190 0.001253 0
1209 163 1228 214 0.001246 0
362 165 372 193 0.001177 0
735 190 760 234 0.001176 0
176 187 182 204 0.001175 0
1118 203 1162 251 0.001175 0
374 198 395 215 0.001171 0
880 200 905 244 0.001169 0
679 178 693 217 0.001162 0
692 177 702 202 0.001158 0
265 195 279 233 0.001156 0
1204 369 1229 423 0.001145 0
408 177 419 204 0.001135 0
460 179 480 211 0.001114 0
849 211 879 243 0.001114 0
782 198 794 235 0.001082 0
266 194 280 223 0.001075 0
454 180 473 205 0.001057 0
727 198 744 238 0.001056 0
212 187 244 241 0.001040 0
885 205 906 245 0.001039 0
941 199 957 230 0.001016 0
1221 164 1231 208 0.000963 0
999 193 1007 216 0.000910 0
464 224 480 274 0.000903 0
364 191 394 206 0.000902 0
629 181 641 208 0.000889 0
848 201 864 238 0.000869 0
581 176 602 213 0.000869 0
953 192 991 235 0.000864 0
348 187 386 227 0.000862 0
243 199 271 235 0.000830 0
1190 385 1207 408 0.000818 0
413 180 423 204 0.000814 0
1252 201 1278 255 0.000813 0
204 175 228 222 0.000797 0
186 183 246 254 0.000790 0
385 184 399 206 0.000789 0
375 193 393 206 0.000771 0
224 176 257 237 0.000751 0
265 190 278 213 0.000748 0
227 193 258 261 0.000741 0
1261 209 1279 260 0.000732 0
432 172 447 204 0.000726 0
803 184 814 208 0.000709 0
398 192 412 206 0.000704 0
1092 190 1103 207 0.000687 0
1190 384 1211 415 0.000676 0
849 203 875 237 0.000674 0
226 192 255 240 0.000668 0
622 180 636 202 0.000662 0
240 237 258 256 0.000648 0
451 185 490 253 0.000648 0
197 192 209 217 0.000643 0
473 192 494 250 0.000638 0
322 223 357 321 0.000623 0
959 199 988 227 0.000623 0
1208 370 1225 401 0.000617 0
464 204 478 263 0.000606 0
750 200 767 237 0.000602 0
990 197 1003 222 0.000589 0
1123 196 1167 247 0.000585 0
678 195 692 215 0.000558 0
194 187 202 213 0.000556 0
373 173 397 206 0.000555 0
411 178 421 204 0.000545 0
1125 192 1152 250 0.000529 0
848 191 859 236 0.000526 0
512 192 526 237 0.000525 0
666 194 698 232 0.000525 0
319 228 353 330 0.000523 0
194 188 203 215 0.000521 0
324 222 358 320 0.000520 0
727 202 759 252 0.000519 0
241 193 272 235 0.000517 0
999 188 1007 213 0.000498 0
802 180 814 207 0.000486 0
947 186 974 217 0.000482 0
241 194 271 238 0.000479 0
932 202 949 252 0.000465 0
355 206 375 230 0.000464 0
734 186 747 206 0.000453 0
214 176 228 196 0.000431 0
642 179 659 206 0.000425 0
319 241 344 327 0.000423 0
675 196 765 270 0.000417 0
901 204 911 243 0.000415 0
1192 371 1227 424 0.000411 0
307 185 327 205 0.000391 0
729 196 787 272 0.000381 0
327 236 353 254 0.000369 0
411 176 421 203 0.000367 0
473 191 496 248 0.000356 0
199 207 214 225 0.000353 0
325 236 358 319 0.000351 0
414 251 421 270 0.000349 0
325 236 352 256 0.000335 0
194 186 206 215 0.000333 0
982 538 1031 589 0.000324 0
320 235 357 323 0.000318 0
218 178 234 193 0.000316 0
265 189 280 215 0.000316 0
227 194 240 216 0.000314 0
165 193 190 218 0.000295 0
802 184 836 235 0.000288 0
902 217 911 243 0.000286 0
319 248 339 318 0.000284 0
1234 195 1274 257 0.000273 0
226 193 255 237 0.000273 0
319 236 336 327 0.000272 0
321 244 357 321 0.000266 0
1125 189 1149 217 0.000266 0
1063 189 1078 224 0.000265 0
320 203 329 221 0.000265 0
848 181 858 235 0.000258 0
241 208 267 239 0.000252 0
849 192 877 237 0.000241 0
1194 390 1229 423 0.000238 0
221 182 239 215 0.000232 0
320 220 352 322 0.000227 0
335 186 355 219 0.000219 0
310 165 365 199 0.000216 0
317 199 351 273 0.000216 0
848 178 858 201 0.000207 0
319 217 339 327 0.000204 0
854 228 871 280 0.000200 0
384 196 406 215 0.000199 0
472 195 495 250 0.000195 0
581 171 617 227 0.000192 0
983 538 1029 582 0.000190 0
370 164 382 199 0.000190 0
0 152 6 203 0.000184 0
408 251 416 270 0.000184 0
371 158 383 186 0.000183 0
213 252 225 264 0.000182 0
721 191 760 273 0.000178 0
1224 162 1235 180 0.000173 0
319 245 336 318 0.000172 0
204 240 228 262 0.000172 0
452 201 478 257 0.000171 0
854 227 871 277 0.000171 0
784 198 800 233 0.000166 0
326 246 357 316 0.000166 0
985 540 1036 586 0.000166 0
1189 396 1228 423 0.000164 0
221 178 245 194 0.000162 0
833 222 875 263 0.000157 0
307 184 329 210 0.000156 0
239 162 246 184 0.000152 0
846 220 886 269 0.000152 0
243 188 276 239 0.000149 0
85 221 94 234 0.000142 0
848 193 870 236 0.000141 0
412 249 422 273 0.000141 0
466 191 556 251 0.000141 0
517 196 536 245 0.000140 0
319 232 332 285 0.000140 0
407 249 417 272 0.000137 0
212 182 240 234 0.000137 0
0 147 6 204 0.000136 0
983 539 1031 595 0.000135 0
320 235 330 278 0.000131 0
501 192 548 247 0.000129 0
0 176 6 204 0.000124 0
1201 369 1233 423 0.000123 0
411 246 422 271 0.000120 0
262 178 274 203 0.000120 0
731 198 789 240 0.000119 0
182 186 191 205 0.000119 0
327 189 373 285 0.000119 0
320 247 357 318 0.000117 0
242 192 276 239 0.000116 0
957 189 994 236 0.000109 0
255 198 280 239 0.000109 0
1069 169 1104 237 0.000108 0
329 185 351 216 0.000107 0
958 369 981 431 0.000106 0
319 258 338 321 0.000104 0
195 183 216 216 0.000104 0
655 190 813 280 0.000103 0
927 247 1011 323 0.753105 1
570 216 618 255 0.519018 1
571 213 617 255 0.378638 1
573 218 618 256 0.369738 1
573 209 618 256 0.251153 1
575 215 618 256 0.245648 1
1062 224 1091 262 0.169372 1
929 251 971 303 0.164463 1
927 254 968 303 0.133882 1
926 258 967 303 0.130198 1
1064 227 1090 262 0.106255 1
1032 225 1091 262 0.097106 1
926 259 960 302 0.080962 1
577 218 618 255 0.076674 1
1067 227 1091 261 0.075049 1
1030 226 1090 262 0.071021 1
926 263 960 303 0.070228 1
926 260 965 306 0.070107 1
1064 229 1091 263 0.068935 1
933 250 973 304 0.068816 1
576 199 612 251 0.068725 1
577 189 617 256 0.068489 1
936 252 972 303 0.064847 1
928 260 972 305 0.062051 1
1059 221 1093 261 0.057994 1
1067 229 1091 262 0.056332 1
547 200 568 217 0.055141 1
919 242 1012 322 0.054882 1
548 199 570 217 0.053441 1
970 251 1012 322 0.048500 1
582 222 618 256 0.046274 1
929 249 967 299 0.044678 1
1028 228 1090 264 0.040347 1
1054 221 1092 257 0.039724 1
926 263 960 307 0.038295 1
1122 218 1134 248 0.038027 1
936 245 1004 310 0.036700 1
970 249 1011 314 0.034777 1
1061 223 1124 264 0.032920 1
1121 221 1134 247 0.032449 1
584 224 618 255 0.032136 1
933 244 971 301 0.031657 1
933 256 976 306 0.030433 1
543 202 556 218 0.029585 1
581 194 619 255 0.029430 1
1181 170 1203 215 0.029426 1
533 204 552 218 0.028914 1
1137 220 1153 251 0.027609 1
926 262 957 299 0.027595 1
970 253 1011 312 0.026557 1
945 253 972 301 0.026445 1
1182 187 1202 215 0.025202 1
549 199 568 218 0.024920 1
942 250 1005 305 0.024784 1
968 251 1012 305 0.024606 1
959 251 1012 323 0.023748 1
927 252 958 297 0.023694 1
968 251 1012 312 0.023441 1
570 219 605 250 0.023396 1
1068 207 1094 260 0.022756 1
551 197 569 217 0.022585 1
1034 220 1094 261 0.021255 1
936 250 1008 320 0.020166 1
1182 190 1201 215 0.020141 1
593 226 618 255 0.019836 1
964 250 1011 323 0.019380 1
572 216 604 249 0.018220 1
926 265 956 303 0.018019 1
542 199 582 219 0.017986 1
537 247 601 278 0.017821 1
568 224 600 250 0.017626 1
574 194 618 254 0.017302 1
1057 217 1093 245 0.017153 1
1182 187 1210 221 0.017083 1
968 251 1008 304 0.016154 1
1181 163 1203 215 0.016054 1
1049 219 1121 262 0.015840 1
927 266 959 314 0.014195 1
953 260 1011 322 0.013548 1
1183 190 1214 229 0.013288 1
565 202 577 217 0.013016 1
1055 224 1070 243 0.012801 1
1182 186 1207 216 0.012739 1
543 200 557 218 0.012663 1
924 266 954 309 0.012581 1
1055 221 1079 241 0.012481 1
708 213 727 234 0.012361 1
582 201 618 255 0.012055 1
551 218 618 256 0.011767 1
1136 221 1149 253 0.011745 1
927 262 961 314 0.011491 1
996 234 1025 254 0.010883 1
1102 221 1129 262 0.009791 1
928 262 971 313 0.009254 1
564 199 579 216 0.009183 1
1001 235 1024 254 0.009017 1
970 252 1010 304 0.008892 1
1069 224 1116 262 0.008541 1
925 256 957 293 0.008475 1
947 251 971 298 0.008305 1
1141 309 1172 351 0.007731 1
935 199 1009 316 0.007642 1
934 264 978 312 0.007615 1
980 222 1025 253 0.007570 1
1144 309 1169 348 0.007140 1
1030 231 1087 263 0.007059 1
1180 190 1202 225 0.006655 1
972 255 1011 322 0.006598 1
998 235 1024 256 0.006530 1
1031 224 1126 266 0.006510 1
1068 229 1118 262 0.006391 1
1180 173 1218 216 0.006386 1
1032 224 1091 267 0.006297 1
1187 212 1227 230 0.006266 1
974 220 1021 252 0.005866 1
1182 163 1202 217 0.005809 1
1010 222 1094 261 0.005727 1
1034 224 1069 245 0.005716 1
941 262 996 317 0.005662 1
922 264 956 315 0.005512 1
926 250 1006 316 0.005310 1
893 253 989 311 0.005259 1
968 247 1006 304 0.005211 1
892 250 972 302 0.005209 1
1066 205 1126 264 0.005191 1
550 216 619 269 0.004993 1
959 249 993 304 0.004979 1
968 248 996 301 0.004913 1
1139 223 1151 253 0.004861 1
893 264 911 293 0.004681 1
985 234 1005 256 0.004628 1
1109 217 1149 260 0.004536 1
574 206 605 241 0.004519 1
942 223 1033 265 0.004517 1
921 214 1015 299 0.004479 1
967 231 996 255 0.004425 1
1181 164 1215 216 0.004413 1
988 235 1000 251 0.004347 1
1166 183 1201 216 0.004137 1
968 212 996 249 0.004091 1
1039 220 1066 234 0.003904 1
926 235 1015 317 0.003884 1
968 236 996 258 0.003850 1
893 264 915 294 0.003764 1
1181 192 1229 231 0.003692 1
967 241 995 292 0.003639 1
544 224 612 261 0.003636 1
901 264 948 310 0.003593 1
569 201 582 217 0.003581 1
1055 222 1128 266 0.003551 1
1177 185 1200 217 0.003468 1
965 238 991 292 0.003466 1
897 262 954 303 0.003298 1
876 259 910 287 0.003274 1
966 237 995 276 0.003227 1
1205 189 1226 217 0.003124 1
891 257 936 295 0.003122 1
893 262 914 293 0.003107 1
894 256 956 299 0.003066 1
892 262 935 299 0.003030 1
1205 191 1225 221 0.002910 1
966 248 989 297 0.002834 1
875 237 1014 311 0.002784 1
539 218 614 260 0.002717 1
1191 212 1227 230 0.002652 1
843 215 876 239 0.002617 1
527 241 610 400 0.002600 1
881 202 1017 306 0.002475 1
1176 188 1200 222 0.002469 1
907 265 943 314 0.002457 1
568 225 594 250 0.002419 1
1061 220 1184 263 0.002239 1
1181 174 1203 219 0.002207 1
891 263 940 310 0.002206 1
536 201 572 220 0.002190 1
1130 180 1202 218 0.002135 1
893 265 915 297 0.002131 1
967 238 997 294 0.002125 1
592 218 621 255 0.002110 1
1031 225 1087 290 0.002108 1
1142 309 1182 356 0.002081 1
1180 166 1211 215 0.002046 1
692 213 707 237 0.002020 1
891 252 918 292 0.001996 1
1103 293 1173 353 0.001985 1
786 238 1014 327 0.001958 1
574 296 595 366 0.001949 1
914 213 937 250 0.001942 1
1102 308 1183 360 0.001925 1
1004 220 1102 261 0.001908 1
972 263 1011 322 0.001907 1
606 199 662 219 0.001876 1
946 241 1011 318 0.001806 1
566 229 593 250 0.001791 1
538 210 600 249 0.001787 1
866 236 990 295 0.001782 1
573 287 596 392 0.001718 1
530 202 554 220 0.001689 1
1049 226 1095 277 0.001689 1
1143 309 1176 353 0.001678 1
534 266 599 398 0.001669 1
574 296 595 378 0.001669 1
891 247 954 293 0.001643 1
894 263 906 287 0.001632 1
1043 213 1086 235 0.001629 1
1261 232 1279 256 0.001619 1
1167 176 1201 216 0.001592 1
597 224 620 255 0.001541 1
922 212 940 251 0.001504 1
922 205 943 252 0.001504 1
745 240 1018 379 0.001496 1
540 237 599 267 0.001485 1
973 261 1012 322 0.001479 1
974 261 1011 299 0.001474 1
949 274 1011 321 0.001430 1
912 214 936 252 0.001380 1
1187 218 1204 231 0.001348 1
539 200 583 220 0.001336 1
845 235 1216 420 0.001301 1
1180 163 1224 216 0.001284 1
882 264 912 291 0.001250 1
977 268 1011 322 0.001229 1
1008 230 1088 290 0.001205 1
922 244 959 282 0.001193 1
574 286 596 385 0.001160 1
1141 309 1189 358 0.001145 1
574 278 596 348 0.001128 1
518 249 600 401 0.001125 1
570 274 599 398 0.001123 1
1171 219 1206 248 0.001072 1
573 293 596 385 0.001068 1
893 262 906 285 0.001068 1
482 197 611 282 0.001048 1
713 212 728 236 0.000994 1
1227 195 1258 231 0.000976 1
969 250 1006 299 0.000945 1
1104 276 1170 349 0.000935 1
919 235 1194 347 0.000935 1
535 200 584 223 0.000928 1
574 275 599 398 0.000913 1
1124 184 1208 227 0.000856 1
574 294 596 395 0.000850 1
915 239 935 252 0.000827 1
1258 232 1279 265 0.000825 1
890 252 932 295 0.000817 1
537 243 600 270 0.000811 1
1082 309 1182 363 0.000810 1
580 220 619 265 0.000804 1
1104 307 1170 341 0.000804 1
869 257 898 285 0.000801 1
899 239 937 256 0.000786 1
534 248 600 397 0.000757 1
980 276 1011 322 0.000723 1
767 252 785 279 0.000713 1
597 227 620 255 0.000704 1
904 263 938 326 0.000694 1
1138 309 1183 358 0.000688 1
676 213 705 237 0.000673 1
890 262 938 317 0.000659 1
1025 274 1059 295 0.000650 1
574 275 605 367 0.000646 1
564 225 601 265 0.000631 1
979 280 1011 322 0.000612 1
575 194 635 243 0.000610 1
573 277 612 382 0.000607 1
893 258 983 335 0.000578 1
934 284 1007 322 0.000576 1
706 213 727 236 0.000575 1
1054 220 1214 268 0.000561 1
1021 279 1038 296 0.000559 1
927 275 957 320 0.000552 1
1175 213 1186 222 0.000547 1
574 279 596 359 0.000527 1
203 212 228 240 0.000526 1
766 252 785 280 0.000522 1
574 276 597 350 0.000511 1
1154 164 1203 218 0.000507 1
1107 284 1171 351 0.000501 1
892 256 954 306 0.000493 1
973 254 1011 297 0.000491 1
189 233 227 261 0.000489 1
534 199 614 241 0.000488 1
1134 309 1191 365 0.000485 1
888 240 954 282 0.000472 1
194 225 238 254 0.000470 1
224 201 255 240 0.000461 1
191 230 233 258 0.000461 1
979 265 1037 319 0.000460 1
1104 278 1170 343 0.000444 1
1037 275 1060 295 0.000429 1
574 276 597 333 0.000427 1
859 257 897 284 0.000422 1
574 276 606 396 0.000419 1
771 252 785 277 0.000418 1
731 251 785 281 0.000406 1
982 271 1028 322 0.000400 1
939 236 1198 356 0.000393 1
995 245 1023 262 0.000390 1
168 221 230 256 0.000378 1
1182 164 1213 216 0.000372 1
1028 279 1043 295 0.000365 1
761 253 785 281 0.000363 1
769 252 803 282 0.000362 1
211 184 255 246 0.000360 1
534 247 603 373 0.000359 1
903 212 935 251 0.000354 1
929 223 1100 294 0.000353 1
770 252 785 279 0.000352 1
580 201 625 248 0.000347 1
978 242 1008 263 0.000347 1
1069 221 1222 274 0.000343 1
650 226 1028 427 0.000339 1
540 247 599 267 0.000336 1
573 212 635 255 0.000329 1
182 234 213 261 0.000327 1
984 277 1020 323 0.000325 1
928 289 958 318 0.000324 1
1006 232 1080 296 0.000318 1
746 258 781 280 0.000311 1
765 252 805 283 0.000311 1
979 264 1046 298 0.000298 1
560 216 619 271 0.000292 1
518 198 552 226 0.000291 1
575 317 594 394 0.000290 1
892 264 918 309 0.000275 1
1042 278 1058 295 0.000274 1
1086 308 1188 370 0.000273 1
1138 320 1195 365 0.000267 1
910 263 957 342 0.000264 1
1156 191 1191 222 0.000264 1
568 197 684 257 0.000264 1
1003 275 1045 296 0.000263 1
585 226 619 266 0.000263 1
661 221 1254 470 0.000257 1
765 252 784 277 0.000254 1
807 259 828 281 0.000254 1
990 222 1139 299 0.000243 1
1044 227 1080 295 0.000241 1
1033 260 1077 295 0.000238 1
792 233 1215 450 0.000229 1
1108 276 1169 345 0.000225 1
570 274 604 393 0.000217 1
471 244 486 254 0.000204 1
931 280 989 322 0.000202 1
1170 163 1201 204 0.000196 1
702 232 1244 482 0.000196 1
770 252 800 281 0.000195 1
1007 235 1204 356 0.000194 1
841 248 938 341 0.000193 1
981 283 1011 323 0.000190 1
928 288 966 318 0.000190 1
1064 233 1104 270 0.000189 1
924 248 1011 336 0.000188 1
651 197 1220 478 0.000185 1
1066 309 1181 365 0.000177 1
573 281 611 392 0.000174 1
921 248 1011 347 0.000171 1
191 227 255 261 0.000166 1
890 259 935 342 0.000165 1
484 198 615 249 0.000163 1
570 201 890 258 0.000155 1
935 250 1016 347 0.000153 1
892 266 914 305 0.000151 1
1017 219 1158 290 0.000151 1
786 254 801 281 0.000151 1
592 221 645 255 0.000150 1
786 257 817 282 0.000149 1
575 324 594 394 0.000148 1
579 156 718 227 0.000131 1
189 239 224 262 0.000131 1
1039 243 1079 294 0.000125 1
166 243 211 262 0.000120 1
576 277 593 302 0.000118 1
644 201 1012 377 0.000115 1
1140 309 1200 361 0.000115 1
903 253 1011 389 0.000113 1
964 244 1066 301 0.000112 1
815 253 933 348 0.000112 1
513 237 930 340 0.000111 1
883 275 911 296 0.000108 1
771 250 785 275 0.000108 1
530 228 615 350 0.000107 1
508 228 534 248 0.000107 1
1073 308 1187 374 0.000105 1
553 232 596 253 0.000105 1
585 207 670 255 0.000102 1
902 265 935 343 0.000102 1
560 272 599 399 0.000101 1
1143 161 1205 218 0.000100 1
1008 206 1042 228 0.060857 2
523 182 536 195 0.058590 2
696 201 728 232 0.056315 2
1154 236 1173 247 0.050742 2
1005 205 1050 229 0.049447 2
1011 211 1025 227 0.047795 2
1005 196 1051 229 0.047139 2
1008 199 1041 228 0.045494 2
715 196 730 225 0.043288 2
697 201 731 234 0.041707 2
1006 211 1025 228 0.041680 2
1006 194 1054 229 0.039770 2
707 198 733 235 0.039375 2
687 199 729 234 0.038755 2
522 182 537 197 0.035339 2
1253 197 1278 220 0.035011 2
1102 216 1133 254 0.032319 2
1018 200 1047 228 0.031949 2
1023 207 1044 228 0.029993 2
1253 197 1276 217 0.026228 2
1004 206 1026 226 0.025674 2
1100 219 1130 258 0.024628 2
1254 197 1278 230 0.022594 2
1060 220 1126 263 0.021887 2
1155 235 1176 247 0.021491 2
522 182 545 198 0.021281 2
1070 215 1128 257 0.020961 2
859 177 946 232 0.020364 2
521 181 547 199 0.020332 2
716 197 740 227 0.020317 2
523 182 536 199 0.020207 2
1272 196 1279 231 0.019978 2
550 172 575 200 0.019931 2
1011 205 1026 227 0.019056 2
1153 231 1171 247 0.018948 2
864 178 946 226 0.017259 2
1117 217 1133 248 0.017037 2
474 182 526 216 0.016902 2
1254 199 1276 223 0.016900 2
697 204 726 232 0.016873 2
869 178 947 236 0.016739 2
1101 214 1133 243 0.016542 2
1153 232 1176 247 0.016463 2
486 199 515 216 0.016344 2
1118 216 1132 233 0.016315 2
605 200 649 216 0.015354 2
695 191 762 234 0.015185 2
633 201 645 216 0.015125 2
873 183 948 240 0.014923 2
522 183 547 202 0.014537 2
877 198 942 240 0.013989 2
692 201 728 235 0.013636 2
706 208 727 234 0.013492 2
1101 222 1126 262 0.013474 2
872 194 947 238 0.012776 2
1062 215 1127 263 0.012665 2
1008 211 1026 231 0.012660 2
1146 220 1159 247 0.012634 2
1151 221 1164 247 0.012367 2
681 200 728 234 0.012278 2
498 201 516 216 0.012215 2
292 176 323 198 0.012153 2
721 201 740 234 0.011649 2
1057 218 1128 262 0.011576 2
1008 208 1041 230 0.011556 2
1060 224 1125 263 0.011440 2
1008 198 1040 225 0.011219 2
830 220 855 241 0.010938 2
519 184 543 208 0.010874 2
988 211 1023 232 0.010624 2
542 200 575 218 0.010358 2
1154 232 1177 247 0.010358 2
1273 197 1279 235 0.010350 2
303 177 323 198 0.010155 2
670 207 724 234 0.010013 2
481 190 502 215 0.009244 2
482 193 501 216 0.009210 2
485 194 514 215 0.009001 2
833 223 855 241 0.008625 2
481 176 496 198 0.008618 2
482 177 494 196 0.008601 2
1065 218 1219 263 0.008523 2
553 170 578 200 0.008465 2
872 198 944 243 0.008261 2
552 161 580 181 0.008170 2
1068 219 1222 266 0.008056 2
676 211 702 233 0.007793 2
499 195 517 214 0.007789 2
481 183 500 215 0.007709 2
305 178 323 198 0.007638 2
522 171 551 196 0.007540 2
875 198 945 212 0.007529 2
449 155 522 175 0.007497 2
1067 200 1128 260 0.007457 2
1003 213 1026 233 0.007414 2
482 174 495 196 0.007336 2
1004 199 1041 225 0.007233 2
1271 193 1279 222 0.007121 2
292 176 320 198 0.007094 2
1096 211 1128 238 0.007051 2
1227 180 1279 223 0.007046 2
913 191 947 212 0.006999 2
596 186 617 215 0.006905 2
556 161 579 176 0.006872 2
876 198 943 236 0.006794 2
481 174 494 195 0.006783 2
544 160 580 185 0.006648 2
481 182 517 214 0.006361 2
820 218 854 241 0.006246 2
477 169 534 213 0.006210 2
902 196 947 211 0.006098 2
833 220 871 241 0.006066 2
856 195 945 244 0.006032 2
924 185 947 201 0.005961 2
833 222 862 242 0.005939 2
292 175 315 198 0.005903 2
482 171 517 208 0.005854 2
449 157 489 174 0.005768 2
827 221 854 241 0.005700 2
980 217 1021 245 0.005542 2
922 186 943 201 0.005366 2
922 197 948 213 0.005320 2
1267 196 1279 242 0.005259 2
481 171 517 211 0.005148 2
671 207 715 235 0.005146 2
1253 181 1279 222 0.005098 2
601 184 617 198 0.004993 2
1254 196 1278 240 0.004862 2
672 211 699 232 0.004742 2
971 212 1014 241 0.004741 2
497 187 517 209 0.004728 2
878 198 925 238 0.004656 2
449 156 489 171 0.004656 2
882 198 948 247 0.004644 2
681 204 714 235 0.004538 2
867 178 946 209 0.004410 2
994 206 1025 227 0.004338 2
544 161 579 177 0.004337 2
694 210 726 234 0.004125 2
863 194 983 249 0.004117 2
521 198 550 218 0.004098 2
447 154 520 202 0.004052 2
861 177 944 218 0.004052 2
1225 182 1276 231 0.004037 2
876 199 938 242 0.003825 2
539 249 600 280 0.003798 2
887 181 946 209 0.003700 2
356 217 371 228 0.003660 2
529 197 558 218 0.003567 2
489 171 519 206 0.003522 2
1264 193 1279 233 0.003518 2
1253 198 1277 232 0.003512 2
830 210 877 242 0.003390 2
672 212 703 235 0.003369 2
914 196 948 249 0.003348 2
491 173 519 208 0.003238 2
1223 181 1279 216 0.003211 2
821 185 946 240 0.003204 2
1050 196 1124 262 0.003195 2
598 192 617 216 0.003168 2
521 193 553 218 0.003118 2
1261 169 1279 185 0.003104 2
1224 174 1279 231 0.003086 2
605 197 653 217 0.003032 2
867 178 948 219 0.002959 2
1247 197 1275 233 0.002930 2
999 219 1082 251 0.002898 2
557 171 589 201 0.002855 2
878 199 901 233 0.002831 2
542 191 571 217 0.002785 2
1036 198 1054 229 0.002776 2
585 192 625 216 0.002732 2
872 199 941 247 0.002679 2
878 198 904 234 0.002633 2
542 170 562 199 0.002620 2
865 207 880 236 0.002605 2
921 182 947 201 0.002594 2
588 184 619 202 0.002585 2
1213 173 1278 230 0.002543 2
157 204 198 219 0.002534 2
1227 175 1279 204 0.002467 2
711 193 730 221 0.002467 2
1265 169 1279 180 0.002382 2
1148 184 1195 216 0.002357 2
983 208 1017 231 0.002344 2
1068 214 1125 264 0.002342 2
943 199 960 217 0.002331 2
1034 196 1055 229 0.002292 2
1013 209 1048 230 0.002256 2
878 199 910 240 0.002252 2
522 176 540 196 0.002247 2
853 177 940 207 0.002245 2
1016 192 1096 235 0.002200 2
645 197 664 215 0.002158 2
447 167 523 214 0.002155 2
1081 200 1127 235 0.002150 2
1264 232 1279 257 0.002141 2
837 195 943 245 0.002123 2
1260 171 1279 199 0.002121 2
817 216 859 241 0.002097 2
1098 206 1128 235 0.002087 2
1069 228 1123 263 0.002076 2
455 200 468 216 0.002041 2
709 189 752 224 0.002006 2
454 170 522 213 0.001986 2
561 161 581 184 0.001965 2
160 204 194 218 0.001950 2
1038 203 1059 229 0.001932 2
801 212 854 240 0.001917 2
1124 221 1169 249 0.001884 2
878 197 915 234 0.001875 2
866 177 941 219 0.001872 2
1005 196 1090 243 0.001866 2
433 171 445 194 0.001855 2
1246 169 1279 199 0.001796 2
454 202 467 216 0.001795 2
598 186 637 216 0.001790 2
432 169 467 186 0.001789 2
680 206 702 232 0.001758 2
1124 208 1160 247 0.001754 2
1263 169 1279 180 0.001752 2
320 199 357 254 0.001751 2
613 198 657 218 0.001735 2
925 183 948 201 0.001725 2
905 178 945 203 0.001725 2
478 189 536 218 0.001720 2
1226 180 1263 232 0.001711 2
353 210 371 228 0.001706 2
878 204 894 232 0.001698 2
1258 172 1279 198 0.001697 2
833 204 874 240 0.001693 2
933 201 947 218 0.001679 2
1001 183 1044 221 0.001669 2
435 169 465 183 0.001661 2
1102 220 1223 268 0.001652 2
1266 203 1279 256 0.001650 2
513 179 536 206 0.001616 2
447 157 490 180 0.001614 2
1263 232 1279 259 0.001603 2
540 162 574 200 0.001587 2
1233 168 1246 182 0.001580 2
1256 169 1279 198 0.001559 2
871 188 993 256 0.001551 2
1151 184 1189 216 0.001540 2
832 203 881 242 0.001479 2
697 183 741 219 0.001474 2
157 204 202 231 0.001462 2
586 162 608 185 0.001460 2
1148 184 1185 216 0.001437 2
433 172 445 195 0.001419 2
432 170 458 189 0.001412 2
521 169 553 198 0.001406 2
835 220 876 242 0.001396 2
975 215 1041 252 0.001392 2
829 135 904 168 0.001341 2
326 199 358 254 0.001288 2
159 204 198 219 0.001279 2
354 198 383 228 0.001275 2
898 200 942 251 0.001262 2
618 189 637 213 0.001237 2
465 179 487 212 0.001227 2
306 176 325 199 0.001214 2
963 215 1020 249 0.001205 2
327 197 369 245 0.001181 2
453 171 579 216 0.001167 2
600 183 630 205 0.001158 2
855 177 943 204 0.001152 2
323 199 355 254 0.001145 2
448 155 490 173 0.001127 2
1248 168 1279 181 0.001122 2
1224 168 1267 227 0.001090 2
587 182 615 205 0.001080 2
672 204 696 232 0.001076 2
1148 184 1198 220 0.001063 2
453 158 490 180 0.001056 2
435 167 492 212 0.001033 2
826 136 911 174 0.001029 2
1210 191 1271 231 0.001008 2
460 167 494 198 0.001007 2
446 165 559 216 0.000999 2
690 189 719 231 0.000992 2
1059 196 1137 262 0.000989 2
321 199 362 253 0.000988 2
1095 193 1120 208 0.000984 2
1227 169 1279 200 0.000982 2
851 176 936 191 0.000965 2
592 200 730 232 0.000948 2
587 167 618 186 0.000944 2
319 216 331 233 0.000940 2
1220 180 1262 231 0.000934 2
446 152 513 174 0.000931 2
1150 184 1185 215 0.000920 2
459 147 522 178 0.000915 2
693 182 731 230 0.000909 2
588 162 618 184 0.000903 2
595 187 732 223 0.000901 2
432 172 445 204 0.000895 2
528 182 588 221 0.000890 2
878 197 907 233 0.000886 2
449 201 468 218 0.000883 2
354 202 377 230 0.000867 2
358 201 383 219 0.000863 2
444 198 467 217 0.000855 2
1181 176 1230 255 0.000814 2
867 177 936 195 0.000802 2
1101 207 1146 243 0.000800 2
563 161 580 182 0.000799 2
328 207 372 232 0.000793 2
441 166 466 182 0.000774 2
447 159 483 179 0.000770 2
1004 183 1045 216 0.000767 2
1128 192 1169 219 0.000763 2
719 191 761 268 0.000756 2
326 204 355 254 0.000738 2
449 181 491 217 0.000732 2
930 184 952 203 0.000730 2
325 236 351 253 0.000726 2
548 166 618 211 0.000724 2
295 187 393 217 0.000710 2
647 189 663 216 0.000708 2
754 203 790 236 0.000704 2
1100 184 1148 209 0.000699 2
574 274 604 343 0.000698 2
704 304 770 336 0.000694 2
346 192 375 228 0.000690 2
1222 196 1257 230 0.000689 2
453 180 480 216 0.000681 2
699 183 733 217 0.000675 2
353 195 390 213 0.000668 2
326 234 353 254 0.000660 2
444 167 467 184 0.000660 2
1018 192 1054 230 0.000645 2
927 182 954 202 0.000638 2
605 170 617 184 0.000630 2
521 169 547 188 0.000628 2
1232 167 1271 182 0.000617 2
1190 195 1279 263 0.000611 2
1132 185 1185 216 0.000606 2
1123 188 1196 227 0.000595 2
381 182 405 205 0.000595 2
1100 190 1121 206 0.000590 2
1035 196 1075 226 0.000590 2
1071 194 1217 262 0.000586 2
865 218 884 243 0.000570 2
351 190 390 225 0.000570 2
360 201 385 219 0.000561 2
1095 168 1153 209 0.000552 2
432 174 445 205 0.000540 2
434 172 469 204 0.000529 2
1005 184 1048 222 0.000527 2
282 175 317 199 0.000525 2
574 271 604 347 0.000522 2
485 155 525 206 0.000512 2
914 184 992 267 0.000510 2
452 170 491 211 0.000500 2
290 175 310 198 0.000496 2
846 182 919 235 0.000495 2
448 154 489 172 0.000493 2
501 238 529 251 0.000453 2
1223 164 1250 209 0.000445 2
660 185 700 227 0.000444 2
157 204 171 220 0.000441 2
589 190 736 228 0.000440 2
832 136 894 149 0.000440 2
752 199 794 236 0.000437 2
1089 184 1151 262 0.000436 2
1215 197 1253 231 0.000425 2
432 190 447 206 0.000420 2
585 172 666 211 0.000417 2
574 274 603 337 0.000412 2
758 201 793 236 0.000411 2
396 179 419 205 0.000403 2
1136 342 1184 362 0.000391 2
1003 183 1044 214 0.000384 2
446 153 492 173 0.000381 2
585 161 616 185 0.000375 2
696 179 721 202 0.000375 2
1098 171 1135 206 0.000373 2
1041 191 1057 225 0.000364 2
901 201 937 250 0.000363 2
1036 200 1074 230 0.000362 2
802 206 826 239 0.000361 2
433 178 473 214 0.000360 2
831 222 859 245 0.000359 2
740 198 828 239 0.000345 2
154 185 195 218 0.000341 2
412 171 447 203 0.000339 2
433 196 449 207 0.000336 2
541 253 592 280 0.000335 2
1261 232 1279 269 0.000320 2
697 184 752 218 0.000319 2
1097 176 1195 219 0.000318 2
970 198 1059 248 0.000313 2
759 198 794 235 0.000313 2
593 161 619 184 0.000311 2
452 202 472 225 0.000304 2
967 200 998 224 0.000302 2
157 204 180 228 0.000283 2
361 179 606 302 0.000281 2
155 201 203 233 0.000275 2
1101 170 1129 203 0.000273 2
811 194 1011 270 0.000271 2
319 202 331 232 0.000270 2
411 173 447 204 0.000267 2
1098 172 1126 206 0.000265 2
454 168 489 200 0.000265 2
1207 369 1231 400 0.000262 2
831 222 869 245 0.000258 2
580 161 620 202 0.000241 2
290 175 308 198 0.000238 2
1035 187 1075 224 0.000237 2
603 160 668 211 0.000236 2
409 176 442 205 0.000235 2
272 178 302 194 0.000233 2
992 190 1051 229 0.000228 2
1136 340 1184 362 0.000227 2
744 200 793 237 0.000226 2
431 175 489 207 0.000225 2
594 158 673 210 0.000222 2
1224 164 1251 227 0.000222 2
435 204 452 219 0.000218 2
562 160 617 186 0.000213 2
1139 184 1184 214 0.000213 2
903 176 936 195 0.000212 2
888 137 938 154 0.000202 2
1125 194 1184 248 0.000193 2
325 189 360 245 0.000193 2
192 393 214 400 0.000192 2
316 201 352 255 0.000188 2
968 189 982 204 0.000187 2
907 175 950 202 0.000187 2
1126 235 1190 253 0.000186 2
838 136 904 151 0.000183 2
103 251 153 265 0.000182 2
355 200 386 227 0.000180 2
598 159 631 200 0.000180 2
123 225 136 236 0.000166 2
114 223 136 237 0.000164 2
907 136 939 152 0.000161 2
864 174 937 195 0.000159 2
1100 177 1153 209 0.000156 2
1206 367 1232 393 0.000154 2
154 185 181 215 0.000152 2
785 197 824 238 0.000151 2
824 328 867 346 0.000151 2
335 194 360 233 0.000148 2
575 274 601 333 0.000148 2
577 273 608 335 0.000147 2
1100 194 1146 218 0.000145 2
623 177 637 201 0.000145 2
576 280 593 300 0.000141 2
702 306 768 340 0.000139 2
304 175 383 219 0.000138 2
415 204 452 225 0.000137 2
917 177 951 202 0.000135 2
412 166 453 202 0.000130 2
840 136 930 165 0.000128 2
324 201 372 261 0.000121 2
911 135 939 149 0.000120 2
440 143 527 175 0.000120 2
480 144 521 174 0.000118 2
267 180 303 213 0.000118 2
155 182 201 226 0.000117 2
160 197 193 219 0.000114 2
302 177 364 202 0.000109 2
292 176 324 206 0.000109 2
448 143 528 175 0.000107 2
191 393 214 402 0.000107 2
103 250 239 269 0.000104 2
608 159 645 201 0.000103 2
828 135 937 173 0.024435 5
827 135 911 171 0.010506 5
827 135 938 177 0.010009 5
827 135 901 169 0.009360 5
825 135 942 189 0.008268 5
449 153 523 180 0.007712 5
449 151 524 200 0.007159 5
826 135 942 183 0.005477 5
827 133 938 175 0.001321 5
804 137 978 249 0.001205 5
827 130 939 172 0.001060 5
1099 162 1153 193 0.000903 5
483 149 525 179 0.000782 5
844 136 932 174 0.000767 5
1100 161 1153 189 0.000737 5
827 135 894 166 0.000477 5
1102 162 1154 186 0.000403 5
1105 163 1150 186 0.000337 5
305 196 376 254 0.000100 5
373 64 454 204 0.000118 6
801 160 943 241 0.267338 7
801 144 942 241 0.218288 7
801 158 857 240 0.177829 7
800 135 941 240 0.127208 7
802 173 945 240 0.114652 7
708 152 859 238 0.041852 7
690 148 938 240 0.040392 7
802 181 853 240 0.023371 7
801 144 872 240 0.021785 7
1005 191 1053 229 0.021046 7
684 193 765 233 0.020548 7
806 175 945 237 0.019561 7
803 169 853 228 0.016462 7
691 192 770 233 0.015215 7
801 190 853 240 0.014077 7
801 166 941 241 0.013416 7
1007 196 1051 228 0.012422 7
803 163 854 232 0.012152 7
691 154 892 237 0.011234 7
521 154 580 199 0.011128 7
693 152 924 237 0.010437 7
699 153 804 236 0.010010 7
693 185 785 237 0.009608 7
523 158 579 200 0.009524 7
808 135 931 239 0.009408 7
543 161 579 200 0.009287 7
802 206 854 241 0.009185 7
1008 197 1040 228 0.008725 7
533 167 577 200 0.007725 7
671 194 753 232 0.007644 7
1004 184 1055 229 0.007535 7
442 151 521 186 0.007312 7
802 173 855 231 0.007024 7
865 177 943 236 0.006192 7
550 163 573 199 0.005845 7
802 161 854 222 0.005839 7
801 206 878 241 0.005598 7
801 198 854 241 0.005209 7
450 149 525 192 0.004591 7
1004 180 1053 229 0.004528 7
695 161 803 234 0.004263 7
528 163 578 202 0.004211 7
1002 183 1048 228 0.004201 7
549 163 570 199 0.004070 7
692 178 799 235 0.003590 7
685 131 940 241 0.003399 7
1220 173 1279 230 0.003385 7
447 157 530 209 0.003356 7
823 136 907 176 0.003321 7
705 154 804 234 0.003176 7
467 157 522 208 0.003103 7
804 160 857 223 0.003042 7
1181 166 1279 226 0.002986 7
684 160 860 234 0.002943 7
1208 167 1279 227 0.002459 7
1002 183 1046 223 0.002444 7
449 147 524 178 0.002305 7
533 159 579 191 0.002297 7
697 184 733 230 0.002138 7
443 146 521 179 0.002111 7
801 186 854 240 0.002068 7
449 156 489 172 0.002032 7
682 178 737 231 0.001915 7
1213 168 1279 229 0.001896 7
707 192 762 262 0.001845 7
1182 168 1279 234 0.001844 7
802 183 860 239 0.001775 7
1186 169 1279 230 0.001746 7
646 182 731 231 0.001659 7
1001 179 1051 229 0.001617 7
448 158 578 206 0.001616 7
808 158 858 188 0.001447 7
860 177 945 238 0.001428 7
797 170 1001 251 0.001421 7
827 134 952 223 0.001363 7
1229 171 1279 230 0.001357 7
806 159 856 189 0.001354 7
810 160 857 179 0.001352 7
843 176 928 238 0.001303 7
519 144 579 199 0.001243 7
1006 179 1058 229 0.001241 7
677 154 945 267 0.001178 7
810 158 858 181 0.001101 7
735 165 824 237 0.001099 7
800 138 893 237 0.000971 7
598 169 724 219 0.000953 7
803 199 862 241 0.000914 7
685 151 813 235 0.000841 7
690 160 942 248 0.000805 7
803 181 857 231 0.000803 7
676 118 935 239 0.000792 7
865 176 942 228 0.000718 7
719 160 799 238 0.000709 7
521 147 577 197 0.000639 7
440 155 528 211 0.000635 7
717 153 803 206 0.000590 7
296 196 394 314 0.000581 7
755 198 797 237 0.000577 7
1099 163 1153 232 0.000569 7
646 162 974 339 0.000531 7
521 142 581 200 0.000522 7
1099 165 1155 206 0.000514 7
544 159 619 204 0.000479 7
728 152 805 206 0.000479 7
1100 162 1155 211 0.000470 7
1180 173 1279 269 0.000453 7
1070 190 1220 263 0.000446 7
588 167 680 216 0.000438 7
665 161 773 231 0.000414 7
847 172 938 233 0.000413 7
1099 162 1156 223 0.000407 7
812 158 858 178 0.000379 7
1088 160 1214 256 0.000376 7
846 166 918 240 0.000374 7
735 153 804 206 0.000369 7
674 90 884 236 0.000363 7
1101 162 1154 188 0.000354 7
666 170 715 219 0.000340 7
1080 160 1228 256 0.000306 7
715 158 804 210 0.000304 7
351 198 393 322 0.000299 7
1177 170 1280 265 0.000293 7
662 164 982 314 0.000293 7
704 147 805 221 0.000289 7
448 127 528 178 0.000278 7
807 165 857 191 0.000277 7
1217 163 1279 231 0.000272 7
612 169 667 214 0.000269 7
448 127 539 181 0.000257 7
644 164 959 359 0.000251 7
804 169 959 267 0.000248 7
826 136 962 200 0.000243 7
828 137 996 220 0.000208 7
548 159 619 222 0.000190 7
603 158 624 200 0.000187 7
1100 167 1154 208 0.000187 7
444 134 545 210 0.000172 7
334 190 560 278 0.000161 7
715 147 817 215 0.000154 7
848 164 869 238 0.000142 7
1101 163 1162 251 0.000142 7
309 100 444 336 0.000139 7
598 160 721 217 0.000137 7
569 166 954 358 0.000134 7
895 177 991 224 0.000134 7
827 133 938 175 0.000132 7
683 193 768 256 0.000128 7
591 160 740 226 0.000123 7
683 144 808 231 0.000122 7
1050 144 1177 260 0.000111 7
1096 160 1204 222 0.000105 7
442 131 581 204 0.000100 7
593 64 892 235 0.000100 7
1088 150 1102 177 0.435948 9
1089 150 1103 177 0.282187 9
513 151 523 170 0.219922 9
513 151 524 175 0.193018 9
1089 150 1103 178 0.079113 9
513 151 523 178 0.077225 9
513 150 524 175 0.046405 9
1005 136 1015 174 0.044399 9
1001 135 1013 177 0.031685 9
1004 135 1014 174 0.028227 9
693 180 702 204 0.026190 9
693 184 702 203 0.023207 9
1091 150 1102 185 0.020677 9
1089 150 1101 186 0.017757 9
513 151 525 178 0.016792 9
1090 150 1110 176 0.015827 9
174 64 202 91 0.013418 9
313 150 344 197 0.013397 9
171 64 203 91 0.012641 9
316 153 350 198 0.012214 9
519 138 527 161 0.010421 9
319 158 351 199 0.010034 9
895 156 905 171 0.009705 9
373 166 381 184 0.008852 9
693 176 702 189 0.008399 9
896 160 904 177 0.008168 9
1001 158 1010 180 0.007290 9
1000 135 1013 175 0.007262 9
597 116 626 161 0.007108 9
597 117 606 144 0.006999 9
1014 135 1023 171 0.006634 9
314 152 349 198 0.006333 9
367 166 375 186 0.005925 9
1090 150 1110 178 0.005915 9
512 141 525 174 0.005803 9
1003 136 1014 176 0.005773 9
596 117 607 145 0.005714 9
681 171 688 190 0.005432 9
331 163 352 199 0.005413 9
331 185 344 199 0.005251 9
879 154 892 172 0.005210 9
313 147 344 196 0.005064 9
704 162 713 182 0.005020 9
449 159 464 171 0.004934 9
681 164 688 185 0.004843 9
1090 133 1107 177 0.004542 9
705 155 713 174 0.004361 9
586 117 599 143 0.004009 9
594 64 636 93 0.003895 9
686 170 703 202 0.003828 9
1014 136 1023 155 0.003556 9
1209 170 1216 189 0.003548 9
586 117 598 138 0.003501 9
1015 142 1023 171 0.003483 9
595 64 624 92 0.003475 9
598 117 626 158 0.003356 9
666 183 671 201 0.003130 9
702 173 712 183 0.003049 9
586 117 601 146 0.002950 9
1233 167 1246 181 0.002926 9
663 171 670 188 0.002912 9
680 177 688 205 0.002911 9
167 64 203 92 0.002843 9
687 169 701 184 0.002810 9
1112 194 1119 204 0.002810 9
880 154 895 172 0.002719 9
688 176 702 206 0.002714 9
595 64 627 92 0.002677 9
900 155 909 173 0.002609 9
692 170 702 181 0.002535 9
312 151 328 198 0.002470 9
595 116 618 155 0.002418 9
581 64 596 93 0.002417 9
329 161 352 198 0.002411 9
586 118 599 140 0.002398 9
1007 134 1022 175 0.002341 9
1183 162 1201 202 0.002317 9
312 130 362 198 0.002296 9
877 148 908 173 0.002239 9
861 165 869 179 0.002209 9
596 116 612 145 0.002178 9
119 64 162 78 0.002130 9
589 176 598 185 0.001993 9
322 159 344 198 0.001980 9
1014 135 1024 145 0.001924 9
1081 150 1102 179 0.001904 9
173 64 209 92 0.001904 9
678 64 695 120 0.001842 9
312 148 330 195 0.001828 9
598 117 626 152 0.001806 9
904 159 910 178 0.001760 9
586 116 599 137 0.001758 9
1207 168 1218 193 0.001749 9
580 64 597 93 0.001741 9
514 171 524 192 0.001732 9
1096 177 1103 193 0.001618 9
679 66 692 118 0.001596 9
118 64 157 78 0.001592 9
1052 109 1084 146 0.001508 9
681 153 688 182 0.001497 9
1081 150 1101 180 0.001486 9
695 151 705 176 0.001483 9
610 158 622 182 0.001449 9
609 152 625 162 0.001440 9
604 145 625 163 0.001419 9
581 64 597 99 0.001419 9
596 118 626 163 0.001389 9
610 158 623 175 0.001385 9
586 168 595 184 0.001384 9
869 148 896 173 0.001383 9
580 64 598 98 0.001364 9
609 158 621 178 0.001363 9
638 161 647 170 0.001314 9
1210 165 1226 202 0.001306 9
678 69 691 104 0.001265 9
648 166 660 184 0.001255 9
1192 385 1205 403 0.001252 9
601 120 625 162 0.001246 9
875 156 898 176 0.001229 9
1089 144 1104 177 0.001224 9
1097 130 1109 150 0.001194 9
698 88 715 128 0.001162 9
1003 135 1017 174 0.001144 9
661 169 671 189 0.001128 9
861 165 869 183 0.001088 9
1080 149 1103 179 0.001066 9
1211 166 1225 202 0.001066 9
699 79 716 129 0.001054 9
592 64 632 94 0.001051 9
838 119 852 135 0.001043 9
697 69 712 125 0.001013 9
830 135 860 166 0.001004 9
1089 181 1095 192 0.001001 9
1231 166 1247 181 0.000997 9
582 80 600 141 0.000994 9
119 64 165 79 0.000992 9
1224 164 1233 184 0.000985 9
685 152 694 175 0.000978 9
120 64 161 79 0.000956 9
871 161 900 177 0.000948 9
586 121 599 146 0.000946 9
1093 129 1111 175 0.000944 9
873 155 904 177 0.000939 9
836 75 850 94 0.000934 9
868 152 896 175 0.000920 9
362 165 374 189 0.000918 9
1001 171 1008 184 0.000907 9
834 139 860 165 0.000905 9
869 137 939 175 0.000901 9
512 136 527 153 0.000894 9
997 133 1009 175 0.000891 9
593 64 641 93 0.000889 9
586 64 637 94 0.000887 9
1088 150 1103 191 0.000872 9
1002 133 1024 176 0.000865 9
700 118 713 130 0.000851 9
160 64 202 91 0.000845 9
623 64 640 92 0.000844 9
993 143 1000 161 0.000840 9
993 138 1000 163 0.000823 9
516 177 537 197 0.000823 9
832 124 843 134 0.000814 9
681 150 689 172 0.000810 9
606 160 619 184 0.000810 9
700 151 712 174 0.000809 9
356 218 371 229 0.000799 9
121 64 170 77 0.000797 9
1098 130 1110 149 0.000791 9
678 66 692 122 0.000788 9
1154 163 1167 184 0.000785 9
697 77 715 128 0.000783 9
696 151 706 175 0.000759 9
501 150 525 177 0.000740 9
590 64 647 94 0.000724 9
582 64 596 74 0.000720 9
683 150 693 175 0.000710 9
594 64 618 94 0.000710 9
624 119 636 151 0.000705 9
579 64 601 145 0.000698 9
161 64 174 76 0.000692 9
853 116 865 137 0.000686 9
259 143 269 159 0.000677 9
580 64 598 134 0.000668 9
352 157 362 195 0.000663 9
646 161 659 183 0.000662 9
693 64 711 122 0.000656 9
584 104 600 139 0.000656 9
877 141 908 173 0.000655 9
523 147 544 175 0.000653 9
141 64 202 85 0.000653 9
257 145 268 159 0.000649 9
258 143 269 159 0.000648 9
638 162 649 188 0.000644 9
1004 134 1021 176 0.000637 9
682 66 696 121 0.000636 9
119 64 165 77 0.000635 9
651 169 662 188 0.000631 9
568 145 579 164 0.000620 9
711 130 717 153 0.000614 9
1185 162 1201 187 0.000609 9
840 117 853 135 0.000607 9
851 117 864 137 0.000605 9
157 64 172 74 0.000601 9
649 179 664 206 0.000600 9
183 143 199 168 0.000576 9
648 170 666 200 0.000560 9
833 164 858 180 0.000552 9
172 64 212 92 0.000552 9
586 121 599 154 0.000551 9
1081 174 1090 184 0.000547 9
843 115 860 136 0.000540 9
696 68 719 129 0.000536 9
842 115 856 136 0.000534 9
834 165 858 184 0.000529 9
1107 151 1118 170 0.000526 9
832 149 843 163 0.000515 9
871 137 938 159 0.000506 9
1098 164 1116 199 0.000506 9
649 123 660 162 0.000503 9
511 136 526 145 0.000503 9
835 75 852 94 0.000503 9
640 168 660 203 0.000497 9
597 147 616 163 0.000493 9
521 149 547 176 0.000489 9
663 167 693 197 0.000485 9
312 134 342 194 0.000484 9
523 135 541 174 0.000481 9
859 137 939 169 0.000480 9
173 64 217 92 0.000475 9
834 77 849 94 0.000474 9
637 121 653 163 0.000469 9
888 137 939 155 0.000465 9
1000 128 1008 136 0.000455 9
665 167 690 192 0.000454 9
650 123 660 159 0.000453 9
698 83 721 129 0.000450 9
1097 129 1110 150 0.000447 9
697 64 711 112 0.000445 9
109 148 127 167 0.000442 9
581 64 597 90 0.000440 9
545 142 551 157 0.000440 9
625 64 641 91 0.000439 9
587 104 621 157 0.000439 9
842 146 858 167 0.000431 9
527 144 544 173 0.000426 9
133 64 171 78 0.000425 9
109 149 127 166 0.000424 9
831 117 846 135 0.000423 9
567 143 578 161 0.000418 9
1155 172 1168 185 0.000416 9
119 64 180 79 0.000413 9
648 124 658 163 0.000412 9
690 119 710 131 0.000412 9
624 122 635 154 0.000410 9
997 133 1017 176 0.000405 9
835 75 850 98 0.000399 9
337 160 360 199 0.000396 9
1185 163 1209 189 0.000394 9
585 64 661 162 0.000392 9
638 127 651 163 0.000390 9
1226 159 1248 181 0.000386 9
649 174 697 218 0.000374 9
642 121 659 163 0.000365 9
121 64 168 79 0.000360 9
711 130 718 155 0.000357 9
699 125 714 153 0.000356 9
227 108 269 130 0.000356 9
678 64 696 112 0.000346 9
813 161 858 178 0.000340 9
706 154 717 178 0.000340 9
637 120 651 162 0.000335 9
695 120 709 152 0.000331 9
682 64 709 127 0.000330 9
580 64 600 95 0.000312 9
854 149 882 173 0.000311 9
110 149 127 165 0.000309 9
633 64 664 91 0.000308 9
877 136 938 159 0.000306 9
545 112 552 132 0.000301 9
692 119 709 167 0.000301 9
158 64 202 93 0.000299 9
258 143 268 159 0.000299 9
580 64 600 136 0.000299 9
1000 181 1008 208 0.000298 9
637 81 658 105 0.000297 9
702 82 720 127 0.000297 9
807 160 860 186 0.000297 9
679 65 692 102 0.000292 9
704 116 717 129 0.000291 9
578 64 638 159 0.000287 9
638 122 648 157 0.000286 9
806 149 813 159 0.000286 9
624 64 639 78 0.000284 9
341 64 364 111 0.000278 9
681 64 711 130 0.000274 9
415 64 434 128 0.000268 9
683 64 706 124 0.000268 9
809 160 858 185 0.000267 9
718 151 726 160 0.000266 9
97 177 106 203 0.000262 9
1014 152 1026 176 0.000257 9
679 64 693 71 0.000256 9
805 167 829 189 0.000254 9
698 69 717 128 0.000252 9
595 64 629 95 0.000250 9
578 64 600 148 0.000249 9
256 82 266 97 0.000249 9
312 141 326 193 0.000249 9
695 120 707 149 0.000246 9
170 144 182 169 0.000241 9
993 141 1001 171 0.000241 9
698 123 714 157 0.000238 9
1151 166 1168 185 0.000237 9
96 180 105 202 0.000228 9
340 64 363 111 0.000228 9
1107 150 1119 170 0.000224 9
697 89 714 128 0.000223 9
624 118 638 156 0.000221 9
1044 183 1055 199 0.000220 9
170 142 181 170 0.000220 9
887 137 936 153 0.000219 9
706 159 717 182 0.000218 9
1114 163 1155 186 0.000217 9
209 66 235 87 0.000217 9
637 82 657 105 0.000216 9
850 162 871 203 0.000216 9
875 136 938 171 0.000216 9
711 149 721 174 0.000215 9
308 137 362 198 0.000214 9
692 64 721 129 0.000214 9
305 177 359 206 0.000214 9
169 64 252 91 0.000213 9
321 147 354 196 0.000212 9
901 136 939 157 0.000210 9
171 143 181 169 0.000208 9
577 128 599 172 0.000207 9
1148 162 1168 185 0.000207 9
651 126 661 149 0.000204 9
622 149 632 165 0.000204 9
97 174 111 203 0.000203 9
831 137 859 165 0.000203 9
581 132 613 186 0.000203 9
634 161 660 205 0.000200 9
828 136 881 166 0.000200 9
336 64 363 112 0.000199 9
637 80 658 102 0.000199 9
256 81 268 97 0.000199 9
697 64 713 90 0.000198 9
676 64 695 121 0.000197 9
698 120 711 153 0.000197 9
98 147 128 179 0.000190 9
813 159 857 176 0.000190 9
578 82 585 107 0.000190 9
680 123 691 164 0.000186 9
682 119 697 170 0.000186 9
170 64 263 98 0.000183 9
161 76 191 92 0.000183 9
625 163 642 190 0.000182 9
1205 160 1223 189 0.000181 9
630 64 662 94 0.000180 9
448 151 490 171 0.000180 9
698 64 714 87 0.000179 9
1123 163 1155 185 0.000177 9
483 129 531 178 0.000177 9
625 118 638 153 0.000175 9
636 80 659 103 0.000175 9
806 152 853 182 0.000174 9
869 123 880 137 0.000174 9
846 117 873 137 0.000174 9
174 142 200 169 0.000172 9
680 123 690 155 0.000169 9
1101 164 1140 184 0.000168 9
995 131 1018 177 0.000167 9
853 158 872 186 0.000165 9
256 106 272 129 0.000164 9
183 143 200 169 0.000164 9
683 119 702 153 0.000164 9
222 106 272 130 0.000163 9
210 67 220 86 0.000162 9
523 132 535 170 0.000161 9
703 120 718 154 0.000158 9
415 64 442 128 0.000155 9
679 64 697 70 0.000153 9
97 172 111 183 0.000153 9
689 161 704 185 0.000153 9
182 143 199 168 0.000152 9
97 171 110 184 0.000151 9
544 110 552 129 0.000150 9
836 74 851 94 0.000149 9
993 133 1000 150 0.000148 9
578 64 603 156 0.000147 9
1153 159 1168 183 0.000145 9
800 153 815 232 0.000142 9
574 134 582 144 0.000141 9
638 114 660 151 0.000140 9
802 149 810 159 0.000139 9
578 72 586 105 0.000138 9
576 71 589 142 0.000137 9
637 78 659 91 0.000136 9
652 125 661 145 0.000135 9
716 153 727 173 0.000135 9
50 184 63 206 0.000134 9
625 119 639 157 0.000133 9
624 118 637 148 0.000133 9
635 85 658 114 0.000132 9
820 116 837 130 0.000132 9
679 82 713 180 0.000131 9
575 78 602 143 0.000130 9
846 116 873 137 0.000130 9
105 147 128 182 0.000129 9
828 136 862 166 0.000128 9
907 135 938 155 0.000128 9
680 123 690 150 0.000127 9
170 143 185 172 0.000126 9
308 113 367 195 0.000125 9
1208 160 1228 197 0.000124 9
622 174 646 205 0.000123 9
895 136 938 170 0.000121 9
578 64 590 94 0.000119 9
671 64 686 117 0.000119 9
836 74 855 101 0.000119 9
596 110 626 151 0.000117 9
667 64 691 143 0.000117 9
699 157 716 179 0.000116 9
868 119 880 137 0.000115 9
833 77 850 97 0.000115 9
668 155 691 182 0.000114 9
614 160 653 188 0.000114 9
493 139 528 178 0.000114 9
688 119 708 132 0.000114 9
553 143 574 157 0.000112 9
686 119 704 153 0.000109 9
414 65 439 130 0.000108 9
675 64 696 163 0.000108 9
96 169 108 178 0.000108 9
841 145 868 168 0.000108 9
576 111 602 143 0.000106 9
1017 146 1038 163 0.000106 9
715 162 728 183 0.000106 9
576 64 590 87 0.000106 9
670 64 680 101 0.000106 9
800 152 812 209 0.000105 9
219 109 272 132 0.000105 9
961 150 973 160 0.000104 9
665 148 671 168 0.000104 9
1031 148 1041 160 0.000104 9
307 108 378 210 0.000102 9
594 110 614 146 0.000102 9
551 142 573 159 0.000102 9
821 120 844 135 0.000101 9
323 64 363 112 0.000101 9
662 154 672 184 0.000101 9
1050 111 1082 145 0.000101 9
1185 160 1213 187 0.000100 9
711 79 721 91 0.000100 9
637 93 658 113 0.000100 9
324 109 366 164 0.193543 11
1051 109 1084 146 0.050751 11
1182 188 1201 215 0.035264 11
1181 184 1201 215 0.028965 11
1182 190 1200 214 0.024249 11
1181 164 1202 215 0.022254 11
1230 167 1247 182 0.000832 11
1221 163 1235 206 0.000655 11
415 64 436 120 0.000619 11
415 64 434 108 0.000552 11
415 64 433 120 0.000442 11
415 64 433 106 0.000284 11
415 64 440 124 0.000228 11
352 127 366 158 0.000164 11
1051 108 1084 186 0.000135 11
416 64 434 98 0.000126 11
415 64 435 121 0.000123 11
