1015 195 1039 255 0.463992 0
785 185 829 267 0.316209 0
912 188 930 265 0.223732 0
1145 189 1164 238 0.221170 0
1037 197 1050 235 0.169516 0
717 212 728 234 0.152291 0
1026 196 1042 250 0.128432 0
1017 196 1036 240 0.110770 0
215 196 224 227 0.108142 0
1144 189 1164 221 0.093257 0
912 190 929 229 0.075566 0
1028 196 1039 229 0.066345 0
555 172 570 199 0.056451 0
1015 196 1029 222 0.051271 0
838 203 862 239 0.050911 0
995 207 1004 223 0.049527 0
863 195 873 224 0.045608 0
899 191 931 264 0.039952 0
785 194 824 247 0.035801 0
708 210 727 234 0.035712 0
200 201 212 221 0.035154 0
306 183 325 198 0.033092 0
992 210 1003 224 0.031681 0
645 199 654 214 0.028296 0
846 201 855 217 0.027001 0
784 228 826 264 0.026556 0
805 177 815 200 0.026490 0
787 184 819 235 0.025449 0
693 209 702 233 0.025231 0
912 189 929 212 0.025136 0
202 198 215 225 0.022938 0
238 194 256 238 0.021718 0
920 202 945 260 0.020798 0
671 210 680 232 0.020328 0
205 199 219 227 0.019705 0
633 202 644 217 0.018645 0
331 185 343 198 0.017594 0
860 198 875 235 0.017329 0
984 207 994 224 0.016009 0
786 197 794 214 0.015975 0
786 196 795 232 0.014842 0
520 194 526 207 0.014438 0
789 184 814 209 0.014321 0
640 199 655 216 0.014163 0
572 181 581 200 0.013688 0
512 195 521 212 0.012885 0
1018 194 1033 220 0.012687 0
973 209 984 224 0.011666 0
784 195 808 256 0.011130 0
786 195 801 234 0.010629 0
1041 200 1053 235 0.010573 0
999 188 1007 217 0.010371 0
788 196 799 216 0.009863 0
726 208 736 234 0.009183 0
949 273 959 298 0.009077 0
808 209 829 240 0.009057 0
692 184 702 229 0.008096 0
1272 204 1279 254 0.007311 0
785 215 832 272 0.006696 0
789 191 806 212 0.006607 0
692 205 712 232 0.006605 0
1218 214 1229 233 0.006276 0
350 187 358 199 0.005854 0
1028 194 1045 219 0.005817 0
1000 184 1008 213 0.005611 0
342 186 353 198 0.005562 0
1212 192 1227 229 0.005519 0
206 192 222 225 0.005505 0
222 185 231 204 0.005485 0
1213 190 1224 211 0.005327 0
513 187 524 212 0.005224 0
853 195 873 229 0.005158 0
377 183 399 204 0.005118 0
517 193 526 216 0.005053 0
692 212 706 237 0.004891 0
977 207 1000 225 0.004788 0
210 195 226 235 0.004590 0
735 203 744 235 0.004534 0
1268 201 1279 254 0.004520 0
878 199 893 232 0.004475 0
1219 201 1227 232 0.003924 0
700 206 729 235 0.003520 0
220 186 230 225 0.003411 0
786 194 802 213 0.003321 0
736 202 744 214 0.003276 0
928 202 946 246 0.003274 0
914 190 936 238 0.003210 0
366 165 376 187 0.003071 0
878 193 932 244 0.002907 0
406 179 419 204 0.002890 0
986 199 1006 223 0.002750 0
373 165 382 190 0.002666 0
653 200 662 216 0.002541 0
1240 197 1250 231 0.002405 0
995 193 1007 223 0.002375 0
1240 204 1247 232 0.002351 0
1209 188 1222 213 0.002328 0
221 183 231 196 0.002203 0
1218 220 1227 234 0.002101 0
638 195 653 215 0.002019 0
666 207 678 232 0.001870 0
611 152 630 175 0.001795 0
633 184 643 204 0.001791 0
645 193 659 214 0.001756 0
325 235 350 254 0.001665 0
240 213 251 238 0.001639 0
617 179 632 201 0.001565 0
214 192 230 229 0.001506 0
1094 197 1101 209 0.001453 0
414 251 421 270 0.001435 0
197 201 219 244 0.001397 0
215 183 230 202 0.001372 0
666 186 672 226 0.001318 0
1210 192 1226 217 0.001294 0
353 185 369 199 0.001276 0
175 189 182 204 0.001266 0
1245 198 1265 233 0.001249 0
399 181 412 203 0.001244 0
690 177 702 215 0.001216 0
320 222 356 314 0.001216 0
636 189 652 213 0.001155 0
1197 369 1229 422 0.001139 0
790 153 816 205 0.001136 0
515 191 535 245 0.001113 0
238 193 255 218 0.001069 0
666 188 671 204 0.001068 0
1146 185 1175 214 0.000952 0
881 155 903 176 0.000950 0
1110 193 1120 207 0.000830 0
635 175 648 202 0.000819 0
199 197 230 255 0.000816 0
1191 384 1218 420 0.000782 0
319 211 348 256 0.000777 0
1192 384 1205 404 0.000774 0
197 188 213 220 0.000771 0
835 201 858 224 0.000757 0
241 210 256 238 0.000726 0
960 370 981 407 0.000717 0
412 176 421 203 0.000676 0
193 195 211 218 0.000646 0
326 209 355 255 0.000641 0
362 165 373 189 0.000638 0
677 204 695 226 0.000625 0
798 175 853 218 0.000615 0
679 178 692 216 0.000582 0
684 186 702 227 0.000576 0
606 152 634 199 0.000570 0
408 250 415 272 0.000522 0
86 222 94 235 0.000518 0
353 200 374 280 0.000509 0
633 202 652 221 0.000498 0
1197 392 1216 421 0.000496 0
320 238 330 277 0.000493 0
307 184 326 206 0.000492 0
319 240 349 324 0.000482 0
364 166 383 200 0.000474 0
1137 175 1168 243 0.000473 0
371 170 389 197 0.000469 0
857 164 873 223 0.000453 0
847 183 871 216 0.000448 0
353 201 382 231 0.000444 0
898 154 918 180 0.000413 0
1216 190 1229 212 0.000401 0
410 179 425 204 0.000400 0
680 194 691 215 0.000396 0
354 229 369 272 0.000390 0
370 161 382 185 0.000375 0
319 218 350 279 0.000360 0
265 196 273 214 0.000350 0
193 186 203 215 0.000338 0
1118 185 1166 236 0.000335 0
513 192 526 238 0.000330 0
770 198 796 236 0.000325 0
318 203 329 224 0.000322 0
1214 178 1227 222 0.000321 0
180 174 227 227 0.000320 0
776 197 796 228 0.000312 0
305 198 357 351 0.000294 0
328 193 372 273 0.000285 0
609 156 644 183 0.000268 0
1204 218 1233 247 0.000264 0
0 141 7 204 0.000262 0
319 230 336 311 0.000245 0
160 204 174 233 0.000233 0
341 221 370 293 0.000217 0
574 279 596 344 0.000198 0
578 64 601 178 0.000197 0
664 191 698 232 0.000195 0
362 159 379 188 0.000191 0
463 247 480 272 0.000181 0
230 176 257 234 0.000176 0
326 214 371 321 0.000173 0
990 189 1009 217 0.000165 0
600 343 611 362 0.000152 0
328 185 350 218 0.000143 0
798 543 843 602 0.000138 0
353 194 385 307 0.000135 0
358 150 376 189 0.000123 0
264 191 275 206 0.000122 0
953 370 987 422 0.000122 0
201 207 241 244 0.000121 0
999 182 1027 220 0.000116 0
458 198 479 254 0.000112 0
328 246 357 317 0.000112 0
1006 176 1061 254 0.000108 0
1005 223 1049 271 0.595548 1
771 228 857 280 0.550282 1
1133 218 1168 252 0.243484 1
1111 215 1169 253 0.194236 1
822 206 864 243 0.104570 1
1138 193 1168 248 0.092455 1
778 230 821 279 0.088290 1
1107 217 1150 252 0.073017 1
819 213 853 242 0.071821 1
831 202 868 239 0.071089 1
1021 226 1052 261 0.056185 1
1008 207 1039 259 0.048802 1
970 220 1010 258 0.046273 1
990 216 1033 264 0.040926 1
1034 222 1070 261 0.035103 1
978 220 1026 262 0.034101 1
1044 218 1070 247 0.032807 1
1121 221 1160 254 0.031285 1
769 244 817 280 0.030729 1
546 199 567 217 0.029416 1
1026 215 1051 255 0.028784 1
1148 221 1184 248 0.027172 1
1031 232 1057 266 0.026431 1
1118 223 1145 254 0.025833 1
1138 210 1193 249 0.022813 1
978 211 1006 251 0.021780 1
815 213 842 242 0.021777 1
998 208 1037 250 0.020937 1
1000 223 1030 271 0.020241 1
911 223 929 264 0.017753 1
541 201 555 218 0.017733 1
989 209 1013 252 0.017663 1
868 226 931 284 0.016856 1
770 248 800 279 0.016816 1
532 201 553 218 0.016566 1
777 242 844 281 0.016523 1
1102 230 1141 254 0.016214 1
817 215 857 273 0.016106 1
1163 231 1177 248 0.016087 1
1004 222 1073 267 0.015627 1
878 225 930 265 0.015102 1
1142 309 1171 350 0.015101 1
818 202 872 273 0.014773 1
783 231 819 270 0.014590 1
830 200 868 261 0.014562 1
1046 215 1069 237 0.014502 1
870 197 931 268 0.014161 1
1018 233 1052 271 0.013971 1
912 198 930 264 0.011949 1
930 275 959 302 0.011932 1
872 261 912 286 0.011551 1
540 199 561 218 0.010908 1
1007 208 1059 253 0.010693 1
865 242 958 297 0.010416 1
1127 216 1222 266 0.010132 1
871 246 919 286 0.009965 1
806 211 833 241 0.009653 1
791 215 855 272 0.009212 1
1103 215 1209 260 0.009046 1
1142 194 1193 229 0.008854 1
1062 214 1149 251 0.008714 1
1142 205 1189 231 0.008701 1
1050 218 1092 250 0.008342 1
771 214 939 281 0.008016 1
822 198 931 277 0.007929 1
1006 210 1024 227 0.007571 1
792 198 869 242 0.007531 1
1050 215 1096 240 0.006771 1
1103 228 1122 250 0.006343 1
1069 215 1117 234 0.005938 1
1067 221 1117 248 0.005855 1
1047 225 1075 256 0.005602 1
969 226 1002 261 0.005524 1
876 199 905 245 0.005427 1
785 217 831 273 0.005397 1
987 232 1030 271 0.005394 1
1168 221 1190 247 0.005227 1
804 212 831 257 0.005189 1
918 206 943 259 0.005065 1
557 197 580 217 0.005057 1
817 242 857 282 0.005055 1
882 255 929 296 0.005027 1
891 263 907 286 0.004944 1
868 229 916 269 0.004640 1
564 201 578 217 0.004637 1
792 231 930 286 0.004632 1
840 199 875 238 0.004581 1
774 175 955 277 0.004369 1
876 221 907 252 0.004275 1
1174 225 1189 248 0.003819 1
1104 309 1170 351 0.003588 1
877 200 894 244 0.003467 1
1099 215 1176 271 0.003372 1
1032 220 1135 254 0.003360 1
868 263 958 302 0.002968 1
866 204 955 289 0.002905 1
894 224 931 289 0.002804 1
1119 195 1166 243 0.002777 1
1179 191 1199 224 0.002583 1
860 256 901 285 0.002416 1
865 199 877 234 0.002342 1
858 238 897 285 0.002324 1
1058 229 1073 257 0.002283 1
1182 190 1208 228 0.002175 1
863 233 886 277 0.002118 1
1065 226 1095 252 0.002018 1
840 197 874 270 0.001993 1
1013 234 1077 275 0.001906 1
1170 212 1187 223 0.001840 1
1168 219 1203 247 0.001687 1
1262 215 1279 260 0.001633 1
1181 176 1200 218 0.001628 1
1177 222 1195 247 0.001624 1
1141 228 1201 257 0.001482 1
1073 194 1166 248 0.001467 1
854 232 881 282 0.001438 1
869 229 889 265 0.001424 1
913 227 937 265 0.001408 1
786 183 849 239 0.001307 1
1180 169 1215 216 0.001255 1
927 273 960 314 0.001133 1
868 234 883 267 0.001110 1
1005 228 1061 295 0.001088 1
1040 216 1182 276 0.001054 1
911 265 928 295 0.001027 1
1044 230 1074 265 0.000977 1
768 227 858 328 0.000886 1
1190 213 1227 231 0.000884 1
869 228 883 241 0.000875 1
1141 182 1201 237 0.000858 1
895 265 930 298 0.000846 1
855 222 874 273 0.000820 1
1005 220 1143 273 0.000766 1
573 290 597 388 0.000735 1
1254 233 1279 268 0.000632 1
758 195 958 349 0.000600 1
1098 194 1188 254 0.000574 1
1139 308 1186 358 0.000551 1
853 231 870 279 0.000541 1
1009 241 1077 296 0.000537 1
575 300 596 356 0.000529 1
927 280 944 308 0.000526 1
584 148 914 289 0.000521 1
993 223 1100 296 0.000502 1
532 249 600 397 0.000478 1
1161 165 1203 219 0.000473 1
1179 185 1227 232 0.000456 1
863 211 1030 303 0.000432 1
848 182 874 222 0.000405 1
1152 343 1181 358 0.000399 1
822 248 932 341 0.000393 1
1104 308 1192 369 0.000387 1
1173 163 1201 209 0.000363 1
1014 273 1060 295 0.000352 1
774 248 856 295 0.000339 1
575 282 596 344 0.000337 1
891 265 914 297 0.000308 1
518 194 553 236 0.000292 1
573 281 612 383 0.000280 1
1000 267 1056 295 0.000263 1
962 369 1026 400 0.000248 1
968 232 1056 292 0.000214 1
1037 276 1061 295 0.000214 1
543 198 578 220 0.000198 1
857 261 905 291 0.000192 1
1098 215 1211 285 0.000176 1
824 278 853 344 0.000174 1
575 318 594 389 0.000166 1
713 229 870 343 0.000160 1
1135 334 1201 377 0.000160 1
785 260 860 289 0.000145 1
834 266 960 349 0.000145 1
911 268 937 312 0.000143 1
1024 311 1111 360 0.000135 1
733 236 826 280 0.000123 1
658 236 955 398 0.000123 1
1162 344 1182 360 0.000107 1
889 272 959 340 0.000104 1
523 183 537 195 0.110529 2
586 184 621 215 0.078254 2
480 171 531 217 0.075088 2
694 203 728 232 0.064903 2
522 183 542 199 0.055386 2
867 180 960 245 0.047452 2
1047 215 1069 235 0.042962 2
914 185 954 209 0.036579 2
449 154 522 178 0.034431 2
381 195 401 206 0.033602 2
480 172 517 201 0.032144 2
554 172 573 200 0.030634 2
481 174 495 197 0.026984 2
587 184 647 217 0.021571 2
867 195 942 261 0.019540 2
522 179 550 200 0.017403 2
555 177 580 202 0.016913 2
865 176 951 222 0.016668 2
565 184 621 215 0.015650 2
485 182 548 212 0.014819 2
1112 487 1137 498 0.014027 2
910 179 948 207 0.013515 2
479 176 507 204 0.013217 2
485 201 516 217 0.012854 2
601 201 652 217 0.012570 2
1067 207 1124 233 0.012536 2
444 154 518 195 0.012151 2
522 171 556 198 0.012108 2
293 176 324 198 0.011940 2
481 185 517 217 0.011016 2
396 198 409 206 0.010767 2
912 180 939 216 0.010451 2
670 205 729 235 0.010097 2
305 179 324 199 0.009217 2
449 156 489 171 0.008992 2
1253 198 1276 229 0.008984 2
468 186 480 204 0.008930 2
927 198 955 208 0.008203 2
169 204 195 217 0.007956 2
1256 198 1275 215 0.007914 2
520 183 549 210 0.007356 2
1004 202 1025 225 0.007355 2
1095 214 1144 249 0.007029 2
473 160 517 204 0.006886 2
1050 213 1149 249 0.006805 2
551 160 579 177 0.006680 2
1090 209 1143 236 0.006608 2
375 184 400 205 0.006479 2
1060 211 1098 234 0.006394 2
1043 204 1071 235 0.006383 2
164 203 196 228 0.006186 2
1072 214 1135 246 0.005953 2
1224 180 1279 235 0.005861 2
433 172 445 193 0.005395 2
543 159 580 187 0.005325 2
533 183 551 202 0.005206 2
546 196 582 218 0.005140 2
1272 200 1279 247 0.005118 2
457 182 480 205 0.005100 2
865 177 938 209 0.005081 2
679 211 702 233 0.004853 2
875 200 912 245 0.004844 2
983 218 1043 261 0.004720 2
452 181 481 215 0.004673 2
448 157 490 180 0.004218 2
899 181 978 254 0.004122 2
513 181 539 203 0.004033 2
1115 216 1147 243 0.004030 2
601 181 630 201 0.003789 2
544 201 559 218 0.003670 2
875 195 936 237 0.003634 2
996 217 1058 261 0.003596 2
319 219 331 232 0.003541 2
520 192 551 218 0.003308 2
466 180 479 202 0.003206 2
1071 206 1103 225 0.003176 2
956 219 1033 259 0.003018 2
1226 176 1279 213 0.002898 2
716 197 729 230 0.002829 2
319 199 356 256 0.002827 2
469 191 481 214 0.002807 2
1208 370 1226 389 0.002702 2
1240 193 1265 233 0.002654 2
1065 204 1149 238 0.002651 2
450 160 498 192 0.002647 2
1264 169 1279 179 0.002481 2
1044 209 1135 239 0.002475 2
878 198 904 239 0.002429 2
544 184 651 218 0.002421 2
988 197 1053 255 0.002406 2
1145 183 1201 218 0.002368 2
543 161 576 200 0.002330 2
466 168 561 216 0.002325 2
1259 169 1279 182 0.002323 2
475 195 510 217 0.002280 2
1259 200 1279 248 0.002210 2
453 203 467 217 0.002150 2
386 178 428 205 0.002075 2
1251 211 1268 233 0.002054 2
453 201 475 217 0.002033 2
865 186 1009 252 0.002003 2
354 213 371 229 0.001957 2
1272 228 1279 258 0.001849 2
920 194 973 249 0.001806 2
463 254 479 271 0.001784 2
398 181 411 205 0.001702 2
587 176 600 186 0.001684 2
520 177 578 214 0.001666 2
394 192 413 206 0.001663 2
1070 191 1082 203 0.001652 2
1259 184 1277 213 0.001637 2
441 201 469 218 0.001631 2
352 188 370 199 0.001611 2
565 188 582 216 0.001581 2
915 206 982 255 0.001564 2
1243 170 1279 208 0.001554 2
353 200 388 229 0.001553 2
742 203 789 236 0.001532 2
411 172 447 203 0.001490 2
1205 370 1226 405 0.001484 2
1068 193 1094 213 0.001420 2
1254 169 1279 202 0.001389 2
362 195 399 206 0.001386 2
1192 213 1227 231 0.001370 2
716 199 740 235 0.001356 2
743 212 780 235 0.001355 2
432 173 444 204 0.001347 2
647 198 662 215 0.001336 2
1054 205 1072 232 0.001335 2
602 160 631 188 0.001295 2
431 168 466 189 0.001275 2
522 169 547 180 0.001234 2
1264 183 1279 209 0.001205 2
432 196 473 217 0.001199 2
404 193 418 205 0.001160 2
1189 179 1279 262 0.001112 2
619 181 634 202 0.001109 2
925 182 958 208 0.001090 2
518 177 539 197 0.001062 2
586 175 595 186 0.001062 2
1078 190 1093 203 0.001049 2
484 162 523 193 0.000982 2
327 198 362 247 0.000969 2
1248 167 1279 181 0.000966 2
1194 369 1256 423 0.000952 2
438 169 481 212 0.000931 2
966 206 982 222 0.000926 2
584 195 657 219 0.000919 2
434 177 478 206 0.000917 2
1228 168 1247 182 0.000916 2
326 233 353 255 0.000915 2
358 188 376 201 0.000900 2
1089 196 1099 210 0.000877 2
969 201 996 223 0.000859 2
319 203 331 233 0.000847 2
275 176 323 199 0.000839 2
356 218 370 229 0.000817 2
565 160 581 184 0.000799 2
1223 195 1253 232 0.000797 2
698 184 729 211 0.000770 2
190 200 225 228 0.000761 2
1048 193 1079 226 0.000720 2
156 186 194 225 0.000685 2
353 198 389 217 0.000678 2
434 204 452 219 0.000670 2
1060 191 1083 214 0.000667 2
1225 167 1279 194 0.000660 2
694 176 730 207 0.000590 2
412 204 452 228 0.000589 2
831 138 906 176 0.000589 2
333 210 372 231 0.000579 2
691 174 704 214 0.000573 2
568 160 580 179 0.000571 2
1265 236 1279 269 0.000561 2
431 192 449 207 0.000521 2
1087 189 1121 208 0.000518 2
992 216 1157 259 0.000517 2
178 201 211 219 0.000507 2
360 195 405 217 0.000506 2
196 226 227 249 0.000506 2
587 197 731 233 0.000504 2
503 149 524 177 0.000493 2
165 202 211 231 0.000492 2
1092 206 1165 238 0.000482 2
947 206 978 226 0.000476 2
603 152 637 201 0.000452 2
450 197 479 219 0.000452 2
290 191 394 223 0.000446 2
574 273 605 340 0.000435 2
432 197 460 210 0.000434 2
447 162 483 202 0.000431 2
1095 179 1122 206 0.000428 2
699 203 817 237 0.000425 2
1263 365 1279 376 0.000421 2
1022 195 1156 248 0.000410 2
472 145 525 173 0.000405 2
776 174 967 289 0.000405 2
290 176 313 198 0.000401 2
1003 189 1027 222 0.000400 2
123 225 136 236 0.000396 2
340 188 389 227 0.000394 2
704 304 769 337 0.000385 2
384 196 409 214 0.000364 2
114 223 138 237 0.000359 2
660 184 699 226 0.000357 2
586 163 602 186 0.000354 2
1216 209 1243 232 0.000350 2
448 160 465 179 0.000346 2
1190 356 1279 425 0.000342 2
1240 167 1262 181 0.000340 2
728 206 768 235 0.000337 2
1190 369 1228 419 0.000337 2
817 183 1072 289 0.000328 2
1087 187 1096 204 0.000324 2
451 203 472 222 0.000323 2
857 174 924 220 0.000314 2
1098 170 1128 205 0.000312 2
162 203 222 247 0.000304 2
521 151 577 189 0.000298 2
1201 365 1258 393 0.000297 2
963 201 991 216 0.000289 2
793 330 847 349 0.000280 2
977 218 1060 277 0.000267 2
374 175 407 203 0.000265 2
1217 163 1259 205 0.000264 2
590 172 617 192 0.000264 2
849 214 1059 281 0.000264 2
1197 352 1264 390 0.000250 2
1096 181 1150 216 0.000241 2
1042 191 1063 218 0.000231 2
389 198 435 214 0.000230 2
519 150 544 176 0.000229 2
410 201 433 205 0.000228 2
273 182 294 193 0.000228 2
111 223 156 247 0.000224 2
333 195 358 237 0.000220 2
303 180 365 213 0.000217 2
157 186 181 205 0.000212 2
1182 349 1229 419 0.000208 2
573 276 611 384 0.000200 2
1207 164 1228 217 0.000200 2
599 157 625 183 0.000199 2
1116 183 1165 222 0.000184 2
454 201 476 251 0.000179 2
773 224 818 242 0.000178 2
947 200 982 214 0.000178 2
192 190 233 223 0.000174 2
1094 166 1152 210 0.000173 2
1198 358 1234 389 0.000168 2
772 200 792 236 0.000166 2
1265 254 1279 271 0.000164 2
432 160 470 182 0.000163 2
737 202 758 216 0.000159 2
446 144 524 184 0.000153 2
923 177 947 201 0.000152 2
1262 365 1279 387 0.000152 2
1167 336 1276 421 0.000150 2
153 186 178 216 0.000149 2
603 157 662 209 0.000145 2
1026 193 1085 235 0.000144 2
496 240 530 251 0.000142 2
493 144 525 177 0.000137 2
152 183 180 199 0.000135 2
103 251 155 265 0.000134 2
841 136 897 149 0.000130 2
161 201 245 257 0.000125 2
1040 189 1137 233 0.000123 2
19 224 65 240 0.000121 2
1187 354 1229 389 0.000120 2
575 279 594 312 0.000119 2
396 203 454 222 0.000117 2
62 223 94 238 0.000117 2
121 216 148 237 0.000115 2
310 160 365 199 0.000114 2
109 236 162 262 0.000113 2
268 185 297 204 0.000111 2
1003 184 1046 222 0.000109 2
95 200 111 206 0.000107 2
1102 163 1152 186 0.000105 2
416 200 436 206 0.000105 2
1217 168 1279 232 0.007778 5
830 135 937 172 0.004748 5
814 135 942 201 0.001907 5
479 149 525 177 0.001342 5
829 135 900 167 0.001187 5
318 199 375 319 0.000401 5
314 198 388 252 0.000276 5
298 196 361 259 0.000143 5
787 138 941 248 0.077060 7
449 154 522 180 0.027465 7
586 184 638 216 0.025660 7
538 160 581 202 0.024658 7
546 172 580 201 0.024290 7
684 193 729 234 0.021895 7
695 201 729 233 0.015243 7
862 175 956 237 0.014977 7
799 170 946 227 0.011464 7
794 160 858 228 0.010783 7
524 170 570 200 0.009945 7
1219 175 1279 233 0.009851 7
787 161 858 266 0.009330 7
693 155 807 236 0.008368 7
709 152 864 237 0.007913 7
450 167 522 214 0.007275 7
779 173 951 270 0.006661 7
828 135 941 171 0.004974 7
807 135 941 213 0.004656 7
1083 169 1162 237 0.004433 7
808 158 858 189 0.003928 7
699 141 943 235 0.003818 7
486 161 579 207 0.003602 7
1188 170 1279 242 0.003300 7
450 158 565 210 0.002412 7
543 176 622 210 0.002412 7
627 177 730 233 0.001916 7
310 199 393 327 0.001728 7
605 152 632 199 0.001290 7
542 177 730 232 0.001208 7
449 128 531 182 0.001200 7
801 136 918 185 0.001187 7
544 159 602 206 0.000992 7
698 186 729 221 0.000930 7
602 169 725 220 0.000821 7
662 153 729 233 0.000704 7
352 200 392 320 0.000628 7
598 153 646 214 0.000615 7
1113 171 1279 266 0.000582 7
1099 178 1229 259 0.000576 7
383 184 469 206 0.000570 7
756 192 831 258 0.000562 7
847 141 954 214 0.000558 7
789 165 881 241 0.000521 7
729 159 802 221 0.000518 7
505 155 715 222 0.000514 7
327 175 558 265 0.000514 7
518 143 579 203 0.000505 7
800 177 858 241 0.000499 7
460 167 668 219 0.000473 7
600 162 693 214 0.000439 7
673 79 940 236 0.000416 7
809 162 858 179 0.000416 7
802 166 855 202 0.000414 7
690 200 789 236 0.000395 7
1074 187 1153 234 0.000377 7
409 206 452 252 0.000341 7
671 64 922 237 0.000246 7
447 135 530 209 0.000244 7
698 186 741 235 0.000239 7
160 182 209 229 0.000236 7
714 146 831 221 0.000185 7
348 196 452 305 0.000175 7
573 157 631 216 0.000171 7
1084 161 1194 247 0.000161 7
817 145 1034 253 0.000142 7
1117 184 1151 215 0.000126 7
1110 162 1158 221 0.000119 7
392 203 456 281 0.000110 7
1251 163 1279 227 0.000107 7
376 160 418 204 0.000105 7
293 182 365 276 0.000102 7
1090 150 1103 176 0.490952 9
513 151 523 176 0.155158 9
1005 136 1015 172 0.065998 9
1002 136 1013 175 0.043441 9
1015 150 1024 170 0.028636 9
693 185 702 203 0.024359 9
1014 135 1024 170 0.021126 9
1014 135 1025 155 0.018829 9
171 64 203 91 0.016420 9
895 157 904 177 0.012011 9
1002 167 1008 177 0.010183 9
1093 144 1111 174 0.009524 9
373 165 381 183 0.008289 9
596 131 605 146 0.007725 9
1091 135 1107 176 0.007449 9
326 161 351 199 0.007123 9
897 152 909 176 0.006650 9
367 165 376 186 0.006391 9
1052 108 1084 147 0.005946 9
316 152 343 197 0.005713 9
335 164 351 198 0.005641 9
694 175 702 197 0.005602 9
699 119 715 154 0.005330 9
1081 151 1102 179 0.004825 9
588 117 603 159 0.004011 9
119 64 162 77 0.003903 9
1010 135 1021 174 0.003894 9
861 164 869 179 0.003855 9
586 118 598 138 0.003796 9
688 169 701 202 0.003719 9
695 119 708 152 0.003674 9
1184 163 1201 187 0.003656 9
880 154 893 174 0.003545 9
665 182 671 199 0.003178 9
998 132 1010 174 0.002985 9
239 178 246 190 0.002971 9
1207 169 1216 197 0.002959 9
596 127 607 164 0.002941 9
663 171 671 189 0.002831 9
994 138 1001 165 0.002787 9
1006 133 1025 173 0.002702 9
681 171 689 194 0.002691 9
595 117 605 151 0.002675 9
680 178 688 208 0.002557 9
259 143 269 159 0.002476 9
688 169 699 183 0.002440 9
902 137 937 154 0.002353 9
1211 167 1226 195 0.002069 9
853 115 866 137 0.001987 9
595 116 626 167 0.001961 9
1096 177 1102 197 0.001915 9
702 116 716 131 0.001913 9
332 182 351 198 0.001872 9
1111 192 1120 204 0.001786 9
1000 182 1009 211 0.001744 9
1079 156 1092 185 0.001679 9
834 142 860 164 0.001640 9
648 164 659 190 0.001616 9
592 64 640 94 0.001590 9
705 155 713 173 0.001574 9
581 64 596 93 0.001485 9
636 161 647 191 0.001483 9
688 119 704 152 0.001481 9
871 163 880 176 0.001469 9
681 168 690 186 0.001465 9
1099 133 1111 174 0.001456 9
595 64 625 93 0.001438 9
639 165 660 202 0.001430 9
634 180 641 199 0.001422 9
679 65 695 119 0.001417 9
155 64 172 75 0.001411 9
690 170 702 182 0.001410 9
833 149 844 163 0.001398 9
687 119 712 155 0.001373 9
649 176 663 204 0.001369 9
997 133 1018 175 0.001367 9
636 161 646 176 0.001325 9
704 162 713 180 0.001291 9
861 165 870 189 0.001186 9
1208 168 1218 203 0.001142 9
1098 132 1110 154 0.001127 9
993 143 1001 170 0.001098 9
1089 180 1098 197 0.001097 9
122 64 202 84 0.001083 9
1001 170 1008 189 0.001081 9
612 152 631 174 0.001067 9
831 136 866 166 0.001064 9
110 149 126 166 0.001057 9
312 152 326 198 0.001041 9
845 116 863 137 0.001022 9
806 161 860 196 0.001018 9
1129 164 1147 185 0.000987 9
801 150 809 158 0.000986 9
512 141 526 176 0.000985 9
362 165 374 188 0.000980 9
1099 167 1123 197 0.000947 9
877 157 894 176 0.000931 9
881 137 917 155 0.000929 9
843 152 858 167 0.000900 9
1195 164 1209 187 0.000881 9
1227 166 1248 181 0.000844 9
679 70 691 104 0.000836 9
807 148 813 159 0.000833 9
870 156 883 175 0.000810 9
836 116 853 135 0.000801 9
624 119 638 158 0.000787 9
999 129 1006 137 0.000773 9
695 151 705 175 0.000765 9
1183 165 1212 209 0.000740 9
700 173 712 184 0.000728 9
1012 147 1024 174 0.000711 9
625 64 640 92 0.000699 9
514 172 523 189 0.000690 9
1141 164 1155 186 0.000680 9
800 150 810 195 0.000679 9
687 119 711 140 0.000677 9
650 168 662 198 0.000660 9
597 143 610 163 0.000637 9
1105 151 1118 170 0.000625 9
860 159 871 178 0.000623 9
183 144 199 168 0.000615 9
352 156 362 193 0.000609 9
631 165 641 198 0.000591 9
696 64 708 119 0.000586 9
701 135 713 173 0.000576 9
865 119 871 136 0.000570 9
96 178 105 202 0.000548 9
606 151 626 167 0.000540 9
813 163 858 180 0.000529 9
648 160 659 183 0.000516 9
680 121 691 155 0.000494 9
0 144 6 196 0.000492 9
1192 384 1205 403 0.000490 9
892 137 910 149 0.000488 9
798 152 819 200 0.000468 9
1120 164 1150 185 0.000459 9
1102 171 1126 187 0.000448 9
623 134 636 169 0.000436 9
586 168 596 185 0.000435 9
993 135 1000 153 0.000422 9
583 118 600 167 0.000422 9
1016 135 1031 156 0.000409 9
886 136 938 175 0.000408 9
683 65 715 156 0.000405 9
335 159 360 199 0.000396 9
846 160 872 194 0.000389 9
172 64 223 92 0.000387 9
868 124 879 137 0.000386 9
813 146 822 159 0.000362 9
1086 150 1104 199 0.000360 9
1016 144 1038 166 0.000354 9
829 135 900 170 0.000347 9
710 139 718 164 0.000344 9
1072 150 1093 189 0.000328 9
832 122 847 135 0.000321 9
685 64 702 118 0.000317 9
843 162 872 217 0.000305 9
581 75 600 137 0.000301 9
708 154 717 174 0.000299 9
97 176 110 203 0.000294 9
340 64 362 111 0.000292 9
980 143 994 160 0.000285 9
170 142 181 169 0.000283 9
579 64 598 110 0.000279 9
651 173 697 218 0.000275 9
101 147 127 178 0.000273 9
811 159 858 174 0.000269 9
804 145 814 159 0.000267 9
823 116 833 129 0.000261 9
661 167 696 206 0.000260 9
1218 164 1244 186 0.000257 9
567 143 576 159 0.000257 9
98 174 110 184 0.000254 9
161 75 183 91 0.000248 9
802 145 811 158 0.000248 9
703 113 718 129 0.000248 9
699 80 716 128 0.000241 9
605 137 626 167 0.000235 9
1016 154 1032 169 0.000232 9
0 144 6 175 0.000231 9
850 108 866 138 0.000231 9
1102 166 1142 186 0.000230 9
463 206 476 262 0.000228 9
909 136 938 150 0.000228 9
682 118 714 191 0.000224 9
905 129 911 138 0.000224 9
322 91 332 121 0.000223 9
649 122 659 150 0.000218 9
97 173 109 187 0.000218 9
993 164 1007 177 0.000214 9
1002 128 1015 139 0.000210 9
1072 150 1083 178 0.000201 9
638 120 648 143 0.000199 9
1190 159 1211 188 0.000198 9
1048 159 1054 169 0.000193 9
1225 159 1250 181 0.000192 9
637 117 651 163 0.000191 9
256 83 266 97 0.000189 9
168 64 260 97 0.000186 9
666 168 684 188 0.000186 9
848 116 870 137 0.000183 9
648 121 659 163 0.000181 9
710 82 719 111 0.000178 9
1072 150 1081 161 0.000178 9
175 143 200 170 0.000174 9
637 81 658 105 0.000173 9
624 64 640 77 0.000173 9
209 66 251 86 0.000172 9
681 118 698 178 0.000169 9
568 148 579 165 0.000169 9
1204 159 1221 190 0.000167 9
577 80 585 107 0.000166 9
879 128 891 139 0.000162 9
545 141 551 157 0.000160 9
1098 129 1110 144 0.000158 9
649 145 658 166 0.000156 9
311 117 323 156 0.000156 9
718 116 729 130 0.000155 9
544 112 551 135 0.000153 9
415 64 438 128 0.000149 9
1072 177 1096 203 0.000146 9
117 64 205 101 0.000144 9
257 142 270 180 0.000141 9
589 117 615 192 0.000141 9
691 64 724 154 0.000140 9
686 150 701 182 0.000140 9
51 184 63 206 0.000140 9
698 68 719 118 0.000139 9
673 64 704 222 0.000137 9
1002 169 1014 185 0.000136 9
837 145 867 172 0.000135 9
580 75 608 164 0.000132 9
449 150 490 171 0.000132 9
577 64 645 170 0.000130 9
624 118 637 145 0.000128 9
210 68 220 85 0.000127 9
598 117 626 150 0.000127 9
951 172 961 203 0.000127 9
706 159 717 181 0.000126 9
694 147 719 214 0.000125 9
680 150 690 185 0.000125 9
974 191 982 202 0.000122 9
1023 150 1039 163 0.000121 9
225 110 267 130 0.000120 9
578 70 587 95 0.000119 9
903 136 938 166 0.000116 9
584 107 599 135 0.000115 9
96 170 107 178 0.000115 9
253 127 271 163 0.000114 9
697 64 713 103 0.000114 9
225 127 267 151 0.000112 9
719 149 727 159 0.000110 9
1175 164 1199 186 0.000109 9
264 68 273 83 0.000108 9
170 142 193 172 0.000107 9
320 90 333 170 0.000106 9
1059 114 1075 164 0.000105 9
814 152 857 170 0.000105 9
636 149 648 166 0.000103 9
324 110 367 163 0.193575 11
1052 109 1084 147 0.072454 11
1181 189 1200 215 0.057405 11
1181 164 1201 216 0.025315 11
415 64 437 120 0.000470 11
1210 164 1250 199 0.000235 11
828 132 937 172 0.000225 11
320 120 368 199 0.000132 11
1071 128 1087 149 0.000113 11
