531 193 570 259 0.671020 0
864 191 900 268 0.538954 0
764 196 798 268 0.535333 0
717 212 728 234 0.210126 0
306 183 324 199 0.094625 0
949 274 959 298 0.088449 0
917 190 933 223 0.072921 0
521 181 537 219 0.061592 0
868 220 901 268 0.059738 0
710 212 727 234 0.058535 0
555 172 570 199 0.056669 0
860 191 871 224 0.052631 0
862 191 872 214 0.041945 0
522 181 537 203 0.041023 0
950 273 960 290 0.040199 0
523 183 543 249 0.036355 0
873 191 889 223 0.034440 0
838 192 899 264 0.033051 0
719 210 729 235 0.031817 0
670 210 680 233 0.029590 0
859 192 873 237 0.029452 0
212 191 223 229 0.027321 0
521 189 531 225 0.027293 0
1106 194 1133 261 0.026567 0
515 187 532 224 0.026277 0
517 187 530 242 0.026197 0
1112 193 1130 244 0.025713 0
1110 193 1129 228 0.024604 0
870 191 883 219 0.024008 0
917 188 944 233 0.023470 0
330 184 343 198 0.022062 0
645 198 654 215 0.021116 0
385 198 395 206 0.020000 0
773 198 800 254 0.019729 0
632 201 646 217 0.019613 0
1123 228 1135 251 0.019462 0
923 201 947 241 0.017720 0
212 187 230 230 0.017137 0
1118 226 1134 264 0.016711 0
1103 226 1114 258 0.016560 0
728 208 737 234 0.016541 0
512 189 521 216 0.016345 0
693 209 702 231 0.016273 0
1108 225 1134 265 0.015890 0
220 187 237 234 0.015454 0
515 179 527 217 0.014769 0
879 209 904 266 0.013929 0
554 192 569 216 0.013799 0
733 204 745 234 0.013770 0
738 201 746 214 0.013685 0
1101 236 1112 265 0.013512 0
529 192 583 283 0.013232 0
943 276 959 301 0.013012 0
334 179 354 198 0.012490 0
1104 220 1129 258 0.012325 0
627 180 642 201 0.012063 0
737 202 746 234 0.011958 0
752 195 803 282 0.011669 0
780 201 800 241 0.010699 0
638 198 655 217 0.010339 0
899 190 934 225 0.010256 0
911 185 937 223 0.010168 0
573 181 581 201 0.009933 0
765 203 787 261 0.009743 0
865 179 943 266 0.009505 0
571 183 581 208 0.009497 0
895 201 905 218 0.009300 0
693 184 702 226 0.008990 0
933 282 944 296 0.008670 0
855 196 871 239 0.008420 0
176 198 189 221 0.008387 0
848 202 855 222 0.008247 0
552 195 569 224 0.008174 0
1101 203 1118 232 0.008032 0
1102 220 1116 244 0.008010 0
350 187 359 199 0.007796 0
1115 218 1136 255 0.007617 0
332 170 352 198 0.007316 0
220 184 233 222 0.007060 0
1164 235 1175 247 0.006902 0
884 191 939 253 0.006458 0
812 210 824 239 0.006455 0
321 166 354 199 0.006231 0
691 209 705 235 0.005966 0
868 177 942 224 0.005855 0
1100 192 1131 245 0.005611 0
881 206 903 238 0.005585 0
535 192 562 228 0.005411 0
513 176 525 205 0.005370 0
513 190 526 238 0.005341 0
782 197 795 223 0.005165 0
788 203 800 235 0.005027 0
176 189 188 212 0.004987 0
918 189 949 220 0.004790 0
990 209 998 223 0.004759 0
539 191 551 207 0.004680 0
623 179 647 214 0.004542 0
885 201 911 250 0.004480 0
717 196 729 227 0.004347 0
469 190 481 212 0.004260 0
926 204 956 255 0.004088 0
1192 384 1206 403 0.003854 0
532 193 547 227 0.003767 0
513 165 524 191 0.003763 0
666 187 672 220 0.003759 0
1220 222 1229 233 0.003659 0
899 212 936 242 0.003634 0
963 372 981 397 0.003574 0
646 193 656 214 0.003531 0
775 197 786 228 0.003519 0
765 231 778 261 0.003515 0
666 188 671 210 0.003447 0
375 182 389 203 0.003325 0
1111 208 1134 237 0.003165 0
931 278 945 294 0.003153 0
1038 205 1049 229 0.003106 0
666 199 678 231 0.003097 0
1273 201 1279 249 0.002932 0
172 193 189 224 0.002869 0
355 185 370 199 0.002692 0
1112 191 1120 211 0.002577 0
1178 237 1188 247 0.002464 0
920 199 976 249 0.002445 0
529 200 542 244 0.002361 0
1101 194 1125 225 0.002341 0
926 246 942 272 0.002321 0
746 198 799 255 0.002314 0
211 182 240 246 0.002270 0
927 282 941 296 0.002228 0
784 197 799 227 0.002202 0
1191 384 1211 415 0.002163 0
1203 408 1216 421 0.002145 0
934 274 960 296 0.002116 0
529 208 538 231 0.002104 0
912 193 956 260 0.002077 0
914 208 946 252 0.002034 0
396 182 409 205 0.002005 0
514 189 571 252 0.001929 0
373 166 383 200 0.001924 0
220 182 231 198 0.001896 0
308 183 326 206 0.001767 0
1219 226 1227 234 0.001757 0
848 183 857 222 0.001732 0
377 182 396 205 0.001669 0
878 196 905 225 0.001632 0
223 210 238 232 0.001616 0
406 179 419 205 0.001612 0
306 179 354 202 0.001494 0
209 188 224 225 0.001490 0
718 198 738 235 0.001487 0
690 183 702 215 0.001485 0
215 181 231 217 0.001481 0
855 227 879 279 0.001470 0
1268 198 1279 252 0.001413 0
652 200 663 215 0.001407 0
307 151 343 199 0.001354 0
365 165 376 188 0.001288 0
516 175 535 198 0.001263 0
240 178 246 190 0.001262 0
914 268 929 296 0.001247 0
619 179 645 202 0.001244 0
586 175 595 186 0.001219 0
636 682 673 703 0.001198 0
1217 206 1228 232 0.001095 0
916 263 930 285 0.001075 0
1240 213 1247 231 0.001068 0
1207 369 1225 398 0.001059 0
610 173 645 204 0.000981 0
322 230 357 317 0.000971 0
415 250 422 270 0.000955 0
462 204 480 272 0.000946 0
165 201 188 226 0.000931 0
904 259 928 292 0.000905 0
362 187 376 201 0.000852 0
1216 226 1232 238 0.000778 0
361 171 377 201 0.000771 0
362 165 373 192 0.000771 0
863 182 880 210 0.000756 0
431 174 445 205 0.000743 0
547 212 569 252 0.000731 0
201 175 236 229 0.000721 0
1097 204 1105 221 0.000690 0
1212 226 1228 239 0.000682 0
158 201 171 227 0.000669 0
308 182 328 231 0.000652 0
307 173 373 204 0.000645 0
332 164 360 200 0.000623 0
918 256 938 291 0.000622 0
677 180 694 217 0.000595 0
684 191 700 221 0.000557 0
749 219 779 259 0.000551 0
325 235 352 254 0.000495 0
247 213 256 234 0.000481 0
454 191 479 237 0.000468 0
1196 368 1228 422 0.000449 0
926 286 938 311 0.000448 0
453 201 477 257 0.000447 0
378 198 396 215 0.000410 0
463 238 478 272 0.000401 0
314 184 329 224 0.000400 0
159 202 179 236 0.000383 0
1185 384 1215 421 0.000375 0
1191 382 1219 412 0.000368 0
414 179 424 204 0.000359 0
318 242 342 319 0.000355 0
198 197 210 216 0.000346 0
663 192 698 232 0.000338 0
407 250 415 272 0.000332 0
641 179 659 207 0.000326 0
222 208 258 239 0.000322 0
775 191 792 223 0.000322 0
324 185 341 217 0.000307 0
315 193 342 279 0.000298 0
359 204 378 230 0.000284 0
191 186 201 215 0.000281 0
855 177 931 210 0.000280 0
320 236 330 276 0.000277 0
411 177 422 204 0.000277 0
306 196 359 343 0.000276 0
190 189 204 216 0.000273 0
243 195 256 216 0.000271 0
327 182 351 214 0.000259 0
238 214 254 235 0.000255 0
325 234 352 271 0.000253 0
0 146 6 204 0.000240 0
365 204 381 219 0.000238 0
1248 208 1262 233 0.000235 0
802 184 818 211 0.000232 0
155 188 183 227 0.000217 0
271 195 282 220 0.000211 0
1008 456 1023 466 0.000203 0
1107 188 1135 228 0.000202 0
529 192 656 266 0.000200 0
648 258 656 266 0.000197 0
636 162 653 188 0.000195 0
776 193 793 213 0.000195 0
202 201 244 261 0.000193 0
295 178 366 280 0.000193 0
310 163 365 200 0.000190 0
322 185 338 233 0.000186 0
336 186 390 220 0.000185 0
172 184 190 203 0.000173 0
213 183 259 237 0.000164 0
157 205 174 236 0.000162 0
187 187 247 239 0.000162 0
846 177 879 224 0.000159 0
932 275 960 312 0.000158 0
578 64 602 144 0.000158 0
96 180 105 203 0.000156 0
198 212 216 226 0.000155 0
110 393 132 402 0.000155 0
925 274 962 321 0.000150 0
0 172 6 205 0.000131 0
368 160 383 188 0.000127 0
326 175 356 240 0.000126 0
286 188 368 365 0.000118 0
788 197 810 237 0.000118 0
224 189 256 228 0.000117 0
353 195 375 310 0.000114 0
263 194 277 232 0.000109 0
749 237 806 283 0.683329 1
750 237 779 283 0.082296 1
778 239 802 279 0.054376 1
766 243 805 282 0.050404 1
869 237 891 272 0.049648 1
1116 227 1134 264 0.031319 1
870 243 900 273 0.030830 1
867 231 888 264 0.025361 1
868 252 903 285 0.024308 1
1103 232 1132 264 0.018594 1
862 223 940 272 0.016378 1
870 249 920 283 0.015801 1
856 225 889 282 0.011842 1
553 198 569 229 0.011547 1
944 278 959 302 0.011069 1
872 258 914 286 0.010660 1
938 233 958 256 0.009014 1
871 228 911 268 0.008869 1
889 219 910 261 0.008842 1
1144 309 1170 347 0.007171 1
1062 224 1135 264 0.006477 1
877 262 904 286 0.005196 1
919 228 959 259 0.005163 1
565 201 576 216 0.005021 1
530 249 600 401 0.004644 1
874 238 939 282 0.004453 1
931 282 953 304 0.004254 1
906 233 958 264 0.004050 1
895 236 940 266 0.004047 1
824 232 938 289 0.003982 1
753 213 817 281 0.003595 1
856 248 890 283 0.003365 1
934 217 958 256 0.002702 1
747 217 937 282 0.002083 1
552 265 599 397 0.001961 1
783 244 808 280 0.001931 1
926 278 942 293 0.001749 1
907 266 929 298 0.001434 1
1108 309 1169 345 0.001422 1
572 275 599 397 0.001378 1
879 262 919 295 0.001353 1
781 231 812 280 0.001349 1
751 212 776 234 0.001298 1
927 274 958 301 0.001292 1
574 291 595 364 0.001272 1
529 223 539 245 0.001248 1
927 284 939 308 0.001222 1
752 201 783 233 0.001164 1
859 260 901 290 0.001123 1
1182 190 1204 227 0.000858 1
840 223 879 262 0.000765 1
1181 183 1201 218 0.000736 1
1180 169 1216 216 0.000735 1
927 284 945 312 0.000684 1
1116 231 1176 256 0.000639 1
888 277 914 297 0.000601 1
617 229 816 281 0.000578 1
899 275 917 296 0.000541 1
673 219 809 279 0.000540 1
853 268 904 295 0.000481 1
802 257 936 312 0.000437 1
1139 314 1181 360 0.000433 1
927 233 958 267 0.000427 1
573 280 611 380 0.000422 1
516 199 535 246 0.000404 1
574 273 604 347 0.000402 1
556 221 569 251 0.000399 1
1210 193 1226 216 0.000395 1
575 277 595 331 0.000386 1
865 272 916 297 0.000358 1
788 258 822 282 0.000348 1
1181 184 1240 231 0.000282 1
749 244 765 285 0.000270 1
1138 334 1176 358 0.000264 1
807 256 820 275 0.000262 1
961 370 1027 400 0.000262 1
689 209 943 348 0.000247 1
912 275 933 310 0.000243 1
1158 180 1200 224 0.000242 1
1188 212 1226 230 0.000235 1
501 231 530 251 0.000201 1
553 200 575 247 0.000168 1
621 225 946 342 0.000162 1
1160 163 1203 220 0.000154 1
744 243 805 305 0.000147 1
745 239 769 284 0.000144 1
575 329 594 395 0.000134 1
17 229 40 256 0.000131 1
555 226 585 250 0.000118 1
1141 344 1197 361 0.000100 1
833 223 855 241 0.088069 2
802 215 824 239 0.067279 2
893 218 941 266 0.065757 2
1070 220 1101 243 0.063895 2
1135 231 1174 248 0.053379 2
523 182 536 195 0.043807 2
554 172 572 199 0.041452 2
1003 235 1035 252 0.040924 2
1012 214 1025 227 0.040225 2
1137 231 1157 247 0.034495 2
866 218 941 271 0.033979 2
1064 219 1092 245 0.033947 2
1066 224 1098 251 0.032634 2
822 218 854 240 0.031415 2
1004 213 1025 227 0.031032 2
694 202 727 232 0.030741 2
481 175 495 198 0.027320 2
586 188 652 217 0.026922 2
480 172 517 216 0.026880 2
522 181 537 201 0.025395 2
1070 217 1091 236 0.024825 2
1010 208 1041 228 0.024405 2
522 182 547 197 0.022886 2
599 200 652 217 0.022082 2
865 177 946 229 0.020928 2
802 216 853 239 0.020923 2
670 207 727 235 0.020554 2
930 200 951 216 0.020520 2
1041 238 1067 250 0.018459 2
585 184 620 216 0.017435 2
1131 231 1161 248 0.017295 2
1066 215 1135 250 0.017161 2
798 230 815 239 0.017125 2
1058 219 1082 243 0.016774 2
632 200 647 217 0.016395 2
519 171 565 203 0.016145 2
971 236 995 257 0.015842 2
1004 207 1024 225 0.015783 2
703 206 728 233 0.015224 2
1066 241 1091 256 0.015155 2
1136 233 1150 248 0.014649 2
983 226 1025 251 0.014635 2
1025 236 1048 250 0.014254 2
1039 239 1052 250 0.014101 2
974 220 1018 245 0.014058 2
1050 223 1070 246 0.013899 2
987 212 998 225 0.013818 2
522 170 558 195 0.013621 2
1055 221 1069 236 0.013590 2
813 217 845 240 0.013349 2
1064 218 1116 244 0.013319 2
983 213 996 225 0.012640 2
1273 198 1279 211 0.012249 2
1007 215 1026 231 0.011868 2
1002 230 1051 251 0.011715 2
449 155 523 177 0.011681 2
743 202 776 231 0.011675 2
1067 227 1113 266 0.011430 2
294 177 324 198 0.011342 2
1036 230 1065 248 0.011335 2
1024 232 1057 250 0.011291 2
468 187 480 204 0.011087 2
486 199 516 217 0.010948 2
979 231 1013 253 0.010610 2
554 171 580 202 0.010608 2
1260 197 1277 212 0.010600 2
1116 488 1137 497 0.010574 2
305 179 324 198 0.010558 2
841 204 941 268 0.010449 2
449 156 490 171 0.010351 2
1044 228 1091 253 0.009354 2
994 214 1021 226 0.009241 2
543 160 578 177 0.009049 2
543 160 580 199 0.009026 2
396 200 410 205 0.008707 2
484 189 516 216 0.008700 2
835 214 886 241 0.008417 2
986 235 997 253 0.008071 2
899 237 942 269 0.007993 2
1002 237 1028 256 0.007832 2
1104 487 1127 497 0.007531 2
863 175 945 267 0.007476 2
830 218 863 241 0.007458 2
884 200 937 255 0.007238 2
1060 216 1072 233 0.007232 2
1256 197 1278 228 0.007135 2
386 198 397 206 0.006964 2
459 182 480 204 0.006677 2
1050 217 1069 233 0.006526 2
485 172 516 202 0.006351 2
1087 231 1113 266 0.006290 2
861 177 941 203 0.006044 2
444 155 519 198 0.005809 2
1042 239 1091 257 0.005707 2
968 237 989 259 0.005657 2
1260 170 1279 181 0.005653 2
1254 195 1276 217 0.005570 2
1003 212 1046 246 0.005563 2
1257 204 1275 226 0.005501 2
523 183 550 205 0.005496 2
1013 207 1025 225 0.005415 2
1065 199 1134 257 0.005140 2
969 236 984 255 0.005078 2
1045 221 1067 236 0.005074 2
520 177 544 203 0.004940 2
673 211 701 232 0.004808 2
973 221 984 235 0.004780 2
973 211 984 224 0.004677 2
449 159 464 170 0.004463 2
567 160 579 176 0.004416 2
1111 220 1179 250 0.004335 2
561 200 579 215 0.004113 2
1038 234 1062 250 0.004083 2
448 157 491 180 0.004074 2
836 208 856 241 0.004025 2
473 184 508 216 0.003839 2
476 158 521 207 0.003794 2
926 199 966 215 0.003784 2
607 180 650 216 0.003719 2
738 201 751 215 0.003715 2
938 233 958 256 0.003652 2
1208 370 1225 390 0.003493 2
879 178 963 247 0.003358 2
940 211 987 258 0.002903 2
764 205 826 239 0.002882 2
1000 208 1021 223 0.002819 2
832 222 871 245 0.002787 2
433 172 445 198 0.002772 2
452 180 480 209 0.002699 2
864 231 943 294 0.002590 2
698 201 769 235 0.002485 2
1042 222 1110 254 0.002424 2
452 191 472 216 0.002414 2
1006 199 1036 215 0.002355 2
593 181 644 203 0.002297 2
1258 170 1279 190 0.002286 2
1256 183 1279 213 0.002201 2
738 202 767 224 0.002150 2
1018 211 1049 232 0.002103 2
914 256 939 274 0.002098 2
451 163 499 201 0.002071 2
1243 177 1279 199 0.002029 2
521 168 543 185 0.002019 2
578 179 610 216 0.002006 2
1041 212 1068 232 0.001969 2
920 199 983 231 0.001940 2
1272 236 1279 257 0.001936 2
1261 191 1279 205 0.001896 2
620 184 655 216 0.001887 2
952 206 984 221 0.001838 2
924 204 977 255 0.001806 2
971 232 1023 255 0.001774 2
1248 170 1279 194 0.001764 2
1061 242 1093 265 0.001733 2
1035 240 1071 253 0.001727 2
644 195 669 215 0.001726 2
1033 210 1052 231 0.001724 2
1247 481 1267 488 0.001698 2
953 237 989 259 0.001684 2
1247 481 1279 490 0.001656 2
1070 207 1095 231 0.001611 2
439 178 480 213 0.001598 2
454 202 467 216 0.001485 2
795 330 847 347 0.001485 2
566 196 582 216 0.001447 2
544 168 574 209 0.001371 2
922 190 952 218 0.001369 2
1071 207 1111 225 0.001325 2
474 195 500 217 0.001293 2
455 146 527 183 0.001290 2
1234 181 1272 194 0.001290 2
703 303 769 336 0.001289 2
1036 205 1072 233 0.001284 2
833 143 900 173 0.001283 2
785 206 823 239 0.001281 2
431 169 449 195 0.001278 2
453 200 475 217 0.001269 2
1069 212 1109 234 0.001239 2
1229 169 1247 182 0.001236 2
587 176 599 186 0.001232 2
1264 364 1279 378 0.001214 2
1025 242 1041 254 0.001179 2
699 184 730 208 0.001169 2
431 173 460 206 0.001161 2
432 166 466 186 0.001143 2
271 176 323 200 0.001135 2
590 191 729 233 0.001123 2
1266 197 1279 236 0.001119 2
717 205 800 236 0.001109 2
444 200 470 219 0.001074 2
1025 308 1089 334 0.001048 2
398 199 418 205 0.001028 2
463 251 479 271 0.001002 2
935 207 982 220 0.000967 2
413 171 446 203 0.000959 2
1021 241 1093 262 0.000953 2
1224 181 1279 231 0.000939 2
356 217 370 228 0.000931 2
1252 213 1268 231 0.000930 2
672 204 695 229 0.000914 2
1026 239 1062 253 0.000908 2
434 198 471 217 0.000906 2
1254 243 1279 265 0.000897 2
648 189 665 216 0.000866 2
1029 196 1056 231 0.000854 2
519 150 576 190 0.000842 2
319 213 331 233 0.000841 2
566 161 581 186 0.000823 2
488 152 525 200 0.000806 2
1245 174 1263 185 0.000803 2
1076 198 1092 209 0.000792 2
1207 366 1232 390 0.000763 2
448 159 477 177 0.000752 2
1248 168 1279 182 0.000734 2
1262 228 1279 254 0.000733 2
1142 215 1187 223 0.000727 2
689 178 707 216 0.000721 2
660 186 698 224 0.000718 2
1202 371 1224 406 0.000655 2
1264 361 1279 375 0.000609 2
1240 195 1257 231 0.000606 2
446 161 466 181 0.000601 2
1189 222 1227 232 0.000600 2
516 150 543 177 0.000597 2
361 194 392 206 0.000586 2
1154 183 1200 219 0.000576 2
374 196 392 206 0.000536 2
495 241 520 251 0.000529 2
603 154 634 182 0.000526 2
742 199 794 233 0.000521 2
1084 197 1097 209 0.000518 2
322 199 354 256 0.000517 2
1257 200 1279 246 0.000515 2
1103 163 1151 186 0.000513 2
384 183 402 206 0.000511 2
1267 241 1279 268 0.000511 2
158 189 190 225 0.000510 2
1119 215 1169 228 0.000506 2
1070 195 1094 219 0.000506 2
390 175 444 205 0.000496 2
289 176 313 198 0.000478 2
1225 172 1264 196 0.000475 2
1080 192 1093 204 0.000474 2
1155 216 1175 223 0.000467 2
957 200 972 211 0.000467 2
445 164 478 200 0.000461 2
354 210 370 227 0.000459 2
381 181 410 205 0.000445 2
197 225 237 251 0.000429 2
1261 215 1279 250 0.000402 2
830 135 903 164 0.000388 2
825 328 853 343 0.000378 2
326 191 371 241 0.000376 2
431 191 448 206 0.000372 2
436 204 452 219 0.000361 2
918 183 948 212 0.000359 2
202 223 227 240 0.000352 2
1222 221 1239 232 0.000347 2
678 196 692 215 0.000344 2
433 197 455 209 0.000340 2
413 203 452 230 0.000339 2
327 235 352 255 0.000325 2
586 163 601 186 0.000324 2
1189 382 1219 419 0.000324 2
320 183 363 250 0.000323 2
1128 232 1177 253 0.000321 2
532 185 653 221 0.000319 2
156 187 186 216 0.000316 2
650 179 697 219 0.000316 2
634 162 659 206 0.000315 2
297 187 392 207 0.000314 2
1176 214 1185 222 0.000310 2
701 190 739 236 0.000304 2
1046 231 1116 271 0.000302 2
1188 221 1207 231 0.000297 2
392 195 413 206 0.000295 2
273 182 295 194 0.000290 2
354 198 386 228 0.000290 2
123 225 135 235 0.000287 2
16 226 72 254 0.000279 2
335 194 386 228 0.000267 2
318 197 331 232 0.000266 2
959 201 982 215 0.000255 2
1192 210 1228 230 0.000254 2
317 200 336 264 0.000253 2
151 182 184 201 0.000252 2
432 160 468 182 0.000251 2
352 197 388 210 0.000251 2
1243 167 1262 182 0.000250 2
1071 192 1087 206 0.000250 2
959 200 994 222 0.000238 2
1167 218 1210 247 0.000235 2
1204 368 1233 409 0.000234 2
1132 218 1196 247 0.000228 2
364 202 385 219 0.000218 2
114 222 135 237 0.000216 2
1148 195 1192 223 0.000215 2
411 205 453 246 0.000213 2
978 201 996 223 0.000200 2
1189 369 1231 423 0.000200 2
449 198 479 222 0.000200 2
351 194 389 215 0.000197 2
1227 196 1250 231 0.000192 2
1135 343 1183 363 0.000191 2
477 145 526 172 0.000190 2
1189 354 1279 427 0.000188 2
838 136 897 149 0.000187 2
590 172 612 187 0.000187 2
152 183 179 195 0.000181 2
1202 353 1266 390 0.000177 2
1082 191 1133 238 0.000177 2
603 166 624 184 0.000176 2
273 186 295 201 0.000173 2
597 159 622 184 0.000168 2
865 172 940 191 0.000167 2
1004 191 1042 212 0.000166 2
319 188 347 249 0.000165 2
566 161 605 188 0.000165 2
895 269 932 311 0.000164 2
1053 244 1089 278 0.000160 2
1136 340 1168 357 0.000158 2
1146 200 1173 220 0.000152 2
1182 383 1206 406 0.000149 2
703 302 811 340 0.000147 2
330 205 372 232 0.000141 2
1225 186 1252 223 0.000139 2
1247 347 1279 376 0.000138 2
1209 369 1248 390 0.000135 2
111 222 158 246 0.000133 2
1190 358 1227 390 0.000133 2
849 184 1058 287 0.000132 2
384 196 411 214 0.000130 2
1246 473 1280 487 0.000124 2
212 178 267 235 0.000120 2
1027 301 1104 329 0.000120 2
1195 472 1219 482 0.000118 2
389 198 433 214 0.000116 2
413 201 433 205 0.000112 2
1264 351 1279 371 0.000112 2
700 308 751 341 0.000108 2
641 298 770 352 0.000101 2
805 139 940 242 0.047310 5
831 135 936 172 0.014973 5
866 177 938 204 0.005252 5
830 135 898 168 0.004641 5
1130 219 1193 248 0.004049 5
809 159 858 182 0.003285 5
1005 188 1047 228 0.001806 5
847 137 942 201 0.001571 5
1217 167 1279 224 0.001200 5
1182 166 1279 229 0.001114 5
1005 191 1044 216 0.001012 5
500 149 525 181 0.000778 5
1097 182 1191 248 0.000384 5
808 172 857 189 0.000368 5
1007 184 1044 211 0.000113 5
1153 184 1186 216 0.000103 5
856 145 971 232 0.000101 5
370 65 457 206 0.000239 6
585 183 650 218 0.095230 7
1006 197 1053 230 0.067700 7
804 163 940 241 0.059595 7
546 167 580 204 0.036788 7
803 159 858 239 0.036441 7
480 172 517 216 0.027739 7
1134 224 1176 248 0.026080 7
521 159 579 204 0.025823 7
1021 206 1046 229 0.024521 7
866 177 943 222 0.019088 7
670 196 728 233 0.018238 7
585 184 621 216 0.015360 7
449 152 523 181 0.014387 7
710 151 860 255 0.013244 7
683 144 942 243 0.012971 7
803 211 854 240 0.012310 7
915 204 986 256 0.011593 7
1009 197 1039 228 0.010623 7
806 177 904 266 0.010362 7
450 150 524 208 0.010196 7
696 200 729 233 0.009290 7
688 188 730 233 0.007455 7
693 153 808 235 0.007349 7
1025 198 1050 229 0.006851 7
875 179 983 252 0.006555 7
1102 222 1179 248 0.006094 7
940 210 983 254 0.006015 7
1008 194 1078 231 0.004769 7
1074 219 1223 264 0.004235 7
448 155 490 173 0.004136 7
642 180 730 233 0.003769 7
692 194 802 235 0.003406 7
834 178 961 254 0.002966 7
809 159 858 182 0.002844 7
592 156 711 217 0.002821 7
802 181 852 226 0.002729 7
1002 227 1066 250 0.002579 7
591 184 729 229 0.002317 7
1096 174 1190 251 0.002292 7
450 157 579 209 0.002153 7
971 215 1008 256 0.001885 7
1024 198 1067 231 0.001695 7
1094 206 1183 249 0.001657 7
794 192 942 263 0.001577 7
976 211 1017 231 0.001530 7
732 196 942 273 0.001428 7
964 221 989 254 0.001363 7
610 168 730 223 0.001287 7
972 218 1021 250 0.001258 7
312 199 457 343 0.001238 7
1252 170 1279 209 0.001117 7
699 183 730 212 0.001086 7
1129 217 1182 248 0.001067 7
1203 170 1279 231 0.001034 7
805 159 858 208 0.001018 7
664 156 736 233 0.001011 7
705 189 729 219 0.000967 7
1005 177 1055 231 0.000835 7
1101 163 1154 186 0.000827 7
1077 188 1219 261 0.000816 7
521 159 662 214 0.000809 7
974 210 1000 233 0.000770 7
544 159 596 209 0.000748 7
519 172 583 226 0.000701 7
1039 213 1150 258 0.000700 7
602 156 668 215 0.000661 7
860 193 1108 255 0.000639 7
610 164 639 190 0.000630 7
384 177 446 205 0.000601 7
509 175 658 225 0.000588 7
1151 183 1197 221 0.000532 7
613 163 642 202 0.000468 7
801 141 907 184 0.000430 7
336 176 541 250 0.000428 7
1078 171 1268 264 0.000419 7
299 193 392 315 0.000416 7
678 95 933 237 0.000381 7
943 200 1135 254 0.000380 7
449 126 528 181 0.000341 7
662 65 928 236 0.000323 7
637 164 661 206 0.000295 7
894 219 963 296 0.000293 7
1033 188 1141 250 0.000272 7
1181 211 1279 265 0.000226 7
380 185 466 207 0.000215 7
351 198 392 321 0.000196 7
825 143 1022 257 0.000187 7
1016 108 1102 234 0.000180 7
733 165 792 229 0.000169 7
1171 167 1280 268 0.000168 7
410 205 452 268 0.000155 7
308 91 458 344 0.000151 7
311 176 385 291 0.000140 7
1156 185 1173 217 0.000137 7
1037 115 1213 262 0.000137 7
569 156 649 218 0.000131 7
305 168 421 338 0.000129 7
511 129 581 206 0.000123 7
801 194 842 239 0.000123 7
839 190 1201 321 0.000117 7
393 202 457 287 0.000114 7
1218 163 1279 214 0.000114 7
247 174 328 220 0.000107 7
708 147 831 221 0.000102 7
1090 151 1102 178 0.514837 9
513 150 524 175 0.153017 9
1004 137 1014 174 0.059410 9
1014 137 1024 170 0.024666 9
1001 139 1010 178 0.023535 9
896 164 904 177 0.014255 9
1015 135 1025 153 0.014034 9
693 185 702 203 0.013612 9
1091 151 1110 176 0.012654 9
1051 109 1084 147 0.011465 9
895 156 905 172 0.011078 9
331 167 354 199 0.010302 9
879 155 894 174 0.009217 9
1011 136 1021 175 0.008423 9
322 158 352 199 0.008109 9
171 64 203 91 0.006938 9
1182 163 1201 217 0.006453 9
993 140 1000 167 0.006398 9
898 139 912 166 0.006076 9
313 151 344 198 0.005995 9
894 153 906 167 0.005592 9
678 65 694 120 0.005378 9
1214 190 1223 206 0.004995 9
876 155 898 177 0.004840 9
1090 134 1106 177 0.004790 9
596 128 605 143 0.004552 9
1097 175 1103 195 0.004335 9
373 166 381 183 0.004276 9
1114 163 1150 186 0.004228 9
697 121 706 153 0.004010 9
705 154 713 173 0.004008 9
1080 150 1102 183 0.003898 9
1184 163 1201 187 0.003772 9
694 175 701 188 0.003442 9
1192 384 1205 403 0.003369 9
996 135 1013 175 0.003135 9
1212 168 1225 194 0.002980 9
1131 164 1154 185 0.002923 9
702 116 714 129 0.002875 9
700 111 716 129 0.002858 9
835 143 860 165 0.002852 9
1208 169 1218 199 0.002767 9
896 137 937 154 0.002723 9
703 160 713 179 0.002678 9
366 165 375 187 0.002670 9
1214 196 1226 214 0.002669 9
898 154 909 174 0.002597 9
665 183 671 208 0.002508 9
596 117 605 143 0.002481 9
1089 177 1098 195 0.002435 9
699 121 713 154 0.002315 9
119 64 162 76 0.002269 9
854 116 865 137 0.002231 9
586 117 598 142 0.002157 9
1216 200 1227 218 0.002078 9
862 166 869 178 0.002021 9
1097 182 1103 208 0.001913 9
1001 169 1007 184 0.001884 9
838 118 853 136 0.001873 9
1160 200 1169 215 0.001865 9
870 137 931 156 0.001833 9
807 160 859 183 0.001789 9
1001 188 1008 211 0.001754 9
808 165 827 185 0.001751 9
1207 167 1221 193 0.001709 9
697 66 707 119 0.001675 9
695 151 705 174 0.001663 9
663 171 671 189 0.001660 9
1097 197 1103 210 0.001653 9
842 114 857 136 0.001551 9
833 149 844 164 0.001458 9
982 139 993 158 0.001434 9
1080 157 1094 184 0.001432 9
691 170 702 180 0.001425 9
831 136 894 167 0.001367 9
1228 167 1247 181 0.001311 9
1098 169 1121 187 0.001289 9
802 151 809 159 0.001288 9
832 136 862 166 0.001278 9
870 158 894 177 0.001273 9
1240 197 1248 231 0.001266 9
1120 182 1127 191 0.001262 9
259 143 269 159 0.001255 9
1088 190 1095 201 0.001232 9
806 148 813 159 0.001224 9
613 152 626 167 0.001221 9
689 169 700 182 0.001213 9
702 148 714 173 0.001205 9
1001 182 1008 194 0.001170 9
687 170 702 202 0.001151 9
688 119 703 153 0.001145 9
595 64 627 93 0.001135 9
700 173 712 183 0.001123 9
1000 193 1007 212 0.001081 9
1208 181 1222 213 0.001076 9
1196 164 1207 187 0.001074 9
311 151 326 198 0.001068 9
832 124 844 135 0.001034 9
843 150 858 167 0.000994 9
694 117 717 156 0.000979 9
1103 170 1130 186 0.000949 9
681 64 701 120 0.000942 9
993 199 1001 215 0.000934 9
832 140 853 163 0.000885 9
1183 165 1210 207 0.000880 9
982 138 996 164 0.000854 9
362 165 373 189 0.000843 9
892 159 910 178 0.000835 9
690 118 712 130 0.000811 9
1064 206 1071 227 0.000811 9
580 64 596 93 0.000805 9
831 117 848 135 0.000800 9
803 177 814 196 0.000787 9
680 180 688 209 0.000781 9
993 136 1001 154 0.000767 9
698 82 716 128 0.000724 9
1154 163 1168 184 0.000721 9
893 137 919 151 0.000721 9
593 64 652 93 0.000686 9
861 166 869 188 0.000676 9
504 149 525 180 0.000667 9
1218 208 1229 233 0.000664 9
1000 129 1007 137 0.000660 9
162 64 174 76 0.000655 9
680 174 689 191 0.000637 9
586 168 595 185 0.000635 9
887 137 938 165 0.000631 9
154 64 172 75 0.000621 9
865 122 872 136 0.000580 9
681 166 689 184 0.000579 9
1107 151 1120 170 0.000577 9
683 65 713 150 0.000573 9
800 152 813 200 0.000566 9
309 146 363 199 0.000551 9
868 124 880 137 0.000547 9
703 123 718 156 0.000542 9
680 122 691 154 0.000540 9
1146 161 1167 185 0.000534 9
1097 130 1109 149 0.000525 9
569 161 580 179 0.000507 9
608 152 633 180 0.000504 9
707 153 717 174 0.000500 9
650 181 664 208 0.000492 9
144 64 197 81 0.000480 9
352 157 362 197 0.000475 9
822 115 839 131 0.000470 9
855 149 891 175 0.000454 9
319 113 364 199 0.000450 9
1098 171 1128 206 0.000447 9
686 118 711 158 0.000439 9
677 64 696 157 0.000430 9
1099 179 1125 225 0.000415 9
1015 134 1031 156 0.000409 9
710 147 719 170 0.000403 9
696 65 725 133 0.000399 9
141 64 171 79 0.000399 9
1063 195 1072 225 0.000392 9
814 163 858 180 0.000386 9
183 144 199 168 0.000379 9
1222 165 1235 184 0.000378 9
1155 170 1169 184 0.000370 9
1016 140 1038 166 0.000360 9
595 115 625 167 0.000357 9
357 219 370 229 0.000357 9
639 90 657 104 0.000355 9
639 165 660 200 0.000351 9
1045 183 1061 198 0.000350 9
580 75 600 140 0.000345 9
1189 160 1211 187 0.000325 9
813 149 829 160 0.000316 9
567 143 577 161 0.000316 9
698 68 717 118 0.000315 9
822 123 844 135 0.000312 9
1205 160 1222 188 0.000306 9
848 181 858 213 0.000302 9
719 117 729 130 0.000288 9
1075 174 1097 202 0.000287 9
649 120 660 159 0.000287 9
1216 200 1229 231 0.000285 9
690 120 717 175 0.000284 9
993 155 1006 177 0.000283 9
0 146 6 193 0.000282 9
909 137 937 152 0.000275 9
1051 108 1087 233 0.000273 9
848 116 871 137 0.000269 9
579 64 599 125 0.000268 9
869 119 880 136 0.000268 9
680 127 691 169 0.000265 9
839 112 854 135 0.000264 9
1215 165 1248 197 0.000264 9
973 190 982 202 0.000264 9
568 146 579 164 0.000264 9
606 152 626 170 0.000263 9
726 95 739 109 0.000256 9
697 105 714 127 0.000253 9
1063 109 1085 144 0.000252 9
1221 191 1229 207 0.000244 9
585 119 600 148 0.000244 9
688 151 699 176 0.000243 9
702 81 720 115 0.000241 9
681 118 703 177 0.000238 9
638 160 647 175 0.000237 9
1017 152 1034 170 0.000237 9
1002 159 1014 184 0.000236 9
638 168 668 206 0.000233 9
170 142 181 170 0.000224 9
1044 193 1059 201 0.000224 9
1092 166 1155 211 0.000221 9
844 108 865 137 0.000218 9
322 91 332 121 0.000217 9
1070 140 1098 192 0.000215 9
96 177 105 202 0.000213 9
612 119 626 152 0.000209 9
646 167 664 200 0.000208 9
636 93 658 113 0.000208 9
108 149 127 168 0.000205 9
1063 192 1071 213 0.000203 9
624 64 640 92 0.000203 9
649 147 657 162 0.000202 9
1225 160 1250 181 0.000202 9
991 191 1008 214 0.000202 9
813 153 857 176 0.000201 9
624 120 637 154 0.000198 9
875 127 893 139 0.000192 9
588 119 600 161 0.000189 9
905 129 911 138 0.000186 9
312 136 334 194 0.000184 9
837 144 868 169 0.000183 9
1198 131 1214 189 0.000182 9
948 181 960 207 0.000182 9
545 141 551 157 0.000182 9
640 160 659 188 0.000181 9
232 110 266 130 0.000178 9
990 183 1000 199 0.000178 9
813 113 842 131 0.000173 9
680 152 690 181 0.000173 9
415 64 434 135 0.000173 9
814 145 823 158 0.000168 9
1052 108 1079 174 0.000168 9
1028 149 1040 161 0.000166 9
1207 158 1226 182 0.000165 9
793 110 824 122 0.000158 9
684 120 713 185 0.000154 9
637 117 653 162 0.000154 9
831 135 861 154 0.000153 9
1002 128 1014 138 0.000152 9
637 101 658 113 0.000150 9
684 73 697 123 0.000149 9
657 168 701 207 0.000144 9
256 82 266 97 0.000143 9
698 64 715 99 0.000141 9
642 119 659 164 0.000141 9
724 95 739 130 0.000141 9
161 76 192 92 0.000137 9
596 116 625 146 0.000137 9
1203 147 1218 178 0.000136 9
577 64 614 145 0.000136 9
813 113 828 124 0.000136 9
715 102 730 131 0.000136 9
1206 164 1228 213 0.000135 9
674 65 698 209 0.000134 9
801 145 811 158 0.000134 9
209 66 232 86 0.000134 9
705 157 719 182 0.000134 9
338 64 363 111 0.000132 9
544 113 551 135 0.000130 9
97 175 110 203 0.000129 9
718 149 726 159 0.000129 9
1092 152 1129 178 0.000128 9
976 169 992 186 0.000126 9
982 152 994 169 0.000126 9
1050 192 1064 201 0.000125 9
1226 196 1252 231 0.000124 9
0 146 6 174 0.000121 9
1051 109 1095 187 0.000120 9
1151 185 1171 218 0.000120 9
1105 163 1146 192 0.000119 9
574 134 581 144 0.000118 9
1029 139 1040 156 0.000118 9
698 153 717 179 0.000117 9
992 128 999 139 0.000116 9
909 138 937 165 0.000116 9
850 136 904 152 0.000116 9
636 77 657 105 0.000116 9
726 107 736 130 0.000115 9
210 68 220 85 0.000114 9
168 64 252 91 0.000113 9
1152 184 1180 215 0.000112 9
850 136 918 157 0.000112 9
623 134 634 164 0.000110 9
320 90 334 173 0.000106 9
669 64 692 141 0.000106 9
1042 184 1055 198 0.000105 9
971 135 1031 175 0.000105 9
50 184 63 206 0.000105 9
1053 123 1066 160 0.000104 9
812 119 843 136 0.000104 9
841 158 874 187 0.000104 9
97 174 110 185 0.000102 9
611 138 626 165 0.000101 9
324 109 366 163 0.138351 11
1051 110 1084 147 0.061901 11
1182 190 1201 215 0.056790 11
1181 165 1201 216 0.022530 11
415 64 436 120 0.000931 11
1224 166 1248 196 0.000220 11
1051 108 1085 186 0.000147 11
319 118 367 200 0.000137 11
750 153 790 168 0.000132 11
352 127 366 159 0.000131 11
416 64 434 99 0.000127 11
