539 190 576 253 0.732971 0
746 198 781 277 0.639431 0
1121 202 1143 257 0.310300 0
1124 203 1141 230 0.216493 0
874 191 899 235 0.179717 0
717 211 728 234 0.167218 0
1140 202 1150 228 0.106225 0
1138 203 1152 249 0.101618 0
877 192 906 246 0.093786 0
885 195 912 249 0.092813 0
545 204 572 253 0.076667 0
879 192 918 261 0.071746 0
555 173 568 199 0.071001 0
557 184 570 201 0.067982 0
307 184 324 198 0.062124 0
900 193 913 221 0.061955 0
1118 218 1140 263 0.061366 0
786 198 794 222 0.056847 0
897 194 913 234 0.050985 0
878 191 897 221 0.042467 0
845 191 856 225 0.039708 0
888 193 910 231 0.038848 0
1100 204 1111 236 0.032767 0
708 211 727 234 0.032583 0
1103 199 1112 219 0.031060 0
738 201 746 215 0.030812 0
522 183 534 207 0.030776 0
751 198 780 248 0.028879 0
872 189 929 234 0.027661 0
758 198 773 218 0.024881 0
933 206 948 239 0.024666 0
512 193 521 211 0.024242 0
916 209 935 264 0.023811 0
865 207 875 232 0.023607 0
521 191 528 209 0.023077 0
844 223 856 264 0.022726 0
785 198 794 233 0.022698 0
693 209 702 233 0.022653 0
736 201 747 235 0.022566 0
1100 213 1111 246 0.022350 0
670 209 680 232 0.022002 0
1038 200 1050 229 0.021311 0
632 202 646 217 0.021295 0
1096 205 1108 235 0.020838 0
787 198 797 230 0.020044 0
693 184 702 225 0.019966 0
932 207 954 242 0.019192 0
1110 196 1118 216 0.018181 0
886 196 927 269 0.017791 0
1140 221 1153 248 0.017243 0
331 184 345 198 0.016286 0
891 192 911 217 0.014812 0
844 194 857 268 0.014700 0
762 198 779 217 0.014565 0
739 202 760 235 0.014332 0
545 174 575 206 0.013910 0
844 211 880 267 0.013530 0
717 196 729 227 0.013463 0
774 199 786 226 0.013224 0
557 189 576 224 0.013041 0
916 206 943 257 0.013007 0
862 207 879 234 0.012339 0
738 201 753 216 0.012211 0
1107 204 1116 242 0.012062 0
755 199 779 235 0.011743 0
539 191 553 225 0.011636 0
748 206 761 235 0.011294 0
990 212 997 224 0.011140 0
555 175 578 202 0.011092 0
1108 194 1116 217 0.010930 0
720 201 739 235 0.010812 0
896 211 929 266 0.010452 0
519 192 528 226 0.009859 0
987 208 998 224 0.009836 0
1104 209 1122 243 0.009830 0
213 192 223 226 0.009416 0
843 227 856 280 0.009330 0
964 372 981 391 0.008952 0
742 200 762 228 0.008556 0
848 189 911 268 0.008449 0
844 188 892 251 0.008086 0
539 188 549 212 0.007707 0
638 198 655 215 0.007672 0
385 197 395 206 0.007648 0
333 173 352 198 0.007423 0
469 191 481 215 0.007243 0
570 183 581 202 0.007086 0
538 189 575 227 0.006859 0
973 210 983 224 0.006841 0
878 155 894 174 0.006461 0
985 209 995 225 0.006388 0
1056 216 1072 242 0.006292 0
1167 200 1179 219 0.006189 0
854 205 870 232 0.006181 0
847 210 871 251 0.006104 0
539 202 550 226 0.006082 0
740 211 758 235 0.005903 0
539 202 556 232 0.005338 0
872 155 898 177 0.004639 0
771 200 784 234 0.004508 0
1097 199 1104 217 0.004465 0
1045 482 1054 493 0.004425 0
1188 229 1209 246 0.004414 0
845 183 857 209 0.004364 0
693 189 704 218 0.004351 0
351 187 359 198 0.004300 0
324 161 344 198 0.004109 0
1102 192 1110 216 0.003940 0
1124 196 1152 240 0.003930 0
666 201 677 231 0.003764 0
516 190 530 243 0.003571 0
666 188 672 221 0.003488 0
1000 189 1008 214 0.003439 0
693 177 702 205 0.003413 0
692 213 706 237 0.003374 0
764 198 786 238 0.003358 0
1178 235 1188 247 0.003350 0
560 202 576 247 0.003112 0
522 190 546 217 0.003072 0
1218 222 1230 233 0.003045 0
835 228 857 281 0.003000 0
1045 483 1057 497 0.002976 0
666 188 671 210 0.002962 0
846 193 870 233 0.002939 0
322 232 356 319 0.002582 0
176 188 185 217 0.002574 0
783 195 794 216 0.002569 0
920 231 934 265 0.002502 0
1216 192 1226 213 0.002333 0
1207 167 1225 215 0.002312 0
738 199 777 243 0.002193 0
375 183 387 203 0.002127 0
1203 408 1215 422 0.002090 0
844 220 870 269 0.001995 0
175 187 183 210 0.001843 0
220 190 234 222 0.001781 0
863 165 870 178 0.001726 0
652 200 663 215 0.001660 0
1217 212 1227 231 0.001653 0
835 222 853 245 0.001579 0
220 191 236 239 0.001558 0
687 189 702 220 0.001553 0
990 198 1003 222 0.001434 0
511 189 532 249 0.001429 0
566 210 576 251 0.001387 0
1215 192 1227 223 0.001359 0
407 179 419 205 0.001236 0
353 185 370 199 0.001191 0
414 250 421 270 0.001155 0
1240 214 1247 231 0.001031 0
396 183 409 205 0.001029 0
1071 482 1079 494 0.001005 0
862 186 901 229 0.000974 0
158 200 179 228 0.000972 0
678 180 694 217 0.000966 0
632 201 651 220 0.000958 0
174 201 184 217 0.000909 0
803 179 814 202 0.000903 0
679 203 693 217 0.000887 0
777 200 793 236 0.000847 0
209 194 224 228 0.000845 0
371 169 383 194 0.000816 0
211 194 226 239 0.000767 0
803 184 816 209 0.000757 0
1263 211 1279 238 0.000746 0
981 201 997 224 0.000734 0
1242 196 1255 230 0.000719 0
309 184 326 205 0.000706 0
318 242 343 328 0.000682 0
522 196 547 226 0.000671 0
365 165 378 199 0.000657 0
743 224 801 274 0.000638 0
310 200 358 357 0.000632 0
1273 216 1279 253 0.000609 0
680 196 692 215 0.000608 0
1122 186 1152 229 0.000555 0
407 250 415 271 0.000552 0
463 215 480 271 0.000541 0
1096 193 1109 216 0.000519 0
745 197 798 256 0.000511 0
1265 202 1279 252 0.000503 0
214 184 241 246 0.000493 0
1204 369 1227 406 0.000488 0
456 197 480 270 0.000488 0
1211 182 1228 232 0.000448 0
215 182 230 200 0.000432 0
843 168 868 230 0.000424 0
306 172 356 203 0.000417 0
382 182 396 205 0.000400 0
790 195 809 234 0.000385 0
166 186 178 207 0.000384 0
415 180 425 204 0.000353 0
773 232 789 242 0.000311 0
1189 384 1216 413 0.000305 0
321 245 330 277 0.000303 0
223 217 238 248 0.000270 0
603 175 622 184 0.000269 0
1126 183 1177 228 0.000268 0
199 206 208 215 0.000265 0
541 228 583 259 0.000234 0
324 235 352 267 0.000230 0
1207 405 1227 424 0.000229 0
411 178 421 204 0.000223 0
318 200 329 224 0.000219 0
86 222 94 234 0.000219 0
156 183 182 226 0.000211 0
756 193 790 217 0.000208 0
323 234 351 288 0.000205 0
317 197 352 278 0.000199 0
1216 196 1230 231 0.000199 0
0 142 7 204 0.000197 0
193 186 201 215 0.000197 0
112 218 123 237 0.000187 0
318 250 338 352 0.000187 0
464 199 480 242 0.000185 0
306 179 330 202 0.000179 0
355 204 378 231 0.000169 0
939 181 960 207 0.000162 0
558 196 584 252 0.000160 0
599 172 612 186 0.000159 0
178 196 192 216 0.000156 0
507 192 576 255 0.000143 0
319 202 380 353 0.000141 0
607 153 627 175 0.000134 0
579 64 599 96 0.000133 0
372 198 398 216 0.000132 0
461 200 478 255 0.000130 0
305 167 384 209 0.000128 0
765 192 795 211 0.000127 0
756 305 769 329 0.000127 0
802 184 812 220 0.000126 0
353 197 378 290 0.000126 0
577 64 601 166 0.000124 0
355 239 370 276 0.000124 0
329 179 351 215 0.000117 0
326 218 372 321 0.000117 0
505 186 540 248 0.000114 0
752 295 769 330 0.000111 0
199 196 212 215 0.000109 0
857 441 878 468 0.000109 0
961 370 980 407 0.000106 0
744 276 770 328 0.000104 0
245 214 256 235 0.000103 0
355 225 375 317 0.000103 0
1181 387 1216 421 0.000102 0
243 195 255 212 0.000102 0
736 237 775 287 0.336311 1
1119 227 1148 264 0.293086 1
865 224 924 286 0.168405 1
736 244 763 287 0.094411 1
1105 225 1139 264 0.092925 1
869 231 908 286 0.083368 1
737 248 754 287 0.059677 1
880 232 916 289 0.058008 1
863 221 960 288 0.053310 1
750 240 775 281 0.051241 1
869 206 925 272 0.045232 1
864 223 900 275 0.042046 1
1181 164 1202 216 0.039042 1
886 231 926 293 0.035764 1
890 223 929 274 0.031343 1
844 216 919 273 0.025305 1
912 220 932 266 0.016838 1
866 195 899 271 0.015654 1
1132 224 1153 258 0.013396 1
1105 219 1130 251 0.012697 1
1114 226 1217 268 0.012258 1
1163 192 1198 222 0.009991 1
1101 215 1111 251 0.009018 1
864 201 894 236 0.007761 1
1180 165 1221 218 0.007283 1
1181 185 1208 216 0.007070 1
1079 211 1109 244 0.006993 1
935 280 959 303 0.006904 1
1138 308 1170 348 0.006857 1
850 225 895 283 0.006762 1
756 243 786 281 0.006266 1
1045 220 1153 260 0.006064 1
895 227 938 295 0.006001 1
1172 187 1199 218 0.005313 1
1182 188 1205 229 0.005241 1
1104 309 1170 350 0.004801 1
840 208 888 269 0.004713 1
737 250 759 298 0.004524 1
538 199 548 223 0.004172 1
739 220 766 276 0.004012 1
1060 208 1148 252 0.003679 1
724 207 738 234 0.003406 1
1095 228 1149 269 0.003122 1
771 249 803 281 0.002625 1
902 241 931 296 0.002575 1
946 281 959 303 0.002530 1
1165 205 1189 223 0.002501 1
1069 216 1110 248 0.002494 1
1101 221 1197 251 0.002444 1
841 228 930 307 0.002386 1
736 234 797 305 0.002269 1
841 224 876 284 0.002160 1
737 244 770 302 0.002103 1
1117 234 1159 269 0.002078 1
771 233 788 263 0.002064 1
730 222 958 301 0.002050 1
919 233 937 266 0.002042 1
1104 312 1153 345 0.001995 1
677 211 703 235 0.001966 1
1102 237 1119 257 0.001938 1
1156 174 1202 220 0.001920 1
874 246 921 297 0.001894 1
1104 312 1134 343 0.001804 1
540 208 572 253 0.001755 1
893 254 929 297 0.001623 1
1206 185 1226 216 0.001610 1
1180 170 1230 234 0.001553 1
1104 282 1170 349 0.001532 1
532 262 599 396 0.001442 1
928 278 960 313 0.001386 1
829 263 855 282 0.001273 1
823 226 930 340 0.001211 1
1167 219 1209 246 0.001172 1
772 238 798 274 0.001152 1
1109 193 1204 238 0.001061 1
696 207 784 272 0.000989 1
1137 310 1178 359 0.000981 1
725 253 749 286 0.000978 1
846 217 960 316 0.000932 1
575 292 595 363 0.000889 1
740 246 787 291 0.000881 1
712 228 769 284 0.000869 1
926 275 948 298 0.000865 1
1184 209 1227 234 0.000865 1
908 261 931 297 0.000841 1
925 268 957 293 0.000825 1
1206 165 1227 217 0.000789 1
1107 229 1146 301 0.000775 1
573 288 598 391 0.000765 1
1161 221 1221 261 0.000719 1
538 203 552 232 0.000693 1
926 277 944 307 0.000543 1
712 220 954 350 0.000542 1
726 227 846 327 0.000486 1
1087 228 1109 252 0.000457 1
1063 309 1174 362 0.000445 1
780 254 816 281 0.000441 1
772 233 786 254 0.000416 1
574 279 607 369 0.000382 1
1093 223 1163 293 0.000357 1
700 249 753 287 0.000326 1
1116 232 1170 301 0.000315 1
575 276 596 329 0.000313 1
540 215 556 252 0.000313 1
1162 345 1183 359 0.000298 1
779 266 930 337 0.000292 1
608 229 788 288 0.000281 1
1130 308 1193 362 0.000253 1
1098 224 1223 305 0.000245 1
1102 307 1198 371 0.000243 1
732 221 757 266 0.000234 1
595 228 948 405 0.000229 1
734 226 753 236 0.000211 1
825 264 860 291 0.000207 1
1129 276 1139 300 0.000195 1
964 371 988 393 0.000193 1
519 196 545 244 0.000191 1
575 317 594 389 0.000188 1
535 215 552 248 0.000186 1
1135 344 1197 369 0.000178 1
837 248 912 299 0.000171 1
1041 222 1167 305 0.000159 1
962 371 1026 399 0.000159 1
1105 240 1169 348 0.000137 1
758 253 791 286 0.000132 1
1021 310 1146 349 0.000132 1
715 215 747 236 0.000132 1
909 259 936 315 0.000126 1
764 252 810 286 0.000122 1
524 232 535 245 0.000112 1
823 264 882 316 0.000102 1
711 241 775 329 0.000102 1
480 170 521 216 0.187819 2
523 183 536 196 0.094190 2
861 177 946 240 0.090527 2
696 202 727 231 0.060635 2
585 183 657 217 0.054222 2
1006 199 1051 230 0.050539 2
480 171 516 201 0.045710 2
863 177 945 216 0.039852 2
1012 212 1025 227 0.038916 2
1069 218 1113 244 0.035911 2
1020 203 1048 229 0.034117 2
1256 193 1279 221 0.032818 2
480 174 494 198 0.032376 2
1054 219 1097 244 0.030540 2
1153 235 1173 248 0.030202 2
548 170 579 201 0.027828 2
449 156 516 177 0.026215 2
1004 206 1025 226 0.023718 2
481 186 517 217 0.022363 2
467 188 480 205 0.021673 2
1065 213 1094 243 0.020271 2
908 179 949 233 0.018702 2
522 170 553 192 0.018291 2
1069 221 1093 244 0.017978 2
1271 191 1279 204 0.017761 2
595 197 658 218 0.016436 2
522 179 541 199 0.015958 2
480 176 506 206 0.015951 2
554 172 567 196 0.015779 2
526 182 546 196 0.015750 2
971 222 996 254 0.015581 2
1267 212 1279 223 0.014592 2
459 183 480 207 0.014335 2
483 197 514 217 0.013997 2
557 183 577 204 0.013386 2
631 200 651 217 0.012970 2
395 200 410 206 0.012426 2
914 192 948 239 0.012088 2
1161 235 1175 247 0.011868 2
585 184 621 216 0.011571 2
454 182 481 215 0.011545 2
449 156 489 175 0.011232 2
535 171 559 201 0.010901 2
913 200 936 239 0.010832 2
386 199 397 206 0.010805 2
1151 232 1179 247 0.010680 2
596 179 650 205 0.010674 2
1007 197 1039 222 0.010382 2
970 222 1026 255 0.010328 2
1005 212 1026 235 0.010279 2
809 176 962 255 0.009500 2
919 181 944 205 0.009388 2
821 218 849 240 0.009235 2
608 179 654 216 0.009215 2
1054 220 1070 242 0.009157 2
914 185 955 210 0.009116 2
1006 198 1070 235 0.008772 2
1052 216 1070 233 0.008771 2
697 196 736 234 0.008675 2
987 210 1024 225 0.008491 2
927 184 946 204 0.008438 2
1006 208 1040 232 0.008298 2
543 160 580 198 0.008034 2
448 158 523 213 0.008025 2
1071 206 1100 233 0.007892 2
528 170 566 200 0.007625 2
449 194 475 216 0.007520 2
831 228 845 240 0.007442 2
717 198 739 235 0.006965 2
293 177 323 198 0.006948 2
525 184 548 203 0.006926 2
1147 205 1176 221 0.006808 2
802 215 848 239 0.006752 2
930 208 961 273 0.006732 2
861 179 990 255 0.006633 2
709 204 729 235 0.006427 2
544 160 579 178 0.006362 2
846 216 961 287 0.006329 2
453 202 467 216 0.006208 2
305 179 324 198 0.006028 2
558 187 577 219 0.005829 2
1036 197 1050 229 0.005631 2
452 201 474 216 0.005584 2
932 192 955 208 0.005153 2
671 207 729 234 0.005005 2
1008 193 1098 234 0.004969 2
453 150 524 190 0.004913 2
1208 370 1226 388 0.004880 2
883 191 935 245 0.004795 2
932 208 956 241 0.004712 2
868 200 959 269 0.004590 2
485 183 541 215 0.004385 2
998 206 1014 221 0.004322 2
1166 205 1180 222 0.004258 2
1251 181 1279 222 0.004139 2
544 165 566 199 0.004131 2
1145 208 1185 222 0.004056 2
928 183 955 207 0.003967 2
1030 197 1065 229 0.003966 2
465 181 480 205 0.003956 2
801 212 824 239 0.003896 2
682 210 702 233 0.003872 2
1054 207 1112 243 0.003857 2
438 180 480 216 0.003604 2
568 161 580 176 0.003593 2
513 179 534 210 0.003578 2
535 192 548 220 0.003515 2
1254 199 1275 230 0.003387 2
1002 216 1101 249 0.003293 2
1111 217 1154 259 0.003267 2
1187 227 1210 248 0.003232 2
951 208 992 253 0.003203 2
1145 220 1193 248 0.003191 2
1139 220 1176 248 0.003171 2
522 170 546 180 0.003145 2
1040 209 1068 230 0.003142 2
642 191 658 214 0.002894 2
1216 222 1227 233 0.002858 2
443 201 469 218 0.002842 2
436 198 472 217 0.002744 2
1190 223 1226 234 0.002631 2
830 219 853 240 0.002621 2
1079 213 1158 255 0.002617 2
1187 226 1221 246 0.002613 2
473 194 502 217 0.002525 2
644 195 671 215 0.002433 2
803 201 854 240 0.002432 2
456 166 591 217 0.002398 2
433 171 445 188 0.002238 2
841 198 855 239 0.002233 2
1031 196 1083 231 0.002190 2
1034 222 1083 253 0.002036 2
1041 223 1092 248 0.002005 2
973 206 1037 235 0.001995 2
1043 218 1069 236 0.001825 2
1207 370 1226 403 0.001773 2
1189 171 1279 230 0.001687 2
1258 172 1279 208 0.001662 2
397 199 418 206 0.001579 2
931 209 973 252 0.001561 2
1115 216 1222 263 0.001542 2
463 251 479 271 0.001541 2
1170 227 1188 247 0.001493 2
562 172 581 200 0.001492 2
503 180 531 218 0.001425 2
447 158 499 203 0.001424 2
435 167 464 182 0.001393 2
1075 200 1093 212 0.001345 2
1038 221 1139 255 0.001301 2
1070 198 1092 216 0.001291 2
1076 198 1154 249 0.001269 2
518 177 536 197 0.001259 2
1186 222 1209 244 0.001255 2
649 189 665 215 0.001232 2
1011 208 1165 251 0.001207 2
1269 213 1279 248 0.001151 2
355 217 370 228 0.001106 2
659 186 699 221 0.001073 2
374 197 391 206 0.001068 2
826 211 1036 262 0.001051 2
832 140 902 171 0.001032 2
1225 179 1279 233 0.001029 2
455 193 479 219 0.001024 2
1062 206 1071 231 0.001023 2
1264 169 1279 179 0.001016 2
583 179 595 215 0.000998 2
582 177 730 231 0.000979 2
432 169 457 188 0.000976 2
432 173 445 202 0.000943 2
352 188 370 199 0.000926 2
1029 220 1103 256 0.000902 2
960 206 982 223 0.000881 2
325 235 352 255 0.000863 2
588 201 616 217 0.000856 2
1197 226 1228 237 0.000840 2
495 238 530 251 0.000836 2
1161 183 1195 218 0.000835 2
1251 212 1265 232 0.000834 2
432 197 462 214 0.000811 2
437 204 452 219 0.000809 2
447 161 465 181 0.000779 2
809 201 894 241 0.000761 2
432 183 445 205 0.000757 2
842 181 893 232 0.000752 2
1146 194 1184 222 0.000748 2
1192 384 1205 402 0.000743 2
431 193 449 207 0.000738 2
1102 203 1204 250 0.000730 2
1204 227 1231 244 0.000670 2
699 184 730 209 0.000645 2
203 239 236 255 0.000638 2
951 207 978 248 0.000635 2
488 160 524 198 0.000621 2
446 162 471 186 0.000614 2
191 235 236 255 0.000571 2
384 183 407 206 0.000569 2
353 198 388 208 0.000565 2
1213 221 1240 232 0.000563 2
412 203 452 225 0.000533 2
189 226 228 249 0.000521 2
322 203 353 256 0.000516 2
663 193 698 232 0.000501 2
693 181 727 231 0.000498 2
1193 214 1228 231 0.000495 2
1070 191 1084 205 0.000490 2
378 181 397 205 0.000484 2
1056 195 1087 225 0.000483 2
562 199 581 217 0.000479 2
643 181 659 204 0.000470 2
1247 168 1279 201 0.000462 2
1089 199 1099 212 0.000462 2
607 176 645 202 0.000456 2
831 136 900 152 0.000438 2
360 195 391 207 0.000432 2
171 219 226 242 0.000432 2
1002 189 1042 215 0.000429 2
283 176 313 198 0.000427 2
1104 183 1195 222 0.000424 2
172 224 227 251 0.000421 2
362 187 377 201 0.000419 2
1248 167 1279 181 0.000412 2
1262 250 1279 270 0.000411 2
271 177 319 200 0.000407 2
354 198 386 228 0.000405 2
828 224 856 248 0.000393 2
362 201 385 219 0.000385 2
520 154 573 195 0.000377 2
777 232 791 238 0.000375 2
155 185 180 227 0.000372 2
1201 228 1243 250 0.000371 2
704 303 769 335 0.000360 2
184 238 241 262 0.000359 2
841 162 937 231 0.000356 2
1087 193 1116 238 0.000353 2
414 172 446 202 0.000351 2
583 191 607 217 0.000349 2
646 176 701 217 0.000349 2
353 209 371 228 0.000346 2
192 222 226 241 0.000343 2
1191 371 1225 406 0.000336 2
319 214 331 232 0.000327 2
969 201 995 223 0.000325 2
1178 351 1276 417 0.000324 2
1189 204 1279 265 0.000321 2
452 201 477 255 0.000318 2
123 224 135 236 0.000316 2
1008 184 1044 204 0.000316 2
1149 183 1188 220 0.000314 2
1076 191 1091 203 0.000311 2
638 164 656 203 0.000304 2
113 221 135 237 0.000301 2
1200 359 1265 394 0.000301 2
1226 167 1278 185 0.000300 2
1196 369 1250 412 0.000298 2
1242 197 1257 231 0.000297 2
157 202 179 228 0.000297 2
323 199 369 256 0.000281 2
294 191 392 211 0.000278 2
1038 191 1086 223 0.000278 2
696 176 712 201 0.000277 2
433 160 467 182 0.000253 2
789 200 824 238 0.000252 2
274 183 293 193 0.000247 2
995 192 1030 226 0.000245 2
1271 219 1279 267 0.000244 2
1179 371 1226 414 0.000238 2
385 197 410 214 0.000238 2
1038 192 1060 230 0.000236 2
390 198 424 214 0.000232 2
1262 365 1279 396 0.000226 2
356 203 379 230 0.000225 2
478 145 524 173 0.000223 2
964 208 1219 364 0.000220 2
393 196 413 206 0.000218 2
337 196 383 228 0.000215 2
1232 166 1263 181 0.000193 2
1172 345 1228 414 0.000177 2
379 176 404 205 0.000172 2
1219 200 1245 231 0.000171 2
342 187 390 221 0.000169 2
1203 358 1232 389 0.000169 2
111 220 144 243 0.000165 2
1216 163 1270 229 0.000162 2
153 183 180 206 0.000157 2
849 209 1121 296 0.000157 2
340 208 371 230 0.000156 2
237 224 250 240 0.000155 2
1185 353 1229 389 0.000155 2
1190 350 1262 390 0.000154 2
409 203 453 239 0.000153 2
426 205 452 226 0.000147 2
179 211 224 237 0.000146 2
237 219 252 238 0.000144 2
223 213 242 246 0.000143 2
412 201 434 205 0.000138 2
219 252 241 264 0.000138 2
839 143 874 169 0.000132 2
415 200 443 206 0.000132 2
866 156 934 195 0.000129 2
318 204 331 230 0.000124 2
852 156 944 204 0.000114 2
103 251 153 265 0.000101 2
1222 180 1255 233 0.000101 2
696 209 727 234 0.005472 3
831 135 936 168 0.017102 5
817 135 940 219 0.010833 5
1250 174 1279 217 0.001092 5
1251 169 1279 202 0.000448 5
801 160 940 242 0.224499 7
585 183 653 219 0.204629 7
801 157 857 240 0.203241 7
1007 197 1052 229 0.067615 7
584 184 620 216 0.023874 7
715 151 859 238 0.021585 7
696 149 939 239 0.019928 7
694 199 733 233 0.016526 7
449 153 522 180 0.015474 7
831 135 938 169 0.014122 7
542 160 580 203 0.011363 7
842 215 937 278 0.009321 7
454 151 524 198 0.008742 7
672 196 731 230 0.008237 7
447 158 522 215 0.007996 7
694 151 811 235 0.007691 7
312 200 457 342 0.006924 7
586 172 722 220 0.005746 7
821 136 916 178 0.005339 7
449 155 490 173 0.004983 7
1031 196 1051 230 0.004475 7
801 202 853 240 0.004046 7
810 181 936 260 0.003939 7
695 196 783 236 0.002981 7
806 159 858 189 0.002930 7
1181 165 1279 228 0.001974 7
515 163 581 209 0.001944 7
627 179 731 227 0.001863 7
935 208 990 254 0.001767 7
778 161 959 265 0.001749 7
1221 174 1279 228 0.001711 7
1005 178 1054 230 0.001650 7
800 137 907 236 0.001599 7
584 165 673 220 0.001584 7
976 198 1046 247 0.001455 7
1005 191 1044 218 0.001418 7
690 176 727 231 0.001358 7
1178 200 1220 264 0.001295 7
1251 170 1279 222 0.001252 7
982 207 1085 250 0.001129 7
808 134 970 251 0.001091 7
343 178 530 225 0.000990 7
1181 168 1217 258 0.000989 7
735 200 951 284 0.000890 7
605 165 651 207 0.000883 7
309 197 387 334 0.000846 7
1118 184 1217 258 0.000845 7
449 126 527 181 0.000831 7
798 179 1032 255 0.000756 7
843 139 950 220 0.000682 7
447 158 494 205 0.000652 7
475 174 598 221 0.000595 7
688 100 926 235 0.000595 7
601 152 658 216 0.000553 7
544 176 595 215 0.000542 7
1180 167 1279 267 0.000479 7
728 214 784 288 0.000477 7
618 155 733 229 0.000424 7
726 158 802 214 0.000378 7
920 180 988 254 0.000378 7
530 144 580 202 0.000357 7
383 177 431 206 0.000323 7
352 199 391 320 0.000313 7
802 184 847 239 0.000306 7
307 96 458 343 0.000304 7
381 181 408 205 0.000262 7
1009 113 1109 234 0.000252 7
393 203 457 293 0.000242 7
653 66 923 235 0.000241 7
808 164 857 200 0.000211 7
356 201 457 310 0.000180 7
561 198 868 269 0.000171 7
382 188 478 209 0.000167 7
408 176 449 207 0.000160 7
569 64 710 222 0.000148 7
1104 165 1165 222 0.000148 7
1107 163 1156 185 0.000139 7
787 139 872 237 0.000133 7
867 211 1136 305 0.000118 7
696 184 738 218 0.000111 7
374 171 408 206 0.000105 7
304 113 386 340 0.000101 7
1090 150 1103 177 0.434509 9
513 150 523 177 0.259303 9
1005 136 1014 173 0.048026 9
693 184 702 204 0.023596 9
313 151 343 198 0.018910 9
327 162 349 198 0.018816 9
333 165 353 199 0.015564 9
170 64 203 92 0.014760 9
704 155 712 174 0.011269 9
366 165 375 187 0.010341 9
373 166 382 184 0.009841 9
1090 150 1110 176 0.009729 9
703 161 712 179 0.009031 9
1001 141 1010 177 0.008440 9
450 159 464 170 0.007777 9
119 64 162 78 0.007409 9
693 175 701 195 0.007407 9
1014 140 1023 169 0.005273 9
895 156 906 171 0.005266 9
1015 135 1026 148 0.005160 9
1052 109 1084 147 0.004572 9
1001 135 1013 174 0.004545 9
596 122 605 144 0.004469 9
1001 186 1008 211 0.004190 9
1213 189 1224 210 0.004073 9
586 169 592 184 0.003787 9
1078 146 1103 180 0.003702 9
586 118 598 139 0.003455 9
1010 134 1022 173 0.003427 9
686 169 702 202 0.003269 9
896 158 905 177 0.003216 9
692 170 702 181 0.003111 9
1211 166 1225 203 0.003070 9
1090 137 1106 177 0.003045 9
702 116 715 130 0.002839 9
689 169 700 182 0.002815 9
701 152 712 174 0.002624 9
1208 168 1218 200 0.002607 9
702 173 712 183 0.002587 9
680 171 689 195 0.002578 9
512 144 526 177 0.002563 9
570 161 580 177 0.002384 9
665 183 671 209 0.002368 9
695 151 707 176 0.002339 9
1096 177 1103 193 0.002308 9
892 137 933 168 0.002299 9
157 64 173 75 0.002286 9
588 118 603 151 0.002170 9
700 93 717 129 0.002169 9
886 152 907 170 0.002069 9
1183 163 1201 188 0.002049 9
308 178 326 199 0.001954 9
681 168 689 186 0.001892 9
706 154 717 176 0.001880 9
1135 164 1154 185 0.001859 9
680 179 689 207 0.001814 9
160 64 195 85 0.001752 9
172 64 229 92 0.001740 9
514 171 524 190 0.001715 9
993 138 1000 158 0.001685 9
835 143 859 165 0.001676 9
854 116 865 137 0.001630 9
1120 164 1151 185 0.001579 9
663 170 671 194 0.001537 9
1240 197 1248 230 0.001436 9
1153 164 1167 184 0.001423 9
257 145 267 159 0.001409 9
1228 166 1248 181 0.001396 9
126 64 189 81 0.001355 9
448 159 467 178 0.001341 9
362 165 373 189 0.001293 9
260 143 269 158 0.001252 9
875 153 895 174 0.001217 9
505 150 525 180 0.001201 9
568 161 581 187 0.001182 9
1090 182 1097 194 0.001163 9
1080 158 1093 185 0.001155 9
1097 167 1114 189 0.001120 9
698 117 713 151 0.001118 9
581 64 596 93 0.001102 9
696 119 708 153 0.001076 9
865 137 938 155 0.001031 9
612 152 625 167 0.001022 9
651 182 663 203 0.001010 9
588 176 598 186 0.000991 9
130 64 173 78 0.000977 9
689 119 711 131 0.000936 9
831 136 898 166 0.000911 9
1073 131 1101 173 0.000906 9
595 64 632 94 0.000892 9
693 119 708 142 0.000847 9
1001 173 1007 188 0.000840 9
678 65 695 120 0.000833 9
220 182 231 194 0.000825 9
350 159 361 195 0.000788 9
998 133 1009 175 0.000768 9
697 73 712 120 0.000767 9
595 126 609 164 0.000737 9
693 114 718 159 0.000715 9
897 154 909 173 0.000696 9
596 116 625 165 0.000691 9
612 152 631 174 0.000675 9
1223 165 1232 184 0.000674 9
703 120 717 155 0.000660 9
240 177 246 191 0.000653 9
688 119 698 149 0.000651 9
0 143 6 200 0.000646 9
833 148 843 163 0.000643 9
702 104 718 129 0.000633 9
1192 384 1205 403 0.000612 9
708 147 718 174 0.000611 9
356 218 370 229 0.000603 9
463 216 479 271 0.000578 9
639 166 660 197 0.000574 9
838 117 852 135 0.000573 9
183 144 199 168 0.000566 9
684 120 696 153 0.000553 9
698 84 721 129 0.000529 9
1090 149 1105 189 0.000510 9
1089 190 1096 200 0.000504 9
1211 164 1234 204 0.000468 9
1098 173 1113 201 0.000464 9
515 151 537 177 0.000463 9
697 67 724 130 0.000456 9
1106 150 1118 170 0.000452 9
1193 164 1209 187 0.000449 9
607 118 625 160 0.000447 9
170 143 180 169 0.000447 9
680 122 691 155 0.000446 9
1095 131 1111 175 0.000440 9
845 115 864 137 0.000439 9
308 147 356 198 0.000436 9
1098 130 1108 151 0.000420 9
643 169 666 203 0.000390 9
829 137 939 158 0.000387 9
587 164 599 186 0.000384 9
1218 192 1229 213 0.000382 9
638 162 650 185 0.000378 9
851 118 872 137 0.000367 9
629 159 648 180 0.000363 9
687 119 714 167 0.000362 9
831 136 862 165 0.000361 9
637 84 660 104 0.000358 9
371 160 383 186 0.000353 9
624 64 640 92 0.000353 9
685 68 696 120 0.000343 9
993 139 1002 172 0.000341 9
869 122 881 137 0.000333 9
1217 183 1229 213 0.000332 9
689 123 717 181 0.000328 9
209 66 241 86 0.000324 9
0 144 7 174 0.000319 9
719 117 729 130 0.000317 9
997 134 1017 176 0.000315 9
648 168 662 201 0.000314 9
984 138 995 158 0.000314 9
250 111 264 130 0.000313 9
311 143 326 192 0.000306 9
567 142 577 161 0.000305 9
858 165 937 200 0.000304 9
597 147 610 163 0.000301 9
679 70 691 106 0.000292 9
686 65 716 146 0.000286 9
1225 159 1251 181 0.000284 9
692 161 705 185 0.000276 9
659 168 702 215 0.000274 9
680 148 690 166 0.000272 9
210 68 220 86 0.000268 9
904 136 938 164 0.000260 9
1044 183 1058 199 0.000256 9
1103 170 1124 187 0.000254 9
168 64 259 98 0.000249 9
98 176 110 203 0.000249 9
589 121 603 180 0.000246 9
362 159 378 190 0.000246 9
908 137 938 153 0.000243 9
464 127 529 180 0.000242 9
999 129 1007 137 0.000232 9
1019 137 1031 156 0.000230 9
322 91 332 119 0.000229 9
865 162 921 179 0.000225 9
568 144 579 170 0.000225 9
161 76 188 92 0.000221 9
256 82 266 97 0.000218 9
680 152 689 184 0.000211 9
118 64 205 99 0.000208 9
1128 161 1154 169 0.000208 9
714 95 730 130 0.000207 9
1070 139 1097 190 0.000207 9
825 163 858 180 0.000200 9
449 150 491 171 0.000199 9
110 149 127 166 0.000194 9
682 124 707 180 0.000192 9
592 64 620 95 0.000188 9
851 147 892 173 0.000187 9
990 182 1004 215 0.000186 9
665 168 691 193 0.000185 9
649 123 659 158 0.000181 9
977 170 991 185 0.000181 9
686 151 703 184 0.000181 9
415 64 434 120 0.000179 9
801 151 810 159 0.000178 9
580 71 600 140 0.000177 9
340 64 363 111 0.000176 9
95 179 106 204 0.000176 9
583 120 599 173 0.000175 9
1072 137 1084 161 0.000175 9
1075 181 1095 199 0.000168 9
624 122 636 157 0.000167 9
544 112 551 136 0.000166 9
581 64 597 82 0.000165 9
1227 196 1250 231 0.000163 9
805 168 845 189 0.000163 9
1098 169 1125 216 0.000162 9
497 143 526 180 0.000162 9
718 149 727 158 0.000157 9
1204 157 1224 199 0.000157 9
878 127 892 138 0.000156 9
990 189 1009 218 0.000156 9
974 190 982 201 0.000153 9
994 163 1002 177 0.000153 9
649 144 658 163 0.000152 9
256 143 270 180 0.000152 9
545 141 551 157 0.000152 9
588 64 658 96 0.000152 9
1187 157 1211 187 0.000152 9
607 137 626 166 0.000149 9
263 68 273 82 0.000148 9
819 162 858 190 0.000145 9
1015 134 1030 156 0.000145 9
725 95 739 116 0.000142 9
1199 131 1213 190 0.000139 9
579 64 598 114 0.000138 9
1018 144 1039 163 0.000137 9
685 64 710 122 0.000136 9
1061 108 1085 143 0.000129 9
623 136 633 162 0.000128 9
822 156 857 171 0.000125 9
726 95 739 108 0.000125 9
805 160 860 196 0.000123 9
718 94 734 129 0.000123 9
98 175 110 191 0.000123 9
227 126 268 150 0.000122 9
800 153 824 231 0.000121 9
308 114 367 196 0.000118 9
1013 130 1028 152 0.000118 9
1071 136 1088 177 0.000117 9
238 109 268 130 0.000116 9
849 109 866 138 0.000112 9
567 136 578 145 0.000111 9
1101 162 1155 185 0.000110 9
697 71 740 152 0.000109 9
1029 149 1040 161 0.000109 9
905 129 912 138 0.000108 9
800 151 811 200 0.000107 9
1003 171 1014 184 0.000106 9
202 64 247 88 0.000105 9
638 120 650 162 0.000105 9
958 162 991 187 0.000105 9
964 152 975 161 0.000105 9
838 158 888 220 0.000103 9
840 147 874 212 0.000103 9
1048 183 1063 198 0.000102 9
256 127 270 161 0.000101 9
998 182 1041 212 0.000100 9
1089 170 1152 220 0.000100 9
1203 149 1221 178 0.000100 9
324 109 367 163 0.110378 11
1051 111 1084 147 0.099420 11
1181 188 1200 215 0.029753 11
900 137 938 155 0.001354 11
415 64 435 119 0.000365 11
1072 131 1095 157 0.000270 11
1056 109 1076 174 0.000172 11
830 131 937 172 0.000141 11
