522 184 551 262 0.776900 0
740 198 787 293 0.763170 0
965 190 995 253 0.730154 0
788 193 826 272 0.516649 0
1046 190 1073 254 0.398341 0
1211 190 1228 229 0.245337 0
787 195 811 269 0.177081 0
792 196 817 266 0.131921 0
717 212 727 234 0.096066 0
554 172 572 200 0.084151 0
753 188 770 216 0.061083 0
514 190 531 246 0.052451 0
693 209 702 233 0.045768 0
306 185 325 199 0.043952 0
969 222 993 252 0.043646 0
645 199 654 215 0.041244 0
1044 192 1068 243 0.039267 0
632 201 645 218 0.037738 0
553 172 573 211 0.031454 0
921 204 948 254 0.025532 0
385 198 396 206 0.022971 0
670 210 680 232 0.022891 0
512 191 524 216 0.022337 0
1181 178 1214 264 0.022254 0
638 199 654 217 0.021946 0
729 204 745 234 0.021898 0
1181 175 1206 222 0.021507 0
742 208 755 230 0.021091 0
608 151 625 186 0.019724 0
752 186 769 206 0.019307 0
746 191 767 221 0.018784 0
213 195 223 226 0.018369 0
865 207 876 237 0.018286 0
330 186 343 199 0.017337 0
428 491 494 522 0.016936 0
609 151 624 167 0.016791 0
605 151 631 192 0.016637 0
440 491 473 515 0.016550 0
516 186 537 258 0.016317 0
741 207 755 250 0.016246 0
1049 190 1066 218 0.015550 0
742 205 756 223 0.015022 0
512 191 525 240 0.014007 0
712 200 728 233 0.013967 0
693 184 702 230 0.013883 0
1185 222 1204 254 0.013319 0
949 274 960 301 0.012814 0
1032 196 1052 228 0.012439 0
516 191 526 210 0.012429 0
528 185 548 214 0.012358 0
847 207 878 241 0.012225 0
1051 189 1073 229 0.011984 0
723 203 740 234 0.011965 0
514 184 531 223 0.011751 0
741 203 770 285 0.011455 0
1043 194 1063 221 0.011140 0
789 196 805 231 0.011034 0
965 372 982 393 0.010985 0
1273 199 1279 236 0.010126 0
934 204 946 233 0.009796 0
1202 189 1228 265 0.009664 0
813 209 825 238 0.009246 0
974 191 995 233 0.008429 0
338 186 353 198 0.008253 0
469 190 481 214 0.008158 0
1071 484 1081 498 0.008098 0
965 195 982 238 0.007979 0
692 214 705 237 0.007710 0
1005 208 1026 235 0.007677 0
785 197 796 232 0.007560 0
1001 185 1009 209 0.007469 0
974 190 989 216 0.007434 0
998 187 1009 228 0.007423 0
752 196 780 218 0.007260 0
965 189 990 228 0.007259 0
739 198 760 221 0.006993 0
800 204 817 235 0.006680 0
780 196 804 261 0.006072 0
512 151 523 174 0.006033 0
737 202 746 220 0.005813 0
1007 205 1032 233 0.005770 0
1071 482 1080 494 0.005494 0
743 208 763 237 0.005036 0
1183 197 1205 250 0.004709 0
566 177 581 201 0.004678 0
789 220 803 265 0.004612 0
872 204 894 237 0.004535 0
755 200 789 265 0.004384 0
531 190 551 216 0.004332 0
876 199 904 244 0.004322 0
1073 493 1081 503 0.004242 0
615 150 631 183 0.004226 0
522 183 594 270 0.004110 0
570 183 581 203 0.004032 0
666 206 677 231 0.003914 0
351 188 366 198 0.003864 0
1207 168 1226 219 0.003578 0
1268 197 1279 253 0.003545 0
1165 233 1176 247 0.003528 0
994 205 1019 233 0.003393 0
460 491 497 511 0.003362 0
525 200 540 259 0.003308 0
354 185 368 198 0.003260 0
604 173 618 186 0.002978 0
333 173 353 198 0.002871 0
397 183 409 205 0.002788 0
768 201 785 239 0.002784 0
796 226 825 267 0.002779 0
878 200 895 233 0.002708 0
666 187 673 223 0.002688 0
1273 200 1279 257 0.002615 0
586 173 594 186 0.002602 0
228 211 241 245 0.002465 0
974 184 988 204 0.002450 0
532 201 550 258 0.002371 0
781 213 797 258 0.002340 0
717 194 728 216 0.002312 0
321 229 356 315 0.002291 0
1202 219 1225 253 0.002237 0
610 158 632 197 0.002195 0
646 194 657 215 0.002138 0
378 182 396 205 0.002129 0
1239 196 1251 231 0.002086 0
254 556 305 609 0.002068 0
994 209 1013 238 0.002048 0
1247 198 1262 233 0.002037 0
1202 408 1215 420 0.002036 0
985 193 1008 230 0.002027 0
793 185 817 237 0.002020 0
632 201 652 220 0.001957 0
220 187 232 224 0.001773 0
513 171 524 202 0.001653 0
517 203 534 249 0.001615 0
690 182 703 215 0.001571 0
803 179 815 205 0.001560 0
765 200 784 229 0.001537 0
211 192 229 248 0.001520 0
533 194 574 219 0.001474 0
453 186 479 219 0.001403 0
666 188 671 204 0.001377 0
462 239 479 271 0.001366 0
407 179 419 204 0.001366 0
787 191 812 231 0.001352 0
223 197 240 245 0.001333 0
1031 494 1040 502 0.001302 0
787 191 813 231 0.001281 0
1212 193 1251 231 0.001277 0
632 183 641 196 0.001266 0
847 202 864 237 0.001258 0
651 200 662 216 0.001255 0
924 199 959 252 0.001172 0
1241 200 1248 232 0.001102 0
373 164 383 200 0.001024 0
1056 224 1074 295 0.001012 0
899 199 935 248 0.000982 0
1259 200 1279 254 0.000981 0
600 180 627 199 0.000967 0
893 199 918 245 0.000938 0
209 190 224 224 0.000933 0
307 185 326 205 0.000922 0
455 191 480 271 0.000922 0
692 176 703 206 0.000891 0
684 191 701 229 0.000879 0
319 234 344 332 0.000870 0
1043 163 1079 251 0.000861 0
323 168 351 199 0.000859 0
963 371 981 407 0.000854 0
1052 185 1065 206 0.000848 0
219 191 236 231 0.000836 0
315 200 357 344 0.000825 0
414 250 422 270 0.000810 0
967 182 990 212 0.000802 0
453 555 503 626 0.000798 0
631 161 642 191 0.000793 0
366 165 375 188 0.000788 0
472 491 500 509 0.000758 0
612 156 646 192 0.000755 0
306 567 354 623 0.000728 0
680 198 691 215 0.000718 0
313 573 352 614 0.000676 0
985 188 1009 215 0.000675 0
799 153 814 207 0.000668 0
961 199 974 217 0.000656 0
227 201 242 238 0.000654 0
307 184 344 201 0.000653 0
318 199 351 273 0.000650 0
692 190 707 225 0.000638 0
319 223 340 278 0.000635 0
752 184 781 210 0.000635 0
460 560 507 617 0.000605 0
848 199 858 230 0.000596 0
382 199 396 216 0.000586 0
320 235 330 276 0.000578 0
319 219 336 341 0.000571 0
1186 167 1232 228 0.000554 0
200 205 210 217 0.000552 0
1191 384 1218 417 0.000541 0
239 219 251 239 0.000538 0
79 393 130 422 0.000535 0
488 575 506 597 0.000527 0
175 188 182 204 0.000525 0
518 468 581 522 0.000482 0
361 170 381 201 0.000469 0
575 284 596 346 0.000459 0
254 555 335 612 0.000443 0
636 64 662 89 0.000433 0
518 455 593 531 0.000431 0
678 178 694 217 0.000431 0
380 177 401 205 0.000413 0
438 502 500 522 0.000412 0
239 212 252 237 0.000409 0
495 185 539 253 0.000393 0
633 168 656 211 0.000388 0
318 246 338 321 0.000377 0
520 473 565 517 0.000368 0
597 169 613 187 0.000368 0
919 183 968 254 0.000366 0
522 483 575 524 0.000341 0
471 572 506 609 0.000340 0
355 206 378 231 0.000335 0
773 191 808 234 0.000326 0
173 446 215 485 0.000324 0
225 224 241 252 0.000320 0
215 183 229 204 0.000317 0
1207 164 1258 218 0.000315 0
200 199 213 216 0.000309 0
322 233 346 277 0.000307 0
269 560 354 629 0.000306 0
1041 184 1052 205 0.000306 0
448 490 502 524 0.000297 0
1207 405 1225 425 0.000287 0
1211 219 1231 257 0.000285 0
530 253 538 264 0.000274 0
199 208 213 224 0.000270 0
463 200 477 264 0.000270 0
527 194 568 261 0.000268 0
275 564 357 666 0.000261 0
174 430 210 471 0.000259 0
738 182 771 224 0.000256 0
440 489 491 515 0.000255 0
247 566 297 659 0.000252 0
939 202 963 249 0.000251 0
408 250 415 271 0.000245 0
1190 384 1213 407 0.000244 0
412 179 424 204 0.000241 0
318 200 329 220 0.000236 0
599 162 613 184 0.000227 0
599 342 611 360 0.000220 0
529 224 539 263 0.000218 0
755 188 794 214 0.000216 0
325 215 368 319 0.000209 0
215 249 234 264 0.000207 0
270 194 281 219 0.000202 0
254 564 296 626 0.000194 0
825 223 872 270 0.000191 0
946 371 986 420 0.000186 0
0 143 7 204 0.000185 0
484 556 527 591 0.000183 0
174 432 198 467 0.000180 0
844 185 898 237 0.000180 0
480 582 507 604 0.000179 0
428 489 477 517 0.000178 0
462 197 480 246 0.000176 0
354 224 370 273 0.000174 0
166 197 191 218 0.000171 0
848 180 859 233 0.000171 0
86 224 94 234 0.000168 0
742 189 783 249 0.000167 0
157 204 169 227 0.000165 0
243 213 263 236 0.000162 0
212 187 242 244 0.000162 0
96 175 110 203 0.000161 0
384 197 405 215 0.000160 0
323 186 339 216 0.000160 0
160 248 171 261 0.000157 0
307 567 356 656 0.000156 0
353 197 375 278 0.000155 0
428 487 527 540 0.000155 0
1015 457 1024 466 0.000153 0
79 405 108 424 0.000152 0
509 475 552 532 0.000151 0
227 197 243 223 0.000149 0
354 215 373 314 0.000146 0
423 500 477 524 0.000146 0
0 357 8 407 0.000142 0
88 392 145 416 0.000139 0
521 483 548 505 0.000134 0
301 620 351 680 0.000134 0
739 191 818 293 0.000133 0
847 159 870 237 0.000130 0
596 154 625 184 0.000130 0
502 441 593 557 0.000129 0
327 185 350 215 0.000126 0
821 166 858 212 0.000125 0
369 171 388 199 0.000123 0
120 365 204 430 0.000119 0
946 171 965 207 0.000116 0
304 180 379 207 0.000115 0
750 169 778 207 0.000115 0
459 556 530 595 0.000113 0
327 594 348 610 0.000113 0
1045 256 1075 295 0.000110 0
529 500 588 565 0.000107 0
258 620 348 683 0.000105 0
229 211 255 246 0.000103 0
194 186 201 212 0.000101 0
1034 221 1074 262 0.410716 1
961 229 1027 269 0.331324 1
961 230 995 270 0.271591 1
742 237 787 299 0.263022 1
742 246 772 298 0.185576 1
1051 221 1075 260 0.140136 1
1183 228 1224 268 0.104531 1
1018 229 1061 263 0.081674 1
783 230 826 278 0.069705 1
1034 232 1059 262 0.068693 1
759 238 788 288 0.064063 1
1046 197 1073 258 0.060633 1
725 229 745 254 0.058029 1
1183 224 1204 266 0.049401 1
552 196 570 217 0.048384 1
989 227 1069 266 0.032200 1
1054 227 1089 257 0.031195 1
765 232 798 281 0.029669 1
1181 182 1210 249 0.025784 1
742 238 762 294 0.024649 1
726 224 748 251 0.024434 1
1067 226 1092 250 0.022836 1
724 206 741 234 0.022829 1
1186 190 1211 227 0.022501 1
1022 229 1043 262 0.022040 1
921 204 946 254 0.020764 1
960 233 984 266 0.020595 1
1181 182 1204 225 0.020004 1
728 206 753 235 0.019523 1
1181 185 1222 267 0.019109 1
741 232 839 297 0.017584 1
767 239 789 273 0.016070 1
1194 204 1210 226 0.015574 1
790 217 825 272 0.015447 1
795 243 826 279 0.015021 1
791 248 837 282 0.014790 1
807 245 856 283 0.014643 1
686 208 731 235 0.014311 1
718 227 745 258 0.014252 1
924 215 963 255 0.012723 1
934 276 960 303 0.011925 1
1181 165 1216 225 0.011372 1
713 214 735 238 0.010751 1
940 240 966 254 0.010073 1
558 198 577 217 0.009851 1
814 260 855 282 0.009726 1
867 200 906 245 0.009562 1
1184 222 1219 254 0.009444 1
1184 197 1207 254 0.009053 1
920 225 943 254 0.008785 1
926 232 955 254 0.008659 1
1184 212 1212 236 0.008290 1
555 190 579 216 0.008278 1
1048 212 1094 248 0.007973 1
741 223 760 279 0.007822 1
741 211 756 252 0.007605 1
915 214 1010 261 0.007558 1
871 253 908 287 0.007058 1
777 232 791 260 0.006910 1
902 226 1012 271 0.006841 1
1023 227 1041 251 0.006759 1
1030 196 1058 248 0.006757 1
1025 224 1077 290 0.006615 1
742 205 771 294 0.006595 1
835 214 880 243 0.006384 1
938 237 976 268 0.006204 1
919 211 940 251 0.006033 1
921 266 960 301 0.005504 1
1201 233 1219 258 0.004827 1
1008 216 1059 254 0.004407 1
807 239 825 268 0.004403 1
864 217 904 245 0.004274 1
887 262 908 288 0.003871 1
865 204 960 260 0.003839 1
1003 211 1044 264 0.003836 1
1048 205 1097 237 0.003760 1
879 257 927 295 0.003374 1
1055 225 1074 293 0.003358 1
870 246 925 287 0.003228 1
857 218 886 243 0.003197 1
763 249 855 284 0.003094 1
1042 208 1121 256 0.003092 1
881 263 913 293 0.003051 1
963 216 1049 267 0.003005 1
1199 225 1221 247 0.002975 1
874 214 967 280 0.002966 1
1188 221 1224 242 0.002947 1
868 237 971 290 0.002930 1
701 220 743 258 0.002900 1
1070 215 1107 240 0.002801 1
702 215 728 236 0.002681 1
888 227 908 246 0.002636 1
1033 224 1124 262 0.002635 1
867 247 899 286 0.002630 1
1141 309 1174 354 0.002372 1
879 213 940 256 0.002365 1
741 238 858 317 0.002349 1
928 274 961 314 0.002201 1
869 236 909 270 0.002123 1
664 209 749 256 0.001976 1
743 258 767 303 0.001923 1
903 205 935 253 0.001880 1
953 211 987 258 0.001875 1
1006 227 1092 296 0.001823 1
723 231 749 263 0.001814 1
925 275 946 298 0.001709 1
895 216 911 245 0.001672 1
687 220 727 237 0.001634 1
1068 224 1117 248 0.001477 1
904 268 930 299 0.001433 1
776 245 845 293 0.001430 1
869 267 961 302 0.001415 1
540 199 569 221 0.001340 1
764 245 826 287 0.001303 1
1196 226 1225 257 0.001221 1
815 245 906 285 0.001193 1
920 195 994 255 0.001091 1
573 287 597 390 0.001061 1
1177 171 1201 216 0.000988 1
828 197 955 265 0.000978 1
847 204 877 239 0.000971 1
575 298 595 358 0.000966 1
912 272 931 299 0.000965 1
734 241 759 297 0.000947 1
495 238 525 251 0.000929 1
1066 227 1110 257 0.000915 1
729 237 807 338 0.000827 1
874 263 902 288 0.000809 1
843 256 896 283 0.000787 1
531 248 600 402 0.000771 1
1051 226 1089 289 0.000757 1
948 225 1074 292 0.000743 1
959 232 1003 288 0.000743 1
1015 272 1061 295 0.000691 1
988 247 1066 295 0.000661 1
1103 308 1182 360 0.000656 1
782 259 857 294 0.000618 1
720 240 946 341 0.000605 1
893 271 927 298 0.000597 1
1176 206 1194 236 0.000586 1
819 258 891 282 0.000579 1
715 239 785 333 0.000572 1
964 193 1070 252 0.000560 1
995 234 1027 269 0.000549 1
919 236 987 284 0.000548 1
1041 275 1062 295 0.000534 1
890 267 916 298 0.000525 1
941 268 972 294 0.000522 1
1041 248 1076 295 0.000500 1
741 198 788 298 0.000490 1
713 212 790 282 0.000468 1
556 256 600 395 0.000456 1
835 220 889 257 0.000429 1
574 277 603 369 0.000404 1
985 204 999 233 0.000402 1
699 232 747 266 0.000389 1
847 223 895 246 0.000389 1
829 224 880 248 0.000378 1
1103 289 1171 351 0.000355 1
955 238 1045 288 0.000322 1
1019 277 1045 295 0.000319 1
962 373 1026 400 0.000293 1
829 211 898 252 0.000292 1
1126 163 1208 244 0.000291 1
709 273 770 318 0.000270 1
946 272 969 302 0.000263 1
777 205 887 260 0.000260 1
839 211 1056 290 0.000259 1
834 183 998 261 0.000235 1
899 272 932 309 0.000226 1
676 227 789 299 0.000219 1
1059 309 1179 367 0.000209 1
811 258 930 333 0.000204 1
825 253 930 307 0.000199 1
858 262 905 291 0.000195 1
1222 216 1243 234 0.000186 1
706 295 767 310 0.000171 1
922 277 944 313 0.000164 1
730 253 858 347 0.000151 1
905 272 961 325 0.000148 1
749 242 796 306 0.000146 1
1173 164 1201 198 0.000138 1
878 275 914 297 0.000128 1
820 262 862 292 0.000124 1
755 247 845 313 0.000123 1
921 271 986 304 0.000119 1
678 183 1230 394 0.000107 1
856 270 963 349 0.000106 1
1006 198 1046 228 0.238316 2
480 170 518 216 0.094159 2
1013 206 1041 228 0.071995 2
1024 209 1041 228 0.065396 2
1112 488 1137 497 0.061696 2
865 177 950 235 0.060297 2
481 172 516 201 0.056402 2
1006 202 1025 225 0.056349 2
79 393 146 421 0.053986 2
1008 204 1033 226 0.051078 2
696 202 727 231 0.047651 2
481 175 496 198 0.044915 2
832 221 855 241 0.044458 2
553 171 574 200 0.043419 2
1254 196 1279 228 0.032618 2
822 218 854 241 0.032162 2
1028 196 1052 228 0.031268 2
521 171 559 199 0.030444 2
449 155 522 178 0.028911 2
833 222 871 242 0.027574 2
479 178 503 203 0.026405 2
522 183 544 198 0.023160 2
1271 198 1279 234 0.022159 2
585 183 630 216 0.021706 2
1230 180 1279 231 0.021235 2
1104 487 1113 495 0.019517 2
875 198 942 234 0.018598 2
1266 198 1279 233 0.017252 2
826 330 846 344 0.017110 2
1029 190 1074 237 0.016757 2
835 196 947 246 0.015320 2
831 212 879 242 0.014832 2
473 156 521 207 0.014570 2
467 186 480 206 0.014265 2
1248 179 1279 229 0.013692 2
452 150 525 192 0.013565 2
454 181 481 214 0.013344 2
585 186 654 218 0.013033 2
1262 169 1279 181 0.012824 2
705 203 736 234 0.012271 2
670 209 728 234 0.012236 2
874 197 947 214 0.011750 2
1070 207 1121 232 0.011427 2
482 196 516 217 0.011349 2
823 176 954 242 0.011066 2
542 159 580 199 0.011049 2
474 187 506 216 0.010336 2
866 177 952 210 0.010158 2
921 188 955 211 0.009723 2
396 199 409 206 0.009572 2
449 156 490 175 0.009396 2
676 211 702 233 0.009068 2
696 195 738 233 0.008767 2
517 179 538 204 0.008739 2
925 185 950 204 0.008698 2
817 211 853 239 0.008584 2
813 209 825 238 0.008556 2
1252 169 1279 183 0.008122 2
526 184 546 201 0.008066 2
386 198 396 206 0.007933 2
714 196 729 232 0.007694 2
1097 212 1130 248 0.007131 2
563 160 580 179 0.006994 2
1239 172 1279 217 0.006774 2
602 200 654 217 0.006748 2
1091 207 1133 233 0.006617 2
713 199 740 233 0.006298 2
1085 216 1122 246 0.006011 2
512 175 524 212 0.005694 2
448 193 476 216 0.005675 2
305 180 324 199 0.005590 2
453 203 466 216 0.005219 2
1069 214 1120 235 0.004997 2
905 180 958 242 0.004937 2
560 160 580 195 0.004783 2
1070 211 1121 245 0.004596 2
1229 170 1247 182 0.004355 2
833 202 905 243 0.004347 2
1040 214 1122 242 0.004296 2
927 183 957 206 0.004038 2
890 195 949 211 0.003929 2
1251 169 1279 203 0.003927 2
878 198 908 239 0.003865 2
1023 209 1041 243 0.003859 2
291 177 324 199 0.003530 2
1071 206 1099 225 0.003415 2
325 235 352 255 0.003279 2
632 198 654 218 0.003211 2
537 166 571 200 0.003115 2
1020 192 1058 228 0.003050 2
445 201 468 218 0.003032 2
515 173 542 199 0.002773 2
1227 168 1271 183 0.002613 2
1096 214 1188 249 0.002507 2
1209 369 1227 387 0.002503 2
446 180 480 207 0.002459 2
433 172 445 196 0.002413 2
1101 217 1143 247 0.002373 2
1251 207 1271 233 0.002232 2
470 150 525 180 0.002166 2
993 197 1020 233 0.002148 2
435 171 482 214 0.002025 2
923 200 947 247 0.002023 2
448 169 559 219 0.001961 2
1243 193 1263 232 0.001924 2
1074 196 1095 210 0.001910 2
491 174 575 222 0.001798 2
824 136 910 175 0.001786 2
643 198 666 215 0.001723 2
703 302 769 337 0.001650 2
858 177 936 199 0.001635 2
323 219 353 256 0.001618 2
892 200 941 249 0.001605 2
783 185 847 243 0.001558 2
564 167 581 200 0.001539 2
1112 215 1168 247 0.001410 2
906 178 946 205 0.001398 2
927 194 958 248 0.001391 2
1214 176 1280 218 0.001380 2
1079 189 1095 205 0.001344 2
673 215 704 237 0.001338 2
1088 195 1097 210 0.001307 2
1272 223 1279 262 0.001296 2
672 204 697 232 0.001281 2
931 195 960 210 0.001270 2
79 393 185 430 0.001232 2
1225 166 1248 181 0.001189 2
1002 191 1042 223 0.001173 2
463 248 479 271 0.001170 2
1111 180 1209 248 0.001165 2
168 205 193 218 0.001131 2
360 196 392 206 0.001117 2
509 190 572 263 0.001104 2
398 198 418 206 0.001070 2
207 237 230 254 0.001060 2
1005 177 1053 229 0.001051 2
1093 197 1103 209 0.001048 2
1086 188 1095 203 0.001033 2
916 176 947 189 0.001018 2
431 170 454 193 0.001005 2
802 201 853 240 0.000994 2
714 191 770 233 0.000989 2
1108 214 1147 234 0.000973 2
1208 185 1279 263 0.000962 2
437 205 452 219 0.000956 2
192 474 214 484 0.000937 2
926 177 945 185 0.000931 2
1044 191 1123 252 0.000929 2
1181 163 1221 222 0.000884 2
638 206 723 231 0.000857 2
204 229 239 260 0.000853 2
355 216 370 228 0.000835 2
319 198 354 256 0.000831 2
1064 190 1093 210 0.000830 2
500 149 524 177 0.000828 2
432 168 471 187 0.000820 2
1059 196 1090 221 0.000796 2
396 195 412 206 0.000784 2
1211 184 1267 224 0.000766 2
1201 370 1227 406 0.000762 2
698 184 731 214 0.000759 2
1247 481 1265 486 0.000750 2
622 188 656 217 0.000749 2
569 161 581 185 0.000747 2
196 229 230 255 0.000739 2
587 175 600 186 0.000736 2
370 197 395 206 0.000712 2
1200 165 1273 210 0.000698 2
433 198 462 214 0.000686 2
845 178 918 236 0.000683 2
1209 165 1253 200 0.000677 2
1089 190 1121 209 0.000669 2
432 174 445 205 0.000640 2
319 208 331 235 0.000600 2
1198 368 1236 410 0.000595 2
521 148 544 175 0.000574 2
206 240 236 260 0.000568 2
389 178 432 205 0.000559 2
965 192 1013 260 0.000542 2
1265 238 1279 269 0.000541 2
1078 190 1121 227 0.000532 2
447 162 494 203 0.000522 2
413 172 446 202 0.000517 2
1092 182 1108 208 0.000512 2
910 178 960 211 0.000508 2
964 190 1015 236 0.000500 2
1098 178 1121 206 0.000496 2
414 204 452 224 0.000492 2
431 194 451 208 0.000475 2
1043 189 1112 233 0.000465 2
831 136 900 151 0.000459 2
645 189 665 216 0.000452 2
859 177 932 186 0.000428 2
296 193 390 206 0.000420 2
207 226 231 254 0.000420 2
79 393 166 456 0.000420 2
378 181 408 205 0.000417 2
325 199 369 256 0.000412 2
1148 183 1199 221 0.000412 2
189 468 215 484 0.000412 2
354 199 384 229 0.000407 2
451 202 472 222 0.000404 2
605 179 729 223 0.000398 2
1184 351 1279 420 0.000388 2
383 184 401 206 0.000382 2
353 198 389 207 0.000379 2
911 177 934 185 0.000372 2
273 176 326 200 0.000368 2
203 238 242 265 0.000363 2
661 186 700 227 0.000348 2
899 185 1021 258 0.000328 2
1186 163 1248 224 0.000324 2
113 223 136 236 0.000315 2
355 187 379 202 0.000301 2
940 181 960 206 0.000301 2
0 281 76 293 0.000300 2
936 201 963 246 0.000290 2
120 224 136 235 0.000289 2
352 196 389 212 0.000287 2
575 273 603 355 0.000273 2
1263 350 1279 374 0.000263 2
103 249 151 268 0.000262 2
452 144 527 175 0.000262 2
1263 364 1279 376 0.000261 2
1202 355 1266 391 0.000256 2
213 225 237 252 0.000253 2
587 163 601 185 0.000251 2
696 176 715 202 0.000245 2
1189 368 1262 415 0.000243 2
485 144 526 176 0.000238 2
361 205 380 223 0.000237 2
1203 365 1254 392 0.000231 2
330 210 371 230 0.000226 2
452 201 477 254 0.000225 2
513 188 599 287 0.000220 2
835 142 870 170 0.000213 2
0 350 151 427 0.000212 2
825 329 858 345 0.000211 2
417 208 452 233 0.000211 2
704 301 806 341 0.000208 2
573 286 611 387 0.000207 2
95 200 109 206 0.000207 2
349 191 389 221 0.000203 2
1000 182 1042 214 0.000201 2
153 186 192 217 0.000199 2
78 393 202 466 0.000197 2
358 202 384 221 0.000193 2
1223 159 1266 182 0.000186 2
703 310 750 343 0.000183 2
429 207 452 225 0.000175 2
1011 121 1078 231 0.000170 2
939 177 952 195 0.000169 2
803 219 856 251 0.000165 2
1205 358 1233 389 0.000152 2
601 156 661 210 0.000151 2
0 281 10 290 0.000149 2
1114 161 1211 229 0.000145 2
1268 255 1279 271 0.000140 2
79 381 205 425 0.000136 2
1092 179 1140 213 0.000135 2
811 159 858 176 0.000134 2
842 136 921 165 0.000134 2
102 249 165 277 0.000134 2
205 245 223 263 0.000132 2
1093 166 1143 208 0.000131 2
164 202 204 219 0.000131 2
575 275 597 335 0.000129 2
1137 343 1181 363 0.000127 2
73 363 147 423 0.000127 2
847 193 874 236 0.000123 2
513 135 528 146 0.000118 2
574 160 605 187 0.000116 2
432 160 475 182 0.000115 2
0 394 179 435 0.000113 2
152 184 180 204 0.000112 2
703 296 849 349 0.000112 2
411 205 453 241 0.000111 2
1175 345 1237 417 0.000111 2
387 185 571 271 0.000110 2
1186 352 1231 389 0.000109 2
157 205 210 246 0.000108 2
0 393 157 467 0.000108 2
522 183 561 250 0.000107 2
564 424 591 448 0.000105 2
325 224 371 278 0.000105 2
707 212 727 233 0.043470 3
735 231 857 294 0.000434 3
573 279 612 384 0.000275 3
830 135 937 176 0.052917 5
829 135 902 169 0.014584 5
834 134 946 214 0.000906 5
810 158 858 181 0.000683 5
868 137 937 159 0.000421 5
883 136 938 171 0.000266 5
846 161 915 238 0.000119 5
805 174 946 241 0.245727 7
803 135 942 240 0.096770 7
1109 183 1191 247 0.094738 7
520 160 580 203 0.084318 7
1119 216 1190 248 0.049535 7
804 158 857 237 0.031498 7
585 183 619 216 0.025323 7
449 153 522 181 0.020965 7
478 158 580 206 0.016779 7
1180 173 1222 256 0.016278 7
1184 167 1279 228 0.014911 7
1007 191 1057 229 0.014597 7
584 184 655 217 0.014395 7
1096 163 1213 249 0.013727 7
815 135 920 219 0.012654 7
865 177 944 235 0.011619 7
545 160 580 201 0.009182 7
693 151 942 241 0.009036 7
1215 175 1279 230 0.007959 7
671 200 738 231 0.007549 7
446 157 535 208 0.007529 7
821 135 908 176 0.007036 7
735 181 942 239 0.005601 7
682 200 788 232 0.005427 7
516 170 580 218 0.004015 7
318 201 458 347 0.003916 7
1114 202 1200 248 0.003809 7
448 155 490 172 0.002823 7
1071 200 1186 243 0.002586 7
1115 183 1187 220 0.002540 7
728 152 857 261 0.002504 7
1013 185 1197 252 0.002400 7
707 152 816 225 0.002197 7
1089 163 1168 233 0.002000 7
696 185 732 230 0.001755 7
809 160 857 182 0.001674 7
1075 180 1191 238 0.001629 7
513 132 581 204 0.001382 7
731 185 947 271 0.001314 7
797 163 887 242 0.001251 7
513 158 668 211 0.001174 7
429 172 530 220 0.001025 7
555 184 622 216 0.000997 7
55 198 458 350 0.000991 7
659 180 732 232 0.000837 7
559 182 687 223 0.000828 7
806 162 858 191 0.000827 7
681 82 942 245 0.000824 7
1173 170 1280 262 0.000773 7
448 127 529 180 0.000762 7
596 151 654 218 0.000739 7
808 201 854 241 0.000721 7
588 157 684 217 0.000695 7
316 198 392 332 0.000676 7
499 169 685 223 0.000651 7
1144 183 1185 220 0.000611 7
596 166 723 220 0.000604 7
567 187 743 228 0.000541 7
523 167 606 210 0.000540 7
844 167 916 239 0.000524 7
1051 149 1201 248 0.000509 7
686 176 726 230 0.000446 7
2 281 615 686 0.000417 7
451 131 582 205 0.000398 7
381 185 474 206 0.000335 7
288 176 320 198 0.000305 7
1245 164 1279 224 0.000282 7
305 198 391 261 0.000274 7
947 188 1269 343 0.000269 7
660 168 720 221 0.000240 7
807 137 1072 248 0.000226 7
1052 92 1223 250 0.000180 7
796 178 998 299 0.000177 7
335 199 604 354 0.000171 7
1096 163 1156 201 0.000167 7
1070 168 1154 213 0.000166 7
427 65 650 206 0.000163 7
712 147 857 213 0.000149 7
657 140 848 231 0.000144 7
1181 128 1279 230 0.000140 7
1035 182 1241 294 0.000137 7
508 90 692 211 0.000131 7
471 246 601 405 0.000127 7
564 146 811 227 0.000125 7
1085 183 1149 232 0.000121 7
349 199 391 309 0.000119 7
835 142 980 221 0.000115 7
584 153 637 216 0.000115 7
311 197 366 311 0.000112 7
737 152 811 207 0.000108 7
1089 150 1102 178 0.452065 9
513 150 523 170 0.126162 9
1005 136 1015 172 0.035089 9
1001 135 1012 176 0.032331 9
693 185 702 203 0.028242 9
171 64 203 91 0.012656 9
596 127 605 144 0.010012 9
1015 135 1025 146 0.009399 9
1014 142 1023 170 0.009081 9
1089 150 1112 177 0.009042 9
333 165 353 199 0.008303 9
705 154 712 174 0.007957 9
1001 167 1008 177 0.007946 9
1052 109 1084 147 0.007737 9
449 159 464 171 0.006574 9
325 158 352 198 0.006011 9
595 117 605 145 0.005852 9
704 155 713 181 0.005560 9
694 175 702 191 0.005320 9
1089 142 1106 177 0.004250 9
316 154 343 197 0.004180 9
879 154 894 173 0.004078 9
513 151 525 185 0.003966 9
587 117 599 142 0.003745 9
896 162 905 177 0.003702 9
595 115 626 165 0.003565 9
895 155 906 173 0.003563 9
1208 169 1218 198 0.003554 9
666 182 671 199 0.003290 9
259 143 269 160 0.003243 9
512 146 524 173 0.003203 9
993 143 999 159 0.003111 9
1127 165 1148 185 0.003073 9
1110 192 1120 205 0.002915 9
696 151 706 176 0.002901 9
374 163 382 183 0.002850 9
1209 168 1226 201 0.002830 9
1182 162 1202 216 0.002782 9
681 170 688 187 0.002632 9
1012 135 1024 170 0.002616 9
1183 162 1201 190 0.002455 9
1081 149 1102 182 0.002444 9
681 164 689 183 0.002375 9
699 85 716 128 0.002269 9
703 173 712 184 0.002197 9
993 137 1001 161 0.002184 9
312 154 325 198 0.002029 9
692 169 703 181 0.002021 9
664 171 671 191 0.001981 9
684 169 703 202 0.001759 9
700 151 713 174 0.001726 9
998 132 1007 153 0.001672 9
366 165 375 187 0.001668 9
680 65 695 120 0.001660 9
1154 163 1168 184 0.001597 9
687 175 702 205 0.001577 9
686 169 701 183 0.001563 9
805 154 857 197 0.001498 9
118 64 156 77 0.001481 9
999 129 1007 137 0.001462 9
805 164 815 197 0.001423 9
862 165 869 179 0.001420 9
861 147 897 174 0.001389 9
1192 384 1205 402 0.001383 9
1096 175 1104 202 0.001352 9
799 152 813 203 0.001337 9
1133 164 1154 185 0.001298 9
876 145 907 174 0.001285 9
1011 133 1025 149 0.001283 9
1004 135 1014 159 0.001269 9
806 152 832 190 0.001265 9
595 64 624 93 0.001219 9
1081 174 1091 185 0.001212 9
698 76 708 124 0.001205 9
679 70 691 113 0.001122 9
636 161 648 188 0.001114 9
1116 164 1152 186 0.001100 9
680 176 689 205 0.001073 9
808 150 813 158 0.001064 9
853 115 865 137 0.001063 9
837 119 850 135 0.001058 9
996 132 1010 143 0.000986 9
597 134 628 165 0.000941 9
1086 184 1097 198 0.000939 9
586 168 594 185 0.000927 9
1184 163 1211 195 0.000923 9
831 135 862 166 0.000910 9
1001 171 1009 192 0.000908 9
699 116 713 129 0.000904 9
592 120 605 162 0.000879 9
165 64 174 76 0.000871 9
801 151 809 159 0.000863 9
839 116 853 135 0.000858 9
707 153 717 176 0.000843 9
866 126 871 136 0.000831 9
448 159 489 177 0.000801 9
581 64 596 93 0.000789 9
636 162 660 193 0.000785 9
650 179 664 202 0.000777 9
842 116 861 136 0.000776 9
362 164 373 189 0.000740 9
694 119 709 157 0.000736 9
356 218 370 229 0.000725 9
681 151 689 183 0.000708 9
875 153 898 176 0.000698 9
993 139 1003 171 0.000695 9
1098 167 1119 207 0.000689 9
604 141 627 166 0.000677 9
352 156 362 195 0.000661 9
335 159 361 199 0.000643 9
154 64 172 74 0.000635 9
869 124 880 137 0.000628 9
993 134 1000 148 0.000620 9
157 64 202 85 0.000619 9
523 147 544 174 0.000617 9
545 142 551 156 0.000610 9
698 122 714 154 0.000610 9
596 147 618 163 0.000584 9
1182 164 1214 218 0.000583 9
681 147 690 174 0.000562 9
832 123 843 134 0.000548 9
184 144 199 168 0.000516 9
642 178 659 202 0.000510 9
221 182 231 193 0.000510 9
997 134 1016 173 0.000480 9
585 119 602 152 0.000479 9
659 169 672 192 0.000472 9
873 136 938 176 0.000442 9
709 149 718 174 0.000441 9
145 64 171 80 0.000432 9
701 86 721 133 0.000428 9
568 143 577 160 0.000427 9
1009 137 1022 174 0.000421 9
685 150 700 181 0.000419 9
682 123 700 181 0.000419 9
886 137 937 155 0.000415 9
841 145 858 168 0.000414 9
0 145 6 196 0.000411 9
119 64 182 79 0.000399 9
719 150 726 159 0.000379 9
624 64 640 92 0.000377 9
639 168 667 202 0.000376 9
689 119 709 130 0.000376 9
822 162 858 180 0.000371 9
1105 152 1118 171 0.000357 9
859 137 937 164 0.000349 9
621 143 631 167 0.000343 9
704 123 717 155 0.000338 9
685 119 708 154 0.000337 9
831 150 847 166 0.000337 9
697 76 725 155 0.000334 9
583 85 600 139 0.000324 9
648 165 662 196 0.000322 9
415 64 433 126 0.000314 9
647 120 660 162 0.000311 9
1090 128 1111 176 0.000309 9
590 125 612 185 0.000308 9
239 174 247 190 0.000308 9
322 93 330 117 0.000306 9
109 149 127 166 0.000303 9
896 153 909 175 0.000303 9
445 161 466 179 0.000301 9
680 122 691 168 0.000296 9
568 146 579 164 0.000295 9
97 175 110 204 0.000290 9
1097 129 1109 152 0.000289 9
702 153 715 178 0.000288 9
1001 129 1014 139 0.000286 9
449 151 490 171 0.000283 9
992 128 999 141 0.000282 9
624 133 634 155 0.000279 9
161 76 183 91 0.000278 9
425 220 439 244 0.000275 9
812 161 859 186 0.000273 9
171 145 182 169 0.000272 9
664 167 694 196 0.000271 9
314 148 364 199 0.000267 9
1087 150 1105 201 0.000267 9
908 136 938 156 0.000256 9
1204 161 1220 192 0.000255 9
702 80 726 105 0.000251 9
98 174 110 184 0.000250 9
666 167 688 190 0.000248 9
1077 182 1096 204 0.000245 9
648 171 702 219 0.000241 9
717 112 729 130 0.000240 9
0 145 6 174 0.000234 9
830 135 889 166 0.000233 9
637 119 653 164 0.000231 9
1011 147 1024 174 0.000227 9
707 129 718 156 0.000225 9
841 157 870 211 0.000222 9
589 110 613 154 0.000216 9
1224 160 1254 182 0.000214 9
831 143 897 176 0.000211 9
714 93 729 131 0.000203 9
1016 136 1031 156 0.000197 9
584 107 600 139 0.000196 9
713 81 729 98 0.000195 9
726 96 737 107 0.000184 9
710 80 723 93 0.000183 9
726 97 738 114 0.000182 9
1099 164 1153 190 0.000182 9
717 152 727 180 0.000180 9
581 64 597 75 0.000180 9
1102 162 1123 185 0.000179 9
684 92 696 121 0.000176 9
580 64 598 131 0.000174 9
805 145 814 158 0.000173 9
905 129 911 138 0.000172 9
321 91 333 118 0.000170 9
916 138 938 167 0.000169 9
222 109 267 130 0.000166 9
96 169 107 178 0.000164 9
873 155 914 179 0.000161 9
680 65 714 168 0.000156 9
1016 144 1037 164 0.000156 9
838 146 872 189 0.000154 9
1069 136 1100 208 0.000154 9
847 116 873 137 0.000145 9
801 144 811 158 0.000143 9
554 143 571 158 0.000141 9
258 143 271 180 0.000139 9
95 178 106 204 0.000139 9
812 149 838 161 0.000139 9
785 144 797 154 0.000137 9
1053 120 1066 160 0.000136 9
688 129 718 185 0.000136 9
414 65 438 152 0.000132 9
97 147 128 178 0.000131 9
851 108 866 134 0.000130 9
590 64 644 94 0.000130 9
638 114 660 149 0.000128 9
320 90 332 165 0.000127 9
980 145 996 161 0.000126 9
684 64 707 123 0.000125 9
700 64 715 87 0.000125 9
689 147 707 190 0.000121 9
209 67 232 86 0.000120 9
338 64 362 111 0.000119 9
699 70 718 93 0.000119 9
1071 135 1095 183 0.000118 9
1064 109 1085 143 0.000118 9
697 64 714 114 0.000118 9
637 83 658 105 0.000117 9
847 156 869 239 0.000117 9
574 122 602 178 0.000117 9
524 132 536 167 0.000117 9
544 113 551 133 0.000116 9
905 136 938 170 0.000116 9
785 150 809 158 0.000115 9
651 122 661 145 0.000114 9
993 163 1007 178 0.000114 9
694 66 726 128 0.000114 9
782 151 797 159 0.000112 9
169 64 247 91 0.000111 9
624 118 637 154 0.000110 9
360 154 378 190 0.000108 9
210 68 219 86 0.000107 9
783 152 815 206 0.000104 9
324 110 366 164 0.052925 11
1051 109 1084 147 0.048645 11
1181 184 1200 214 0.041828 11
1181 166 1201 215 0.010338 11
415 64 434 119 0.000647 11
585 64 632 94 0.000434 11
1054 108 1077 173 0.000266 11
907 136 938 157 0.000266 11
886 137 937 156 0.000201 11
352 127 366 159 0.000112 11
