505 176 531 261 0.650060 0
767 188 819 279 0.633999 0
698 189 730 247 0.584578 0
993 192 1022 260 0.559290 0
1019 199 1037 256 0.200286 0
32 411 96 591 0.168686 0
37 411 96 499 0.154337 0
1022 195 1040 249 0.120533 0
1212 190 1226 220 0.119957 0
1025 197 1040 233 0.108754 0
994 193 1014 225 0.103214 0
555 171 570 199 0.100754 0
995 218 1022 263 0.088114 0
1032 198 1052 234 0.073851 0
774 188 800 266 0.070912 0
306 184 325 199 0.044917 0
38 411 94 463 0.039978 0
984 543 1013 563 0.037455 0
1233 195 1252 232 0.036411 0
57 419 95 487 0.035819 0
776 189 797 237 0.035369 0
645 198 654 215 0.034615 0
213 193 224 226 0.033520 0
1015 208 1032 250 0.032049 0
1022 194 1045 236 0.030950 0
922 203 945 254 0.028662 0
999 190 1017 224 0.027175 0
670 210 680 232 0.026846 0
31 410 199 673 0.025842 0
971 542 1005 563 0.025575 0
970 544 991 563 0.023241 0
385 198 395 206 0.022529 0
990 542 1021 566 0.022267 0
521 426 599 459 0.021254 0
641 199 655 217 0.021151 0
774 209 783 234 0.021116 0
793 202 820 253 0.020343 0
522 178 536 198 0.020117 0
704 189 731 224 0.019438 0
692 186 704 223 0.019410 0
1212 192 1229 231 0.019294 0
633 202 645 217 0.019019 0
331 185 343 198 0.018644 0
978 217 1021 264 0.018036 0
962 372 982 393 0.017862 0
777 189 806 249 0.016732 0
1014 207 1029 227 0.016551 0
1188 218 1200 248 0.016526 0
1019 198 1050 261 0.016469 0
521 177 536 211 0.016344 0
992 197 1008 224 0.016081 0
865 207 877 237 0.016040 0
780 190 794 218 0.015283 0
1035 190 1050 224 0.015225 0
929 547 949 578 0.015035 0
972 543 1016 572 0.014392 0
1020 221 1034 257 0.014011 0
984 541 1023 579 0.013992 0
554 174 577 201 0.013899 0
692 206 709 240 0.013806 0
951 543 992 577 0.013796 0
1181 163 1203 215 0.013754 0
1025 192 1044 217 0.013707 0
813 210 824 239 0.012985 0
1185 221 1201 264 0.012720 0
999 182 1010 205 0.012636 0
499 174 537 239 0.012407 0
795 184 816 226 0.011880 0
950 544 979 568 0.011478 0
779 189 802 224 0.011175 0
934 544 971 577 0.011098 0
714 193 734 233 0.010981 0
1008 206 1026 252 0.010856 0
1200 193 1226 236 0.010809 0
490 169 534 262 0.010782 0
1037 198 1055 232 0.010603 0
511 151 524 176 0.010120 0
799 202 817 237 0.009621 0
1163 234 1175 248 0.009543 0
542 188 550 202 0.009522 0
1119 311 1129 334 0.008510 0
334 186 353 198 0.008423 0
1208 191 1227 252 0.008105 0
878 199 902 243 0.007935 0
552 172 574 212 0.007903 0
1214 206 1227 232 0.007860 0
806 206 824 238 0.007746 0
935 204 946 217 0.007711 0
573 183 581 202 0.007308 0
1008 193 1032 226 0.007278 0
786 189 800 211 0.007114 0
994 542 1029 589 0.006955 0
522 188 539 217 0.006841 0
1273 199 1279 236 0.006768 0
705 196 738 238 0.006621 0
693 181 702 208 0.006486 0
922 537 949 579 0.006379 0
1182 191 1215 260 0.006061 0
1217 215 1229 232 0.006020 0
1198 198 1208 220 0.005848 0
801 182 815 219 0.005796 0
872 203 895 240 0.005706 0
983 208 996 226 0.005366 0
920 216 932 246 0.005229 0
1002 183 1020 215 0.005149 0
984 201 997 224 0.005124 0
500 174 536 206 0.005091 0
1181 178 1207 236 0.004849 0
773 212 789 244 0.004807 0
803 180 815 206 0.004626 0
220 362 290 414 0.004601 0
326 183 342 198 0.004565 0
351 187 366 199 0.004562 0
40 426 77 504 0.004269 0
1197 217 1210 244 0.004164 0
769 207 806 279 0.004131 0
223 340 295 380 0.004128 0
742 630 775 682 0.004084 0
923 203 959 255 0.004003 0
618 193 653 217 0.003944 0
998 541 1044 597 0.003916 0
1208 168 1224 216 0.003766 0
1038 535 1056 569 0.003689 0
692 176 704 210 0.003654 0
736 202 745 213 0.003634 0
537 173 552 202 0.003576 0
947 274 960 302 0.003459 0
333 172 352 198 0.003390 0
646 194 657 215 0.003352 0
1231 194 1256 252 0.003345 0
1058 212 1072 238 0.003333 0
918 216 935 253 0.003329 0
625 177 639 200 0.003298 0
666 189 672 223 0.003186 0
469 189 481 209 0.003183 0
208 346 268 414 0.003136 0
729 627 776 692 0.003048 0
878 200 895 233 0.002996 0
65 427 98 479 0.002880 0
666 199 676 231 0.002878 0
1268 196 1279 252 0.002870 0
60 448 89 486 0.002867 0
900 535 932 578 0.002844 0
223 343 260 380 0.002839 0
1201 214 1226 255 0.002818 0
784 625 811 680 0.002817 0
1240 196 1260 233 0.002774 0
1038 536 1055 587 0.002639 0
1112 220 1135 250 0.002622 0
418 289 436 316 0.002606 0
1115 218 1130 237 0.002592 0
507 165 534 199 0.002581 0
630 178 644 211 0.002538 0
397 183 409 205 0.002485 0
608 151 625 174 0.002480 0
1035 510 1057 571 0.002467 0
908 204 932 247 0.002427 0
378 182 396 205 0.002404 0
948 542 1030 609 0.002342 0
1038 520 1058 549 0.002325 0
975 191 1022 261 0.002209 0
746 624 784 690 0.002165 0
701 185 726 207 0.002163 0
736 692 744 703 0.002148 0
761 635 784 687 0.002112 0
1178 232 1186 248 0.002049 0
978 623 1019 698 0.002038 0
650 200 662 216 0.002027 0
222 185 231 216 0.002022 0
607 153 625 192 0.001992 0
272 196 281 219 0.001983 0
243 195 256 215 0.001940 0
666 188 671 215 0.001939 0
698 177 718 203 0.001803 0
734 642 769 675 0.001780 0
1103 487 1119 505 0.001717 0
1203 408 1215 423 0.001674 0
567 190 582 216 0.001634 0
783 636 814 691 0.001608 0
265 290 293 304 0.001603 0
1107 311 1129 342 0.001603 0
900 538 926 569 0.001550 0
904 532 949 580 0.001542 0
269 198 282 233 0.001530 0
233 204 253 239 0.001516 0
374 181 393 202 0.001512 0
1175 344 1186 360 0.001461 0
160 251 172 262 0.001440 0
230 208 246 238 0.001437 0
787 628 821 679 0.001424 0
321 231 359 295 0.001409 0
784 629 831 691 0.001401 0
322 165 350 198 0.001400 0
767 400 804 435 0.001399 0
40 453 92 499 0.001390 0
34 401 149 539 0.001387 0
971 536 1016 564 0.001375 0
626 175 634 190 0.001363 0
605 173 614 183 0.001337 0
974 541 1041 601 0.001317 0
249 362 302 419 0.001314 0
1063 204 1071 230 0.001299 0
231 208 246 224 0.001297 0
586 174 594 186 0.001263 0
960 370 981 410 0.001242 0
38 449 79 542 0.001232 0
1071 482 1081 497 0.001203 0
956 536 1001 563 0.001178 0
214 340 328 421 0.001154 0
211 349 295 426 0.001109 0
1035 505 1056 549 0.001108 0
633 188 657 216 0.001100 0
40 453 72 506 0.001080 0
896 199 918 244 0.001077 0
407 179 419 204 0.001069 0
200 204 209 217 0.001067 0
1114 496 1138 509 0.001034 0
766 615 809 687 0.001027 0
1040 184 1050 201 0.001024 0
961 199 972 208 0.001024 0
1190 384 1216 418 0.001014 0
518 183 539 238 0.001006 0
848 193 858 231 0.000991 0
307 185 326 205 0.000981 0
261 195 281 234 0.000971 0
62 538 84 599 0.000970 0
306 183 346 201 0.000970 0
765 618 790 691 0.000968 0
736 690 765 703 0.000964 0
63 454 96 484 0.000964 0
848 201 864 237 0.000920 0
632 201 652 220 0.000899 0
1208 217 1231 261 0.000880 0
745 632 772 668 0.000876 0
222 183 231 194 0.000875 0
1199 405 1215 421 0.000864 0
373 164 383 201 0.000862 0
941 544 1025 584 0.000840 0
215 184 226 198 0.000827 0
47 528 96 599 0.000822 0
397 288 438 317 0.000820 0
990 178 1029 258 0.000816 0
770 628 802 692 0.000803 0
244 348 327 405 0.000801 0
679 179 694 219 0.000798 0
237 194 256 233 0.000780 0
211 195 228 242 0.000780 0
1045 499 1056 526 0.000760 0
210 369 274 421 0.000749 0
1000 171 1009 201 0.000748 0
637 179 650 210 0.000747 0
452 184 480 227 0.000742 0
366 289 439 317 0.000739 0
233 290 293 305 0.000738 0
503 198 519 260 0.000731 0
244 206 256 236 0.000721 0
974 190 982 202 0.000715 0
599 182 625 204 0.000693 0
224 354 292 382 0.000677 0
365 165 376 188 0.000674 0
425 289 442 317 0.000665 0
1190 384 1211 408 0.000648 0
208 372 233 414 0.000638 0
666 193 694 232 0.000636 0
469 194 481 217 0.000625 0
324 234 353 270 0.000605 0
463 244 478 272 0.000603 0
175 188 182 205 0.000594 0
1051 106 1081 229 0.000566 0
429 222 439 231 0.000560 0
263 194 278 226 0.000547 0
268 342 346 395 0.000546 0
1037 185 1062 228 0.000545 0
215 191 231 225 0.000544 0
637 161 651 198 0.000536 0
318 194 351 279 0.000531 0
987 181 1016 212 0.000531 0
680 196 692 216 0.000522 0
31 458 84 589 0.000514 0
462 201 477 272 0.000513 0
228 211 253 247 0.000505 0
780 186 803 213 0.000501 0
39 533 83 599 0.000499 0
240 212 257 237 0.000497 0
982 186 1012 223 0.000483 0
326 234 353 256 0.000480 0
36 463 64 507 0.000479 0
361 165 372 193 0.000474 0
848 182 858 222 0.000472 0
263 206 279 233 0.000469 0
521 433 558 458 0.000463 0
230 357 312 412 0.000457 0
731 645 790 703 0.000455 0
359 171 380 201 0.000445 0
380 198 396 216 0.000443 0
44 455 96 528 0.000439 0
39 414 73 460 0.000429 0
608 150 636 191 0.000426 0
21 230 41 252 0.000420 0
320 241 331 279 0.000418 0
1094 197 1102 208 0.000417 0
1263 196 1279 265 0.000415 0
50 529 116 617 0.000414 0
1208 405 1226 425 0.000413 0
39 463 50 492 0.000404 0
763 409 803 440 0.000404 0
734 618 798 685 0.000399 0
1032 512 1052 554 0.000398 0
797 640 829 671 0.000393 0
299 336 355 414 0.000391 0
356 205 377 230 0.000381 0
1176 345 1197 381 0.000374 0
782 632 855 701 0.000372 0
993 179 1045 238 0.000370 0
795 182 845 244 0.000361 0
1118 312 1135 337 0.000359 0
1196 497 1215 513 0.000356 0
454 189 480 268 0.000355 0
1175 345 1203 399 0.000354 0
730 685 766 703 0.000351 0
761 694 795 703 0.000345 0
1038 481 1048 500 0.000337 0
31 464 66 540 0.000334 0
157 204 169 225 0.000333 0
477 172 534 222 0.000329 0
898 537 1045 619 0.000328 0
737 692 783 703 0.000327 0
926 535 999 564 0.000316 0
779 184 816 212 0.000310 0
1025 505 1057 583 0.000307 0
723 691 743 703 0.000307 0
365 205 380 219 0.000300 0
1223 207 1247 256 0.000300 0
286 345 343 410 0.000295 0
978 618 1038 693 0.000294 0
140 448 197 525 0.000290 0
202 355 244 414 0.000289 0
183 332 258 414 0.000286 0
263 282 297 304 0.000284 0
353 186 378 202 0.000284 0
215 248 230 264 0.000283 0
642 178 659 204 0.000274 0
257 355 326 422 0.000272 0
758 649 808 703 0.000269 0
600 171 611 185 0.000268 0
799 697 820 703 0.000267 0
317 191 329 222 0.000266 0
263 281 284 303 0.000260 0
1207 165 1256 222 0.000259 0
199 367 230 415 0.000259 0
224 354 314 391 0.000258 0
313 330 380 423 0.000257 0
179 331 311 447 0.000257 0
31 501 70 578 0.000256 0
722 183 743 212 0.000255 0
31 489 72 553 0.000255 0
33 411 158 612 0.000254 0
31 501 53 536 0.000252 0
1235 347 1266 386 0.000251 0
393 195 413 206 0.000250 0
1040 545 1057 599 0.000249 0
379 177 402 205 0.000247 0
110 325 264 592 0.000247 0
353 203 379 283 0.000246 0
60 432 243 653 0.000244 0
232 195 255 220 0.000243 0
1245 347 1265 382 0.000240 0
31 501 65 545 0.000239 0
414 250 422 270 0.000235 0
304 178 378 205 0.000235 0
0 144 7 204 0.000231 0
26 421 76 488 0.000230 0
35 464 96 546 0.000227 0
33 454 133 600 0.000224 0
218 195 245 245 0.000224 0
931 547 1001 582 0.000222 0
36 453 68 490 0.000220 0
948 556 1002 582 0.000218 0
1030 541 1054 607 0.000216 0
32 501 51 514 0.000214 0
1202 496 1235 513 0.000213 0
931 181 963 206 0.000210 0
742 268 775 314 0.000205 0
401 330 534 452 0.000204 0
851 221 871 280 0.000200 0
123 433 194 528 0.000199 0
115 333 330 456 0.000199 0
77 426 240 526 0.000198 0
715 184 737 213 0.000196 0
322 186 340 216 0.000195 0
202 338 258 389 0.000195 0
238 338 334 390 0.000193 0
1 410 97 551 0.000192 0
194 186 201 211 0.000189 0
825 322 848 345 0.000189 0
827 223 875 278 0.000189 0
207 348 367 431 0.000187 0
384 196 407 216 0.000184 0
947 371 982 397 0.000184 0
413 179 425 204 0.000182 0
29 464 55 524 0.000182 0
815 329 849 399 0.000181 0
1036 478 1046 495 0.000178 0
0 409 110 588 0.000176 0
755 255 848 349 0.000176 0
266 196 290 235 0.000176 0
36 510 89 596 0.000174 0
266 189 283 216 0.000174 0
328 185 352 214 0.000172 0
197 206 214 225 0.000170 0
254 376 295 422 0.000169 0
1022 540 1051 599 0.000168 0
171 342 234 413 0.000168 0
133 298 406 422 0.000164 0
716 188 745 215 0.000162 0
362 203 385 219 0.000158 0
969 538 1046 631 0.000156 0
264 190 278 210 0.000155 0
229 337 316 374 0.000154 0
188 369 233 424 0.000153 0
267 196 365 299 0.000153 0
847 162 869 238 0.000153 0
720 683 755 703 0.000150 0
229 322 412 428 0.000148 0
720 643 763 689 0.000146 0
271 193 289 226 0.000145 0
122 434 172 489 0.000144 0
410 178 423 204 0.000141 0
517 424 604 572 0.000141 0
275 334 342 367 0.000140 0
845 179 893 238 0.000140 0
307 183 330 232 0.000140 0
736 633 765 663 0.000138 0
621 454 638 465 0.000137 0
741 275 769 301 0.000134 0
115 433 161 479 0.000133 0
1100 316 1116 349 0.000131 0
594 428 639 463 0.000130 0
719 641 775 703 0.000129 0
324 215 370 294 0.000127 0
896 537 917 569 0.000126 0
599 446 638 465 0.000125 0
982 535 1027 564 0.000124 0
669 184 720 232 0.000123 0
193 189 203 216 0.000123 0
125 433 158 471 0.000123 0
592 410 645 465 0.000121 0
518 349 608 460 0.000120 0
693 172 734 245 0.000120 0
50 348 234 525 0.000120 0
756 650 853 703 0.000118 0
232 294 469 433 0.000116 0
93 545 134 617 0.000115 0
462 251 485 293 0.000115 0
67 524 105 628 0.000115 0
119 430 283 675 0.000114 0
799 695 844 703 0.000113 0
43 396 130 469 0.000111 0
124 433 200 482 0.000111 0
33 481 85 559 0.000110 0
1025 502 1059 637 0.000109 0
235 197 429 307 0.000109 0
368 170 388 200 0.000109 0
211 186 250 231 0.000109 0
96 411 261 610 0.000108 0
979 559 1040 610 0.000106 0
914 538 955 584 0.000104 0
0 172 7 205 0.000103 0
90 429 144 470 0.000102 0
1040 547 1057 632 0.000102 0
692 214 738 258 0.377466 1
766 238 830 283 0.291606 1
985 224 1052 268 0.160265 1
790 243 827 283 0.136284 1
986 226 1019 269 0.126334 1
546 200 569 217 0.106625 1
766 250 818 281 0.089119 1
970 222 1029 267 0.084304 1
704 227 738 258 0.060851 1
767 251 791 280 0.050537 1
691 214 720 251 0.049200 1
543 201 559 218 0.047510 1
766 196 826 282 0.044723 1
791 227 817 276 0.044288 1
531 201 549 218 0.035305 1
743 212 768 234 0.033939 1
767 243 800 280 0.031547 1
754 211 770 233 0.029964 1
926 273 960 302 0.029926 1
970 223 1004 263 0.027654 1
979 226 1007 268 0.027645 1
729 209 769 235 0.022067 1
796 236 820 270 0.021549 1
801 247 833 284 0.020228 1
523 188 552 218 0.017881 1
1180 182 1221 217 0.017311 1
759 211 767 231 0.014501 1
1181 163 1201 216 0.014194 1
810 256 832 283 0.014027 1
803 234 825 271 0.012043 1
727 207 753 236 0.011880 1
763 238 830 310 0.011683 1
1186 208 1202 233 0.011528 1
558 196 578 217 0.011277 1
1041 209 1067 239 0.011003 1
1181 187 1202 216 0.010902 1
750 207 773 233 0.009974 1
962 372 982 394 0.009942 1
1181 189 1227 235 0.009744 1
985 233 1004 269 0.009653 1
1048 220 1072 245 0.009224 1
683 212 705 238 0.009034 1
797 211 822 269 0.008787 1
1193 198 1208 234 0.008448 1
683 214 711 245 0.008309 1
632 201 651 218 0.008139 1
720 211 745 246 0.008087 1
760 256 787 280 0.007989 1
1027 217 1052 262 0.007696 1
1040 201 1057 232 0.007434 1
943 275 960 303 0.007283 1
84 541 200 677 0.006672 1
686 210 703 232 0.006149 1
670 211 697 234 0.005926 1
873 245 960 301 0.005789 1
868 200 903 245 0.005530 1
1192 207 1211 243 0.005456 1
765 208 781 234 0.005432 1
841 214 881 243 0.005395 1
798 207 822 248 0.005376 1
1059 221 1072 246 0.004989 1
760 261 781 280 0.004684 1
732 202 746 233 0.004630 1
1182 192 1226 266 0.004608 1
811 212 825 241 0.004411 1
1190 192 1208 218 0.004290 1
767 217 799 279 0.004219 1
873 255 910 286 0.004193 1
753 222 825 284 0.004049 1
1024 196 1056 253 0.003844 1
905 217 1030 262 0.003791 1
1185 228 1225 266 0.003770 1
865 219 901 245 0.003712 1
679 215 725 254 0.003622 1
761 238 853 332 0.003593 1
735 213 778 237 0.003478 1
1041 223 1073 261 0.003470 1
1200 213 1226 239 0.003253 1
963 371 993 393 0.003227 1
881 203 905 245 0.003225 1
819 260 854 283 0.003201 1
691 224 739 273 0.003197 1
1141 308 1177 358 0.003094 1
1059 224 1072 258 0.002982 1
1200 221 1223 248 0.002931 1
675 214 698 239 0.002893 1
1180 165 1213 216 0.002714 1
878 261 916 295 0.002624 1
882 261 909 287 0.002577 1
877 253 927 294 0.002557 1
873 240 979 288 0.002523 1
742 210 801 236 0.002515 1
761 255 790 293 0.002506 1
870 248 896 285 0.002474 1
763 235 873 287 0.002290 1
742 262 780 302 0.002275 1
720 199 741 238 0.002222 1
691 207 782 243 0.002147 1
1103 308 1183 362 0.002120 1
537 201 563 220 0.001954 1
1039 235 1073 265 0.001905 1
688 192 705 230 0.001549 1
709 209 779 255 0.001527 1
876 223 1038 292 0.001515 1
916 205 971 256 0.001326 1
887 263 930 300 0.001285 1
759 239 899 343 0.001272 1
1104 310 1159 344 0.001220 1
961 370 1026 400 0.001190 1
1176 188 1199 222 0.001132 1
792 249 831 300 0.001083 1
32 483 201 679 0.001027 1
696 210 797 262 0.001022 1
506 201 526 261 0.000992 1
1103 277 1172 353 0.000989 1
735 201 762 231 0.000978 1
814 261 856 293 0.000973 1
912 268 932 299 0.000970 1
674 201 694 230 0.000962 1
675 219 699 257 0.000931 1
1109 180 1204 248 0.000925 1
1033 309 1182 369 0.000921 1
1144 309 1170 348 0.000905 1
1176 345 1197 380 0.000855 1
1146 344 1183 361 0.000842 1
899 216 912 244 0.000831 1
1177 344 1196 367 0.000825 1
763 180 949 291 0.000820 1
699 229 745 264 0.000791 1
771 241 921 301 0.000786 1
847 203 876 239 0.000780 1
1199 166 1228 222 0.000778 1
499 240 517 260 0.000753 1
511 233 529 257 0.000734 1
770 224 916 286 0.000722 1
764 212 893 261 0.000711 1
947 214 1224 262 0.000702 1
1035 231 1075 279 0.000695 1
756 212 783 237 0.000694 1
433 226 954 425 0.000667 1
1174 212 1187 222 0.000667 1
1131 309 1193 363 0.000656 1
984 228 1051 295 0.000650 1
800 261 831 299 0.000641 1
1137 342 1196 369 0.000585 1
875 262 898 287 0.000557 1
423 237 843 365 0.000556 1
907 267 929 296 0.000540 1
810 263 844 305 0.000529 1
724 214 781 248 0.000502 1
761 408 804 443 0.000502 1
893 269 922 299 0.000498 1
788 266 926 339 0.000487 1
522 201 537 249 0.000476 1
1154 162 1206 237 0.000475 1
12 229 42 259 0.000463 1
1024 309 1146 349 0.000456 1
809 222 844 248 0.000451 1
1245 346 1272 382 0.000450 1
893 271 960 333 0.000427 1
893 272 913 299 0.000411 1
913 277 934 307 0.000394 1
741 273 771 302 0.000383 1
825 209 923 255 0.000370 1
805 232 835 274 0.000367 1
845 267 962 351 0.000365 1
651 204 681 229 0.000363 1
851 225 895 246 0.000358 1
524 219 537 248 0.000358 1
1174 344 1205 401 0.000352 1
851 256 894 284 0.000347 1
815 262 858 313 0.000346 1
947 373 981 397 0.000345 1
836 222 891 256 0.000342 1
845 263 855 282 0.000318 1
757 210 967 367 0.000317 1
991 377 1021 402 0.000300 1
756 224 788 277 0.000291 1
675 234 693 257 0.000287 1
808 213 900 252 0.000278 1
841 259 857 282 0.000277 1
738 253 826 328 0.000270 1
892 273 933 309 0.000259 1
919 273 961 330 0.000256 1
824 263 861 298 0.000248 1
1178 344 1199 360 0.000244 1
751 258 778 280 0.000240 1
825 252 932 317 0.000240 1
849 256 866 282 0.000238 1
734 210 783 261 0.000232 1
646 233 1037 457 0.000223 1
824 271 865 313 0.000211 1
918 366 983 412 0.000208 1
947 371 1030 446 0.000206 1
943 371 986 430 0.000204 1
1014 274 1060 296 0.000191 1
965 220 1052 277 0.000191 1
745 254 787 310 0.000185 1
857 261 902 293 0.000180 1
999 378 1026 399 0.000179 1
822 274 862 344 0.000175 1
504 226 549 261 0.000173 1
517 197 584 247 0.000173 1
761 266 871 346 0.000172 1
657 208 696 235 0.000172 1
706 219 833 287 0.000168 1
597 211 740 278 0.000165 1
1047 324 1094 358 0.000158 1
918 270 977 300 0.000155 1
909 274 955 316 0.000148 1
838 259 890 298 0.000145 1
1019 279 1045 295 0.000144 1
1075 329 1105 360 0.000144 1
762 421 783 443 0.000143 1
1147 332 1199 362 0.000143 1
1133 310 1270 397 0.000138 1
1136 333 1177 362 0.000135 1
880 276 913 298 0.000133 1
801 259 860 337 0.000126 1
876 209 1234 354 0.000123 1
690 256 831 317 0.000121 1
722 400 805 464 0.000118 1
1043 277 1059 295 0.000117 1
607 207 774 301 0.000116 1
764 251 794 314 0.000115 1
1019 305 1119 362 0.000113 1
842 276 901 304 0.000112 1
1134 344 1207 407 0.000108 1
941 274 968 304 0.000106 1
1037 323 1089 339 0.000106 1
894 282 919 306 0.000105 1
825 274 897 329 0.000101 1
24 290 639 682 0.425306 2
483 169 539 203 0.060228 2
866 177 950 235 0.051931 2
481 174 496 198 0.050564 2
449 154 522 178 0.045000 2
481 173 506 198 0.044426 2
481 170 516 204 0.041334 2
585 184 648 217 0.035256 2
551 172 576 201 0.027141 2
585 185 622 216 0.025092 2
827 219 854 241 0.022683 2
1228 179 1279 232 0.022483 2
522 182 536 198 0.018682 2
1252 195 1278 230 0.017871 2
827 330 847 344 0.017795 2
482 198 508 217 0.016674 2
449 155 518 197 0.016502 2
970 221 993 254 0.014930 2
521 426 599 459 0.014912 2
1005 185 1035 217 0.014909 2
482 179 514 214 0.014805 2
1105 487 1137 503 0.014537 2
1271 198 1279 235 0.013909 2
596 201 653 217 0.013908 2
1067 216 1121 237 0.012338 2
877 198 937 240 0.012071 2
815 214 853 240 0.011181 2
833 222 868 242 0.009889 2
449 163 535 206 0.009836 2
466 185 480 205 0.009380 2
1257 201 1277 227 0.009257 2
874 197 946 214 0.009139 2
481 172 528 213 0.009047 2
305 181 324 198 0.009011 2
1261 169 1279 181 0.008681 2
449 156 496 176 0.008390 2
480 173 537 237 0.008310 2
522 182 548 202 0.008055 2
458 182 480 208 0.008032 2
971 211 998 254 0.007894 2
545 199 572 218 0.007890 2
840 224 856 242 0.007546 2
920 191 952 211 0.007349 2
865 177 950 210 0.007229 2
291 177 325 198 0.007068 2
1051 219 1072 243 0.007042 2
1047 213 1070 234 0.006845 2
1068 212 1109 234 0.006796 2
1239 170 1279 215 0.006559 2
1059 211 1097 237 0.006507 2
1232 195 1257 232 0.006469 2
506 165 577 206 0.006256 2
972 206 985 223 0.006169 2
32 403 204 676 0.006014 2
396 199 409 205 0.005988 2
866 195 956 247 0.005839 2
1257 181 1279 230 0.005704 2
16 291 637 453 0.005600 2
924 185 949 205 0.005525 2
1078 220 1126 239 0.005484 2
521 171 552 200 0.005479 2
1102 229 1122 250 0.005451 2
1067 207 1127 233 0.005408 2
1058 217 1094 243 0.005408 2
476 183 504 216 0.005231 2
1097 217 1131 249 0.005162 2
1050 485 1068 499 0.005072 2
932 196 955 209 0.005038 2
823 212 879 242 0.005026 2
1104 487 1112 496 0.005023 2
481 167 553 210 0.004968 2
1251 169 1279 188 0.004943 2
542 159 580 193 0.004551 2
1088 208 1134 232 0.004385 2
838 197 924 244 0.004316 2
1247 168 1279 200 0.004219 2
1052 218 1123 247 0.004207 2
457 145 526 182 0.003992 2
189 225 231 253 0.003819 2
927 183 957 207 0.003598 2
502 174 580 218 0.003570 2
896 196 948 211 0.003454 2
543 159 580 177 0.003396 2
1038 204 1070 232 0.003376 2
646 696 687 703 0.003326 2
1176 344 1277 416 0.003309 2
159 204 198 219 0.003271 2
557 160 580 179 0.003251 2
520 175 536 198 0.003187 2
879 179 971 252 0.003184 2
448 188 475 216 0.003182 2
1209 370 1226 390 0.003067 2
878 199 906 238 0.002817 2
453 203 466 217 0.002768 2
968 205 982 222 0.002727 2
1070 225 1093 244 0.002700 2
968 200 994 223 0.002671 2
0 396 61 421 0.002523 2
445 201 467 218 0.002465 2
540 170 564 200 0.002424 2
1248 167 1279 181 0.002424 2
206 239 230 254 0.002423 2
482 159 525 201 0.002348 2
21 226 73 252 0.002335 2
920 184 975 254 0.002330 2
1046 483 1063 498 0.002321 2
113 224 136 236 0.002230 2
443 179 480 214 0.002217 2
1101 212 1135 234 0.002209 2
534 189 566 218 0.002204 2
702 302 769 334 0.002165 2
1060 213 1184 251 0.002111 2
736 201 785 233 0.002068 2
924 202 946 234 0.001984 2
836 205 891 243 0.001964 2
1071 206 1100 227 0.001861 2
157 203 201 231 0.001853 2
1040 207 1126 239 0.001798 2
645 694 703 703 0.001778 2
1190 369 1227 406 0.001769 2
1231 171 1247 182 0.001739 2
1205 361 1235 390 0.001726 2
531 248 600 280 0.001708 2
1271 229 1279 265 0.001653 2
1273 207 1279 257 0.001648 2
433 172 445 197 0.001626 2
1235 170 1271 184 0.001609 2
434 199 469 217 0.001597 2
1247 235 1279 268 0.001582 2
1218 195 1279 262 0.001526 2
964 206 985 245 0.001492 2
451 200 475 217 0.001482 2
391 244 605 301 0.001452 2
165 224 231 256 0.001449 2
204 234 236 256 0.001433 2
612 183 644 213 0.001417 2
77 235 116 256 0.001394 2
203 226 228 248 0.001362 2
1252 212 1267 232 0.001343 2
1042 226 1124 259 0.001319 2
32 305 259 674 0.001298 2
110 223 157 251 0.001289 2
962 200 980 209 0.001238 2
1218 174 1280 220 0.001228 2
1031 193 1073 232 0.001213 2
893 178 948 207 0.001197 2
792 329 847 347 0.001195 2
325 235 352 254 0.001149 2
1115 216 1164 248 0.001123 2
647 198 663 216 0.001121 2
119 236 161 255 0.001102 2
540 188 656 220 0.001092 2
356 217 370 228 0.001074 2
478 149 525 188 0.001062 2
436 167 482 211 0.001062 2
768 184 835 255 0.001061 2
952 205 979 235 0.001042 2
1024 198 1074 241 0.001033 2
1250 346 1279 375 0.001032 2
1056 488 1077 501 0.001024 2
1192 346 1261 391 0.001021 2
492 190 600 287 0.001013 2
1263 348 1279 378 0.000996 2
322 200 354 256 0.000978 2
1260 240 1279 269 0.000967 2
1261 226 1279 261 0.000967 2
866 177 937 196 0.000950 2
1213 497 1235 510 0.000920 2
1263 358 1279 380 0.000917 2
898 531 1042 590 0.000911 2
470 144 522 174 0.000881 2
1263 348 1279 365 0.000853 2
932 199 957 249 0.000850 2
117 235 176 259 0.000844 2
1253 249 1279 269 0.000843 2
1114 214 1152 234 0.000840 2
271 176 327 200 0.000823 2
1238 167 1264 181 0.000810 2
822 223 856 245 0.000807 2
30 226 66 240 0.000802 2
432 173 467 205 0.000779 2
30 231 74 256 0.000771 2
450 162 506 205 0.000760 2
16 407 74 452 0.000754 2
431 169 456 192 0.000741 2
566 171 581 200 0.000728 2
433 167 467 185 0.000723 2
436 204 452 219 0.000717 2
663 523 687 534 0.000712 2
773 400 804 431 0.000691 2
25 230 41 248 0.000690 2
1037 500 1058 547 0.000682 2
399 198 418 205 0.000679 2
1157 211 1188 223 0.000671 2
154 188 193 219 0.000660 2
645 689 689 703 0.000651 2
930 201 979 249 0.000628 2
1072 195 1095 210 0.000614 2
36 404 71 448 0.000611 2
1113 184 1205 249 0.000600 2
1261 210 1279 253 0.000596 2
433 198 459 211 0.000584 2
748 197 793 234 0.000578 2
644 189 665 217 0.000572 2
160 243 206 262 0.000571 2
318 210 331 234 0.000558 2
30 224 77 246 0.000552 2
373 197 394 206 0.000540 2
503 181 657 219 0.000540 2
1227 167 1248 181 0.000535 2
1183 349 1234 390 0.000534 2
75 225 135 256 0.000530 2
1076 188 1094 203 0.000523 2
354 213 370 227 0.000522 2
1128 187 1188 221 0.000516 2
157 204 219 239 0.000507 2
358 195 393 206 0.000503 2
517 149 559 178 0.000485 2
549 175 597 211 0.000478 2
93 223 150 254 0.000472 2
8 392 53 404 0.000463 2
463 253 479 270 0.000459 2
848 181 917 236 0.000454 2
166 238 198 260 0.000452 2
95 200 110 207 0.000451 2
431 194 451 207 0.000448 2
1089 195 1097 210 0.000447 2
1146 183 1200 221 0.000435 2
31 502 69 584 0.000432 2
204 239 242 263 0.000432 2
721 285 771 330 0.000431 2
799 172 853 235 0.000428 2
1050 183 1063 198 0.000428 2
1206 166 1271 213 0.000426 2
663 187 696 229 0.000425 2
943 688 981 703 0.000417 2
1187 368 1250 416 0.000405 2
451 203 469 222 0.000400 2
444 162 482 198 0.000399 2
518 425 733 466 0.000399 2
414 204 453 224 0.000396 2
1179 355 1227 417 0.000387 2
211 230 262 255 0.000381 2
354 198 384 228 0.000371 2
68 224 94 236 0.000371 2
874 178 990 219 0.000370 2
1250 345 1279 362 0.000363 2
1117 215 1178 235 0.000357 2
188 232 209 257 0.000347 2
746 692 821 703 0.000346 2
379 181 408 205 0.000344 2
1086 188 1095 202 0.000344 2
414 171 446 202 0.000341 2
79 277 97 287 0.000339 2
19 225 117 258 0.000334 2
166 200 191 218 0.000331 2
358 289 427 302 0.000331 2
326 190 371 253 0.000326 2
294 191 391 207 0.000326 2
1046 481 1057 497 0.000323 2
1248 481 1275 490 0.000323 2
352 198 388 207 0.000319 2
481 196 521 223 0.000317 2
1045 482 1071 509 0.000289 2
532 246 600 266 0.000285 2
272 181 295 194 0.000266 2
823 224 881 248 0.000265 2
741 272 772 307 0.000263 2
232 211 264 242 0.000263 2
359 289 440 315 0.000261 2
644 179 666 209 0.000260 2
385 177 440 205 0.000260 2
217 222 235 240 0.000254 2
644 691 723 703 0.000253 2
384 184 401 206 0.000251 2
818 329 847 351 0.000242 2
1167 207 1191 222 0.000241 2
60 253 91 265 0.000240 2
1089 488 1115 506 0.000237 2
1264 253 1279 271 0.000236 2
608 172 701 220 0.000235 2
4 226 87 260 0.000234 2
17 227 42 252 0.000233 2
604 186 679 222 0.000228 2
267 184 297 206 0.000227 2
1245 481 1265 489 0.000221 2
114 221 151 239 0.000219 2
1025 310 1097 335 0.000218 2
452 201 477 255 0.000216 2
650 175 696 221 0.000215 2
418 210 451 232 0.000212 2
1215 346 1267 386 0.000209 2
158 207 234 253 0.000209 2
159 188 181 205 0.000209 2
247 215 272 233 0.000207 2
161 251 175 262 0.000204 2
85 224 94 235 0.000203 2
742 279 768 303 0.000202 2
234 191 276 232 0.000201 2
621 171 661 215 0.000200 2
175 247 207 261 0.000198 2
831 136 903 152 0.000198 2
31 501 51 529 0.000195 2
966 189 984 206 0.000195 2
641 170 667 202 0.000191 2
58 223 160 256 0.000191 2
1261 484 1279 500 0.000190 2
1192 164 1232 218 0.000190 2
71 223 118 249 0.000189 2
33 292 394 677 0.000184 2
801 165 855 201 0.000183 2
1093 189 1120 208 0.000183 2
239 194 256 213 0.000180 2
142 253 154 264 0.000179 2
1059 196 1075 226 0.000178 2
103 234 159 265 0.000177 2
33 459 187 632 0.000177 2
325 206 372 242 0.000177 2
289 177 328 219 0.000172 2
115 230 186 256 0.000171 2
46 225 85 238 0.000170 2
433 292 657 340 0.000168 2
432 160 470 182 0.000166 2
218 250 241 264 0.000165 2
725 241 840 344 0.000165 2
911 175 949 200 0.000165 2
906 177 932 186 0.000157 2
235 296 273 306 0.000157 2
347 189 389 217 0.000157 2
1035 322 1089 337 0.000156 2
789 329 847 363 0.000156 2
74 222 135 240 0.000156 2
15 502 50 528 0.000155 2
1192 357 1280 437 0.000152 2
706 275 771 332 0.000148 2
924 183 986 208 0.000148 2
898 531 993 581 0.000148 2
419 289 597 318 0.000146 2
155 234 216 261 0.000145 2
1017 456 1031 466 0.000143 2
152 184 181 204 0.000139 2
427 207 453 227 0.000139 2
31 505 54 571 0.000137 2
411 205 453 246 0.000135 2
25 426 66 461 0.000135 2
26 463 47 508 0.000135 2
925 177 947 197 0.000133 2
283 197 366 297 0.000132 2
289 289 626 334 0.000126 2
1217 359 1280 400 0.000126 2
466 269 539 294 0.000124 2
1243 482 1266 497 0.000122 2
1096 208 1147 230 0.000118 2
449 287 542 298 0.000118 2
1051 508 1064 540 0.000118 2
1098 183 1142 210 0.000117 2
739 677 834 703 0.000115 2
35 433 169 579 0.000115 2
454 284 605 298 0.000112 2
170 168 203 181 0.000112 2
516 425 787 497 0.000109 2
236 189 277 217 0.000109 2
309 287 581 318 0.000109 2
265 179 297 198 0.000108 2
455 426 602 460 0.000108 2
26 464 47 488 0.000107 2
1195 371 1270 420 0.000106 2
1264 509 1279 519 0.000105 2
111 234 207 261 0.000105 2
311 161 366 199 0.000105 2
206 246 222 263 0.000103 2
38 434 203 534 0.000102 2
189 225 250 261 0.000100 2
696 212 737 258 0.054542 3
700 196 733 249 0.012707 3
541 200 569 218 0.007272 3
31 408 201 678 0.003514 3
973 196 1054 263 0.001448 3
738 206 781 235 0.001309 3
697 201 778 239 0.000639 3
347 226 922 406 0.000486 3
356 246 955 491 0.000314 3
461 195 764 267 0.000242 3
675 183 739 250 0.000230 3
666 211 747 300 0.000120 3
1006 162 1096 253 0.000103 3
718 617 863 703 0.085344 5
831 135 934 175 0.017323 5
819 136 921 189 0.006441 5
830 135 901 169 0.004011 5
809 159 858 186 0.002485 5
321 286 959 700 0.188826 6
24 289 638 684 0.040810 6
324 290 820 473 0.022152 6
21 284 639 477 0.001286 6
125 294 484 383 0.000163 6
808 175 946 241 0.170381 7
806 136 942 240 0.061959 7
1101 184 1190 248 0.038983 7
702 150 943 241 0.023833 7
449 150 523 186 0.018946 7
305 200 459 293 0.011726 7
866 177 944 236 0.010254 7
807 160 857 238 0.010157 7
1183 167 1279 227 0.008446 7
538 167 578 201 0.007040 7
486 153 581 201 0.006542 7
523 157 579 201 0.006267 7
1091 203 1199 253 0.005559 7
29 288 639 686 0.005109 7
20 201 639 492 0.004995 7
249 200 611 293 0.004803 7
710 152 853 231 0.004509 7
1181 171 1226 251 0.004333 7
191 199 466 296 0.004197 7
828 133 944 203 0.003642 7
389 203 459 292 0.003426 7
550 164 573 200 0.003172 7
1095 162 1213 251 0.003087 7
851 177 941 212 0.002986 7
780 156 859 238 0.002925 7
448 155 490 173 0.002925 7
1065 206 1182 242 0.002400 7
809 159 858 189 0.002275 7
795 178 853 240 0.001964 7
539 158 579 177 0.001573 7
1115 183 1188 220 0.001465 7
758 173 952 253 0.001423 7
448 127 529 181 0.001421 7
15 198 567 311 0.001363 7
814 203 854 241 0.000885 7
801 164 891 242 0.000842 7
1096 163 1155 212 0.000782 7
585 180 648 217 0.000779 7
682 150 812 234 0.000711 7
1067 174 1193 238 0.000671 7
316 199 391 294 0.000599 7
1101 163 1155 185 0.000546 7
842 186 1048 260 0.000498 7
846 168 916 239 0.000496 7
1180 170 1279 266 0.000462 7
445 136 541 203 0.000417 7
794 139 913 188 0.000406 7
33 299 385 678 0.000376 7
327 225 829 483 0.000322 7
405 243 615 310 0.000277 7
770 182 960 307 0.000263 7
1241 164 1279 227 0.000254 7
492 155 662 215 0.000248 7
353 200 392 290 0.000234 7
289 105 460 294 0.000217 7
723 157 804 210 0.000213 7
1092 184 1165 223 0.000206 7
375 188 470 207 0.000196 7
300 195 367 295 0.000176 7
1086 183 1147 231 0.000175 7
815 135 1068 259 0.000173 7
0 275 146 406 0.000168 7
407 207 446 277 0.000162 7
576 163 663 219 0.000162 7
291 111 592 296 0.000159 7
385 204 570 294 0.000151 7
925 163 994 207 0.000145 7
520 147 577 178 0.000129 7
1048 117 1204 251 0.000125 7
1073 187 1126 235 0.000119 7
833 144 986 219 0.000118 7
1096 162 1210 205 0.000109 7
902 200 1237 362 0.000107 7
417 211 458 289 0.000106 7
431 129 584 205 0.000106 7
543 158 594 205 0.000105 7
1181 126 1279 229 0.000103 7
459 125 533 149 0.000102 7
436 184 743 278 0.000100 7
1089 150 1102 177 0.437671 9
513 150 523 173 0.107584 9
1004 135 1015 171 0.017473 9
1090 150 1111 177 0.011357 9
596 132 605 145 0.011159 9
449 159 464 171 0.010717 9
1001 134 1011 176 0.009494 9
1014 135 1025 146 0.009080 9
171 64 203 91 0.008487 9
333 165 353 199 0.008389 9
259 143 269 159 0.008192 9
325 158 351 198 0.007621 9
1014 135 1024 153 0.007415 9
314 152 343 197 0.006815 9
879 155 893 172 0.005563 9
595 117 605 145 0.005337 9
609 150 626 168 0.005311 9
513 150 527 185 0.005017 9
1081 149 1101 182 0.004560 9
1014 133 1024 170 0.004198 9
1016 155 1024 170 0.004191 9
895 155 906 173 0.004182 9
896 164 905 177 0.004066 9
862 165 869 180 0.004055 9
119 64 161 75 0.003747 9
512 143 526 174 0.003738 9
587 117 599 142 0.003646 9
312 153 326 198 0.003199 9
1112 164 1152 186 0.003158 9
1208 169 1219 199 0.003146 9
595 134 616 164 0.002976 9
889 152 907 172 0.002913 9
1209 168 1226 199 0.002755 9
1183 162 1201 192 0.002415 9
1002 168 1008 177 0.002345 9
856 148 896 174 0.001942 9
694 175 702 197 0.001876 9
808 172 815 192 0.001808 9
681 164 688 183 0.001785 9
679 66 694 119 0.001761 9
596 146 612 163 0.001709 9
638 161 646 174 0.001693 9
832 135 860 166 0.001680 9
1192 384 1205 403 0.001666 9
595 64 625 93 0.001641 9
597 141 628 165 0.001630 9
807 159 854 190 0.001592 9
593 124 605 162 0.001531 9
664 172 671 188 0.001521 9
374 163 382 183 0.001508 9
1110 192 1120 204 0.001508 9
606 145 628 167 0.001506 9
665 183 671 198 0.001458 9
1097 177 1104 197 0.001431 9
1154 163 1167 183 0.001418 9
448 159 487 177 0.001327 9
681 171 688 187 0.001320 9
1080 172 1091 185 0.001304 9
581 64 596 93 0.001259 9
705 155 712 174 0.001204 9
998 133 1008 167 0.001193 9
887 137 938 173 0.001191 9
703 165 713 179 0.001155 9
831 135 892 166 0.001068 9
586 168 594 185 0.001061 9
588 176 599 186 0.001055 9
637 82 658 108 0.001044 9
808 151 813 159 0.001039 9
854 116 865 137 0.001001 9
1009 133 1025 163 0.000995 9
595 115 625 164 0.000993 9
870 163 890 177 0.000978 9
697 66 707 121 0.000938 9
692 170 702 181 0.000911 9
874 157 896 176 0.000909 9
637 161 647 185 0.000906 9
593 134 607 178 0.000893 9
999 129 1006 137 0.000884 9
681 152 689 181 0.000865 9
846 152 858 167 0.000864 9
832 140 849 163 0.000847 9
366 164 375 188 0.000834 9
695 150 706 177 0.000820 9
800 150 810 159 0.000812 9
806 153 850 183 0.000793 9
163 64 174 76 0.000793 9
832 150 842 163 0.000784 9
446 160 466 180 0.000774 9
782 152 801 159 0.000771 9
881 137 937 155 0.000762 9
415 64 433 124 0.000740 9
832 124 843 134 0.000739 9
184 144 199 168 0.000687 9
871 140 905 174 0.000686 9
681 149 689 173 0.000681 9
684 169 702 185 0.000680 9
150 64 172 74 0.000678 9
545 141 551 155 0.000677 9
499 148 525 178 0.000657 9
843 116 860 136 0.000640 9
570 161 580 181 0.000632 9
1087 180 1097 197 0.000630 9
825 163 858 180 0.000613 9
145 64 170 80 0.000601 9
698 82 716 128 0.000601 9
837 116 854 135 0.000597 9
617 144 631 168 0.000592 9
832 117 843 134 0.000573 9
644 163 659 185 0.000567 9
449 153 489 173 0.000563 9
1183 162 1210 198 0.000561 9
860 137 935 159 0.000555 9
170 142 181 171 0.000555 9
679 75 691 118 0.000545 9
1088 150 1104 194 0.000543 9
994 137 1001 162 0.000540 9
865 123 871 136 0.000539 9
611 129 626 152 0.000539 9
581 64 596 71 0.000536 9
1227 166 1248 181 0.000534 9
661 169 671 188 0.000519 9
870 122 880 137 0.000518 9
696 120 708 152 0.000518 9
154 64 198 82 0.000512 9
697 71 713 125 0.000512 9
848 181 858 195 0.000509 9
800 153 815 209 0.000505 9
352 155 362 196 0.000488 9
334 159 361 199 0.000488 9
851 158 872 187 0.000474 9
239 171 247 191 0.000467 9
545 266 554 280 0.000464 9
628 163 641 187 0.000462 9
522 148 545 175 0.000462 9
312 147 363 199 0.000450 9
525 133 535 152 0.000447 9
624 64 640 92 0.000445 9
161 76 185 91 0.000443 9
361 164 373 189 0.000434 9
996 131 1017 153 0.000430 9
699 123 713 154 0.000425 9
683 170 704 203 0.000425 9
599 117 626 150 0.000416 9
1097 160 1116 201 0.000415 9
587 163 601 186 0.000415 9
1090 129 1112 175 0.000413 9
847 151 890 177 0.000408 9
819 162 859 187 0.000407 9
680 178 688 210 0.000403 9
356 218 370 229 0.000402 9
521 134 543 174 0.000400 9
784 145 801 155 0.000400 9
1002 155 1014 176 0.000399 9
585 119 603 151 0.000398 9
700 150 712 174 0.000391 9
583 88 600 138 0.000388 9
624 159 645 179 0.000387 9
711 133 717 156 0.000385 9
682 142 694 177 0.000377 9
684 151 695 177 0.000375 9
1217 165 1239 189 0.000368 9
709 128 717 155 0.000355 9
0 144 6 204 0.000353 9
699 119 712 130 0.000330 9
322 94 330 118 0.000330 9
649 120 660 148 0.000329 9
624 130 634 151 0.000328 9
639 163 660 201 0.000319 9
997 133 1018 170 0.000319 9
1018 154 1039 169 0.000317 9
589 110 605 146 0.000312 9
682 119 697 167 0.000310 9
583 64 631 94 0.000309 9
258 142 270 179 0.000294 9
680 122 691 168 0.000286 9
648 119 660 161 0.000284 9
513 135 528 148 0.000283 9
1095 178 1104 207 0.000271 9
584 107 601 139 0.000269 9
567 143 576 160 0.000268 9
339 64 362 111 0.000267 9
685 119 701 153 0.000266 9
1103 151 1119 173 0.000259 9
109 148 127 166 0.000258 9
811 159 858 176 0.000255 9
1018 150 1041 166 0.000250 9
1012 130 1027 149 0.000248 9
258 128 270 162 0.000245 9
702 82 720 121 0.000243 9
414 65 438 139 0.000243 9
420 216 443 247 0.000242 9
905 136 938 156 0.000240 9
97 176 110 204 0.000239 9
688 119 709 131 0.000237 9
580 64 601 142 0.000235 9
312 142 332 193 0.000227 9
612 149 640 173 0.000223 9
649 167 663 188 0.000217 9
624 117 637 151 0.000214 9
1001 129 1015 138 0.000214 9
1096 129 1109 163 0.000213 9
1103 168 1133 186 0.000207 9
830 132 861 153 0.000206 9
1069 139 1097 201 0.000204 9
1100 183 1120 206 0.000203 9
544 112 551 133 0.000199 9
176 143 201 169 0.000197 9
649 140 658 165 0.000192 9
1204 160 1218 197 0.000191 9
0 144 6 178 0.000184 9
796 144 810 158 0.000183 9
567 147 579 166 0.000181 9
1016 138 1031 156 0.000179 9
1074 181 1096 203 0.000174 9
652 122 661 143 0.000174 9
843 148 867 169 0.000174 9
993 143 1003 172 0.000171 9
700 64 714 86 0.000171 9
1025 153 1040 168 0.000169 9
321 91 333 119 0.000168 9
221 109 267 130 0.000168 9
637 148 648 166 0.000168 9
1050 111 1082 146 0.000166 9
98 174 110 184 0.000164 9
780 151 812 191 0.000164 9
781 152 804 166 0.000163 9
594 131 621 175 0.000162 9
1050 108 1090 192 0.000161 9
638 119 652 165 0.000160 9
711 147 719 162 0.000159 9
688 64 707 121 0.000158 9
847 161 868 239 0.000158 9
636 89 659 127 0.000158 9
1052 114 1066 159 0.000157 9
320 90 332 167 0.000156 9
847 162 919 236 0.000154 9
665 167 690 187 0.000151 9
683 83 696 121 0.000150 9
993 134 1000 148 0.000150 9
555 144 571 158 0.000149 9
1098 171 1124 205 0.000147 9
639 114 660 145 0.000146 9
812 150 847 162 0.000146 9
633 64 663 88 0.000145 9
848 116 873 137 0.000143 9
234 126 268 153 0.000141 9
902 136 938 167 0.000138 9
51 184 63 206 0.000135 9
680 122 689 151 0.000133 9
1069 164 1156 209 0.000129 9
242 130 257 146 0.000128 9
912 136 938 150 0.000126 9
622 125 639 168 0.000124 9
634 82 661 139 0.000124 9
567 135 578 143 0.000123 9
1070 138 1088 182 0.000122 9
606 147 638 182 0.000122 9
95 180 106 204 0.000120 9
719 150 727 159 0.000117 9
118 64 206 108 0.000117 9
587 64 655 96 0.000116 9
804 145 814 159 0.000115 9
323 64 363 112 0.000114 9
1142 159 1168 184 0.000113 9
97 172 109 191 0.000113 9
661 167 696 192 0.000110 9
360 147 374 164 0.000110 9
1225 160 1253 181 0.000110 9
779 152 822 208 0.000110 9
596 148 626 184 0.000108 9
97 146 128 179 0.000108 9
835 76 849 92 0.000108 9
1098 129 1110 153 0.000107 9
637 101 659 118 0.000107 9
256 82 266 98 0.000104 9
219 106 270 150 0.000104 9
678 64 697 70 0.000104 9
529 134 543 155 0.000103 9
209 67 227 86 0.000102 9
579 64 652 149 0.000102 9
578 64 588 94 0.000100 9
324 110 367 164 0.082671 11
1051 108 1083 147 0.060998 11
1181 190 1200 214 0.033050 11
1181 175 1201 215 0.016804 11
415 64 433 119 0.000710 11
1050 107 1080 190 0.000462 11
886 137 937 156 0.000232 11
352 127 366 159 0.000101 11
