750 192 784 271 0.731250 0
483 183 510 260 0.630667 0
1030 193 1056 261 0.481804 0
641 189 672 240 0.459836 0
982 198 1006 260 0.368459 0
848 199 888 262 0.361541 0
1175 181 1201 246 0.235768 0
1160 199 1180 248 0.147281 0
1031 196 1051 233 0.134749 0
717 212 728 234 0.130126 0
786 197 795 230 0.119028 0
786 198 794 216 0.105500 0
645 188 667 217 0.096584 0
984 199 1004 231 0.078940 0
306 184 324 198 0.074540 0
556 175 568 199 0.067330 0
1160 199 1178 221 0.063070 0
239 202 253 238 0.061011 0
643 203 662 249 0.059125 0
381 197 395 206 0.057972 0
522 182 537 201 0.055014 0
213 187 225 227 0.054875 0
632 202 666 254 0.054652 0
1178 185 1200 216 0.051434 0
845 198 893 293 0.046971 0
693 197 703 229 0.044516 0
757 192 771 226 0.043637 0
1160 189 1200 249 0.039165 0
649 205 674 236 0.037504 0
386 198 395 206 0.033315 0
1179 164 1201 215 0.031795 0
693 185 702 212 0.030870 0
633 198 650 240 0.026481 0
936 203 946 245 0.026241 0
635 199 664 241 0.025879 0
925 203 945 253 0.025735 0
857 199 881 250 0.025340 0
375 180 395 205 0.025126 0
712 204 728 234 0.024661 0
990 198 1008 226 0.024298 0
514 190 529 245 0.023125 0
972 210 984 230 0.022687 0
631 202 646 236 0.022231 0
571 182 581 203 0.022224 0
521 191 528 209 0.021805 0
633 202 644 218 0.021012 0
661 190 673 226 0.020680 0
511 193 521 213 0.020330 0
221 182 231 218 0.019506 0
547 173 571 209 0.019504 0
542 177 552 202 0.017814 0
664 189 672 215 0.017331 0
512 187 522 209 0.016516 0
508 192 520 228 0.016446 0
971 210 986 246 0.016319 0
216 182 230 225 0.016210 0
221 182 231 198 0.015628 0
504 185 519 245 0.015277 0
783 195 795 212 0.014556 0
543 171 554 200 0.013636 0
562 180 580 203 0.013077 0
760 191 774 216 0.012982 0
330 186 342 198 0.012851 0
690 189 702 223 0.012834 0
723 204 737 235 0.012678 0
758 193 782 258 0.011915 0
1165 191 1192 217 0.011169 0
970 211 989 261 0.011112 0
556 175 580 202 0.010980 0
496 185 510 215 0.010535 0
500 192 516 251 0.010413 0
634 197 650 220 0.010193 0
520 184 546 218 0.010027 0
515 184 526 218 0.009898 0
1214 191 1227 230 0.009656 0
773 198 787 217 0.009646 0
499 185 514 213 0.009618 0
861 199 879 223 0.009543 0
848 201 855 225 0.008685 0
1160 191 1183 217 0.007997 0
374 167 393 205 0.007967 0
736 203 745 234 0.007642 0
470 189 481 216 0.007408 0
1214 190 1225 212 0.007188 0
845 203 856 238 0.007117 0
398 183 409 205 0.006725 0
495 179 510 201 0.006625 0
774 204 786 218 0.006625 0
1272 200 1279 252 0.006611 0
782 198 794 236 0.006410 0
665 205 680 231 0.006092 0
1232 196 1249 231 0.006061 0
686 195 703 231 0.006044 0
568 185 582 216 0.005787 0
511 179 526 208 0.005771 0
993 189 1010 224 0.005694 0
738 202 744 214 0.005157 0
647 184 663 204 0.005097 0
981 201 1025 261 0.004917 0
946 274 960 302 0.004698 0
636 190 665 216 0.004557 0
480 184 498 217 0.004544 0
486 175 531 206 0.004386 0
338 186 353 198 0.004313 0
1031 193 1077 261 0.004299 0
760 198 777 232 0.004262 0
1032 184 1057 228 0.004221 0
786 198 803 234 0.004189 0
878 201 897 236 0.004115 0
729 693 745 703 0.004004 0
1012 212 1026 228 0.003951 0
325 184 342 198 0.003842 0
408 180 418 205 0.003780 0
395 199 409 206 0.003645 0
749 196 797 251 0.003206 0
775 206 787 233 0.003198 0
506 183 531 251 0.003086 0
1183 164 1200 190 0.002966 0
847 226 856 259 0.002945 0
1219 217 1229 233 0.002891 0
1208 187 1224 220 0.002842 0
211 186 227 253 0.002835 0
514 188 544 245 0.002767 0
877 208 895 242 0.002761 0
554 177 577 213 0.002751 0
1267 196 1279 253 0.002679 0
730 206 749 234 0.002614 0
1215 215 1227 233 0.002547 0
631 170 674 242 0.002529 0
366 166 376 189 0.002479 0
1010 206 1028 227 0.002450 0
518 176 536 198 0.002420 0
1003 199 1020 229 0.002399 0
463 183 480 214 0.002387 0
1037 185 1053 211 0.002196 0
1174 187 1215 239 0.002189 0
766 200 786 238 0.002117 0
1233 197 1259 232 0.001906 0
1163 165 1202 246 0.001904 0
608 152 624 177 0.001894 0
1233 190 1262 261 0.001878 0
586 173 595 185 0.001854 0
679 185 692 216 0.001843 0
352 188 369 199 0.001795 0
849 199 876 227 0.001783 0
1207 168 1216 196 0.001779 0
240 178 245 190 0.001749 0
363 165 381 202 0.001722 0
831 202 890 274 0.001637 0
690 181 703 208 0.001613 0
784 194 798 230 0.001608 0
384 198 396 215 0.001608 0
407 191 418 205 0.001600 0
1241 197 1262 239 0.001535 0
727 692 752 703 0.001485 0
513 174 526 197 0.001476 0
1207 167 1222 219 0.001452 0
999 176 1009 212 0.001444 0
663 183 671 200 0.001388 0
240 184 256 224 0.001324 0
217 178 231 194 0.001319 0
1217 202 1229 233 0.001306 0
782 197 812 235 0.001300 0
364 187 376 201 0.001296 0
213 180 234 229 0.001289 0
1212 166 1226 199 0.001284 0
636 183 653 212 0.001284 0
661 192 687 230 0.001272 0
462 195 478 254 0.001256 0
1096 168 1105 202 0.001228 0
664 622 729 690 0.001201 0
606 156 621 185 0.001137 0
383 184 399 206 0.001127 0
750 210 773 262 0.001124 0
931 201 956 251 0.001115 0
433 172 445 196 0.001077 0
606 491 645 550 0.001069 0
1211 165 1226 217 0.001045 0
494 208 514 252 0.001043 0
199 204 213 217 0.001035 0
848 181 858 215 0.001019 0
987 175 1012 255 0.000982 0
458 195 478 216 0.000972 0
716 193 729 217 0.000971 0
909 199 935 247 0.000959 0
231 206 252 238 0.000896 0
582 490 644 551 0.000882 0
979 193 1032 239 0.000875 0
322 223 357 319 0.000843 0
567 495 625 571 0.000840 0
462 180 510 263 0.000839 0
206 175 229 221 0.000804 0
1044 184 1056 199 0.000787 0
199 197 214 216 0.000783 0
739 202 758 228 0.000747 0
307 185 327 206 0.000698 0
265 193 282 235 0.000673 0
729 693 772 703 0.000670 0
463 227 478 271 0.000663 0
307 182 348 202 0.000651 0
943 201 1008 261 0.000637 0
1211 164 1236 224 0.000605 0
360 164 375 189 0.000589 0
1217 183 1246 222 0.000568 0
207 181 251 253 0.000559 0
640 189 696 234 0.000548 0
306 181 328 201 0.000546 0
564 456 648 556 0.000538 0
319 232 343 320 0.000531 0
606 172 618 185 0.000528 0
394 191 412 206 0.000524 0
266 204 280 234 0.000514 0
240 194 273 236 0.000513 0
696 687 790 703 0.000507 0
431 175 445 205 0.000496 0
727 640 789 700 0.000484 0
803 185 831 213 0.000463 0
208 239 227 256 0.000423 0
295 197 379 347 0.000414 0
253 193 281 235 0.000412 0
1220 416 1271 474 0.000403 0
227 199 278 262 0.000368 0
849 171 875 220 0.000362 0
680 178 689 208 0.000357 0
415 250 421 270 0.000356 0
317 192 329 222 0.000355 0
465 216 478 255 0.000353 0
1214 423 1255 490 0.000348 0
552 485 648 646 0.000346 0
1213 423 1271 508 0.000331 0
354 222 377 303 0.000330 0
327 234 353 255 0.000326 0
553 487 650 577 0.000320 0
940 203 961 250 0.000318 0
678 628 722 680 0.000317 0
1095 176 1106 208 0.000313 0
1180 165 1213 213 0.000312 0
216 251 226 264 0.000304 0
935 200 974 248 0.000304 0
1087 439 1121 491 0.000301 0
174 187 183 206 0.000298 0
240 194 256 218 0.000297 0
412 180 425 204 0.000296 0
367 194 410 291 0.000294 0
318 213 337 329 0.000292 0
0 146 7 203 0.000290 0
568 503 610 544 0.000287 0
348 187 396 322 0.000287 0
362 199 385 222 0.000284 0
355 204 378 231 0.000281 0
317 195 353 276 0.000279 0
308 158 370 199 0.000274 0
320 234 330 278 0.000273 0
194 189 204 216 0.000269 0
1086 181 1097 199 0.000269 0
1210 384 1276 509 0.000268 0
980 184 1009 226 0.000257 0
948 181 960 205 0.000249 0
663 681 794 703 0.000248 0
85 223 95 234 0.000247 0
991 180 1008 214 0.000243 0
195 185 211 215 0.000232 0
343 189 383 294 0.000218 0
668 690 771 703 0.000209 0
626 180 646 202 0.000208 0
700 626 771 703 0.000202 0
1219 416 1253 468 0.000201 0
656 626 713 701 0.000200 0
0 173 7 203 0.000196 0
219 178 247 194 0.000195 0
228 191 243 220 0.000193 0
238 193 286 246 0.000193 0
1229 417 1254 454 0.000193 0
514 234 532 248 0.000188 0
759 185 791 209 0.000187 0
1085 431 1157 495 0.000186 0
304 177 377 218 0.000182 0
1203 411 1253 477 0.000180 0
552 518 611 581 0.000178 0
325 204 374 288 0.000175 0
265 191 293 239 0.000175 0
932 182 960 206 0.000173 0
1044 106 1085 254 0.000172 0
216 176 259 229 0.000170 0
370 157 392 190 0.000159 0
1215 460 1265 507 0.000157 0
1162 394 1269 512 0.000156 0
357 200 386 229 0.000155 0
1225 416 1251 440 0.000155 0
488 206 503 260 0.000154 0
408 251 415 272 0.000152 0
673 695 712 703 0.000150 0
1117 425 1170 494 0.000149 0
489 184 538 257 0.000145 0
306 183 333 233 0.000139 0
567 433 673 561 0.000137 0
313 186 340 218 0.000136 0
262 183 278 222 0.000136 0
678 646 793 703 0.000136 0
798 186 811 226 0.000131 0
718 627 777 694 0.000124 0
267 187 288 216 0.000123 0
1259 445 1279 502 0.000122 0
571 522 583 538 0.000122 0
732 189 746 218 0.000120 0
325 210 384 324 0.000119 0
208 173 224 199 0.000119 0
321 185 340 244 0.000114 0
323 234 351 280 0.000114 0
646 635 700 703 0.000112 0
293 192 323 298 0.000112 0
353 212 389 320 0.000112 0
649 672 728 703 0.000112 0
327 185 347 216 0.000109 0
355 148 378 191 0.000107 0
1196 421 1250 504 0.000106 0
474 193 506 246 0.000105 0
361 197 397 233 0.000102 0
731 184 744 209 0.000101 0
654 692 716 703 0.000101 0
624 211 676 256 0.726746 1
1000 226 1045 266 0.371036 1
876 240 917 305 0.212035 1
1027 231 1047 265 0.126521 1
828 240 918 305 0.116268 1
976 223 1044 265 0.114411 1
873 237 907 289 0.113235 1
546 199 571 218 0.107319 1
993 228 1025 264 0.080732 1
1167 211 1187 243 0.067108 1
1164 210 1182 249 0.065488 1
1025 223 1087 266 0.063317 1
980 224 1010 263 0.060521 1
826 258 860 293 0.058430 1
1031 223 1051 263 0.050518 1
853 235 920 294 0.050276 1
825 256 867 312 0.050254 1
544 202 556 218 0.047401 1
708 213 727 234 0.046054 1
1166 213 1195 250 0.044552 1
827 250 871 288 0.044413 1
647 210 675 241 0.043462 1
972 221 1004 263 0.043193 1
1156 212 1173 249 0.042732 1
1036 218 1066 260 0.041965 1
1155 223 1170 249 0.040626 1
839 238 901 289 0.040172 1
827 259 855 283 0.039490 1
1046 226 1086 263 0.036382 1
1052 223 1071 257 0.035623 1
985 221 1004 262 0.034691 1
670 213 702 236 0.032420 1
668 210 681 236 0.031678 1
534 203 552 219 0.030463 1
925 274 961 306 0.028179 1
749 232 784 279 0.027961 1
871 222 901 278 0.027678 1
750 253 784 281 0.027337 1
879 240 961 307 0.026895 1
1027 230 1063 266 0.025411 1
777 253 801 281 0.025346 1
891 255 929 306 0.024837 1
701 207 728 235 0.022665 1
676 210 719 235 0.021257 1
886 239 928 293 0.020804 1
624 218 652 255 0.019815 1
769 244 783 274 0.017929 1
1142 226 1166 249 0.017921 1
559 196 578 217 0.017425 1
842 217 895 285 0.015359 1
911 253 960 307 0.014686 1
671 211 680 231 0.013569 1
811 259 854 284 0.013503 1
688 207 705 235 0.012585 1
1172 219 1216 254 0.012337 1
1153 231 1165 249 0.011349 1
849 206 879 275 0.011313 1
748 263 782 280 0.011225 1
983 221 1082 263 0.010222 1
1061 226 1090 262 0.009986 1
874 201 902 253 0.009560 1
722 209 738 234 0.009423 1
867 210 899 252 0.009188 1
808 258 857 305 0.008907 1
536 201 565 220 0.008566 1
844 223 877 283 0.008480 1
924 203 945 253 0.008382 1
659 214 679 238 0.008334 1
828 207 928 309 0.008059 1
860 202 898 276 0.007991 1
1048 215 1092 257 0.007780 1
1028 218 1119 263 0.007032 1
1046 210 1069 254 0.006895 1
642 221 676 255 0.006759 1
835 253 857 282 0.006674 1
1008 215 1047 242 0.006237 1
1009 214 1031 233 0.006115 1
521 191 555 218 0.006105 1
877 220 949 272 0.005644 1
923 274 944 307 0.005286 1
622 191 677 252 0.005090 1
1161 209 1218 261 0.005064 1
885 239 930 273 0.004963 1
915 207 939 251 0.004761 1
875 230 909 267 0.004717 1
942 275 962 305 0.004680 1
574 282 598 395 0.004487 1
1176 209 1202 239 0.004401 1
910 266 935 307 0.004188 1
879 211 908 245 0.003998 1
749 254 810 281 0.003992 1
895 276 978 316 0.003988 1
793 255 813 280 0.003764 1
635 208 714 240 0.003672 1
785 254 800 280 0.003568 1
575 288 595 349 0.003432 1
624 226 646 255 0.003348 1
745 252 857 284 0.003336 1
1014 233 1049 268 0.003288 1
1110 218 1211 252 0.003257 1
787 255 820 282 0.003163 1
888 240 971 285 0.003153 1
1052 209 1076 254 0.003100 1
948 229 993 263 0.003068 1
996 230 1063 297 0.002928 1
1122 210 1184 250 0.002735 1
906 212 943 253 0.002714 1
1187 190 1208 231 0.002694 1
573 314 594 396 0.002614 1
519 187 540 219 0.002498 1
574 300 595 367 0.002467 1
1208 191 1228 232 0.002423 1
1194 214 1210 229 0.002401 1
746 255 859 317 0.002379 1
725 209 758 234 0.002355 1
808 259 825 282 0.002303 1
885 229 938 266 0.002298 1
884 262 914 305 0.002296 1
654 229 678 255 0.002170 1
1195 212 1228 232 0.002074 1
931 205 1007 263 0.002063 1
526 272 599 401 0.002033 1
1051 207 1065 228 0.002010 1
624 204 648 253 0.001964 1
1160 218 1202 259 0.001943 1
756 223 783 267 0.001926 1
1079 220 1093 233 0.001924 1
1056 210 1095 239 0.001896 1
900 267 931 308 0.001819 1
677 203 697 231 0.001678 1
1250 209 1271 238 0.001593 1
1179 184 1207 219 0.001559 1
574 276 608 361 0.001541 1
1070 221 1121 254 0.001521 1
890 231 913 256 0.001438 1
865 278 998 312 0.001409 1
893 224 1050 267 0.001382 1
898 269 916 306 0.001380 1
839 233 977 309 0.001374 1
817 306 977 329 0.001352 1
1213 196 1232 231 0.001346 1
817 305 901 330 0.001335 1
1150 223 1175 252 0.001307 1
1254 200 1279 249 0.001271 1
1023 279 1042 295 0.001250 1
1011 210 1033 230 0.001245 1
1258 216 1279 256 0.001244 1
907 200 938 248 0.001188 1
1068 239 1089 263 0.001129 1
925 234 943 253 0.001114 1
1223 180 1252 232 0.001105 1
905 227 989 261 0.001078 1
974 222 1088 298 0.001057 1
901 223 911 244 0.001004 1
639 194 690 236 0.000955 1
1252 213 1270 248 0.000952 1
1016 232 1086 274 0.000927 1
624 208 758 255 0.000924 1
781 230 791 238 0.000903 1
803 260 1258 319 0.000835 1
722 234 929 309 0.000817 1
889 234 1006 300 0.000803 1
965 224 1051 293 0.000798 1
575 348 594 396 0.000775 1
770 242 805 276 0.000775 1
1195 219 1212 231 0.000773 1
812 304 1083 325 0.000770 1
1128 227 1166 252 0.000715 1
1249 225 1278 258 0.000681 1
1013 269 1060 296 0.000657 1
655 216 704 249 0.000647 1
647 226 677 263 0.000610 1
1000 197 1086 262 0.000599 1
792 285 1129 324 0.000592 1
899 210 911 244 0.000562 1
1055 204 1072 235 0.000558 1
573 301 610 385 0.000553 1
926 276 1019 313 0.000526 1
1009 197 1040 228 0.000511 1
1065 205 1097 233 0.000509 1
1218 192 1278 262 0.000503 1
615 375 664 415 0.000494 1
837 221 854 273 0.000482 1
1246 231 1279 269 0.000464 1
575 277 595 326 0.000439 1
573 365 688 444 0.000428 1
808 254 820 279 0.000419 1
831 189 977 273 0.000418 1
1232 220 1277 262 0.000388 1
574 276 645 407 0.000385 1
917 203 981 257 0.000385 1
698 298 938 335 0.000357 1
772 255 808 289 0.000354 1
548 265 607 384 0.000329 1
739 252 814 319 0.000310 1
666 254 1096 331 0.000308 1
694 209 786 262 0.000277 1
776 245 817 277 0.000275 1
624 225 678 263 0.000273 1
746 216 859 282 0.000237 1
812 259 860 329 0.000216 1
517 229 535 246 0.000204 1
531 248 606 360 0.000197 1
513 231 540 248 0.000179 1
801 208 880 270 0.000179 1
1031 276 1059 295 0.000165 1
1048 193 1076 225 0.000165 1
745 260 786 287 0.000156 1
618 369 684 410 0.000156 1
659 213 724 272 0.000156 1
1173 163 1200 191 0.000150 1
738 196 784 276 0.000147 1
612 209 647 254 0.000143 1
621 208 683 284 0.000140 1
626 211 720 250 0.000139 1
612 384 654 416 0.000127 1
530 196 651 240 0.000122 1
616 205 773 280 0.000118 1
560 199 680 257 0.000117 1
891 222 1064 294 0.000110 1
478 303 675 443 0.000110 1
692 206 738 250 0.000109 1
570 288 684 444 0.000107 1
504 186 550 247 0.000106 1
522 198 556 236 0.000104 1
493 245 504 260 0.000101 1
1135 201 1180 225 0.000100 1
698 202 726 228 0.085875 2
861 177 948 245 0.062888 2
801 212 851 240 0.038567 2
547 172 581 201 0.035596 2
523 182 537 195 0.032001 2
481 176 500 198 0.025817 2
647 311 1279 701 0.024204 2
1229 179 1279 220 0.022346 2
448 156 523 178 0.020641 2
481 173 514 197 0.020235 2
801 214 824 239 0.018779 2
586 183 640 217 0.017967 2
876 197 941 242 0.016049 2
1218 172 1279 231 0.014606 2
870 180 945 219 0.014452 2
1260 169 1279 180 0.013027 2
833 218 852 239 0.012816 2
480 182 508 217 0.012393 2
1255 197 1279 218 0.012281 2
1249 194 1278 222 0.012019 2
848 197 902 258 0.011342 2
1248 169 1279 190 0.010458 2
1269 197 1279 240 0.010298 2
1254 198 1279 231 0.009949 2
552 172 571 200 0.009939 2
1249 176 1279 216 0.009859 2
448 157 514 195 0.008677 2
521 179 541 200 0.008510 2
830 227 849 240 0.008236 2
522 172 561 200 0.008062 2
522 181 550 200 0.007459 2
1249 169 1279 181 0.007177 2
815 217 845 240 0.006950 2
468 187 480 208 0.006898 2
448 157 489 176 0.006681 2
715 195 729 230 0.006097 2
877 198 912 241 0.005798 2
483 170 533 232 0.005568 2
1256 169 1279 202 0.005341 2
475 170 519 209 0.004975 2
1087 214 1135 248 0.004964 2
587 184 620 209 0.004879 2
1261 186 1279 204 0.004840 2
292 177 320 198 0.004441 2
1159 225 1222 262 0.004436 2
1007 196 1037 221 0.004435 2
448 173 573 217 0.004208 2
881 189 946 211 0.004201 2
605 198 645 216 0.004144 2
1073 206 1126 234 0.004141 2
802 201 890 240 0.004089 2
306 180 324 198 0.004007 2
1109 216 1160 248 0.003677 2
822 204 854 240 0.003618 2
447 162 580 206 0.003507 2
855 177 940 210 0.003500 2
801 195 854 240 0.003220 2
1238 169 1276 185 0.003145 2
924 185 946 204 0.003137 2
842 213 857 242 0.003122 2
919 191 946 211 0.002949 2
1074 218 1121 246 0.002871 2
1077 220 1119 233 0.002849 2
1231 194 1261 232 0.002838 2
461 183 480 208 0.002728 2
928 200 946 213 0.002714 2
525 184 597 216 0.002675 2
543 160 580 180 0.002655 2
538 182 572 216 0.002632 2
451 145 526 182 0.002550 2
1089 209 1152 240 0.002536 2
1226 167 1247 184 0.002526 2
1072 215 1164 251 0.002355 2
716 198 739 234 0.002339 2
539 187 651 219 0.002117 2
927 182 955 206 0.002066 2
1001 197 1028 226 0.001964 2
935 198 953 209 0.001914 2
162 204 196 219 0.001912 2
1266 192 1279 248 0.001884 2
537 249 601 280 0.001869 2
1159 186 1181 217 0.001853 2
1162 184 1186 212 0.001853 2
1059 218 1127 252 0.001839 2
1225 180 1268 235 0.001700 2
584 186 673 220 0.001655 2
1172 173 1201 215 0.001623 2
558 175 581 201 0.001553 2
1071 213 1101 232 0.001538 2
1247 168 1262 181 0.001453 2
450 180 479 216 0.001448 2
890 179 965 253 0.001307 2
727 211 760 234 0.001295 2
570 183 619 216 0.001211 2
376 180 405 206 0.001198 2
319 200 356 255 0.001183 2
356 216 370 228 0.001151 2
1071 204 1102 226 0.001145 2
864 177 936 194 0.001140 2
1223 165 1247 202 0.001105 2
829 135 906 167 0.001089 2
1072 194 1094 210 0.001085 2
1085 206 1143 230 0.001057 2
542 168 563 201 0.001039 2
433 172 445 196 0.000983 2
446 156 497 206 0.000980 2
1211 164 1241 228 0.000972 2
631 188 646 217 0.000954 2
1032 192 1073 227 0.000941 2
784 199 824 237 0.000922 2
969 207 984 228 0.000912 2
353 188 369 200 0.000887 2
1227 193 1279 261 0.000875 2
1075 188 1094 204 0.000870 2
739 201 757 217 0.000818 2
319 215 331 235 0.000818 2
1028 198 1131 257 0.000804 2
184 224 228 255 0.000792 2
1151 198 1279 265 0.000788 2
438 164 464 182 0.000777 2
114 223 135 236 0.000746 2
325 234 352 254 0.000739 2
454 203 466 216 0.000727 2
888 178 946 206 0.000707 2
617 179 645 202 0.000694 2
196 230 228 255 0.000673 2
1084 192 1097 211 0.000647 2
818 306 907 329 0.000603 2
325 198 371 244 0.000596 2
1183 169 1280 260 0.000585 2
510 247 601 395 0.000583 2
1098 169 1124 205 0.000573 2
1032 185 1067 220 0.000557 2
1178 165 1218 225 0.000552 2
1095 179 1144 216 0.000543 2
989 189 1038 226 0.000530 2
440 192 472 217 0.000520 2
1023 191 1087 261 0.000506 2
432 168 451 192 0.000506 2
531 183 674 225 0.000505 2
447 200 468 218 0.000481 2
657 312 1279 518 0.000478 2
1272 225 1279 259 0.000478 2
341 204 371 229 0.000465 2
1086 187 1095 203 0.000438 2
834 221 853 253 0.000408 2
1088 177 1122 209 0.000406 2
1214 164 1248 208 0.000391 2
555 161 582 190 0.000390 2
1093 194 1105 209 0.000386 2
932 197 960 212 0.000386 2
112 221 146 252 0.000379 2
413 181 607 284 0.000377 2
291 183 396 212 0.000373 2
435 174 477 208 0.000372 2
464 252 479 271 0.000354 2
974 200 1002 223 0.000350 2
575 274 607 330 0.000349 2
1106 192 1121 207 0.000347 2
940 205 983 245 0.000318 2
19 230 41 251 0.000304 2
63 224 111 247 0.000300 2
163 202 207 221 0.000296 2
1009 184 1037 197 0.000292 2
68 222 96 236 0.000285 2
830 136 897 149 0.000284 2
354 198 379 229 0.000274 2
1161 162 1202 218 0.000273 2
1102 163 1126 186 0.000242 2
410 174 446 204 0.000231 2
157 203 187 224 0.000220 2
318 200 333 240 0.000212 2
431 191 447 206 0.000212 2
1073 182 1096 204 0.000210 2
854 186 1050 260 0.000210 2
331 196 373 229 0.000206 2
432 195 454 209 0.000206 2
75 236 116 257 0.000206 2
353 191 393 209 0.000201 2
298 195 393 290 0.000199 2
384 178 417 205 0.000183 2
359 200 383 226 0.000181 2
112 229 158 254 0.000179 2
1045 183 1062 199 0.000178 2
867 176 994 233 0.000170 2
113 215 139 236 0.000165 2
289 176 310 198 0.000163 2
595 169 617 187 0.000163 2
117 213 149 237 0.000155 2
828 136 937 154 0.000155 2
456 187 621 303 0.000149 2
85 222 144 254 0.000149 2
352 190 391 222 0.000144 2
916 178 1006 261 0.000142 2
272 181 296 194 0.000140 2
1222 159 1272 181 0.000138 2
58 225 98 246 0.000137 2
1033 186 1128 240 0.000137 2
636 172 732 223 0.000131 2
1046 187 1087 220 0.000127 2
436 204 452 219 0.000119 2
928 198 987 214 0.000114 2
1225 359 1280 408 0.000113 2
614 378 665 416 0.000113 2
473 248 606 439 0.000112 2
961 200 992 216 0.000112 2
658 178 699 216 0.000111 2
83 226 217 260 0.000109 2
576 277 593 304 0.000109 2
840 175 934 225 0.000108 2
333 187 390 228 0.000107 2
397 175 439 206 0.000105 2
536 246 601 267 0.000104 2
119 237 160 256 0.000103 2
95 197 107 206 0.000102 2
412 203 452 227 0.000102 2
705 209 727 233 0.019516 3
997 213 1033 258 0.007265 3
1008 211 1027 229 0.003737 3
976 197 1071 263 0.000509 3
803 136 942 245 0.145241 5
830 135 938 176 0.045841 5
826 135 941 214 0.024411 5
829 135 901 169 0.017898 5
642 310 1278 702 0.015292 5
809 159 858 185 0.002957 5
1100 163 1153 186 0.001342 5
529 159 582 196 0.001039 5
1102 162 1155 219 0.000802 5
839 174 941 216 0.000547 5
865 137 940 155 0.000524 5
813 156 858 175 0.000158 5
642 619 791 703 0.018601 6
654 310 1279 444 0.002045 6
917 308 1279 409 0.000276 6
1069 310 1279 415 0.000172 6
370 64 463 205 0.000111 6
804 313 1279 510 0.000109 6
552 305 959 703 0.274889 7
802 137 941 240 0.163099 7
701 151 853 231 0.059372 7
700 144 941 238 0.048725 7
828 177 946 237 0.045728 7
801 158 857 238 0.030837 7
1088 163 1158 241 0.019879 7
1209 167 1279 229 0.018303 7
1092 163 1204 245 0.016350 7
442 154 520 188 0.011741 7
801 199 893 240 0.008385 7
801 200 854 239 0.007790 7
802 183 852 226 0.007296 7
524 160 582 201 0.006171 7
699 184 732 226 0.005738 7
494 165 579 205 0.005034 7
696 185 799 235 0.004334 7
688 161 939 273 0.003397 7
863 177 941 211 0.003297 7
808 158 857 189 0.002625 7
1109 183 1186 249 0.002579 7
699 192 737 233 0.002502 7
1153 178 1217 254 0.002396 7
1097 162 1155 216 0.002201 7
551 459 795 703 0.002099 7
1132 223 1223 259 0.002087 7
1073 198 1161 246 0.002057 7
449 145 525 179 0.002026 7
541 160 581 184 0.001761 7
551 561 792 703 0.001586 7
448 127 530 180 0.001219 7
682 177 728 226 0.001200 7
585 180 638 217 0.001148 7
708 148 807 222 0.001141 7
537 174 618 212 0.001078 7
1086 205 1218 255 0.001017 7
632 192 729 235 0.000828 7
312 197 394 331 0.000795 7
585 172 676 218 0.000780 7
650 160 929 263 0.000723 7
1016 209 1209 259 0.000703 7
429 159 540 207 0.000695 7
1092 184 1154 224 0.000583 7
513 139 583 201 0.000490 7
517 165 670 216 0.000478 7
1101 163 1154 186 0.000403 7
697 179 729 206 0.000349 7
672 101 866 232 0.000343 7
1105 185 1147 217 0.000286 7
828 137 994 219 0.000259 7
575 154 848 231 0.000245 7
799 130 1090 259 0.000244 7
717 153 805 171 0.000227 7
807 171 858 190 0.000194 7
1091 127 1245 246 0.000178 7
418 130 576 206 0.000170 7
293 197 374 326 0.000152 7
827 136 957 193 0.000151 7
611 200 905 250 0.000134 7
375 164 411 206 0.000131 7
1253 163 1279 217 0.000129 7
693 71 936 239 0.000120 7
292 180 567 310 0.000114 7
343 66 652 207 0.000105 7
716 153 804 192 0.000100 7
1088 150 1103 180 0.265435 9
513 150 524 174 0.238721 9
1015 156 1024 169 0.025864 9
1014 136 1024 170 0.017696 9
1007 136 1016 170 0.012802 9
449 159 464 170 0.012411 9
596 115 626 164 0.009908 9
693 181 702 207 0.009411 9
596 118 605 144 0.009155 9
895 155 906 171 0.008729 9
609 150 624 168 0.008514 9
598 143 626 163 0.007229 9
1001 135 1011 174 0.007186 9
313 151 344 197 0.007022 9
322 158 352 199 0.006483 9
694 176 702 186 0.006461 9
1014 135 1025 145 0.006351 9
895 159 905 177 0.006270 9
1089 150 1112 178 0.006166 9
513 136 526 174 0.005819 9
589 175 598 185 0.004159 9
879 154 894 174 0.004029 9
1232 166 1246 180 0.003816 9
681 161 689 184 0.003727 9
698 81 717 128 0.003720 9
596 116 620 146 0.003554 9
374 166 382 184 0.003394 9
586 117 598 139 0.003346 9
173 64 203 91 0.003340 9
705 155 712 174 0.003028 9
697 124 706 153 0.002933 9
1213 166 1226 189 0.002886 9
705 161 713 179 0.002852 9
119 64 164 75 0.002668 9
862 165 869 180 0.002614 9
1080 149 1102 184 0.002467 9
889 150 907 174 0.002380 9
681 170 689 187 0.002154 9
1225 164 1234 180 0.002136 9
694 151 706 176 0.002026 9
685 151 693 173 0.002018 9
692 169 703 181 0.001993 9
367 166 376 188 0.001981 9
590 118 602 146 0.001852 9
661 171 671 198 0.001805 9
1002 168 1008 178 0.001801 9
681 150 689 169 0.001740 9
448 158 485 179 0.001737 9
1115 164 1152 185 0.001707 9
332 168 352 198 0.001676 9
1089 138 1106 178 0.001603 9
1110 191 1121 204 0.001597 9
686 168 700 184 0.001561 9
860 165 869 187 0.001505 9
699 127 714 155 0.001387 9
595 64 625 93 0.001375 9
1206 166 1217 190 0.001359 9
702 173 712 184 0.001314 9
686 170 703 200 0.001290 9
645 163 660 196 0.001245 9
1004 135 1025 172 0.001208 9
700 117 713 129 0.001157 9
312 114 365 198 0.001109 9
807 166 835 186 0.001086 9
638 162 648 185 0.001074 9
808 161 860 184 0.001073 9
865 150 895 175 0.001055 9
312 152 326 198 0.001042 9
637 162 651 196 0.001039 9
504 149 525 176 0.001036 9
685 119 703 153 0.001016 9
680 65 695 120 0.000986 9
874 155 895 176 0.000985 9
897 154 909 174 0.000942 9
870 162 885 177 0.000941 9
853 114 866 137 0.000937 9
1076 141 1104 181 0.000901 9
581 64 596 94 0.000842 9
696 66 716 123 0.000831 9
446 159 466 181 0.000824 9
588 119 614 160 0.000772 9
512 135 527 157 0.000763 9
803 181 815 201 0.000760 9
446 160 475 184 0.000755 9
834 139 859 165 0.000748 9
586 168 595 184 0.000725 9
706 114 718 129 0.000723 9
700 144 714 174 0.000717 9
894 160 911 179 0.000716 9
838 119 852 135 0.000703 9
475 149 525 177 0.000701 9
680 123 691 154 0.000697 9
993 145 1000 164 0.000673 9
1079 159 1092 185 0.000647 9
993 138 1001 169 0.000626 9
682 121 696 153 0.000621 9
806 148 813 159 0.000585 9
649 168 664 198 0.000584 9
679 73 690 106 0.000572 9
690 119 709 130 0.000564 9
848 180 859 208 0.000548 9
845 147 858 167 0.000546 9
880 137 940 177 0.000525 9
1002 170 1008 185 0.000516 9
999 129 1007 136 0.000505 9
352 155 363 194 0.000498 9
678 68 692 124 0.000495 9
545 142 551 155 0.000482 9
832 125 842 134 0.000477 9
120 64 202 83 0.000459 9
624 122 634 151 0.000456 9
162 64 175 76 0.000446 9
514 133 542 175 0.000442 9
842 114 864 136 0.000425 9
1013 154 1030 177 0.000423 9
1154 162 1170 184 0.000410 9
802 149 810 159 0.000410 9
588 126 624 185 0.000404 9
1031 149 1041 162 0.000403 9
836 76 849 93 0.000401 9
685 66 715 137 0.000382 9
585 119 599 150 0.000381 9
1225 161 1249 180 0.000378 9
449 153 489 174 0.000374 9
566 142 577 160 0.000374 9
630 161 660 205 0.000371 9
849 163 869 215 0.000369 9
183 144 199 168 0.000367 9
357 218 370 229 0.000367 9
583 93 600 139 0.000366 9
885 137 940 154 0.000365 9
522 132 536 172 0.000360 9
1106 155 1118 170 0.000354 9
624 64 639 92 0.000351 9
743 152 752 161 0.000351 9
830 163 858 179 0.000350 9
586 164 599 185 0.000350 9
833 78 842 92 0.000346 9
124 64 172 79 0.000345 9
338 156 363 198 0.000344 9
661 167 693 200 0.000342 9
582 64 596 71 0.000336 9
618 140 631 157 0.000328 9
846 165 859 189 0.000328 9
0 147 6 201 0.000325 9
908 137 939 149 0.000324 9
870 140 907 176 0.000322 9
1097 163 1122 206 0.000319 9
1002 148 1015 177 0.000319 9
1187 165 1214 190 0.000316 9
707 154 717 175 0.000312 9
109 148 127 167 0.000305 9
854 160 870 207 0.000303 9
170 142 181 172 0.000292 9
579 64 598 142 0.000291 9
1018 145 1041 168 0.000286 9
819 306 867 328 0.000285 9
716 162 727 184 0.000284 9
800 153 818 224 0.000272 9
96 183 104 203 0.000272 9
1183 162 1201 190 0.000270 9
687 115 710 161 0.000269 9
832 148 846 164 0.000268 9
585 110 600 139 0.000263 9
800 152 815 203 0.000250 9
717 151 727 160 0.000249 9
706 158 718 182 0.000237 9
642 119 660 163 0.000235 9
658 167 700 212 0.000234 9
524 138 544 174 0.000232 9
494 138 528 176 0.000230 9
1016 155 1032 170 0.000229 9
1142 161 1169 185 0.000228 9
583 64 630 95 0.000221 9
857 151 885 176 0.000221 9
312 135 336 194 0.000220 9
623 162 654 201 0.000217 9
637 119 654 164 0.000216 9
1090 130 1111 176 0.000215 9
1070 143 1096 192 0.000208 9
1127 159 1154 169 0.000207 9
701 120 717 156 0.000201 9
607 150 631 185 0.000199 9
1016 138 1032 164 0.000196 9
709 148 722 174 0.000195 9
690 89 719 160 0.000193 9
257 145 268 159 0.000192 9
648 146 657 164 0.000190 9
996 133 1022 173 0.000186 9
582 64 597 82 0.000177 9
0 146 6 176 0.000176 9
801 150 812 191 0.000173 9
96 174 111 203 0.000169 9
832 117 848 135 0.000167 9
1209 161 1228 182 0.000167 9
993 134 1000 147 0.000165 9
520 167 541 185 0.000163 9
149 64 204 93 0.000156 9
720 144 740 158 0.000153 9
670 152 692 181 0.000149 9
414 64 434 128 0.000146 9
568 135 578 144 0.000141 9
579 124 599 163 0.000139 9
716 153 727 172 0.000139 9
1000 129 1028 147 0.000138 9
1099 131 1110 149 0.000135 9
717 110 730 130 0.000134 9
717 137 739 158 0.000133 9
1071 163 1092 195 0.000132 9
713 97 730 131 0.000131 9
697 64 714 103 0.000131 9
1031 144 1040 159 0.000130 9
582 64 663 162 0.000129 9
637 84 658 106 0.000127 9
1205 159 1224 187 0.000126 9
327 64 363 112 0.000125 9
699 64 714 87 0.000125 9
593 64 644 93 0.000124 9
97 173 111 183 0.000123 9
1052 135 1066 160 0.000123 9
905 129 911 138 0.000121 9
686 83 696 121 0.000119 9
804 145 813 158 0.000118 9
855 149 867 169 0.000117 9
638 138 651 163 0.000114 9
574 134 582 145 0.000113 9
553 143 573 158 0.000113 9
691 157 706 182 0.000110 9
101 147 128 178 0.000109 9
161 75 193 92 0.000109 9
664 148 671 169 0.000104 9
719 85 731 110 0.000102 9
662 151 673 194 0.000101 9
118 64 205 103 0.000100 9
1050 109 1083 147 0.147392 11
324 109 366 164 0.120876 11
414 64 438 121 0.000595 11
888 137 939 152 0.000328 11
1054 110 1077 173 0.000245 11
1071 131 1086 150 0.000150 11
352 128 366 159 0.000107 11
