479 179 503 258 0.676478 0
880 199 914 271 0.617598 0
747 190 779 267 0.571604 0
1046 194 1073 260 0.512949 0
1148 197 1171 248 0.492215 0
239 199 254 240 0.381832 0
621 190 646 247 0.211990 0
971 192 994 254 0.172026 0
717 212 728 234 0.140315 0
1149 198 1170 220 0.129352 0
555 172 568 199 0.114191 0
381 197 396 206 0.100789 0
306 184 324 198 0.095698 0
213 185 224 228 0.095339 0
785 196 794 214 0.088829 0
786 196 795 231 0.079262 0
748 192 766 257 0.065201 0
693 186 703 225 0.063210 0
626 191 645 227 0.060664 0
967 200 989 250 0.058974 0
973 194 989 236 0.058395 0
375 179 395 206 0.057607 0
981 193 993 218 0.057528 0
1048 194 1065 237 0.057147 0
1043 218 1065 264 0.051549 0
386 198 395 206 0.050705 0
522 182 537 200 0.044657 0
693 204 703 230 0.040794 0
847 202 856 227 0.040515 0
964 201 998 259 0.036693 0
221 182 231 219 0.036612 0
693 186 702 208 0.036263 0
670 209 681 232 0.032562 0
751 203 770 244 0.029444 0
217 181 230 225 0.028520 0
548 173 569 207 0.028006 0
221 182 231 200 0.025606 0
480 189 502 218 0.024488 0
866 207 872 231 0.024287 0
521 192 528 208 0.023885 0
845 203 857 238 0.023752 0
1038 196 1050 230 0.022884 0
543 171 554 200 0.021302 0
521 181 538 210 0.021213 0
1213 191 1226 217 0.019547 0
542 177 552 202 0.019277 0
889 199 910 223 0.019143 0
626 192 652 220 0.018988 0
628 191 643 216 0.018824 0
892 402 922 442 0.018625 0
330 186 342 198 0.017229 0
646 194 655 215 0.016883 0
1213 192 1227 230 0.016693 0
978 196 1000 234 0.016579 0
878 198 895 234 0.015941 0
374 166 393 205 0.015633 0
937 203 946 217 0.015576 0
709 201 729 234 0.015472 0
570 182 581 202 0.015017 0
212 177 230 227 0.014859 0
693 202 714 232 0.014546 0
744 198 763 233 0.014373 0
1123 201 1172 248 0.014156 0
1051 193 1073 243 0.014089 0
471 191 482 215 0.013713 0
887 200 913 247 0.013333 0
974 190 992 218 0.013193 0
623 192 660 237 0.012895 0
507 190 520 209 0.012681 0
555 175 580 202 0.012594 0
496 185 514 212 0.011809 0
848 202 866 236 0.011711 0
639 188 652 216 0.011563 0
690 189 701 214 0.011394 0
469 188 481 210 0.011387 0
398 183 409 205 0.010836 0
879 198 936 275 0.009912 0
880 199 908 239 0.009574 0
510 186 522 208 0.009560 0
721 203 737 235 0.009347 0
929 202 946 247 0.009324 0
784 194 798 218 0.008830 0
1050 193 1065 218 0.008822 0
1239 196 1252 232 0.008253 0
692 206 705 234 0.007917 0
786 198 801 233 0.007712 0
737 203 748 234 0.007687 0
1273 200 1279 245 0.007556 0
340 186 353 198 0.007510 0
1242 196 1256 231 0.007196 0
752 190 772 235 0.007113 0
515 185 525 208 0.007010 0
768 199 793 234 0.006979 0
513 151 524 174 0.006974 0
642 196 656 217 0.006965 0
211 186 227 241 0.006882 0
1180 163 1203 217 0.006850 0
623 191 636 203 0.006818 0
768 208 776 234 0.006512 0
749 191 762 229 0.006483 0
395 198 409 206 0.006357 0
468 187 484 254 0.006196 0
983 196 999 222 0.006176 0
1000 188 1008 217 0.005974 0
408 180 419 205 0.005927 0
518 191 529 218 0.005905 0
750 190 761 205 0.005574 0
666 187 673 230 0.005460 0
324 181 342 198 0.005372 0
477 176 522 258 0.005101 0
366 165 376 189 0.005051 0
351 187 369 199 0.004914 0
666 203 679 231 0.004892 0
522 185 551 218 0.004812 0
743 204 756 225 0.004324 0
199 202 210 218 0.004061 0
688 193 702 230 0.004033 0
364 165 379 202 0.003685 0
1033 197 1058 235 0.003525 0
856 200 915 266 0.003508 0
264 193 279 234 0.003488 0
1253 202 1273 231 0.003413 0
666 188 671 204 0.003371 0
497 193 519 216 0.003315 0
1264 197 1279 253 0.003284 0
555 180 577 211 0.003238 0
610 199 640 221 0.003219 0
833 202 917 243 0.003207 0
1257 199 1279 232 0.003142 0
464 185 480 213 0.003052 0
670 208 707 233 0.003026 0
463 193 480 254 0.002912 0
239 193 255 216 0.002836 0
467 181 500 215 0.002671 0
385 198 396 214 0.002607 0
622 180 633 200 0.002585 0
775 196 797 236 0.002554 0
737 202 745 217 0.002549 0
839 203 864 239 0.002523 0
408 188 418 205 0.002495 0
364 186 377 201 0.002459 0
762 192 790 234 0.002304 0
841 205 854 239 0.002278 0
752 189 771 213 0.002210 0
586 173 594 184 0.002160 0
1209 182 1227 228 0.002153 0
615 188 629 204 0.002120 0
519 176 537 197 0.002021 0
239 178 245 190 0.001950 0
1215 202 1229 232 0.001918 0
650 188 661 214 0.001858 0
693 180 703 212 0.001762 0
979 189 1006 220 0.001750 0
629 183 642 199 0.001749 0
680 185 691 215 0.001692 0
1217 218 1229 233 0.001687 0
648 193 665 216 0.001678 0
198 205 212 224 0.001676 0
499 189 518 239 0.001662 0
218 178 232 195 0.001637 0
231 201 253 239 0.001599 0
384 185 398 206 0.001560 0
1205 168 1222 215 0.001548 0
397 191 411 206 0.001498 0
980 183 993 215 0.001454 0
739 190 762 224 0.001391 0
464 181 488 268 0.001379 0
680 196 690 214 0.001355 0
1045 195 1091 257 0.001353 0
308 181 346 201 0.001349 0
236 198 259 260 0.001341 0
639 183 649 200 0.001298 0
1054 183 1064 201 0.001290 0
194 195 205 216 0.001261 0
1217 191 1230 215 0.001245 0
469 184 533 229 0.001239 0
1228 195 1252 231 0.001231 0
678 205 695 228 0.001194 0
322 227 356 317 0.001189 0
265 191 286 235 0.001134 0
241 194 272 235 0.001124 0
862 544 881 573 0.001096 0
464 235 479 270 0.001084 0
216 193 242 241 0.001067 0
361 165 375 196 0.001022 0
960 668 1004 703 0.001019 0
215 177 229 198 0.001018 0
760 189 775 208 0.001011 0
770 196 820 235 0.000987 0
859 536 889 573 0.000986 0
1208 168 1217 199 0.000982 0
175 187 182 204 0.000935 0
515 189 531 244 0.000912 0
848 181 858 227 0.000897 0
308 184 326 206 0.000894 0
514 174 529 194 0.000845 0
1210 165 1226 216 0.000833 0
1154 197 1172 217 0.000819 0
974 673 1006 703 0.000788 0
644 199 671 222 0.000776 0
750 186 771 206 0.000757 0
1212 166 1225 195 0.000752 0
679 449 689 462 0.000743 0
194 186 203 215 0.000702 0
233 202 253 228 0.000690 0
195 186 209 216 0.000687 0
264 188 277 222 0.000682 0
191 184 232 254 0.000643 0
372 190 400 265 0.000637 0
847 197 873 233 0.000634 0
990 675 1010 703 0.000624 0
267 188 280 217 0.000613 0
412 180 424 204 0.000604 0
666 194 692 231 0.000604 0
316 187 329 222 0.000597 0
803 184 826 207 0.000584 0
856 401 925 517 0.000560 0
363 197 386 222 0.000544 0
319 232 344 318 0.000541 0
886 690 896 703 0.000520 0
431 174 445 205 0.000502 0
318 196 352 271 0.000498 0
239 207 269 235 0.000463 0
214 176 257 229 0.000454 0
309 163 367 199 0.000451 0
297 196 385 330 0.000415 0
743 199 785 281 0.000413 0
1272 219 1279 263 0.000404 0
354 221 375 304 0.000401 0
373 159 384 188 0.000399 0
1040 184 1053 207 0.000392 0
326 234 352 255 0.000387 0
949 181 960 206 0.000379 0
988 181 1005 215 0.000377 0
1051 250 1076 296 0.000377 0
799 355 817 394 0.000376 0
319 218 336 321 0.000373 0
858 529 905 573 0.000372 0
923 201 956 249 0.000369 0
307 183 332 231 0.000367 0
618 178 656 232 0.000366 0
370 164 384 201 0.000364 0
320 235 330 278 0.000362 0
1043 247 1076 328 0.000343 0
1037 249 1072 311 0.000337 0
498 191 532 249 0.000332 0
307 174 373 211 0.000328 0
351 187 379 226 0.000325 0
231 196 243 217 0.000302 0
347 181 396 322 0.000295 0
1045 184 1060 201 0.000278 0
415 250 421 270 0.000266 0
355 203 378 231 0.000256 0
342 190 380 290 0.000255 0
219 178 245 212 0.000254 0
920 511 949 546 0.000244 0
973 183 991 211 0.000237 0
616 188 678 224 0.000230 0
0 150 7 203 0.000230 0
325 211 371 286 0.000229 0
321 184 340 241 0.000227 0
752 184 783 204 0.000219 0
325 211 382 322 0.000216 0
791 186 812 221 0.000215 0
497 201 518 250 0.000213 0
317 185 340 217 0.000212 0
269 189 293 234 0.000208 0
359 154 378 190 0.000208 0
195 178 228 220 0.000207 0
358 199 385 228 0.000202 0
323 234 349 278 0.000199 0
353 202 387 317 0.000198 0
1036 177 1087 254 0.000192 0
848 167 869 235 0.000188 0
85 223 94 234 0.000186 0
918 511 952 565 0.000183 0
706 215 951 309 0.000181 0
935 183 960 207 0.000178 0
917 517 947 553 0.000173 0
210 187 258 248 0.000169 0
208 172 224 201 0.000167 0
328 179 516 259 0.000157 0
849 162 923 227 0.000155 0
408 251 415 272 0.000149 0
859 530 897 556 0.000149 0
327 185 347 215 0.000148 0
326 182 358 246 0.000148 0
264 204 284 244 0.000145 0
293 180 372 266 0.000140 0
852 487 934 573 0.000140 0
605 156 631 199 0.000138 0
854 537 877 579 0.000138 0
0 174 7 203 0.000135 0
252 187 293 251 0.000135 0
926 511 956 552 0.000130 0
1048 182 1072 216 0.000130 0
362 197 396 232 0.000127 0
261 178 271 198 0.000125 0
861 542 912 572 0.000124 0
1087 695 1104 703 0.000123 0
856 539 908 588 0.000122 0
293 192 322 295 0.000122 0
996 666 1016 703 0.000113 0
1049 689 1092 703 0.000111 0
462 193 529 274 0.000105 0
901 510 944 550 0.000104 0
905 515 951 575 0.000103 0
602 215 656 256 0.736330 1
888 239 959 303 0.459751 1
957 224 996 262 0.311247 1
1043 232 1075 264 0.269271 1
1154 218 1174 250 0.266349 1
749 230 779 268 0.238893 1
1042 233 1064 264 0.157271 1
958 231 986 263 0.120596 1
546 199 570 217 0.119603 1
960 204 990 260 0.109041 1
863 204 956 306 0.105214 1
1181 186 1201 215 0.083806 1
916 249 959 304 0.080257 1
874 244 931 298 0.072843 1
861 256 897 287 0.065881 1
1181 164 1202 215 0.060078 1
544 202 556 218 0.049933 1
885 402 922 444 0.045908 1
961 214 1008 259 0.045802 1
916 230 944 253 0.044860 1
1000 227 1071 262 0.042196 1
857 401 923 474 0.040295 1
1004 224 1026 252 0.039357 1
533 203 553 219 0.037591 1
956 220 1029 259 0.036670 1
909 239 957 294 0.035335 1
973 209 1002 252 0.035254 1
1181 185 1216 224 0.033541 1
1028 231 1061 264 0.032984 1
999 228 1042 261 0.032676 1
879 231 918 280 0.030448 1
1041 223 1085 263 0.029784 1
916 207 944 253 0.029527 1
943 233 978 258 0.026257 1
992 219 1025 256 0.025780 1
603 221 632 255 0.025458 1
629 222 655 251 0.023978 1
904 242 932 295 0.023941 1
915 232 943 268 0.022677 1
551 200 577 217 0.021325 1
854 246 951 291 0.020940 1
1005 213 1027 248 0.020533 1
559 197 578 217 0.018437 1
854 234 917 289 0.018209 1
1107 218 1179 252 0.018092 1
874 259 898 289 0.018002 1
911 210 938 247 0.017916 1
1140 225 1154 248 0.017808 1
926 265 959 304 0.017379 1
872 240 905 274 0.016800 1
919 231 969 262 0.016699 1
865 237 897 277 0.016310 1
621 195 666 247 0.015520 1
879 241 913 270 0.014883 1
916 231 935 249 0.014799 1
746 232 769 268 0.014586 1
962 236 1000 262 0.012790 1
913 234 944 285 0.012517 1
1144 214 1183 248 0.012478 1
854 207 876 236 0.011931 1
573 313 597 395 0.011769 1
910 242 927 285 0.011609 1
878 249 901 279 0.011124 1
604 190 651 254 0.011068 1
894 218 936 271 0.010345 1
750 236 784 278 0.010206 1
1008 211 1034 235 0.010127 1
912 234 932 273 0.009911 1
628 209 670 234 0.009677 1
521 190 557 219 0.009600 1
1040 222 1132 261 0.009385 1
1135 220 1174 253 0.009103 1
881 214 919 272 0.009034 1
954 223 1063 266 0.008658 1
1058 219 1081 257 0.008361 1
844 213 869 239 0.008170 1
1208 190 1226 217 0.008060 1
995 240 1021 260 0.008051 1
893 249 927 299 0.007414 1
880 228 910 263 0.007342 1
1181 192 1227 230 0.006841 1
1163 215 1190 247 0.006751 1
602 225 623 254 0.006732 1
853 231 893 283 0.006539 1
1207 192 1227 227 0.006475 1
637 225 656 254 0.006385 1
834 220 873 242 0.006318 1
1156 209 1185 245 0.006149 1
1068 214 1082 254 0.005918 1
985 207 1009 248 0.005887 1
575 291 594 348 0.005721 1
1180 164 1218 217 0.005652 1
837 249 898 290 0.005574 1
723 209 737 234 0.005515 1
1100 219 1152 252 0.005324 1
1174 176 1201 215 0.005197 1
1171 186 1200 218 0.005085 1
837 187 954 273 0.005007 1
958 205 985 246 0.004856 1
535 201 562 220 0.004839 1
968 192 1006 255 0.004677 1
637 216 670 232 0.004672 1
877 199 943 248 0.004546 1
865 232 889 268 0.004510 1
863 209 888 238 0.004380 1
956 197 1016 260 0.004219 1
650 213 677 232 0.004174 1
751 206 780 257 0.004173 1
904 217 934 250 0.004081 1
766 252 784 280 0.004026 1
939 271 959 304 0.004007 1
1191 213 1225 229 0.004001 1
1155 222 1191 253 0.003730 1
1117 222 1224 264 0.003596 1
1042 231 1077 282 0.003560 1
1068 214 1100 252 0.003481 1
903 264 958 313 0.003477 1
672 206 729 235 0.003446 1
531 273 599 399 0.003365 1
916 209 974 255 0.003289 1
902 253 932 310 0.003274 1
876 206 893 257 0.003248 1
945 277 959 305 0.003102 1
876 212 903 264 0.003088 1
528 193 548 219 0.002929 1
1171 226 1196 250 0.002928 1
1175 220 1225 265 0.002882 1
575 285 608 351 0.002875 1
980 246 1007 262 0.002867 1
574 285 607 395 0.002833 1
1045 241 1090 265 0.002823 1
840 253 959 304 0.002775 1
574 317 594 353 0.002684 1
990 194 1008 226 0.002663 1
601 205 691 241 0.002551 1
575 349 594 394 0.002447 1
749 244 856 285 0.002420 1
665 209 679 231 0.002403 1
567 192 582 215 0.002274 1
753 243 784 268 0.002243 1
983 219 1084 257 0.002196 1
865 228 885 242 0.002011 1
874 260 914 296 0.001971 1
923 238 965 284 0.001941 1
1094 217 1212 255 0.001924 1
773 253 801 281 0.001910 1
859 428 890 463 0.001886 1
771 251 784 268 0.001873 1
862 393 982 455 0.001841 1
1147 197 1188 247 0.001805 1
1179 218 1198 245 0.001717 1
604 200 645 242 0.001494 1
926 204 1001 259 0.001488 1
894 400 928 434 0.001460 1
855 230 886 270 0.001458 1
941 210 975 253 0.001419 1
840 227 886 264 0.001396 1
1020 228 1081 298 0.001368 1
1077 217 1221 271 0.001339 1
635 217 674 242 0.001243 1
726 208 751 234 0.001218 1
190 225 229 256 0.001209 1
855 260 897 298 0.001158 1
1149 172 1202 221 0.001056 1
738 204 783 273 0.001054 1
857 417 913 465 0.000991 1
713 213 728 236 0.000960 1
609 198 713 233 0.000941 1
1041 249 1072 297 0.000927 1
886 384 979 445 0.000923 1
1053 234 1074 295 0.000902 1
910 226 1023 302 0.000890 1
703 214 727 236 0.000886 1
1071 236 1092 259 0.000867 1
1260 217 1279 255 0.000849 1
829 214 895 256 0.000844 1
860 407 920 449 0.000733 1
803 254 885 285 0.000730 1
200 232 228 254 0.000704 1
686 206 783 267 0.000691 1
1104 281 1169 336 0.000666 1
786 256 804 281 0.000617 1
794 256 813 281 0.000602 1
795 229 904 285 0.000591 1
1052 237 1091 275 0.000562 1
168 225 228 260 0.000551 1
635 218 668 253 0.000540 1
200 231 242 263 0.000466 1
836 260 898 307 0.000465 1
518 191 553 231 0.000449 1
1038 226 1079 323 0.000430 1
544 184 654 220 0.000422 1
1227 196 1254 231 0.000414 1
814 255 936 311 0.000413 1
786 254 799 276 0.000404 1
829 231 969 410 0.000380 1
854 233 1121 425 0.000377 1
802 251 853 284 0.000374 1
724 211 957 302 0.000365 1
1256 224 1279 269 0.000342 1
930 232 980 271 0.000340 1
885 253 923 306 0.000336 1
795 213 900 260 0.000322 1
856 381 988 488 0.000306 1
829 265 858 290 0.000301 1
602 204 676 255 0.000292 1
850 241 958 335 0.000285 1
11 230 40 257 0.000265 1
543 301 595 398 0.000252 1
942 221 1058 301 0.000247 1
1023 277 1043 297 0.000229 1
948 230 994 270 0.000224 1
1007 220 1235 303 0.000213 1
863 225 1211 330 0.000207 1
529 247 626 279 0.000205 1
709 222 763 260 0.000205 1
615 225 656 266 0.000201 1
676 222 968 449 0.000190 1
1050 240 1104 295 0.000186 1
732 228 767 269 0.000185 1
223 212 247 248 0.000180 1
601 229 627 264 0.000176 1
1022 221 1147 331 0.000173 1
188 231 224 261 0.000157 1
933 261 997 305 0.000157 1
573 315 614 360 0.000141 1
859 422 896 450 0.000141 1
475 221 501 259 0.000140 1
827 271 851 286 0.000139 1
828 276 860 310 0.000137 1
471 188 608 252 0.000133 1
559 274 595 384 0.000131 1
928 237 987 298 0.000128 1
709 214 752 236 0.000127 1
949 230 1033 272 0.000126 1
526 198 661 239 0.000123 1
711 223 757 237 0.000123 1
533 249 606 351 0.000121 1
215 243 242 264 0.000116 1
477 278 602 434 0.000109 1
696 202 726 230 0.097687 2
1006 196 1044 230 0.097604 2
871 178 947 243 0.093700 2
523 182 537 195 0.078452 2
833 176 945 236 0.045959 2
476 170 535 205 0.044411 2
1256 197 1279 226 0.042067 2
873 195 947 222 0.040176 2
1010 211 1026 229 0.035093 2
449 155 522 177 0.031122 2
548 172 581 200 0.029526 2
1009 203 1035 229 0.028475 2
1020 204 1040 229 0.028202 2
585 184 620 216 0.027097 2
481 173 516 201 0.022067 2
807 215 853 240 0.021358 2
1227 180 1279 230 0.019873 2
480 175 495 198 0.019798 2
1264 198 1279 236 0.018087 2
832 217 854 240 0.017854 2
522 182 549 199 0.017322 2
864 177 948 217 0.016341 2
481 177 497 206 0.016077 2
522 170 581 202 0.014727 2
704 205 730 235 0.014167 2
1077 214 1097 234 0.014070 2
497 187 517 214 0.013700 2
522 172 561 199 0.013625 2
726 192 785 239 0.013564 2
449 157 523 207 0.013507 2
801 214 825 239 0.013014 2
1260 169 1279 180 0.012500 2
825 329 847 343 0.012156 2
1227 176 1279 203 0.011847 2
1246 169 1279 185 0.011243 2
449 157 489 175 0.010699 2
1252 182 1279 225 0.010245 2
1207 169 1279 227 0.010175 2
832 229 853 241 0.009693 2
1003 193 1078 238 0.009286 2
1095 209 1135 230 0.009223 2
1069 213 1082 239 0.008399 2
1070 214 1101 247 0.008361 2
306 180 323 198 0.007998 2
1096 216 1136 249 0.007869 2
292 177 321 198 0.007798 2
1272 200 1279 237 0.007305 2
1118 214 1152 227 0.007186 2
816 219 847 240 0.007137 2
671 193 731 229 0.006916 2
1040 218 1132 254 0.006872 2
494 177 514 205 0.006696 2
1228 168 1278 184 0.006555 2
879 198 905 231 0.006409 2
801 206 865 240 0.006309 2
475 172 516 213 0.006194 2
1068 207 1140 236 0.006102 2
714 196 729 231 0.006092 2
1074 207 1099 235 0.006052 2
888 199 911 220 0.005590 2
1230 169 1248 182 0.005506 2
602 195 656 244 0.005323 2
916 191 946 213 0.005307 2
699 210 727 233 0.005283 2
510 178 535 207 0.004932 2
625 192 650 218 0.004922 2
833 211 872 240 0.004569 2
463 183 481 208 0.004415 2
452 175 529 226 0.004357 2
916 198 946 244 0.004215 2
453 172 569 218 0.004132 2
542 159 580 179 0.004085 2
1257 191 1279 217 0.004037 2
537 249 601 280 0.003935 2
923 186 946 205 0.003823 2
453 165 522 197 0.003817 2
1069 213 1129 249 0.003793 2
711 197 738 234 0.003682 2
1120 213 1172 228 0.003678 2
828 135 916 174 0.003543 2
923 198 946 215 0.003505 2
560 174 581 199 0.003448 2
1255 171 1279 201 0.003128 2
1240 168 1267 182 0.003054 2
536 182 573 215 0.002951 2
602 199 629 216 0.002933 2
678 210 702 231 0.002717 2
885 199 939 248 0.002503 2
1004 189 1041 222 0.002488 2
1097 209 1158 227 0.002452 2
454 179 480 214 0.002451 2
600 193 635 216 0.002202 2
860 177 935 205 0.002189 2
927 183 956 207 0.002171 2
1165 184 1199 214 0.002076 2
1050 199 1096 248 0.002025 2
1097 219 1222 261 0.001976 2
933 195 953 209 0.001945 2
160 204 196 218 0.001934 2
506 176 585 216 0.001898 2
433 172 445 196 0.001896 2
1165 184 1190 207 0.001773 2
542 167 564 200 0.001728 2
320 200 353 255 0.001690 2
355 216 370 228 0.001672 2
325 234 352 254 0.001618 2
586 187 650 222 0.001523 2
447 157 502 208 0.001450 2
567 178 619 216 0.001445 2
448 156 510 182 0.001296 2
1041 196 1089 255 0.001288 2
319 213 331 234 0.001277 2
700 190 780 245 0.001239 2
1044 218 1204 256 0.001204 2
1071 196 1097 224 0.001122 2
703 187 737 231 0.001104 2
869 181 995 251 0.001095 2
451 171 608 269 0.001019 2
516 248 600 397 0.001013 2
456 180 533 257 0.001008 2
865 203 891 234 0.000986 2
433 165 470 187 0.000978 2
1080 194 1098 213 0.000972 2
326 195 370 247 0.000966 2
436 167 465 183 0.000912 2
1092 175 1237 244 0.000890 2
454 203 466 216 0.000878 2
432 169 449 194 0.000873 2
479 168 524 196 0.000867 2
1009 185 1038 197 0.000797 2
348 202 370 228 0.000792 2
1076 188 1095 204 0.000752 2
1147 184 1191 215 0.000736 2
613 182 640 202 0.000710 2
857 149 895 174 0.000699 2
555 161 583 190 0.000698 2
506 179 658 226 0.000662 2
1008 184 1039 209 0.000660 2
740 195 939 266 0.000656 2
1096 182 1151 217 0.000649 2
1159 176 1279 266 0.000643 2
16 227 69 254 0.000614 2
848 197 908 233 0.000613 2
434 173 478 207 0.000599 2
278 176 320 200 0.000599 2
870 160 894 177 0.000579 2
798 188 851 235 0.000555 2
440 197 470 217 0.000554 2
1211 164 1258 207 0.000554 2
447 201 468 218 0.000550 2
294 182 394 206 0.000534 2
354 195 376 229 0.000518 2
1086 188 1095 201 0.000517 2
412 172 447 202 0.000515 2
1201 196 1279 256 0.000512 2
468 144 524 175 0.000509 2
830 136 902 152 0.000507 2
701 302 768 333 0.000498 2
1221 185 1257 231 0.000494 2
446 162 484 190 0.000485 2
942 198 960 210 0.000463 2
884 137 941 155 0.000451 2
432 175 445 205 0.000435 2
1093 191 1121 209 0.000430 2
871 140 904 175 0.000423 2
520 167 543 183 0.000421 2
461 195 662 289 0.000408 2
153 184 194 217 0.000401 2
575 275 602 328 0.000383 2
1044 185 1156 241 0.000381 2
343 193 372 229 0.000379 2
114 221 136 237 0.000376 2
390 179 416 205 0.000365 2
318 197 333 239 0.000364 2
78 236 115 256 0.000364 2
1207 164 1240 222 0.000358 2
191 229 229 257 0.000347 2
728 189 758 218 0.000346 2
1098 169 1128 205 0.000346 2
358 199 383 227 0.000345 2
445 160 470 182 0.000343 2
1093 196 1103 209 0.000339 2
157 203 177 220 0.000332 2
664 188 695 228 0.000332 2
18 230 41 252 0.000331 2
825 136 940 155 0.000326 2
537 248 602 267 0.000319 2
1106 194 1120 209 0.000319 2
1099 160 1204 218 0.000318 2
406 176 439 205 0.000317 2
161 196 192 218 0.000314 2
872 155 901 177 0.000312 2
802 328 848 346 0.000296 2
178 200 208 218 0.000291 2
303 195 393 276 0.000287 2
996 176 1050 232 0.000284 2
431 190 447 206 0.000283 2
847 172 915 236 0.000282 2
1060 190 1096 217 0.000279 2
353 187 393 209 0.000268 2
272 181 295 193 0.000263 2
934 202 978 246 0.000259 2
157 205 226 246 0.000252 2
515 149 545 176 0.000246 2
934 200 951 236 0.000241 2
157 204 196 228 0.000240 2
816 163 858 180 0.000240 2
289 176 311 198 0.000240 2
441 143 526 176 0.000239 2
110 220 153 254 0.000235 2
1099 180 1122 206 0.000232 2
573 199 777 254 0.000229 2
63 225 109 253 0.000229 2
152 183 181 205 0.000225 2
116 235 162 255 0.000222 2
432 194 452 208 0.000211 2
1101 163 1147 185 0.000205 2
821 329 848 350 0.000200 2
352 187 390 225 0.000199 2
102 250 157 266 0.000199 2
291 178 326 206 0.000196 2
928 178 948 185 0.000193 2
732 200 951 300 0.000191 2
31 232 72 255 0.000186 2
31 230 101 257 0.000185 2
113 236 176 262 0.000175 2
64 236 114 263 0.000175 2
916 175 949 195 0.000173 2
615 173 712 219 0.000172 2
621 174 663 211 0.000170 2
160 244 207 263 0.000169 2
268 185 295 206 0.000168 2
810 158 858 177 0.000166 2
649 179 700 216 0.000165 2
825 328 857 345 0.000165 2
903 177 930 185 0.000159 2
847 164 940 188 0.000158 2
456 172 621 354 0.000158 2
588 169 614 188 0.000157 2
1093 185 1104 207 0.000152 2
17 225 64 241 0.000150 2
376 176 418 205 0.000150 2
436 205 452 219 0.000144 2
332 188 365 235 0.000142 2
160 172 232 222 0.000142 2
853 172 938 197 0.000139 2
394 187 442 206 0.000138 2
307 186 367 253 0.000131 2
433 159 478 184 0.000128 2
502 201 873 304 0.000126 2
706 300 768 319 0.000125 2
851 147 868 169 0.000124 2
576 277 594 305 0.000123 2
82 227 210 262 0.000120 2
413 204 452 224 0.000114 2
527 235 618 281 0.000114 2
451 202 474 224 0.000112 2
1246 164 1279 211 0.000112 2
588 161 620 185 0.000111 2
66 224 92 236 0.000110 2
1110 192 1173 223 0.000107 2
541 212 681 325 0.000105 2
1225 159 1253 181 0.000103 2
73 222 95 236 0.000103 2
118 212 150 237 0.000102 2
955 199 976 210 0.000101 2
52 243 288 272 0.000100 2
708 213 727 233 0.025440 3
830 136 939 175 0.030396 5
829 135 900 169 0.009883 5
1098 163 1154 186 0.002725 5
1097 164 1155 203 0.001376 5
452 149 525 176 0.001370 5
585 180 621 216 0.001126 5
832 136 940 159 0.000545 5
860 137 940 155 0.000418 5
568 154 624 216 0.000225 5
367 64 464 205 0.000136 6
368 104 488 205 0.000122 6
803 167 945 240 0.087369 7
698 201 730 231 0.036916 7
694 187 731 231 0.024608 7
830 135 940 174 0.022598 7
449 152 523 177 0.020148 7
801 157 857 236 0.016394 7
827 135 943 218 0.015232 7
1007 195 1042 229 0.014458 7
1097 163 1164 231 0.010478 7
523 160 582 201 0.009833 7
1194 167 1279 228 0.008032 7
803 184 852 223 0.007862 7
829 135 899 171 0.006278 7
1006 187 1055 232 0.004849 7
695 145 940 240 0.004548 7
545 163 575 200 0.004456 7
585 184 619 216 0.004260 7
695 167 823 235 0.003772 7
699 183 733 222 0.003761 7
737 176 943 243 0.003651 7
539 159 580 188 0.003508 7
863 177 939 225 0.003211 7
694 179 778 232 0.002916 7
449 162 580 203 0.002740 7
1094 169 1201 241 0.002243 7
710 192 729 219 0.001981 7
810 159 858 182 0.001915 7
745 152 859 236 0.001702 7
1088 165 1279 233 0.001662 7
1088 205 1174 247 0.001492 7
531 171 622 213 0.001317 7
512 140 583 200 0.000995 7
542 183 624 217 0.000952 7
1095 164 1155 211 0.000934 7
448 128 536 180 0.000844 7
803 162 856 200 0.000823 7
1039 183 1192 248 0.000811 7
1068 208 1152 249 0.000781 7
510 163 654 213 0.000533 7
799 138 910 181 0.000474 7
1094 184 1163 226 0.000421 7
695 163 745 230 0.000416 7
585 177 655 217 0.000353 7
1024 162 1190 240 0.000298 7
681 75 939 237 0.000272 7
806 174 856 189 0.000182 7
634 174 732 221 0.000177 7
445 133 575 203 0.000169 7
838 137 985 226 0.000169 7
649 68 910 237 0.000140 7
516 154 686 233 0.000117 7
376 160 415 205 0.000116 7
153 177 206 229 0.000112 7
882 136 940 171 0.000112 7
1088 150 1103 178 0.269467 9
513 151 523 173 0.231198 9
596 116 626 163 0.015772 9
320 153 352 198 0.014982 9
693 182 702 207 0.014491 9
313 149 344 198 0.014209 9
1006 136 1016 171 0.013152 9
1016 156 1024 170 0.012771 9
330 163 352 199 0.012129 9
1014 135 1025 170 0.011278 9
449 158 484 171 0.010077 9
596 117 614 145 0.009308 9
1001 135 1011 175 0.008916 9
173 64 203 91 0.008857 9
1089 150 1111 177 0.008170 9
329 183 345 198 0.006651 9
694 176 702 184 0.006457 9
599 144 625 164 0.006417 9
895 156 906 172 0.005848 9
374 165 382 184 0.005815 9
1014 135 1026 146 0.005757 9
705 154 712 174 0.005665 9
120 64 166 75 0.004848 9
665 183 671 202 0.004659 9
607 148 625 164 0.004454 9
896 159 905 177 0.004052 9
366 165 376 187 0.003985 9
595 64 625 93 0.003811 9
698 82 718 128 0.003507 9
589 174 598 185 0.003225 9
681 162 689 183 0.003177 9
450 159 464 171 0.003139 9
312 120 364 198 0.003126 9
695 151 707 175 0.003002 9
1002 168 1008 178 0.002910 9
513 136 526 174 0.002867 9
587 118 598 139 0.002849 9
681 173 688 187 0.002647 9
610 155 624 171 0.002228 9
312 150 328 198 0.002184 9
692 168 703 180 0.002154 9
1183 164 1201 210 0.001993 9
879 154 894 174 0.001973 9
608 155 623 176 0.001890 9
663 174 670 192 0.001887 9
1183 164 1200 192 0.001858 9
808 157 859 184 0.001824 9
696 122 707 153 0.001700 9
807 162 817 186 0.001641 9
681 152 689 181 0.001639 9
862 165 869 179 0.001634 9
1080 146 1103 181 0.001476 9
686 151 693 172 0.001472 9
1213 166 1225 187 0.001405 9
702 173 712 184 0.001380 9
687 168 701 183 0.001346 9
686 171 704 198 0.001295 9
708 154 717 175 0.001249 9
699 126 714 155 0.001227 9
700 150 713 174 0.001227 9
836 75 849 93 0.001184 9
590 118 602 146 0.001177 9
580 64 597 97 0.001109 9
637 163 650 194 0.001108 9
888 146 907 174 0.001088 9
448 158 489 179 0.001065 9
1004 135 1026 173 0.001064 9
1110 192 1121 204 0.001039 9
239 177 246 190 0.001024 9
806 153 841 183 0.000968 9
699 117 713 129 0.000948 9
852 113 866 137 0.000940 9
678 65 694 119 0.000931 9
624 64 639 91 0.000919 9
356 218 370 229 0.000918 9
645 165 659 188 0.000915 9
651 182 663 205 0.000890 9
449 153 489 173 0.000859 9
681 150 689 170 0.000852 9
638 162 647 175 0.000849 9
172 64 225 92 0.000843 9
624 164 640 192 0.000813 9
833 77 846 93 0.000807 9
120 64 203 83 0.000806 9
352 156 363 195 0.000792 9
160 64 174 75 0.000787 9
804 183 814 199 0.000785 9
1001 170 1008 187 0.000784 9
1090 134 1106 177 0.000782 9
832 135 861 166 0.000711 9
1096 175 1104 201 0.000698 9
861 165 871 184 0.000683 9
806 150 813 159 0.000672 9
704 127 717 155 0.000670 9
257 145 269 159 0.000662 9
1003 151 1014 176 0.000655 9
707 114 718 129 0.000652 9
800 153 812 190 0.000636 9
679 67 692 106 0.000630 9
501 149 525 175 0.000621 9
661 169 671 185 0.000620 9
183 144 199 169 0.000605 9
170 144 181 170 0.000596 9
849 181 858 196 0.000596 9
586 169 594 184 0.000594 9
680 179 688 200 0.000586 9
801 151 810 159 0.000585 9
1224 165 1237 181 0.000579 9
800 153 816 208 0.000576 9
623 177 637 195 0.000573 9
833 125 843 134 0.000555 9
643 181 657 202 0.000540 9
696 67 716 121 0.000534 9
838 119 853 135 0.000513 9
1206 165 1221 193 0.000512 9
336 158 363 199 0.000504 9
312 135 339 194 0.000495 9
1086 184 1097 198 0.000494 9
606 171 617 184 0.000493 9
999 129 1008 136 0.000487 9
624 119 636 152 0.000485 9
691 119 709 131 0.000475 9
686 119 705 153 0.000460 9
692 105 717 157 0.000434 9
869 153 890 175 0.000431 9
582 64 596 71 0.000421 9
685 69 695 120 0.000408 9
898 154 909 174 0.000404 9
843 113 865 136 0.000404 9
880 137 940 174 0.000401 9
1074 130 1101 174 0.000400 9
1080 172 1091 185 0.000389 9
645 161 659 181 0.000387 9
96 184 104 202 0.000385 9
606 158 619 184 0.000377 9
710 148 719 173 0.000375 9
588 130 626 185 0.000371 9
583 94 600 139 0.000357 9
689 120 710 156 0.000353 9
624 135 633 156 0.000353 9
650 168 662 188 0.000349 9
513 135 528 150 0.000337 9
626 162 657 201 0.000327 9
687 68 714 136 0.000318 9
699 82 721 113 0.000318 9
1101 163 1154 185 0.000305 9
621 173 647 198 0.000303 9
845 149 858 167 0.000300 9
517 138 543 175 0.000291 9
612 148 631 167 0.000291 9
680 122 691 154 0.000287 9
590 64 661 159 0.000286 9
636 82 658 105 0.000284 9
585 110 600 139 0.000273 9
993 144 1000 163 0.000271 9
582 64 597 84 0.000269 9
1098 166 1123 205 0.000266 9
682 120 698 154 0.000265 9
545 142 551 155 0.000260 9
826 166 859 187 0.000250 9
109 148 127 168 0.000250 9
580 64 598 141 0.000245 9
590 64 655 94 0.000243 9
1013 154 1029 175 0.000242 9
993 138 1001 170 0.000240 9
905 136 939 149 0.000239 9
132 64 203 93 0.000234 9
1017 136 1031 157 0.000227 9
586 163 601 185 0.000225 9
209 66 241 86 0.000223 9
579 64 635 158 0.000222 9
1184 164 1211 194 0.000220 9
782 151 802 161 0.000215 9
849 162 870 199 0.000215 9
637 169 670 205 0.000215 9
1108 153 1118 170 0.000215 9
585 120 599 149 0.000212 9
624 64 640 79 0.000211 9
1016 141 1037 167 0.000211 9
662 167 692 189 0.000211 9
919 136 939 146 0.000205 9
1087 149 1104 193 0.000202 9
161 76 189 92 0.000201 9
0 148 6 188 0.000198 9
832 118 848 135 0.000191 9
712 86 730 131 0.000190 9
97 174 111 203 0.000183 9
743 152 752 163 0.000182 9
97 173 111 183 0.000181 9
716 82 730 113 0.000177 9
895 136 939 155 0.000177 9
702 157 716 176 0.000177 9
656 168 696 201 0.000175 9
718 150 727 160 0.000173 9
608 152 637 189 0.000171 9
1016 156 1031 170 0.000165 9
579 64 611 96 0.000165 9
1153 162 1171 184 0.000165 9
256 144 269 176 0.000164 9
854 160 871 188 0.000163 9
1005 130 1027 148 0.000163 9
210 68 219 86 0.000155 9
694 134 717 170 0.000153 9
621 160 650 189 0.000151 9
714 160 727 184 0.000150 9
888 163 919 179 0.000150 9
482 140 527 175 0.000146 9
905 129 911 138 0.000146 9
220 105 273 131 0.000146 9
717 113 730 130 0.000146 9
562 142 577 160 0.000145 9
699 64 714 87 0.000143 9
692 157 707 179 0.000143 9
650 123 660 151 0.000142 9
829 149 858 169 0.000138 9
1031 149 1040 160 0.000137 9
523 132 538 172 0.000136 9
1095 131 1111 175 0.000134 9
168 64 261 91 0.000134 9
322 91 332 121 0.000132 9
849 148 891 175 0.000128 9
688 119 708 135 0.000128 9
120 64 151 79 0.000127 9
697 64 714 97 0.000126 9
101 147 128 178 0.000125 9
323 64 363 111 0.000124 9
992 143 1004 173 0.000122 9
725 96 737 116 0.000121 9
663 152 671 173 0.000117 9
117 64 173 98 0.000116 9
1119 159 1155 169 0.000115 9
595 148 624 184 0.000111 9
1058 112 1076 167 0.000110 9
837 74 859 99 0.000109 9
256 79 268 96 0.000108 9
1126 161 1169 185 0.000105 9
1099 131 1110 150 0.000104 9
715 152 726 177 0.000103 9
339 64 366 111 0.000102 9
575 127 600 166 0.000100 9
324 109 366 163 0.169735 11
1050 110 1083 147 0.086895 11
531 248 601 280 0.001217 11
886 137 939 153 0.000468 11
415 64 440 121 0.000459 11
352 127 365 159 0.000173 11
1070 130 1090 153 0.000143 11
