664 197 703 285 0.808824 0
1159 202 1234 350 0.749674 0
1036 197 1060 253 0.471193 0
1173 189 1200 229 0.203632 0
555 172 570 199 0.067448 0
717 213 727 234 0.066539 0
1038 211 1057 256 0.058301 0
1039 196 1059 225 0.056894 0
253 208 266 241 0.050262 0
571 181 581 201 0.032416 0
1172 194 1187 230 0.031570 0
1036 188 1057 222 0.027716 0
1153 208 1208 344 0.025998 0
694 186 702 203 0.025854 0
948 273 960 297 0.024884 0
386 197 395 206 0.024468 0
213 190 224 226 0.023449 0
862 195 876 234 0.023161 0
873 155 897 176 0.021869 0
464 203 478 253 0.021278 0
521 193 527 208 0.021093 0
1034 201 1053 249 0.020551 0
645 198 654 214 0.020463 0
726 206 737 234 0.018882 0
560 175 580 201 0.017359 0
693 186 702 225 0.017232 0
306 183 324 198 0.016885 0
694 204 703 229 0.016610 0
633 201 645 217 0.016326 0
522 182 531 204 0.015963 0
1156 255 1216 346 0.015674 0
722 207 732 235 0.015177 0
1016 206 1024 224 0.014948 0
714 200 729 234 0.014902 0
738 201 745 213 0.014762 0
630 184 638 203 0.012912 0
383 182 395 205 0.012774 0
710 206 733 235 0.011218 0
717 196 728 225 0.011073 0
1219 216 1229 233 0.010626 0
513 195 520 211 0.010241 0
542 186 551 202 0.009162 0
1218 201 1228 231 0.009105 0
367 165 376 187 0.008835 0
518 193 528 222 0.008744 0
707 211 727 233 0.008739 0
847 201 857 224 0.008610 0
1030 214 1050 260 0.008120 0
1172 172 1203 235 0.007737 0
895 156 905 177 0.007645 0
785 197 793 213 0.007583 0
973 209 984 224 0.007433 0
1034 201 1048 223 0.007117 0
866 203 878 234 0.007028 0
987 207 998 223 0.006959 0
854 203 870 235 0.006667 0
513 184 523 211 0.006594 0
512 194 521 216 0.006450 0
625 182 635 200 0.006086 0
863 166 870 178 0.005913 0
514 192 532 246 0.005765 0
1038 184 1052 212 0.005764 0
1172 195 1222 249 0.005652 0
330 186 343 198 0.005550 0
878 210 891 234 0.005531 0
732 202 744 234 0.005367 0
521 182 542 211 0.005288 0
249 215 264 240 0.005138 0
984 208 995 225 0.005091 0
373 165 381 185 0.004836 0
465 189 483 237 0.004826 0
459 196 485 253 0.004780 0
475 225 488 252 0.004678 0
1034 197 1045 219 0.004526 0
126 598 146 652 0.004354 0
1241 197 1249 230 0.004221 0
1213 216 1230 254 0.004097 0
589 172 599 185 0.004079 0
1042 198 1061 234 0.003921 0
689 192 701 225 0.003893 0
253 197 268 240 0.003884 0
690 187 703 215 0.003838 0
565 185 581 216 0.003677 0
1170 197 1189 250 0.003609 0
1021 196 1063 255 0.003536 0
375 180 391 202 0.003508 0
586 171 594 185 0.003503 0
465 209 488 253 0.003412 0
642 193 652 215 0.003313 0
608 154 626 187 0.003294 0
341 186 354 198 0.003188 0
523 191 549 218 0.003177 0
466 188 484 216 0.003132 0
609 179 625 200 0.003074 0
351 187 358 198 0.003066 0
878 200 899 235 0.003046 0
860 190 871 214 0.002963 0
1273 203 1279 250 0.002892 0
672 222 704 283 0.002887 0
935 205 944 219 0.002868 0
645 193 657 213 0.002779 0
321 225 356 321 0.002571 0
1198 216 1230 264 0.002554 0
1208 201 1222 231 0.002527 0
1050 209 1073 247 0.002510 0
842 204 869 266 0.002306 0
221 184 231 220 0.002271 0
1194 384 1205 403 0.002255 0
717 200 739 234 0.002245 0
922 204 945 253 0.002212 0
611 170 625 187 0.002146 0
1051 192 1064 221 0.002067 0
216 184 230 227 0.002032 0
1202 216 1221 248 0.002024 0
609 154 625 171 0.002013 0
325 235 352 254 0.001992 0
1211 166 1227 216 0.001984 0
671 198 681 221 0.001972 0
294 673 313 703 0.001868 0
1183 167 1201 211 0.001836 0
784 194 792 208 0.001771 0
1199 189 1208 203 0.001766 0
307 171 325 199 0.001758 0
1059 203 1073 232 0.001736 0
25 406 66 452 0.001712 0
529 191 542 218 0.001667 0
881 198 905 238 0.001642 0
739 201 749 214 0.001642 0
463 217 478 269 0.001640 0
1032 179 1062 254 0.001586 0
653 200 662 215 0.001584 0
209 186 225 226 0.001577 0
1185 165 1201 193 0.001548 0
545 202 558 218 0.001548 0
37 412 66 446 0.001513 0
666 187 671 213 0.001511 0
347 186 358 198 0.001485 0
1172 202 1230 263 0.001393 0
0 363 125 699 0.001370 0
1191 384 1212 414 0.001368 0
362 164 375 188 0.001315 0
1212 171 1228 231 0.001289 0
1175 162 1219 233 0.001280 0
1000 189 1008 213 0.001278 0
857 200 873 266 0.001268 0
1182 202 1211 231 0.001250 0
627 173 639 199 0.001231 0
452 203 479 254 0.001211 0
621 201 647 220 0.001204 0
1194 192 1216 221 0.001184 0
1268 196 1279 248 0.001178 0
665 186 674 219 0.001148 0
687 233 704 280 0.001117 0
212 189 228 243 0.001104 0
1208 175 1221 203 0.001101 0
286 659 311 702 0.001087 0
465 224 481 257 0.001086 0
396 183 409 205 0.001031 0
1242 196 1261 233 0.000994 0
9 418 95 506 0.000992 0
846 187 875 235 0.000992 0
804 184 814 206 0.000976 0
631 188 651 213 0.000973 0
786 196 797 231 0.000954 0
364 165 382 198 0.000951 0
1195 202 1212 230 0.000945 0
670 195 700 231 0.000942 0
1169 216 1189 261 0.000928 0
298 199 358 350 0.000912 0
370 168 384 194 0.000895 0
221 182 231 194 0.000883 0
1054 195 1075 228 0.000859 0
363 154 380 188 0.000855 0
861 166 870 187 0.000852 0
1088 149 1110 210 0.000824 0
258 197 271 212 0.000798 0
287 654 314 685 0.000766 0
1199 207 1218 232 0.000759 0
635 182 649 204 0.000753 0
324 207 353 255 0.000734 0
250 209 267 250 0.000727 0
869 237 882 263 0.000720 0
598 170 609 185 0.000708 0
0 405 61 455 0.000707 0
461 203 486 274 0.000702 0
574 309 594 352 0.000698 0
1142 238 1244 361 0.000697 0
208 399 224 409 0.000690 0
901 202 912 242 0.000686 0
405 180 419 205 0.000683 0
286 664 302 703 0.000679 0
784 197 794 235 0.000668 0
509 184 535 219 0.000657 0
573 299 597 389 0.000648 0
715 192 728 216 0.000646 0
650 190 662 215 0.000604 0
379 198 395 216 0.000603 0
1197 384 1218 405 0.000593 0
284 647 320 678 0.000576 0
370 163 381 190 0.000568 0
242 195 265 235 0.000565 0
280 610 328 648 0.000547 0
910 250 925 295 0.000542 0
353 185 374 199 0.000540 0
266 215 278 236 0.000540 0
1059 234 1078 285 0.000523 0
848 177 858 218 0.000520 0
972 208 1005 253 0.000499 0
1050 230 1075 296 0.000493 0
19 441 90 500 0.000487 0
980 201 997 224 0.000476 0
986 198 1003 223 0.000449 0
515 225 534 246 0.000443 0
241 208 254 238 0.000439 0
1166 185 1191 224 0.000438 0
667 201 724 279 0.000430 0
85 220 94 235 0.000426 0
674 179 706 216 0.000425 0
284 631 332 664 0.000422 0
73 455 91 496 0.000420 0
38 416 74 473 0.000416 0
286 632 323 648 0.000416 0
463 245 479 271 0.000402 0
414 250 421 270 0.000391 0
1098 164 1118 206 0.000390 0
319 247 346 320 0.000390 0
0 153 7 204 0.000388 0
893 158 911 178 0.000380 0
850 183 873 225 0.000374 0
133 622 145 652 0.000373 0
1218 200 1244 232 0.000368 0
43 450 91 498 0.000362 0
607 169 632 198 0.000357 0
576 300 594 323 0.000343 0
1191 384 1220 422 0.000339 0
605 152 631 197 0.000334 0
319 234 331 278 0.000326 0
358 147 376 189 0.000323 0
803 182 830 233 0.000320 0
1032 233 1076 297 0.000305 0
1102 166 1122 200 0.000305 0
193 396 225 411 0.000299 0
28 396 68 441 0.000297 0
314 216 347 322 0.000296 0
517 194 548 230 0.000294 0
143 514 292 652 0.000283 0
902 198 938 251 0.000281 0
1197 374 1227 408 0.000275 0
240 194 256 238 0.000270 0
11 385 67 448 0.000259 0
40 395 100 464 0.000256 0
807 171 816 186 0.000252 0
37 391 119 448 0.000244 0
1187 207 1207 231 0.000243 0
285 643 337 686 0.000243 0
294 675 326 703 0.000241 0
0 454 20 531 0.000237 0
408 250 416 272 0.000234 0
384 183 401 206 0.000233 0
319 251 342 350 0.000228 0
858 164 875 215 0.000224 0
318 223 351 278 0.000218 0
850 148 895 174 0.000216 0
322 233 353 288 0.000215 0
354 204 378 231 0.000214 0
666 195 676 228 0.000213 0
345 190 381 314 0.000207 0
575 329 593 392 0.000204 0
226 201 287 266 0.000204 0
630 165 640 188 0.000203 0
325 189 373 286 0.000202 0
452 220 469 263 0.000194 0
277 602 314 649 0.000193 0
95 188 106 207 0.000189 0
76 442 109 501 0.000187 0
728 203 755 234 0.000181 0
0 437 9 467 0.000179 0
37 393 82 442 0.000179 0
373 172 405 206 0.000179 0
963 370 980 407 0.000174 0
0 423 16 527 0.000167 0
951 183 960 206 0.000166 0
0 457 13 530 0.000165 0
147 625 166 641 0.000162 0
451 209 577 278 0.000161 0
162 186 183 208 0.000160 0
86 497 197 643 0.000153 0
912 248 920 270 0.000152 0
0 435 14 502 0.000151 0
664 185 684 215 0.000151 0
256 195 280 240 0.000150 0
575 286 596 347 0.000148 0
0 201 8 207 0.000148 0
142 624 163 649 0.000147 0
578 64 599 159 0.000146 0
194 187 201 207 0.000143 0
460 227 508 271 0.000140 0
929 369 992 430 0.000140 0
212 180 249 239 0.000140 0
600 342 611 356 0.000139 0
0 392 42 455 0.000133 0
307 184 326 206 0.000133 0
205 393 225 409 0.000131 0
634 161 659 202 0.000130 0
0 387 32 415 0.000129 0
0 411 25 457 0.000128 0
988 186 1009 218 0.000126 0
0 402 12 462 0.000126 0
179 173 231 222 0.000125 0
56 429 108 508 0.000123 0
354 228 374 318 0.000123 0
207 402 224 413 0.000122 0
413 180 426 204 0.000122 0
852 159 871 192 0.000121 0
0 387 30 431 0.000119 0
319 248 357 348 0.000118 0
728 190 747 216 0.000116 0
96 497 251 647 0.000114 0
296 197 336 304 0.000113 0
1012 183 1058 218 0.000111 0
0 406 66 498 0.000109 0
353 201 386 322 0.000103 0
383 196 414 215 0.000103 0
361 147 374 181 0.000100 0
1146 276 1241 369 0.706293 1
829 238 861 280 0.060826 1
1040 222 1069 260 0.050855 1
1001 233 1041 261 0.043083 1
1147 288 1181 357 0.039501 1
1035 219 1061 259 0.031024 1
1042 220 1064 252 0.025600 1
1018 239 1041 261 0.025441 1
829 236 891 281 0.025086 1
1148 283 1182 335 0.024509 1
1150 270 1191 342 0.022930 1
1009 225 1046 261 0.017977 1
709 212 727 234 0.015747 1
1024 234 1073 262 0.015633 1
550 200 574 217 0.014984 1
547 201 562 217 0.014168 1
829 223 869 280 0.013024 1
829 233 925 286 0.011589 1
1185 285 1217 344 0.010731 1
1161 284 1217 346 0.010005 1
1000 223 1071 261 0.009869 1
1020 226 1078 258 0.009577 1
1165 284 1239 356 0.009513 1
832 210 902 282 0.008704 1
533 203 549 218 0.008445 1
1051 221 1073 252 0.007828 1
943 276 959 303 0.007803 1
674 251 697 284 0.007540 1
852 201 874 235 0.007160 1
544 202 555 218 0.006919 1
562 200 579 215 0.006023 1
542 198 560 218 0.005861 1
1043 228 1080 258 0.005768 1
1103 297 1181 360 0.005601 1
677 241 702 284 0.005577 1
632 201 649 217 0.005170 1
1105 311 1133 332 0.004670 1
1126 293 1173 355 0.004606 1
1192 262 1219 337 0.004544 1
1153 277 1184 325 0.004316 1
792 238 856 281 0.004226 1
1151 280 1200 358 0.004166 1
1048 223 1091 252 0.003520 1
1056 213 1096 244 0.003319 1
1105 277 1181 345 0.003061 1
1040 236 1078 261 0.003004 1
1203 287 1242 357 0.002971 1
838 207 873 241 0.002608 1
1150 308 1178 357 0.002580 1
520 185 555 218 0.002363 1
819 238 853 279 0.002326 1
931 282 955 304 0.002286 1
1034 208 1076 254 0.001997 1
909 268 928 298 0.001937 1
1105 311 1142 338 0.001923 1
874 213 891 244 0.001852 1
897 262 926 296 0.001846 1
922 272 960 302 0.001829 1
873 203 905 244 0.001820 1
877 260 907 286 0.001794 1
870 226 892 262 0.001782 1
864 240 897 285 0.001724 1
868 248 910 285 0.001691 1
1188 290 1241 369 0.001551 1
687 234 703 284 0.001403 1
903 267 921 296 0.001401 1
893 264 908 293 0.001353 1
917 211 943 254 0.001348 1
1105 301 1137 331 0.001331 1
1137 300 1170 353 0.001304 1
1135 237 1243 363 0.001208 1
1173 316 1238 369 0.001138 1
1023 309 1136 339 0.001102 1
868 238 886 269 0.001102 1
846 224 858 260 0.001088 1
842 216 861 246 0.001051 1
1135 288 1172 335 0.001048 1
799 213 862 280 0.001038 1
1098 302 1237 372 0.001010 1
827 199 938 283 0.001002 1
808 244 837 282 0.000982 1
893 264 905 286 0.000942 1
923 237 942 254 0.000897 1
879 259 929 295 0.000886 1
1105 311 1162 347 0.000813 1
871 259 893 285 0.000810 1
1169 281 1205 354 0.000800 1
852 229 884 279 0.000773 1
862 253 893 284 0.000772 1
1198 286 1222 321 0.000755 1
1027 233 1079 283 0.000703 1
1152 328 1179 357 0.000658 1
912 268 931 312 0.000631 1
1213 303 1243 350 0.000611 1
790 256 832 282 0.000575 1
863 245 971 294 0.000545 1
1016 308 1152 362 0.000523 1
1004 275 1246 376 0.000500 1
857 226 874 276 0.000489 1
834 219 853 241 0.000468 1
782 240 905 341 0.000465 1
928 275 959 313 0.000453 1
927 284 941 309 0.000450 1
1136 322 1170 355 0.000415 1
1158 331 1193 360 0.000380 1
921 274 985 303 0.000373 1
828 244 856 294 0.000370 1
808 261 833 282 0.000368 1
576 300 595 347 0.000361 1
1110 277 1152 332 0.000361 1
884 267 898 287 0.000343 1
535 202 556 220 0.000340 1
822 241 928 343 0.000335 1
1169 254 1245 352 0.000324 1
826 252 871 297 0.000315 1
894 277 908 297 0.000300 1
826 258 932 314 0.000283 1
1205 354 1233 388 0.000282 1
1024 279 1140 333 0.000267 1
1183 343 1237 389 0.000259 1
1222 249 1241 265 0.000251 1
1018 227 1254 352 0.000243 1
1008 226 1133 276 0.000243 1
744 268 893 343 0.000242 1
1202 330 1239 369 0.000231 1
923 272 964 326 0.000219 1
1107 269 1248 426 0.000217 1
867 228 1000 292 0.000198 1
699 218 725 236 0.000184 1
1225 304 1246 350 0.000182 1
1211 252 1239 278 0.000169 1
1167 326 1199 363 0.000165 1
765 252 817 282 0.000157 1
877 266 961 335 0.000151 1
1042 252 1073 295 0.000146 1
784 254 811 282 0.000146 1
1143 260 1263 449 0.000127 1
828 257 894 299 0.000126 1
1045 230 1076 298 0.000121 1
1076 310 1207 385 0.000118 1
1235 316 1249 351 0.000113 1
1166 328 1232 377 0.000112 1
523 182 536 195 0.087403 2
479 172 532 215 0.044475 2
522 181 549 200 0.034055 2
1138 231 1173 247 0.029072 2
480 173 515 209 0.028575 2
991 218 1073 256 0.027754 2
522 175 575 200 0.027682 2
522 170 552 193 0.025515 2
480 174 502 202 0.024817 2
1269 195 1279 234 0.023394 2
475 198 514 217 0.022684 2
864 177 956 252 0.020547 2
1256 194 1279 229 0.019103 2
1003 214 1024 228 0.018491 2
480 174 495 197 0.018144 2
586 184 622 216 0.018011 2
542 160 580 179 0.017759 2
1081 210 1124 247 0.017011 2
1089 207 1123 232 0.016823 2
1081 213 1122 235 0.016222 2
449 155 522 179 0.015580 2
1097 214 1132 248 0.015359 2
863 177 948 225 0.014755 2
1106 215 1174 249 0.013173 2
697 203 726 230 0.012819 2
449 156 489 172 0.012663 2
106 697 129 703 0.012585 2
589 184 621 201 0.012278 2
972 221 1017 252 0.011619 2
476 183 516 217 0.011347 2
1273 199 1279 235 0.010400 2
1014 213 1024 227 0.010189 2
477 179 500 216 0.009636 2
469 195 497 217 0.009481 2
1003 207 1024 226 0.009339 2
1267 192 1279 217 0.009017 2
801 210 848 240 0.008934 2
553 171 580 200 0.008899 2
468 189 505 217 0.008862 2
1071 205 1122 231 0.008519 2
1240 179 1279 230 0.008514 2
1069 211 1101 232 0.008452 2
1084 220 1105 232 0.008415 2
1105 216 1140 248 0.008037 2
1022 212 1039 226 0.008001 2
1003 217 1025 249 0.007973 2
1007 214 1025 234 0.007877 2
489 177 533 209 0.007076 2
522 170 549 185 0.007051 2
516 177 538 198 0.006987 2
1021 205 1044 222 0.006938 2
448 157 490 180 0.006778 2
433 171 445 197 0.006369 2
517 182 542 210 0.006184 2
1124 220 1177 247 0.005721 2
702 210 722 229 0.005588 2
1102 221 1129 248 0.005439 2
513 178 527 199 0.005363 2
913 180 954 209 0.004805 2
514 181 526 215 0.004735 2
992 212 1023 228 0.004729 2
1052 216 1124 244 0.004625 2
305 178 324 198 0.004590 2
492 192 517 215 0.004473 2
294 177 322 198 0.004409 2
1003 211 1050 258 0.004408 2
1260 170 1279 183 0.004399 2
1068 229 1092 252 0.004206 2
1242 196 1256 231 0.004116 2
1071 218 1099 233 0.004044 2
496 183 515 208 0.004032 2
1048 235 1084 253 0.003830 2
395 199 409 205 0.003825 2
1018 198 1043 214 0.003757 2
1066 213 1176 250 0.003618 2
291 176 313 197 0.003570 2
698 213 720 234 0.003279 2
1008 215 1126 253 0.003144 2
455 181 486 217 0.003037 2
1257 171 1279 203 0.002958 2
465 186 483 216 0.002893 2
887 177 949 208 0.002822 2
1102 225 1121 249 0.002653 2
1065 241 1081 255 0.002506 2
1070 224 1101 249 0.002432 2
1251 170 1279 217 0.002367 2
1023 200 1125 239 0.002191 2
934 198 954 207 0.002087 2
432 169 466 190 0.002050 2
743 201 769 215 0.002024 2
119 224 135 236 0.002021 2
1025 221 1153 255 0.002018 2
514 176 524 192 0.002015 2
453 203 467 219 0.001998 2
997 207 1013 223 0.001996 2
450 192 477 219 0.001988 2
1252 206 1276 232 0.001949 2
893 185 952 249 0.001945 2
1016 231 1088 256 0.001880 2
1014 198 1032 221 0.001795 2
515 174 582 211 0.001784 2
567 174 581 200 0.001710 2
1068 221 1120 249 0.001631 2
452 203 472 223 0.001609 2
564 160 581 182 0.001591 2
415 171 447 203 0.001584 2
915 187 951 251 0.001568 2
860 177 940 206 0.001559 2
123 599 146 635 0.001556 2
448 157 498 190 0.001523 2
1209 201 1224 222 0.001468 2
1273 208 1279 256 0.001424 2
907 178 941 204 0.001416 2
820 203 878 240 0.001408 2
446 202 467 221 0.001396 2
873 194 944 245 0.001380 2
1227 180 1269 234 0.001368 2
435 166 465 183 0.001365 2
455 179 516 218 0.001309 2
1216 201 1225 210 0.001284 2
1163 230 1177 247 0.001249 2
877 199 899 234 0.001163 2
326 235 352 255 0.001162 2
433 198 468 220 0.001127 2
1248 168 1279 182 0.001080 2
828 227 843 240 0.001080 2
320 200 354 255 0.001062 2
355 217 370 229 0.001024 2
1086 207 1144 233 0.001013 2
447 160 466 181 0.001002 2
649 198 662 215 0.000999 2
465 180 485 207 0.000975 2
604 172 625 185 0.000950 2
1272 229 1279 258 0.000950 2
926 195 977 249 0.000921 2
926 183 955 207 0.000915 2
973 208 1023 253 0.000904 2
439 165 488 217 0.000901 2
823 216 857 240 0.000871 2
833 139 906 172 0.000860 2
804 205 867 240 0.000853 2
1235 169 1279 200 0.000732 2
1262 227 1279 254 0.000706 2
701 201 748 235 0.000699 2
1005 199 1024 218 0.000693 2
572 177 619 214 0.000688 2
1086 196 1099 210 0.000684 2
463 257 479 271 0.000664 2
430 178 482 218 0.000664 2
348 196 393 207 0.000662 2
1215 196 1279 257 0.000657 2
742 201 781 224 0.000656 2
110 223 137 242 0.000651 2
0 362 119 449 0.000646 2
353 189 374 200 0.000640 2
372 197 394 206 0.000632 2
744 202 775 233 0.000632 2
1232 171 1247 181 0.000624 2
479 160 524 201 0.000618 2
326 198 372 254 0.000614 2
432 174 479 207 0.000610 2
1229 197 1250 231 0.000580 2
1216 200 1229 231 0.000570 2
937 205 980 248 0.000562 2
297 194 393 213 0.000559 2
450 191 487 252 0.000552 2
354 199 388 228 0.000535 2
962 206 982 221 0.000529 2
348 203 372 228 0.000523 2
112 223 133 236 0.000520 2
1075 197 1095 212 0.000507 2
353 197 389 216 0.000495 2
472 144 526 176 0.000491 2
436 204 452 220 0.000490 2
1168 208 1184 247 0.000470 2
399 198 418 205 0.000467 2
319 208 332 246 0.000459 2
407 175 444 205 0.000452 2
353 187 381 202 0.000443 2
447 180 481 214 0.000437 2
433 199 453 209 0.000427 2
333 197 388 229 0.000417 2
1093 189 1121 210 0.000410 2
192 393 217 403 0.000404 2
1219 182 1256 232 0.000381 2
432 194 449 206 0.000368 2
1 431 112 542 0.000357 2
327 202 372 235 0.000352 2
1245 167 1263 181 0.000345 2
1152 183 1190 216 0.000340 2
756 202 789 235 0.000339 2
357 204 382 221 0.000312 2
496 241 521 251 0.000308 2
595 163 617 185 0.000300 2
741 200 793 234 0.000296 2
382 181 409 205 0.000292 2
1087 189 1097 203 0.000291 2
853 191 967 268 0.000290 2
1077 190 1093 205 0.000287 2
936 194 961 209 0.000286 2
945 207 979 223 0.000281 2
574 271 602 336 0.000277 2
25 460 89 501 0.000271 2
1063 196 1089 225 0.000265 2
965 200 997 223 0.000264 2
517 148 544 177 0.000257 2
587 162 604 186 0.000256 2
391 181 413 205 0.000249 2
999 193 1059 233 0.000242 2
561 160 605 187 0.000231 2
271 176 321 199 0.000223 2
1216 168 1257 215 0.000222 2
704 304 769 336 0.000218 2
846 136 894 147 0.000212 2
410 178 427 204 0.000212 2
574 284 610 371 0.000210 2
772 199 793 225 0.000193 2
1069 190 1094 211 0.000192 2
414 203 452 226 0.000178 2
866 153 933 209 0.000177 2
1156 184 1173 211 0.000166 2
82 223 145 255 0.000165 2
1093 208 1154 240 0.000162 2
1122 231 1176 255 0.000158 2
122 213 148 237 0.000154 2
590 158 623 185 0.000146 2
20 225 63 241 0.000144 2
477 201 518 222 0.000142 2
447 145 521 175 0.000140 2
422 205 453 230 0.000138 2
33 693 58 703 0.000136 2
909 177 930 187 0.000129 2
274 182 294 193 0.000127 2
397 177 419 205 0.000125 2
1005 190 1046 216 0.000125 2
432 160 474 185 0.000122 2
32 225 63 238 0.000111 2
61 223 113 249 0.000107 2
953 215 1238 326 0.000105 2
853 136 908 150 0.000104 2
103 235 160 263 0.000103 2
103 250 152 265 0.000101 2
1215 171 1231 231 0.000100 2
526 161 580 200 0.040354 5
449 153 522 181 0.026996 5
830 135 937 173 0.019958 5
805 135 940 240 0.013751 5
1226 169 1279 230 0.011390 5
828 135 903 168 0.009184 5
472 148 525 177 0.003163 5
539 185 655 220 0.002371 5
449 128 526 180 0.001447 5
839 135 953 220 0.001218 5
1150 195 1278 345 0.000475 5
846 137 939 160 0.000373 5
526 131 580 200 0.000299 5
446 134 527 208 0.000279 5
1166 175 1280 285 0.000201 5
299 197 389 280 0.000138 5
541 146 581 181 0.000126 5
0 361 119 530 0.117798 6
0 362 333 701 0.015500 6
0 361 120 646 0.002351 6
361 64 463 206 0.000109 6
801 138 941 243 0.395465 7
801 158 857 240 0.174249 7
529 159 581 201 0.058098 7
864 177 956 253 0.044040 7
802 163 983 255 0.041631 7
715 153 860 238 0.028057 7
698 145 941 242 0.023042 7
1093 173 1201 248 0.019888 7
801 195 854 240 0.019029 7
444 151 520 184 0.017082 7
810 176 948 233 0.016922 7
523 170 566 199 0.014275 7
586 184 650 217 0.011259 7
1228 173 1279 231 0.008875 7
1108 215 1182 249 0.008851 7
802 182 880 240 0.005910 7
448 153 520 200 0.005886 7
828 135 902 168 0.005484 7
690 189 733 230 0.005380 7
889 178 981 256 0.004892 7
693 152 805 225 0.004576 7
1084 196 1176 248 0.004423 7
1102 185 1234 254 0.004238 7
1183 171 1279 233 0.004184 7
1259 181 1279 230 0.004011 7
448 169 521 214 0.004002 7
449 155 499 177 0.003804 7
457 145 526 180 0.003524 7
305 201 458 345 0.003509 7
861 177 939 206 0.003242 7
311 199 392 331 0.003223 7
860 203 1064 259 0.002826 7
806 159 856 190 0.002710 7
1072 207 1162 238 0.002706 7
1093 166 1279 246 0.002623 7
798 135 1048 259 0.002490 7
451 158 581 203 0.002248 7
863 177 934 238 0.002218 7
992 205 1195 253 0.001865 7
907 205 989 257 0.001815 7
699 195 739 234 0.001797 7
531 180 659 220 0.001790 7
548 174 580 203 0.001730 7
663 150 976 268 0.001572 7
1087 162 1161 238 0.001447 7
745 201 793 237 0.001264 7
539 167 596 204 0.001226 7
979 197 1074 257 0.001176 7
877 197 901 235 0.001070 7
527 161 662 209 0.000932 7
673 85 949 241 0.000911 7
449 128 528 181 0.000831 7
348 200 392 324 0.000813 7
694 201 796 237 0.000798 7
805 171 1112 289 0.000796 7
521 154 579 191 0.000789 7
737 180 860 239 0.000747 7
817 172 969 285 0.000694 7
829 135 870 166 0.000647 7
803 175 858 222 0.000628 7
811 159 857 178 0.000611 7
699 184 730 203 0.000607 7
385 177 448 206 0.000540 7
299 135 411 344 0.000500 7
626 152 951 269 0.000488 7
393 203 457 292 0.000418 7
429 174 487 210 0.000412 7
386 201 523 308 0.000367 7
1122 183 1174 219 0.000333 7
306 103 461 349 0.000317 7
602 168 669 213 0.000307 7
835 136 991 218 0.000286 7
725 152 806 205 0.000269 7
1085 188 1123 232 0.000259 7
382 182 472 207 0.000225 7
538 166 913 238 0.000223 7
731 204 854 239 0.000216 7
338 177 535 242 0.000208 7
1064 115 1212 250 0.000202 7
534 184 756 226 0.000190 7
1006 187 1053 218 0.000187 7
669 155 991 329 0.000177 7
1101 162 1156 185 0.000166 7
1137 183 1186 218 0.000163 7
726 139 884 222 0.000142 7
1254 162 1279 231 0.000142 7
810 126 942 169 0.000141 7
732 174 791 209 0.000132 7
75 495 179 644 0.000129 7
1016 113 1177 254 0.000126 7
618 170 680 219 0.000122 7
387 192 417 206 0.000122 7
600 179 640 214 0.000122 7
488 184 679 271 0.000109 7
578 157 630 212 0.000108 7
216 174 329 217 0.000100 7
514 151 523 171 0.109971 9
1088 150 1104 178 0.075259 9
310 147 349 198 0.026214 9
1006 136 1015 173 0.016296 9
310 129 362 198 0.010656 9
1001 135 1012 178 0.009490 9
450 159 464 170 0.009229 9
1208 169 1218 201 0.008032 9
596 129 605 145 0.007541 9
327 163 352 199 0.007420 9
1211 167 1224 200 0.006515 9
372 165 381 184 0.006295 9
694 179 702 203 0.005274 9
1002 168 1008 179 0.005197 9
311 149 329 198 0.005031 9
1051 110 1084 146 0.004764 9
694 176 702 188 0.004472 9
328 181 344 198 0.004416 9
611 153 625 168 0.004210 9
170 64 203 91 0.003992 9
308 174 350 199 0.003608 9
319 154 344 198 0.003548 9
1127 165 1149 185 0.003279 9
1004 144 1014 177 0.003027 9
596 118 605 146 0.002889 9
1110 192 1120 205 0.002728 9
587 118 598 143 0.002591 9
704 163 713 181 0.002574 9
705 155 713 175 0.002564 9
1093 131 1108 176 0.002560 9
515 154 525 177 0.002447 9
595 64 629 93 0.002248 9
1015 155 1023 170 0.002205 9
511 146 525 176 0.002202 9
756 134 765 153 0.002191 9
516 140 527 175 0.002186 9
1097 131 1107 149 0.002070 9
609 141 626 162 0.002055 9
1015 136 1025 146 0.001981 9
586 169 593 184 0.001936 9
1154 162 1168 183 0.001908 9
590 118 604 147 0.001885 9
1188 163 1201 188 0.001870 9
889 153 906 170 0.001857 9
1002 170 1008 186 0.001797 9
609 125 625 157 0.001751 9
666 184 671 204 0.001745 9
588 165 599 185 0.001606 9
1096 197 1102 208 0.001578 9
448 159 480 178 0.001519 9
1231 168 1247 181 0.001516 9
1224 165 1231 183 0.001458 9
257 144 268 159 0.001432 9
599 117 625 158 0.001431 9
703 173 712 183 0.001398 9
664 170 670 187 0.001360 9
1014 136 1024 153 0.001324 9
120 64 161 77 0.001288 9
888 137 937 170 0.001261 9
834 144 854 165 0.001258 9
1001 179 1008 204 0.001251 9
1014 135 1024 170 0.001182 9
357 219 370 229 0.001072 9
1211 165 1231 202 0.001028 9
581 64 596 93 0.001002 9
692 170 702 182 0.000995 9
696 120 709 152 0.000845 9
699 124 714 154 0.000824 9
831 135 860 166 0.000800 9
688 169 700 184 0.000769 9
595 134 624 160 0.000769 9
686 169 703 204 0.000766 9
833 148 843 163 0.000762 9
646 164 660 186 0.000759 9
1095 173 1105 206 0.000754 9
1010 135 1021 169 0.000750 9
96 182 106 205 0.000733 9
841 147 858 167 0.000733 9
1147 161 1168 185 0.000703 9
699 84 716 126 0.000682 9
717 154 727 171 0.000660 9
568 149 579 162 0.000625 9
897 154 909 174 0.000620 9
165 64 175 76 0.000609 9
678 67 692 126 0.000602 9
853 115 866 136 0.000599 9
1195 165 1211 197 0.000599 9
1185 165 1215 204 0.000596 9
638 161 646 173 0.000595 9
147 64 173 76 0.000578 9
335 157 359 199 0.000568 9
351 153 363 194 0.000539 9
681 165 690 187 0.000538 9
832 163 858 185 0.000533 9
1096 187 1104 208 0.000533 9
174 64 217 92 0.000530 9
1078 147 1105 181 0.000527 9
637 162 648 188 0.000518 9
183 144 198 168 0.000518 9
651 167 661 183 0.000511 9
697 77 713 120 0.000508 9
701 151 713 174 0.000500 9
848 179 858 192 0.000497 9
694 151 706 179 0.000491 9
1103 152 1118 172 0.000490 9
718 151 726 162 0.000483 9
110 149 127 166 0.000466 9
1089 181 1098 195 0.000463 9
709 85 719 112 0.000462 9
624 130 634 153 0.000457 9
129 64 202 85 0.000450 9
701 118 713 129 0.000446 9
999 129 1007 136 0.000436 9
871 137 938 155 0.000430 9
754 130 764 153 0.000426 9
582 64 596 73 0.000423 9
588 121 603 159 0.000418 9
1150 126 1160 136 0.000409 9
681 169 689 193 0.000403 9
709 154 719 179 0.000389 9
585 120 599 148 0.000385 9
610 151 629 177 0.000379 9
1100 183 1121 206 0.000370 9
651 181 663 202 0.000367 9
869 125 880 137 0.000365 9
1103 164 1120 186 0.000364 9
815 161 857 178 0.000356 9
624 64 639 92 0.000352 9
686 119 705 153 0.000341 9
623 138 630 156 0.000335 9
1124 160 1155 187 0.000331 9
305 109 374 199 0.000327 9
823 159 857 172 0.000316 9
865 123 872 136 0.000313 9
684 120 696 153 0.000304 9
1080 171 1092 184 0.000303 9
449 150 490 171 0.000298 9
1098 166 1122 206 0.000288 9
680 178 687 200 0.000286 9
716 156 728 183 0.000285 9
649 123 660 159 0.000283 9
597 148 615 164 0.000280 9
567 144 578 162 0.000279 9
691 119 709 130 0.000278 9
702 120 717 154 0.000278 9
634 162 660 202 0.000275 9
304 109 378 344 0.000271 9
240 178 246 191 0.000264 9
684 149 693 175 0.000259 9
643 180 659 203 0.000255 9
906 136 938 155 0.000252 9
582 64 597 81 0.000252 9
135 64 171 79 0.000252 9
998 130 1009 174 0.000248 9
578 80 586 108 0.000244 9
809 161 858 186 0.000243 9
712 149 722 173 0.000242 9
1026 150 1041 161 0.000237 9
453 222 468 253 0.000234 9
591 64 651 94 0.000232 9
680 149 690 169 0.000230 9
638 120 654 163 0.000227 9
990 182 1001 210 0.000227 9
684 68 696 120 0.000226 9
844 115 866 136 0.000214 9
580 64 597 110 0.000214 9
1226 158 1250 180 0.000211 9
706 117 717 129 0.000209 9
642 169 669 201 0.000208 9
304 165 389 224 0.000205 9
1090 151 1116 178 0.000203 9
685 151 696 191 0.000200 9
951 182 960 205 0.000188 9
681 123 690 153 0.000186 9
0 147 6 199 0.000185 9
698 68 710 106 0.000184 9
680 152 690 187 0.000183 9
694 115 717 157 0.000181 9
624 64 639 75 0.000178 9
96 169 106 178 0.000178 9
171 144 182 169 0.000175 9
1109 184 1127 208 0.000174 9
256 83 265 97 0.000172 9
1006 133 1024 165 0.000171 9
697 72 721 128 0.000168 9
624 118 637 152 0.000168 9
835 77 849 95 0.000166 9
96 175 110 205 0.000164 9
993 141 1000 167 0.000163 9
1205 158 1226 203 0.000163 9
1002 169 1013 185 0.000162 9
993 150 1001 170 0.000161 9
96 171 107 183 0.000161 9
574 135 581 145 0.000160 9
1108 151 1119 169 0.000156 9
580 74 600 143 0.000155 9
1102 164 1141 186 0.000152 9
587 140 608 185 0.000149 9
867 119 880 137 0.000147 9
319 204 331 233 0.000142 9
1012 152 1025 175 0.000142 9
648 135 658 164 0.000141 9
51 184 63 206 0.000138 9
1100 178 1128 208 0.000138 9
665 181 687 206 0.000136 9
993 165 1007 180 0.000133 9
320 204 329 220 0.000130 9
341 64 363 111 0.000127 9
699 80 721 113 0.000127 9
639 87 659 104 0.000124 9
681 65 712 155 0.000123 9
1018 149 1041 162 0.000120 9
521 148 543 175 0.000119 9
161 75 194 92 0.000116 9
877 127 893 138 0.000116 9
625 118 640 162 0.000111 9
834 79 844 93 0.000109 9
301 176 379 207 0.000107 9
1182 161 1202 191 0.000107 9
256 143 269 179 0.000106 9
839 116 853 134 0.000106 9
1072 181 1097 206 0.000105 9
848 116 873 137 0.000103 9
101 148 128 178 0.000103 9
0 145 6 177 0.000103 9
683 106 712 182 0.000102 9
544 140 552 158 0.000100 9
224 110 267 130 0.000100 9
324 109 367 164 0.093244 11
1051 109 1084 147 0.031993 11
415 64 440 123 0.000317 11
416 64 434 110 0.000179 11
358 146 372 164 0.000122 11
352 126 366 159 0.000120 11
