608 202 654 292 0.777132 0
759 194 792 277 0.643546 0
955 194 982 253 0.550611 0
960 196 981 230 0.082997 0
670 210 680 233 0.070365 0
261 201 277 242 0.067324 0
954 197 974 259 0.058048 0
758 198 784 233 0.054527 0
307 183 324 198 0.053139 0
785 197 794 232 0.050145 0
968 195 982 224 0.049423 0
715 212 728 234 0.043456 0
1167 236 1175 249 0.041274 0
555 172 568 199 0.039998 0
693 209 702 233 0.039826 0
1178 234 1186 249 0.039303 0
520 192 526 208 0.029991 0
968 191 983 210 0.028992 0
381 196 396 206 0.025234 0
865 207 874 235 0.025233 0
957 197 976 224 0.023418 0
964 372 980 391 0.022851 0
214 194 224 227 0.021306 0
574 183 581 201 0.020756 0
952 214 972 261 0.020125 0
773 197 793 257 0.020057 0
375 183 388 204 0.019384 0
566 179 579 202 0.017962 0
787 197 798 235 0.017522 0
545 203 555 218 0.016700 0
781 197 794 236 0.015891 0
1212 190 1223 211 0.015859 0
865 444 876 455 0.015551 0
993 201 999 221 0.015550 0
513 192 521 209 0.015390 0
386 198 396 206 0.013516 0
720 211 731 235 0.013331 0
693 184 702 227 0.012857 0
670 210 687 233 0.012060 0
331 185 343 199 0.011745 0
633 200 655 216 0.011259 0
772 194 784 208 0.010869 0
544 199 557 218 0.010460 0
543 189 551 202 0.010460 0
768 199 788 234 0.010413 0
848 201 859 234 0.010055 0
513 186 523 210 0.009972 0
1057 218 1071 244 0.009774 0
756 209 778 233 0.009474 0
375 181 396 204 0.009450 0
640 200 655 214 0.009238 0
692 216 704 237 0.009150 0
981 200 994 224 0.009077 0
1039 205 1050 229 0.008860 0
666 200 678 232 0.008659 0
725 206 736 235 0.008510 0
954 204 969 227 0.008249 0
632 201 647 218 0.008209 0
521 185 527 208 0.008174 0
1204 408 1216 423 0.008110 0
936 205 945 217 0.007887 0
633 204 646 231 0.007743 0
1183 235 1194 251 0.007378 0
518 190 527 217 0.007354 0
708 203 728 234 0.007134 0
1211 191 1226 220 0.006902 0
1209 187 1224 215 0.006881 0
376 187 390 205 0.006870 0
989 204 1000 223 0.006869 0
1058 214 1071 235 0.006857 0
1062 224 1072 254 0.006756 0
738 202 744 213 0.006744 0
847 202 870 238 0.006555 0
755 203 783 257 0.006471 0
368 165 376 187 0.006467 0
1183 238 1204 266 0.006219 0
934 204 946 251 0.006110 0
767 193 782 218 0.005988 0
549 200 564 217 0.005863 0
409 179 418 200 0.005769 0
735 202 746 235 0.005732 0
371 165 384 200 0.005688 0
329 178 346 199 0.005618 0
403 178 418 202 0.005378 0
339 185 353 198 0.005219 0
351 188 360 198 0.004836 0
1158 234 1174 249 0.004352 0
354 185 370 199 0.004094 0
324 160 343 198 0.003774 0
370 191 393 205 0.003565 0
778 194 793 214 0.003472 0
666 195 672 230 0.003441 0
1220 218 1229 233 0.003432 0
617 206 647 274 0.003381 0
469 188 482 216 0.003330 0
958 192 982 221 0.003197 0
862 165 869 177 0.003159 0
717 196 728 227 0.003133 0
616 202 628 222 0.002903 0
521 183 542 209 0.002819 0
1178 228 1192 251 0.002692 0
554 172 580 201 0.002582 0
683 210 701 233 0.002532 0
348 186 359 198 0.002403 0
221 185 231 213 0.002377 0
216 184 230 228 0.002249 0
1217 209 1227 232 0.002196 0
516 189 532 246 0.002136 0
396 181 418 204 0.002136 0
876 206 893 234 0.002129 0
848 208 878 242 0.002067 0
246 203 276 242 0.002045 0
638 213 648 266 0.002012 0
879 199 904 240 0.001981 0
615 232 627 254 0.001967 0
525 193 547 217 0.001964 0
617 216 627 245 0.001934 0
400 181 413 201 0.001868 0
927 203 948 253 0.001826 0
870 165 885 177 0.001811 0
1192 384 1209 416 0.001785 0
325 235 351 254 0.001751 0
353 189 373 200 0.001704 0
995 196 1010 217 0.001680 0
354 187 381 202 0.001667 0
1206 367 1227 416 0.001613 0
563 188 581 216 0.001610 0
937 202 955 246 0.001544 0
382 182 398 205 0.001534 0
848 184 857 210 0.001466 0
411 177 426 203 0.001420 0
671 211 706 234 0.001401 0
513 179 528 208 0.001394 0
690 183 702 215 0.001341 0
1209 168 1222 213 0.001336 0
1191 384 1206 408 0.001233 0
208 186 225 225 0.001232 0
221 183 231 195 0.001189 0
989 200 1012 224 0.001140 0
693 177 702 206 0.001105 0
963 371 983 399 0.001098 0
693 189 709 228 0.001082 0
213 191 228 238 0.001067 0
371 164 381 193 0.001044 0
1176 233 1194 256 0.001029 0
362 164 374 188 0.001027 0
688 192 700 221 0.001004 0
804 184 815 210 0.000944 0
243 214 271 238 0.000939 0
322 201 354 256 0.000848 0
1062 223 1071 275 0.000807 0
1241 220 1246 232 0.000791 0
684 218 704 237 0.000780 0
292 175 318 199 0.000766 0
377 197 396 216 0.000757 0
1244 192 1257 231 0.000747 0
676 206 695 228 0.000745 0
454 183 481 219 0.000739 0
1000 191 1007 215 0.000682 0
254 207 277 248 0.000682 0
1254 214 1265 230 0.000664 0
581 177 619 215 0.000657 0
1196 394 1218 422 0.000645 0
308 184 327 205 0.000645 0
354 204 379 230 0.000638 0
368 197 384 218 0.000603 0
789 197 812 237 0.000594 0
756 199 828 240 0.000592 0
666 196 697 232 0.000587 0
320 223 357 317 0.000583 0
371 175 401 205 0.000576 0
415 250 421 270 0.000574 0
574 293 596 385 0.000560 0
970 192 995 223 0.000550 0
360 203 381 224 0.000546 0
1197 374 1222 408 0.000530 0
370 161 382 184 0.000509 0
240 178 246 191 0.000493 0
1210 406 1226 424 0.000486 0
605 159 636 184 0.000484 0
363 156 379 188 0.000477 0
575 282 595 345 0.000464 0
1190 386 1215 421 0.000459 0
455 187 481 264 0.000450 0
1095 198 1102 208 0.000447 0
679 180 693 217 0.000428 0
432 174 445 205 0.000408 0
847 191 875 236 0.000406 0
461 201 481 271 0.000401 0
859 165 879 188 0.000397 0
888 200 916 245 0.000368 0
249 194 276 234 0.000366 0
263 193 276 209 0.000361 0
902 199 937 251 0.000361 0
632 191 657 214 0.000358 0
915 172 986 255 0.000355 0
463 243 478 271 0.000355 0
262 208 282 249 0.000345 0
1190 367 1223 419 0.000344 0
864 442 877 469 0.000331 0
1169 474 1181 494 0.000323 0
1199 373 1231 424 0.000312 0
679 197 692 215 0.000302 0
319 201 329 221 0.000301 0
953 184 960 206 0.000301 0
847 164 868 238 0.000285 0
538 203 556 220 0.000279 0
967 185 983 205 0.000268 0
505 189 535 249 0.000261 0
260 189 294 247 0.000258 0
358 147 375 190 0.000257 0
1211 193 1229 231 0.000252 0
408 250 415 271 0.000231 0
305 167 383 209 0.000230 0
989 193 1005 218 0.000222 0
86 219 94 235 0.000221 0
242 195 256 225 0.000221 0
863 434 877 456 0.000202 0
319 234 331 277 0.000201 0
453 201 478 254 0.000196 0
307 162 367 200 0.000190 0
316 219 353 280 0.000189 0
0 151 7 203 0.000184 0
1201 390 1222 426 0.000183 0
512 189 527 241 0.000177 0
291 175 324 266 0.000177 0
382 196 411 215 0.000176 0
261 195 284 244 0.000176 0
167 186 184 210 0.000170 0
194 186 200 208 0.000164 0
353 199 393 321 0.000161 0
829 218 877 254 0.000160 0
200 201 215 218 0.000157 0
464 199 482 225 0.000156 0
319 202 332 234 0.000156 0
853 161 871 193 0.000155 0
303 177 349 204 0.000155 0
841 209 885 265 0.000153 0
352 195 378 287 0.000147 0
464 206 477 254 0.000144 0
948 370 984 433 0.000140 0
800 178 812 229 0.000140 0
1042 235 1075 296 0.000139 0
211 180 242 233 0.000134 0
207 181 273 241 0.000129 0
512 219 535 248 0.000126 0
193 186 203 216 0.000124 0
630 181 650 209 0.000121 0
1034 229 1078 308 0.000117 0
359 200 384 229 0.000112 0
318 238 339 318 0.000111 0
184 173 229 226 0.000111 0
199 192 216 216 0.000110 0
527 191 657 290 0.000109 0
573 281 612 386 0.000101 0
327 193 372 276 0.000101 0
215 175 228 191 0.000101 0
738 235 793 289 0.585860 1
943 220 994 266 0.532373 1
965 222 984 257 0.098206 1
959 224 995 263 0.082620 1
738 240 765 288 0.067360 1
754 236 792 280 0.050304 1
1180 174 1202 216 0.043902 1
739 195 792 286 0.038304 1
1181 191 1200 216 0.020336 1
975 223 995 254 0.019956 1
781 241 793 276 0.017518 1
941 230 963 265 0.017351 1
707 212 727 234 0.015978 1
758 200 791 280 0.013924 1
970 230 993 264 0.011910 1
765 243 791 281 0.011105 1
749 219 766 234 0.010982 1
1180 188 1204 226 0.010530 1
941 196 985 266 0.010162 1
553 200 574 217 0.009314 1
547 203 559 217 0.009148 1
607 258 656 292 0.008292 1
932 273 961 301 0.008272 1
1180 167 1216 217 0.007951 1
945 220 1031 265 0.007719 1
973 227 999 261 0.007073 1
554 198 569 215 0.006461 1
943 233 983 266 0.006455 1
869 222 995 271 0.005850 1
919 219 992 261 0.005360 1
750 208 772 233 0.005264 1
535 204 545 218 0.004984 1
942 241 959 266 0.004979 1
779 241 803 278 0.004712 1
746 235 767 268 0.004529 1
744 223 756 234 0.004380 1
876 260 904 285 0.003238 1
894 263 923 294 0.002746 1
737 237 863 286 0.002743 1
562 200 579 215 0.002739 1
1137 309 1170 349 0.002677 1
925 211 948 253 0.002622 1
892 264 910 293 0.002614 1
738 241 771 303 0.002548 1
736 206 761 234 0.002156 1
728 235 914 335 0.002003 1
835 215 876 242 0.001994 1
907 266 928 296 0.001878 1
729 207 755 234 0.001862 1
737 230 936 291 0.001813 1
876 247 927 292 0.001643 1
740 219 776 245 0.001641 1
1183 204 1224 230 0.001610 1
932 203 965 259 0.001589 1
625 240 655 289 0.001555 1
781 242 818 279 0.001449 1
894 264 905 286 0.001395 1
870 255 896 284 0.001373 1
1104 309 1170 349 0.001318 1
882 269 960 299 0.001267 1
875 259 893 285 0.001235 1
889 261 907 285 0.001220 1
928 238 950 254 0.001216 1
928 219 996 295 0.001003 1
1181 170 1241 261 0.000943 1
1111 171 1202 248 0.000943 1
912 270 929 301 0.000896 1
729 201 794 254 0.000870 1
1195 171 1227 217 0.000865 1
875 206 906 245 0.000863 1
630 232 886 343 0.000789 1
929 282 959 303 0.000770 1
912 213 944 253 0.000738 1
864 237 986 293 0.000738 1
612 211 655 292 0.000717 1
663 221 776 271 0.000704 1
532 255 598 400 0.000667 1
791 256 817 281 0.000656 1
931 220 1068 297 0.000645 1
1164 163 1203 227 0.000587 1
598 232 814 290 0.000568 1
575 300 595 350 0.000556 1
907 270 931 313 0.000530 1
1140 309 1186 355 0.000514 1
884 267 898 287 0.000495 1
1172 212 1191 222 0.000442 1
1169 204 1212 250 0.000387 1
632 235 773 282 0.000376 1
869 262 930 302 0.000355 1
634 242 656 279 0.000300 1
896 274 927 310 0.000276 1
609 241 951 381 0.000227 1
574 278 596 356 0.000224 1
823 257 931 306 0.000218 1
899 218 912 245 0.000207 1
914 270 960 294 0.000207 1
940 239 985 275 0.000202 1
744 180 1070 307 0.000194 1
1175 165 1201 207 0.000192 1
794 255 932 336 0.000191 1
573 293 597 394 0.000181 1
754 242 804 289 0.000166 1
679 154 1218 412 0.000165 1
606 267 638 292 0.000164 1
961 372 1026 399 0.000153 1
941 215 1005 281 0.000152 1
964 371 986 394 0.000150 1
574 289 609 355 0.000150 1
539 202 568 220 0.000148 1
782 233 807 273 0.000132 1
533 203 553 220 0.000131 1
1017 252 1078 297 0.000118 1
1101 308 1200 373 0.000110 1
702 239 836 339 0.000109 1
950 232 993 269 0.000103 1
1007 203 1047 229 0.077682 2
480 172 535 217 0.047593 2
523 183 536 195 0.042255 2
1004 214 1025 228 0.037826 2
695 202 727 231 0.029782 2
1007 198 1069 230 0.028901 2
1068 217 1119 236 0.024783 2
631 201 649 215 0.023028 2
481 174 496 195 0.022417 2
482 197 515 217 0.022004 2
1004 205 1024 221 0.021605 2
1004 235 1024 253 0.019977 2
865 177 954 252 0.018583 2
1068 208 1122 234 0.018530 2
481 181 517 217 0.018254 2
800 215 844 239 0.016093 2
1006 200 1030 227 0.015658 2
522 183 545 198 0.014794 2
1004 199 1035 217 0.014308 2
480 172 516 210 0.014267 2
1021 197 1050 229 0.013281 2
801 215 824 239 0.012990 2
830 219 855 241 0.012833 2
1048 215 1070 232 0.012578 2
999 231 1025 254 0.012554 2
1069 214 1132 245 0.012363 2
1069 213 1105 233 0.012206 2
704 211 725 231 0.011333 2
1003 234 1035 253 0.010692 2
1093 210 1133 232 0.010499 2
1272 197 1279 208 0.010216 2
996 213 1022 225 0.009859 2
859 178 953 220 0.009361 2
938 199 954 208 0.009343 2
471 189 511 217 0.009301 2
945 219 994 261 0.009272 2
467 186 480 205 0.009056 2
1056 216 1098 241 0.008832 2
1115 217 1130 232 0.008460 2
511 181 525 217 0.008450 2
1058 221 1071 245 0.008417 2
479 175 500 209 0.008251 2
982 217 1025 251 0.008117 2
1207 255 1225 267 0.007959 2
1186 230 1242 260 0.007956 2
449 155 522 177 0.007727 2
1111 218 1126 236 0.007532 2
1036 202 1072 232 0.007520 2
455 181 482 215 0.007207 2
1053 220 1070 239 0.006844 2
1120 221 1185 247 0.006594 2
617 199 651 216 0.006367 2
822 193 953 251 0.006276 2
921 197 955 210 0.006179 2
700 206 731 235 0.006107 2
1250 237 1273 249 0.005958 2
1137 232 1178 249 0.005819 2
1047 221 1071 244 0.005777 2
1105 218 1141 246 0.005398 2
495 179 545 200 0.005290 2
449 157 491 175 0.005199 2
458 182 481 206 0.005196 2
917 186 955 209 0.005148 2
292 176 320 198 0.005007 2
551 173 580 200 0.004881 2
1103 220 1123 248 0.004814 2
832 218 872 241 0.004537 2
1263 195 1279 213 0.004375 2
1102 231 1120 249 0.004325 2
1069 224 1096 245 0.004290 2
521 171 551 197 0.004269 2
871 195 944 238 0.004259 2
1209 370 1226 391 0.004186 2
1247 237 1278 261 0.004122 2
394 198 417 206 0.003972 2
604 201 622 216 0.003906 2
1261 170 1279 182 0.003818 2
293 175 308 197 0.003761 2
1067 222 1118 245 0.003714 2
586 185 623 216 0.003677 2
1041 228 1060 243 0.003509 2
922 183 951 206 0.003456 2
820 217 864 240 0.003418 2
1266 192 1279 203 0.003416 2
585 182 652 216 0.003156 2
304 177 324 198 0.003070 2
1254 178 1279 205 0.002896 2
1108 214 1151 234 0.002877 2
855 177 938 206 0.002810 2
1246 180 1279 217 0.002561 2
1212 230 1241 246 0.002538 2
1208 231 1241 258 0.002503 2
999 222 1034 253 0.002412 2
1126 229 1174 248 0.002357 2
895 185 953 210 0.002351 2
441 179 481 215 0.002323 2
795 232 813 240 0.002305 2
1021 237 1038 251 0.002262 2
1242 171 1279 200 0.002215 2
887 197 955 248 0.002166 2
920 196 952 250 0.002120 2
673 211 697 232 0.002117 2
739 200 771 231 0.002105 2
433 171 445 193 0.002050 2
1257 170 1279 201 0.002011 2
1209 365 1230 390 0.002006 2
540 194 624 219 0.002006 2
1068 207 1098 232 0.001965 2
1270 197 1279 219 0.001858 2
1249 227 1276 250 0.001839 2
538 172 553 201 0.001826 2
1043 229 1069 246 0.001825 2
1179 227 1231 253 0.001755 2
519 190 560 217 0.001739 2
806 330 847 346 0.001714 2
496 182 532 218 0.001710 2
713 200 738 235 0.001684 2
1055 226 1093 248 0.001646 2
456 146 526 180 0.001618 2
420 172 478 206 0.001557 2
935 200 955 242 0.001556 2
1247 190 1276 223 0.001448 2
828 204 897 245 0.001430 2
1061 207 1071 232 0.001429 2
1259 196 1279 219 0.001422 2
453 200 479 216 0.001422 2
1224 179 1279 201 0.001415 2
615 182 654 216 0.001390 2
449 156 504 181 0.001375 2
244 216 273 241 0.001351 2
738 201 766 223 0.001321 2
1189 220 1230 231 0.001317 2
402 176 441 205 0.001221 2
388 178 427 205 0.001167 2
530 191 542 218 0.001156 2
800 206 852 239 0.001153 2
544 160 580 191 0.001137 2
1227 169 1247 182 0.001121 2
791 233 807 240 0.001111 2
944 193 994 257 0.001094 2
1239 226 1274 253 0.001074 2
454 203 467 216 0.001071 2
1247 168 1279 182 0.001059 2
1272 232 1279 257 0.001032 2
953 199 960 212 0.000993 2
1249 211 1279 256 0.000981 2
432 169 466 190 0.000940 2
119 224 135 236 0.000917 2
543 161 579 179 0.000913 2
1225 168 1280 193 0.000901 2
787 201 824 238 0.000899 2
877 198 902 233 0.000888 2
376 180 409 205 0.000884 2
913 178 944 203 0.000859 2
1121 227 1160 247 0.000840 2
449 157 501 201 0.000839 2
1059 226 1119 260 0.000836 2
640 198 672 216 0.000810 2
592 176 648 206 0.000789 2
853 176 933 192 0.000778 2
434 168 464 183 0.000776 2
943 217 1039 257 0.000764 2
432 172 445 204 0.000762 2
1246 190 1260 220 0.000754 2
1203 229 1272 263 0.000750 2
1112 215 1183 238 0.000736 2
1224 165 1270 182 0.000700 2
463 252 479 271 0.000684 2
411 172 446 202 0.000684 2
512 180 569 217 0.000676 2
1033 224 1072 256 0.000656 2
432 189 475 216 0.000648 2
1052 220 1163 253 0.000628 2
320 199 355 256 0.000626 2
327 234 353 255 0.000624 2
1001 193 1041 216 0.000616 2
1190 214 1225 230 0.000608 2
354 198 382 229 0.000595 2
1255 197 1279 246 0.000588 2
1198 359 1228 390 0.000578 2
617 202 646 239 0.000560 2
604 162 635 185 0.000559 2
355 215 371 229 0.000546 2
864 214 884 242 0.000544 2
442 201 469 218 0.000533 2
1086 197 1098 210 0.000532 2
352 194 383 208 0.000518 2
1185 215 1214 231 0.000511 2
1073 197 1094 210 0.000507 2
844 177 921 235 0.000505 2
1223 167 1276 208 0.000503 2
1078 191 1092 203 0.000500 2
1257 253 1279 269 0.000499 2
827 222 859 245 0.000484 2
390 190 418 206 0.000483 2
632 200 673 234 0.000475 2
497 240 528 251 0.000469 2
1183 166 1232 217 0.000467 2
448 161 465 181 0.000445 2
319 216 331 235 0.000441 2
1221 221 1240 233 0.000440 2
1208 367 1230 406 0.000434 2
1046 225 1133 253 0.000428 2
1175 342 1279 419 0.000420 2
446 162 478 191 0.000412 2
1046 195 1078 228 0.000406 2
1269 196 1279 252 0.000397 2
1254 231 1279 263 0.000383 2
1093 195 1120 207 0.000376 2
18 225 64 254 0.000373 2
1193 364 1229 422 0.000366 2
1218 239 1260 263 0.000348 2
1164 213 1186 222 0.000348 2
292 191 392 205 0.000347 2
1251 215 1268 236 0.000347 2
1071 191 1091 205 0.000344 2
1244 200 1264 236 0.000343 2
483 157 525 206 0.000341 2
327 197 369 254 0.000338 2
107 223 145 240 0.000331 2
1224 179 1265 236 0.000325 2
796 178 997 259 0.000324 2
1208 220 1269 254 0.000317 2
616 205 711 233 0.000303 2
1271 220 1279 256 0.000300 2
352 202 373 229 0.000297 2
193 226 236 255 0.000286 2
829 135 906 162 0.000268 2
170 224 232 255 0.000256 2
1195 353 1261 391 0.000254 2
351 191 383 216 0.000253 2
858 176 930 185 0.000245 2
431 191 448 206 0.000245 2
27 225 60 238 0.000239 2
197 233 231 255 0.000236 2
783 329 846 351 0.000234 2
1007 222 1072 254 0.000230 2
1180 163 1257 217 0.000226 2
496 241 519 251 0.000224 2
273 181 295 194 0.000207 2
1220 163 1261 201 0.000205 2
111 223 133 237 0.000204 2
435 206 452 219 0.000201 2
191 394 220 405 0.000200 2
1040 190 1069 225 0.000196 2
592 162 622 185 0.000194 2
153 182 197 219 0.000193 2
432 194 451 207 0.000193 2
1186 355 1227 400 0.000190 2
589 171 610 186 0.000189 2
276 175 316 199 0.000188 2
414 205 453 226 0.000186 2
825 328 860 345 0.000180 2
1100 189 1120 205 0.000177 2
1206 361 1255 390 0.000176 2
1038 193 1061 229 0.000174 2
574 274 602 330 0.000169 2
162 249 221 263 0.000166 2
924 210 1212 362 0.000161 2
1022 225 1077 272 0.000155 2
1153 183 1201 219 0.000145 2
328 202 373 234 0.000143 2
1149 209 1181 219 0.000138 2
818 329 926 349 0.000134 2
1219 357 1256 387 0.000133 2
1180 383 1205 403 0.000132 2
911 177 929 185 0.000131 2
1226 194 1255 231 0.000129 2
159 239 210 263 0.000129 2
640 186 670 217 0.000126 2
1196 360 1279 429 0.000125 2
707 307 767 335 0.000125 2
122 212 149 237 0.000125 2
452 202 474 222 0.000123 2
1166 207 1193 221 0.000120 2
65 224 92 236 0.000112 2
63 223 113 247 0.000111 2
1221 209 1241 232 0.000111 2
1265 255 1279 270 0.000111 2
1262 365 1279 386 0.000109 2
1060 228 1090 270 0.000109 2
269 183 298 203 0.000108 2
466 199 499 222 0.000107 2
1194 366 1268 411 0.000105 2
192 249 223 263 0.000102 2
1117 217 1190 248 0.050666 5
829 135 937 176 0.018552 5
824 135 941 239 0.015112 5
1067 208 1190 248 0.011511 5
449 153 522 179 0.010994 5
828 135 902 169 0.007119 5
544 160 581 201 0.005191 5
1250 170 1279 200 0.001831 5
1106 182 1194 249 0.001773 5
1136 218 1230 252 0.000800 5
448 127 528 178 0.000696 5
1214 163 1279 221 0.000629 5
490 149 525 177 0.000569 5
539 142 581 202 0.000225 5
848 162 922 237 0.000225 5
1117 201 1213 249 0.000209 5
1153 184 1178 214 0.000103 5
726 152 857 237 0.218617 7
802 163 952 246 0.202072 7
699 145 949 246 0.131519 7
801 159 857 240 0.079126 7
1005 196 1058 230 0.073799 7
586 183 620 216 0.032851 7
852 177 954 244 0.023380 7
695 155 807 235 0.023225 7
1118 218 1189 249 0.019708 7
800 150 884 239 0.013287 7
1065 214 1229 256 0.012320 7
1068 208 1135 237 0.009864 7
444 153 518 184 0.009802 7
1062 208 1192 249 0.009677 7
586 182 656 217 0.009379 7
1184 228 1242 265 0.008638 7
698 200 727 232 0.007571 7
1008 195 1118 231 0.006261 7
1180 164 1279 256 0.005719 7
452 150 524 196 0.004840 7
799 200 853 240 0.004688 7
1014 206 1132 236 0.004672 7
693 192 730 232 0.004565 7
1117 217 1241 259 0.004260 7
646 156 906 235 0.004229 7
808 208 876 241 0.003929 7
540 183 657 219 0.003795 7
805 158 856 200 0.003544 7
528 169 580 202 0.003467 7
696 190 769 234 0.003284 7
1012 199 1221 239 0.003223 7
548 161 573 200 0.003204 7
1198 165 1279 231 0.002990 7
734 167 903 287 0.002954 7
469 157 518 208 0.002851 7
691 197 793 236 0.002639 7
1095 184 1190 248 0.002617 7
1089 177 1240 260 0.002424 7
518 154 582 200 0.002340 7
810 159 857 183 0.002286 7
1223 169 1279 212 0.002213 7
449 156 489 173 0.002191 7
448 162 522 212 0.001854 7
726 156 803 222 0.001793 7
555 176 585 204 0.001680 7
824 136 913 182 0.001651 7
1218 168 1279 257 0.001394 7
453 159 568 212 0.001287 7
735 191 845 289 0.001285 7
546 176 623 212 0.001261 7
691 175 727 227 0.001220 7
292 198 388 327 0.001174 7
539 171 557 199 0.001148 7
1003 193 1044 216 0.000928 7
1101 163 1155 185 0.000779 7
742 164 965 309 0.000737 7
771 137 911 237 0.000720 7
864 177 940 229 0.000682 7
593 196 656 218 0.000667 7
846 169 917 238 0.000665 7
1002 205 1072 249 0.000663 7
603 166 649 209 0.000573 7
876 197 905 233 0.000507 7
1184 212 1280 266 0.000505 7
503 180 757 225 0.000497 7
717 190 794 245 0.000496 7
801 181 876 239 0.000494 7
699 184 731 206 0.000445 7
633 183 736 233 0.000428 7
587 159 700 217 0.000423 7
390 182 453 206 0.000411 7
916 211 1226 358 0.000381 7
448 159 493 204 0.000371 7
969 196 1069 236 0.000363 7
1005 177 1071 231 0.000363 7
794 138 1058 252 0.000360 7
1255 185 1279 260 0.000356 7
449 127 529 180 0.000347 7
983 202 1124 252 0.000347 7
1072 193 1126 234 0.000337 7
665 89 878 239 0.000293 7
1054 138 1217 257 0.000274 7
582 163 880 271 0.000266 7
470 178 661 221 0.000247 7
304 184 580 291 0.000247 7
535 147 909 230 0.000241 7
1008 140 1101 231 0.000228 7
809 164 858 190 0.000226 7
578 158 632 217 0.000215 7
747 159 1079 321 0.000197 7
704 82 941 247 0.000172 7
1074 161 1155 202 0.000152 7
478 154 668 220 0.000152 7
659 172 727 221 0.000151 7
1004 107 1132 233 0.000151 7
293 192 379 280 0.000136 7
517 149 736 224 0.000131 7
375 178 417 205 0.000129 7
1134 183 1191 219 0.000129 7
1140 185 1280 287 0.000127 7
1130 207 1187 220 0.000127 7
833 139 988 217 0.000124 7
663 184 703 231 0.000123 7
1070 218 1242 281 0.000121 7
982 212 1235 313 0.000120 7
443 132 546 213 0.000118 7
305 97 458 335 0.000114 7
1152 188 1179 215 0.000109 7
1107 204 1187 230 0.000107 7
446 145 526 175 0.000107 7
567 65 933 233 0.000107 7
411 208 450 252 0.000105 7
770 108 1117 251 0.000103 7
376 148 417 201 0.000102 7
1239 162 1279 206 0.000101 7
513 151 524 176 0.194973 9
1088 150 1103 178 0.122071 9
1004 137 1015 174 0.067728 9
693 185 702 203 0.037979 9
554 172 566 199 0.019205 9
1089 150 1111 176 0.018733 9
1002 167 1009 180 0.018096 9
320 158 352 198 0.016391 9
313 153 343 198 0.015915 9
694 176 702 185 0.015228 9
332 164 352 199 0.011499 9
1192 385 1205 403 0.009678 9
171 64 203 92 0.009540 9
705 154 714 174 0.009395 9
1052 109 1084 146 0.007702 9
595 64 624 93 0.007354 9
895 156 905 173 0.007191 9
895 160 904 177 0.007166 9
368 165 376 186 0.007078 9
596 118 605 145 0.006174 9
450 159 464 170 0.005798 9
585 118 599 159 0.005786 9
371 165 381 184 0.005325 9
1002 170 1008 184 0.004934 9
1013 136 1023 170 0.004371 9
1123 165 1150 185 0.004332 9
587 171 594 185 0.004315 9
1007 135 1021 174 0.004188 9
1132 164 1155 186 0.004138 9
879 154 894 172 0.004091 9
899 141 917 172 0.004057 9
1142 165 1155 185 0.003565 9
1207 169 1216 196 0.003468 9
1014 135 1025 156 0.003429 9
581 64 596 93 0.003416 9
1015 135 1025 146 0.003406 9
703 172 713 183 0.003330 9
687 169 703 202 0.003281 9
692 169 702 182 0.003212 9
312 153 326 197 0.003200 9
595 117 625 164 0.002984 9
882 152 907 174 0.002966 9
1111 193 1119 204 0.002935 9
665 181 671 204 0.002879 9
899 154 909 176 0.002696 9
994 139 1001 162 0.002601 9
308 176 327 199 0.002532 9
312 135 363 199 0.002433 9
663 170 671 189 0.002306 9
624 64 640 92 0.002296 9
1210 169 1224 200 0.002229 9
586 118 598 137 0.002220 9
513 141 527 175 0.002172 9
1209 370 1225 402 0.002155 9
712 153 720 175 0.002154 9
584 64 630 94 0.002105 9
698 121 714 154 0.002089 9
681 179 688 200 0.002067 9
680 171 689 189 0.002039 9
514 175 524 192 0.001911 9
903 158 910 178 0.001905 9
1155 164 1169 183 0.001896 9
1001 182 1008 194 0.001885 9
992 148 1000 169 0.001870 9
695 151 707 176 0.001865 9
834 142 858 165 0.001769 9
689 169 700 184 0.001694 9
119 64 162 76 0.001674 9
716 154 726 176 0.001641 9
1220 214 1228 231 0.001526 9
1092 130 1109 176 0.001521 9
1183 162 1201 187 0.001484 9
698 79 716 128 0.001371 9
997 135 1013 175 0.001353 9
993 166 1000 175 0.001324 9
1103 162 1151 186 0.001309 9
756 136 765 153 0.001293 9
681 163 690 185 0.001277 9
588 174 599 186 0.001242 9
568 143 578 161 0.001232 9
666 189 671 212 0.001202 9
651 174 665 215 0.001118 9
570 162 581 182 0.001114 9
702 118 714 130 0.001094 9
708 154 720 181 0.001089 9
718 193 728 211 0.001083 9
983 142 993 159 0.001051 9
693 119 710 153 0.000998 9
1080 148 1104 180 0.000972 9
1149 163 1168 185 0.000962 9
848 181 858 197 0.000959 9
878 151 899 174 0.000901 9
515 177 536 198 0.000900 9
1092 174 1103 202 0.000897 9
1089 181 1098 195 0.000871 9
356 219 370 230 0.000871 9
703 121 717 154 0.000865 9
448 159 476 177 0.000847 9
843 152 858 167 0.000820 9
336 160 359 199 0.000777 9
754 138 762 153 0.000764 9
875 156 897 176 0.000716 9
351 155 362 195 0.000696 9
596 136 619 162 0.000694 9
875 137 939 156 0.000664 9
832 147 845 164 0.000664 9
140 64 202 87 0.000663 9
624 64 640 79 0.000658 9
693 123 716 180 0.000656 9
1241 197 1250 231 0.000651 9
503 149 525 177 0.000630 9
1226 166 1248 181 0.000616 9
697 70 713 119 0.000608 9
308 176 352 202 0.000605 9
830 135 861 165 0.000604 9
1097 130 1109 151 0.000593 9
543 139 551 157 0.000587 9
692 158 706 180 0.000581 9
164 64 175 76 0.000578 9
1187 163 1208 187 0.000568 9
636 161 659 207 0.000555 9
869 124 880 137 0.000554 9
868 152 899 176 0.000545 9
149 64 172 75 0.000544 9
853 115 865 137 0.000538 9
832 162 858 187 0.000524 9
689 119 714 164 0.000512 9
1245 193 1258 231 0.000502 9
829 135 891 166 0.000500 9
566 174 581 201 0.000499 9
678 65 695 120 0.000499 9
999 129 1007 137 0.000481 9
857 137 940 166 0.000478 9
587 163 602 186 0.000477 9
651 167 662 194 0.000475 9
1096 190 1103 204 0.000468 9
1088 190 1095 201 0.000466 9
1099 161 1113 185 0.000455 9
691 119 710 131 0.000451 9
183 144 199 168 0.000451 9
1076 137 1103 179 0.000428 9
866 126 872 136 0.000422 9
570 119 600 186 0.000400 9
521 169 549 186 0.000393 9
624 118 637 158 0.000383 9
119 64 201 79 0.000380 9
688 119 705 153 0.000362 9
259 144 269 159 0.000354 9
520 149 545 175 0.000353 9
1119 180 1128 192 0.000349 9
906 136 938 156 0.000345 9
660 177 696 220 0.000343 9
312 132 331 194 0.000332 9
806 171 825 187 0.000331 9
1030 149 1040 160 0.000315 9
828 158 857 171 0.000306 9
889 136 938 173 0.000304 9
819 161 857 178 0.000302 9
1080 170 1097 184 0.000296 9
680 151 690 184 0.000296 9
1020 147 1035 160 0.000278 9
1088 150 1111 196 0.000277 9
717 151 726 166 0.000271 9
449 153 489 172 0.000268 9
648 121 660 161 0.000265 9
687 65 717 156 0.000265 9
610 149 626 168 0.000263 9
637 119 655 164 0.000262 9
637 161 650 189 0.000257 9
835 77 849 94 0.000257 9
579 64 597 114 0.000256 9
664 167 692 194 0.000250 9
754 131 764 153 0.000248 9
1010 139 1023 175 0.000247 9
550 141 572 162 0.000246 9
134 64 172 79 0.000246 9
1003 170 1013 184 0.000242 9
463 249 479 271 0.000240 9
687 152 696 179 0.000233 9
643 160 659 192 0.000231 9
569 132 593 165 0.000231 9
686 120 697 153 0.000227 9
1149 125 1160 135 0.000226 9
680 147 690 172 0.000225 9
579 64 666 160 0.000220 9
1097 153 1126 174 0.000218 9
844 114 864 136 0.000217 9
695 65 722 127 0.000217 9
805 160 859 191 0.000210 9
678 71 691 103 0.000210 9
239 176 247 190 0.000209 9
96 179 105 202 0.000207 9
1088 151 1120 179 0.000206 9
684 68 696 121 0.000203 9
108 147 128 168 0.000197 9
1209 165 1250 206 0.000197 9
581 74 600 143 0.000196 9
1123 176 1144 192 0.000190 9
1017 138 1032 158 0.000188 9
1127 160 1154 180 0.000187 9
991 171 1005 187 0.000186 9
833 78 845 92 0.000183 9
1112 182 1133 206 0.000181 9
696 177 727 203 0.000181 9
573 133 584 163 0.000179 9
1225 158 1254 181 0.000178 9
1098 168 1132 205 0.000178 9
448 127 530 178 0.000174 9
1054 108 1078 177 0.000173 9
983 152 995 168 0.000169 9
680 122 690 153 0.000167 9
1031 145 1040 156 0.000167 9
848 149 891 176 0.000160 9
169 64 248 91 0.000160 9
1133 185 1143 203 0.000160 9
1202 159 1221 193 0.000157 9
667 168 679 186 0.000157 9
683 145 695 178 0.000157 9
161 75 194 92 0.000154 9
620 151 636 178 0.000151 9
578 64 607 169 0.000150 9
544 113 552 135 0.000149 9
724 140 739 159 0.000144 9
987 182 1006 215 0.000143 9
96 171 107 182 0.000143 9
584 104 613 160 0.000139 9
1051 108 1088 232 0.000137 9
1123 185 1140 202 0.000137 9
713 160 728 185 0.000136 9
702 159 724 185 0.000135 9
688 64 713 122 0.000133 9
908 137 938 166 0.000131 9
631 64 663 90 0.000125 9
542 145 573 167 0.000123 9
256 83 265 97 0.000122 9
800 154 822 237 0.000119 9
850 116 878 138 0.000118 9
50 184 63 206 0.000118 9
984 136 995 159 0.000117 9
96 175 110 203 0.000117 9
875 127 892 139 0.000116 9
844 161 870 214 0.000115 9
1073 181 1097 202 0.000115 9
564 134 579 161 0.000114 9
717 115 729 130 0.000112 9
1049 108 1099 184 0.000111 9
624 116 646 164 0.000110 9
829 120 847 134 0.000109 9
638 86 659 104 0.000109 9
96 170 107 179 0.000109 9
837 115 853 135 0.000108 9
173 143 201 171 0.000104 9
171 143 182 170 0.000103 9
262 67 273 82 0.000103 9
324 109 366 164 0.127842 11
1052 109 1084 147 0.035038 11
1181 188 1200 215 0.028161 11
415 64 440 124 0.000273 11
416 64 433 106 0.000221 11
359 147 373 164 0.000114 11
