917 189 944 264 0.672532 0
1003 194 1028 262 0.560772 0
867 192 892 267 0.508367 0
1004 195 1027 260 0.459577 0
1150 194 1169 247 0.360488 0
1037 189 1061 257 0.316622 0
1036 190 1056 253 0.313404 0
1036 189 1059 256 0.306001 0
1150 195 1168 248 0.299741 0
1004 196 1025 258 0.277502 0
1036 191 1057 257 0.272173 0
1000 191 1028 263 0.260503 0
1148 194 1170 247 0.255022 0
1037 190 1055 249 0.229633 0
919 192 944 263 0.220251 0
1153 192 1169 248 0.198619 0
1037 190 1057 252 0.186910 0
1009 196 1028 258 0.154114 0
867 193 887 230 0.142786 0
1150 197 1165 248 0.118239 0
868 196 883 229 0.110502 0
868 197 882 228 0.098738 0
1037 192 1052 227 0.097328 0
770 191 796 235 0.096506 0
1027 201 1042 230 0.092448 0
1037 190 1057 243 0.090702 0
1027 200 1041 232 0.079301 0
717 211 728 234 0.079150 0
1037 189 1051 217 0.075728 0
918 192 939 259 0.071282 0
770 193 801 242 0.071067 0
771 191 795 225 0.069932 0
1028 196 1043 239 0.067325 0
716 212 727 234 0.062691 0
1035 203 1060 261 0.060647 0
763 191 848 279 0.059353 0
929 192 946 257 0.058933 0
555 172 569 199 0.056429 0
866 192 888 265 0.053295 0
1157 190 1169 221 0.051834 0
772 192 795 221 0.051116 0
1019 198 1030 226 0.050020 0
870 192 890 233 0.049375 0
1020 199 1030 228 0.044519 0
1013 196 1026 222 0.040687 0
1026 199 1041 246 0.039706 0
965 372 980 391 0.038681 0
770 193 800 236 0.038584 0
868 192 888 226 0.037123 0
306 184 324 198 0.036541 0
555 174 570 200 0.035282 0
933 198 946 253 0.035258 0
773 191 794 218 0.032209 0
873 192 889 230 0.031091 0
775 192 795 216 0.030659 0
931 206 945 257 0.030624 0
205 202 218 228 0.028640 0
645 199 654 214 0.028105 0
866 191 894 264 0.026960 0
307 185 324 198 0.026370 0
1021 200 1033 230 0.026342 0
770 191 797 239 0.025252 0
1031 189 1050 225 0.025123 0
919 196 943 263 0.024997 0
848 201 855 221 0.024886 0
205 199 221 228 0.024285 0
965 372 982 391 0.024241 0
881 193 900 240 0.022573 0
845 227 876 280 0.022348 0
863 227 878 271 0.022209 0
1037 188 1056 224 0.021431 0
693 184 702 204 0.021171 0
931 198 946 256 0.021023 0
880 193 899 236 0.020934 0
205 200 219 227 0.020469 0
843 226 876 277 0.019996 0
1214 190 1226 218 0.019149 0
866 221 878 263 0.018773 0
866 227 877 264 0.018622 0
1151 191 1168 231 0.018201 0
552 173 570 200 0.018153 0
866 211 881 236 0.017864 0
520 192 526 209 0.017844 0
768 191 801 268 0.017319 0
692 183 702 227 0.017070 0
1214 191 1227 230 0.016727 0
1213 189 1225 212 0.016683 0
948 276 960 301 0.016519 0
205 203 222 231 0.016227 0
866 207 881 230 0.016085 0
1272 198 1279 249 0.015724 0
767 232 804 264 0.015525 0
572 181 581 201 0.015274 0
1272 197 1279 238 0.014467 0
573 182 581 201 0.014291 0
892 199 904 241 0.014275 0
869 196 891 269 0.014269 0
865 443 876 455 0.014138 0
640 199 655 217 0.013945 0
880 156 894 174 0.013850 0
709 212 727 234 0.013724 0
866 226 880 264 0.013499 0
307 183 325 199 0.013479 0
716 197 728 234 0.013467 0
331 185 344 198 0.013331 0
870 191 889 224 0.013205 0
774 193 799 234 0.012906 0
775 192 798 217 0.012484 0
1023 201 1037 237 0.012330 0
1025 192 1049 244 0.012013 0
853 226 882 283 0.011761 0
848 199 856 222 0.011703 0
895 160 904 177 0.011589 0
866 198 883 231 0.011581 0
386 197 395 206 0.011578 0
768 191 823 273 0.011574 0
1272 198 1279 255 0.011570 0
848 202 857 238 0.011544 0
521 183 533 207 0.011526 0
1216 192 1228 232 0.011507 0
840 225 876 281 0.011418 0
985 193 1024 263 0.011236 0
878 155 898 176 0.010668 0
1037 195 1068 236 0.010540 0
693 209 702 231 0.010528 0
1137 202 1167 248 0.010494 0
513 194 522 211 0.010322 0
205 197 223 229 0.010247 0
883 196 897 235 0.010049 0
767 191 844 261 0.009969 0
1004 193 1021 218 0.009920 0
1272 196 1279 227 0.009899 0
987 197 1024 257 0.009882 0
1000 185 1009 214 0.009867 0
937 201 956 247 0.009755 0
919 189 930 207 0.009094 0
1218 194 1227 232 0.009085 0
1000 190 1011 217 0.009008 0
206 191 223 228 0.009000 0
763 231 808 279 0.008873 0
880 155 895 174 0.008736 0
769 193 822 239 0.008683 0
517 192 527 221 0.008500 0
205 201 223 230 0.008249 0
632 201 652 216 0.008172 0
896 201 904 226 0.008091 0
633 203 645 217 0.007928 0
513 186 524 211 0.007657 0
938 200 957 247 0.007652 0
1037 185 1051 208 0.007631 0
848 225 874 282 0.007523 0
717 195 729 222 0.007481 0
1145 197 1166 247 0.007417 0
851 201 867 232 0.007199 0
707 211 727 233 0.007128 0
692 196 703 230 0.007025 0
521 183 539 213 0.006983 0
769 201 806 263 0.006947 0
1210 189 1226 217 0.006719 0
1210 191 1226 220 0.006616 0
876 157 895 176 0.006599 0
771 211 822 241 0.006579 0
719 207 731 235 0.006508 0
1006 194 1025 219 0.006469 0
1269 195 1279 253 0.006413 0
919 189 941 210 0.006302 0
328 186 343 198 0.006248 0
386 198 396 206 0.006140 0
205 195 222 228 0.005756 0
840 212 883 262 0.005721 0
964 372 982 393 0.005507 0
1209 189 1224 216 0.005406 0
852 203 868 234 0.005393 0
1036 190 1071 251 0.005300 0
882 195 900 236 0.005181 0
1269 195 1279 233 0.005170 0
1216 209 1228 233 0.005163 0
512 193 522 216 0.005142 0
993 195 1027 262 0.005065 0
784 218 805 261 0.004982 0
1272 200 1279 257 0.004976 0
1215 192 1229 231 0.004941 0
770 231 805 263 0.004708 0
204 202 224 238 0.004650 0
1241 197 1250 231 0.004620 0
894 198 905 231 0.004391 0
1108 227 1121 249 0.004365 0
939 203 958 249 0.004348 0
1038 195 1068 225 0.004338 0
513 189 535 246 0.004240 0
542 183 551 202 0.004179 0
984 207 996 225 0.004174 0
331 186 352 198 0.004159 0
731 202 745 235 0.004123 0
632 202 647 220 0.004118 0
1214 191 1229 230 0.003959 0
691 210 705 235 0.003956 0
670 210 679 232 0.003892 0
721 209 737 234 0.003837 0
521 191 550 218 0.003834 0
1036 191 1073 258 0.003826 0
972 209 984 225 0.003823 0
769 191 795 227 0.003812 0
1219 214 1229 233 0.003770 0
632 201 651 217 0.003721 0
633 183 642 201 0.003634 0
637 164 647 194 0.003610 0
984 209 995 226 0.003591 0
1145 197 1164 222 0.003575 0
670 210 680 232 0.003504 0
202 202 219 228 0.003424 0
737 201 744 213 0.003328 0
202 204 220 228 0.003295 0
637 192 652 215 0.003288 0
762 232 803 280 0.003185 0
1242 196 1255 232 0.003152 0
162 201 176 237 0.003091 0
861 191 916 254 0.003090 0
1218 197 1229 233 0.003070 0
670 209 678 232 0.003031 0
690 179 703 217 0.003006 0
1092 151 1104 200 0.002954 0
216 186 223 220 0.002924 0
351 187 360 198 0.002851 0
645 188 658 214 0.002772 0
514 190 529 244 0.002751 0
204 198 227 241 0.002749 0
862 165 870 178 0.002721 0
637 164 649 200 0.002707 0
162 200 176 233 0.002687 0
634 181 641 198 0.002651 0
1204 408 1216 423 0.002622 0
811 214 840 243 0.002536 0
243 200 255 235 0.002491 0
991 198 1006 223 0.002475 0
241 201 253 237 0.002425 0
1194 384 1205 404 0.002425 0
963 372 981 399 0.002419 0
305 178 324 198 0.002383 0
1203 407 1216 421 0.002377 0
848 195 893 255 0.002374 0
843 229 865 281 0.002344 0
964 372 986 391 0.002301 0
717 194 728 216 0.002301 0
637 186 653 213 0.002293 0
221 183 231 201 0.002291 0
1217 218 1227 235 0.002287 0
1214 187 1227 227 0.002259 0
637 168 648 202 0.002232 0
871 162 898 177 0.002212 0
326 182 343 197 0.002207 0
973 208 985 223 0.002206 0
1240 198 1248 231 0.002190 0
1268 195 1279 260 0.002140 0
811 213 842 243 0.002132 0
1000 181 1009 208 0.002124 0
772 215 837 243 0.002090 0
974 207 997 252 0.002070 0
1252 199 1270 232 0.002052 0
162 196 175 231 0.002042 0
812 209 825 221 0.002019 0
769 223 849 266 0.001979 0
242 195 255 217 0.001973 0
330 179 352 198 0.001955 0
1111 193 1120 204 0.001929 0
241 214 252 238 0.001883 0
927 196 958 252 0.001883 0
1000 175 1035 260 0.001881 0
349 186 359 198 0.001871 0
161 200 175 236 0.001869 0
1245 197 1261 233 0.001863 0
1241 197 1249 231 0.001833 0
918 194 960 251 0.001819 0
685 186 702 226 0.001754 0
765 192 797 236 0.001743 0
1194 384 1212 413 0.001684 0
848 184 858 222 0.001679 0
666 186 671 208 0.001669 0
1088 149 1105 197 0.001629 0
374 180 389 202 0.001605 0
511 191 536 248 0.001605 0
515 186 531 218 0.001589 0
375 183 388 203 0.001574 0
567 188 582 216 0.001564 0
770 233 804 261 0.001561 0
1217 190 1230 216 0.001527 0
652 200 662 216 0.001523 0
914 191 959 250 0.001519 0
643 173 658 204 0.001513 0
242 196 254 221 0.001495 0
242 195 255 220 0.001486 0
241 196 255 237 0.001419 0
1200 404 1216 420 0.001419 0
241 203 254 237 0.001413 0
242 194 255 218 0.001413 0
847 195 868 231 0.001395 0
939 276 960 300 0.001380 0
879 154 896 173 0.001363 0
176 188 182 203 0.001361 0
1009 191 1043 224 0.001347 0
837 120 852 135 0.001339 0
1242 197 1256 232 0.001337 0
396 184 409 205 0.001324 0
867 192 914 269 0.001310 0
215 183 231 227 0.001303 0
586 173 594 186 0.001294 0
1089 161 1099 198 0.001291 0
680 198 690 215 0.001288 0
1032 178 1062 256 0.001257 0
322 231 356 315 0.001256 0
680 201 692 216 0.001254 0
239 217 254 239 0.001235 0
996 192 1027 262 0.001218 0
1243 197 1259 232 0.001195 0
665 185 672 222 0.001191 0
845 112 859 136 0.001180 0
200 206 222 238 0.001172 0
1093 196 1102 209 0.001166 0
407 179 419 205 0.001159 0
1256 196 1279 246 0.001157 0
803 177 814 202 0.001149 0
241 204 256 238 0.001109 0
325 230 357 317 0.001097 0
692 176 703 211 0.001076 0
623 164 640 198 0.001073 0
1111 194 1120 207 0.001067 0
1261 200 1279 252 0.001062 0
220 182 231 197 0.001047 0
1032 493 1038 502 0.001039 0
165 190 194 220 0.001033 0
201 199 220 227 0.001027 0
202 204 225 240 0.000969 0
206 204 226 241 0.000968 0
409 179 419 205 0.000949 0
1208 168 1221 212 0.000948 0
573 289 598 390 0.000915 0
871 155 894 174 0.000901 0
837 109 854 135 0.000895 0
638 166 660 204 0.000883 0
666 203 677 231 0.000878 0
679 178 692 217 0.000874 0
1040 181 1060 201 0.000866 0
862 192 885 227 0.000865 0
866 192 909 266 0.000857 0
803 183 814 204 0.000846 0
1153 184 1174 215 0.000843 0
693 188 710 227 0.000839 0
204 186 234 231 0.000813 0
1192 384 1204 402 0.000775 0
574 294 596 381 0.000769 0
354 185 370 199 0.000765 0
1200 406 1216 423 0.000743 0
1190 384 1210 411 0.000731 0
939 204 958 250 0.000713 0
319 228 353 318 0.000696 0
1092 176 1104 209 0.000681 0
1210 167 1225 212 0.000673 0
877 153 895 173 0.000670 0
840 106 857 136 0.000662 0
768 190 795 220 0.000651 0
911 197 926 252 0.000635 0
1151 185 1172 217 0.000629 0
162 199 186 235 0.000625 0
327 236 351 256 0.000608 0
238 214 257 239 0.000600 0
382 182 396 205 0.000598 0
414 250 422 270 0.000590 0
325 235 351 256 0.000578 0
216 181 230 200 0.000560 0
770 230 805 261 0.000556 0
432 172 445 205 0.000544 0
512 191 529 244 0.000537 0
1000 183 1022 217 0.000522 0
1093 151 1111 202 0.000517 0
319 237 348 317 0.000505 0
836 146 854 163 0.000495 0
833 151 842 162 0.000486 0
514 193 552 243 0.000481 0
1142 185 1166 216 0.000442 0
1224 195 1251 231 0.000441 0
993 188 1012 219 0.000427 0
371 169 384 196 0.000416 0
859 164 905 186 0.000416 0
1209 165 1227 220 0.000411 0
433 173 445 205 0.000406 0
1219 406 1231 424 0.000406 0
322 243 357 315 0.000402 0
713 212 727 236 0.000400 0
260 202 277 234 0.000392 0
318 199 351 275 0.000392 0
319 246 342 317 0.000372 0
321 235 332 277 0.000368 0
961 372 980 402 0.000368 0
362 167 380 200 0.000367 0
463 244 478 271 0.000365 0
162 202 179 238 0.000361 0
86 223 94 235 0.000359 0
202 200 248 236 0.000355 0
1206 405 1227 424 0.000353 0
240 186 255 217 0.000346 0
574 290 596 364 0.000339 0
396 182 409 204 0.000337 0
320 238 331 276 0.000330 0
848 186 869 232 0.000324 0
266 215 278 233 0.000314 0
847 161 930 226 0.000314 0
158 193 175 230 0.000309 0
607 159 648 188 0.000296 0
1048 105 1085 243 0.000290 0
1186 388 1216 419 0.000288 0
354 204 377 231 0.000282 0
262 194 274 231 0.000278 0
318 217 347 319 0.000276 0
203 192 252 240 0.000272 0
290 196 357 355 0.000271 0
307 185 326 206 0.000271 0
320 246 357 318 0.000266 0
774 186 794 209 0.000263 0
895 197 911 241 0.000261 0
319 227 340 322 0.000255 0
1193 383 1220 411 0.000253 0
319 207 351 279 0.000252 0
804 163 836 195 0.000249 0
325 246 357 315 0.000249 0
266 193 280 229 0.000247 0
961 370 980 407 0.000241 0
731 190 744 213 0.000237 0
1093 185 1121 207 0.000234 0
193 186 201 215 0.000234 0
241 191 257 230 0.000233 0
846 151 858 167 0.000228 0
407 251 415 272 0.000228 0
506 187 539 247 0.000227 0
1188 380 1224 417 0.000220 0
1208 222 1233 243 0.000213 0
836 167 939 221 0.000212 0
414 249 422 272 0.000211 0
895 199 911 246 0.000208 0
350 195 382 301 0.000207 0
323 234 352 284 0.000205 0
938 181 960 207 0.000200 0
767 199 809 240 0.000197 0
912 197 929 250 0.000194 0
208 234 230 254 0.000191 0
162 187 178 206 0.000187 0
202 200 255 247 0.000187 0
935 183 960 207 0.000186 0
407 251 414 271 0.000183 0
577 64 604 173 0.000182 0
1202 408 1217 430 0.000182 0
1196 370 1228 420 0.000181 0
324 232 356 312 0.000180 0
292 175 324 210 0.000176 0
406 177 419 204 0.000173 0
0 145 6 204 0.000173 0
1224 198 1248 231 0.000169 0
1095 160 1120 207 0.000168 0
801 195 827 222 0.000165 0
1140 176 1194 247 0.000165 0
319 259 339 317 0.000164 0
319 240 338 318 0.000163 0
772 194 823 228 0.000163 0
413 249 422 271 0.000161 0
1210 163 1238 217 0.000161 0
1203 164 1229 220 0.000158 0
455 196 480 268 0.000151 0
365 198 397 218 0.000151 0
1125 191 1173 247 0.000151 0
855 441 878 472 0.000149 0
799 182 814 218 0.000147 0
513 195 538 246 0.000143 0
319 204 329 223 0.000138 0
990 178 1010 212 0.000136 0
1001 173 1053 247 0.000132 0
461 201 482 271 0.000131 0
832 124 848 134 0.000129 0
847 161 870 233 0.000127 0
947 173 960 207 0.000127 0
1054 128 1107 230 0.000127 0
462 203 477 262 0.000126 0
412 180 427 204 0.000125 0
193 186 203 216 0.000125 0
510 227 538 248 0.000123 0
600 343 611 358 0.000120 0
357 146 375 190 0.000119 0
846 159 874 188 0.000117 0
0 375 17 398 0.000116 0
773 185 794 206 0.000115 0
307 184 327 209 0.000110 0
770 228 816 250 0.000105 0
1198 383 1224 428 0.000101 0
988 221 1065 271 0.493550 1
987 223 1030 271 0.339945 1
989 221 1067 267 0.252943 1
986 220 1032 272 0.247924 1
987 222 1057 271 0.196716 1
986 216 1025 270 0.191648 1
760 228 851 282 0.180359 1
987 222 1027 272 0.152054 1
1143 223 1170 250 0.152007 1
1140 220 1169 249 0.144929 1
989 207 1025 263 0.134379 1
986 226 1036 273 0.130898 1
987 221 1022 271 0.127637 1
1032 220 1061 261 0.127569 1
1036 222 1068 262 0.104973 1
1020 222 1061 266 0.103784 1
1028 222 1061 263 0.100661 1
1018 223 1062 267 0.100591 1
988 223 1015 264 0.097039 1
1038 218 1067 261 0.090587 1
1149 196 1169 248 0.087043 1
1021 225 1070 263 0.083748 1
1147 198 1168 248 0.076239 1
987 224 1014 268 0.075845 1
987 226 1028 273 0.073807 1
986 220 1041 271 0.073433 1
1014 223 1063 269 0.072250 1
991 221 1074 274 0.071149 1
989 220 1027 264 0.068681 1
1002 222 1052 265 0.065491 1
987 227 1045 272 0.062838 1
1025 224 1047 252 0.061506 1
987 220 1069 274 0.052447 1
1022 224 1040 252 0.051277 1
1149 224 1178 249 0.051134 1
987 217 1016 263 0.050296 1
1024 221 1073 264 0.048033 1
987 220 1013 262 0.045679 1
1139 224 1156 248 0.041065 1
866 231 901 286 0.040360 1
878 234 904 286 0.040064 1
1004 210 1027 263 0.039872 1
1038 212 1065 260 0.039341 1
873 231 900 273 0.037204 1
1160 223 1177 248 0.036608 1
547 199 568 217 0.035328 1
1026 224 1040 247 0.034267 1
877 236 910 287 0.033595 1
1139 226 1157 249 0.033359 1
865 238 904 286 0.032495 1
1134 227 1175 251 0.030782 1
1040 223 1073 262 0.030700 1
869 223 893 270 0.030463 1
1149 215 1186 248 0.030296 1
761 248 788 280 0.029516 1
1181 175 1201 216 0.028177 1
974 213 1013 260 0.027494 1
865 229 886 279 0.027011 1
761 200 850 281 0.025025 1
549 198 570 217 0.024771 1
1025 225 1040 246 0.024515 1
879 233 914 287 0.024255 1
1180 166 1202 216 0.022492 1
760 241 806 280 0.021479 1
880 234 901 270 0.020579 1
1031 225 1073 263 0.020510 1
541 201 554 218 0.019130 1
863 236 895 285 0.019095 1
1037 216 1074 260 0.018555 1
863 236 917 288 0.018549 1
549 199 567 217 0.018053 1
534 203 553 218 0.018024 1
1140 218 1200 250 0.017773 1
1133 214 1166 248 0.017656 1
867 231 879 264 0.017051 1
885 251 913 287 0.016859 1
880 232 902 281 0.016106 1
988 197 1027 267 0.015888 1
551 196 569 217 0.015554 1
884 259 915 291 0.015377 1
867 232 880 265 0.014685 1
1016 227 1073 272 0.014453 1
1016 237 1065 272 0.014402 1
1139 234 1169 253 0.014390 1
866 236 922 290 0.013459 1
882 237 925 288 0.013397 1
1108 219 1183 252 0.013325 1
1053 220 1091 255 0.012854 1
922 213 944 263 0.012807 1
889 259 929 294 0.012805 1
541 199 561 218 0.012591 1
1117 215 1168 250 0.012590 1
887 257 926 292 0.012388 1
1137 231 1173 253 0.012107 1
989 226 1072 272 0.012030 1
877 255 912 288 0.011762 1
881 231 905 269 0.011270 1
886 247 932 291 0.011090 1
760 248 806 281 0.010975 1
922 225 944 263 0.010361 1
1018 198 1058 265 0.010341 1
866 221 904 285 0.010049 1
1058 217 1091 240 0.009985 1
887 260 927 294 0.009772 1
1034 222 1099 264 0.009625 1
970 222 996 252 0.009563 1
881 229 904 270 0.009498 1
870 242 923 292 0.009163 1
967 223 1000 261 0.009148 1
977 209 1013 249 0.009121 1
970 223 1027 271 0.008906 1
1048 222 1091 262 0.008829 1
984 209 1001 226 0.008192 1
880 231 909 284 0.007993 1
1040 216 1136 256 0.007941 1
846 232 913 288 0.007937 1
1164 220 1194 247 0.007472 1
921 228 943 264 0.007417 1
761 231 806 280 0.007356 1
1178 185 1201 216 0.007282 1
882 249 961 297 0.007030 1
987 219 1089 269 0.006955 1
1168 221 1191 247 0.006916 1
862 229 895 284 0.006780 1
1179 191 1200 224 0.006638 1
969 225 998 258 0.006577 1
929 277 960 301 0.006223 1
986 207 1001 224 0.006180 1
1181 166 1201 216 0.006030 1
887 261 930 297 0.006009 1
969 216 999 254 0.005872 1
879 199 903 267 0.005819 1
559 199 580 217 0.005659 1
1071 223 1091 243 0.005624 1
1070 218 1096 236 0.005540 1
939 217 957 250 0.005371 1
1017 230 1081 273 0.005281 1
854 229 888 284 0.005196 1
1146 199 1184 248 0.005166 1
1057 212 1072 237 0.005117 1
1063 211 1097 233 0.005090 1
868 257 909 288 0.005087 1
562 201 579 217 0.005077 1
761 249 787 280 0.004981 1
1180 189 1204 227 0.004973 1
520 192 555 219 0.004606 1
1171 222 1191 248 0.004417 1
1181 183 1207 216 0.004379 1
1181 187 1209 218 0.004326 1
885 210 906 247 0.004313 1
838 225 868 255 0.004175 1
1178 189 1199 219 0.004107 1
1179 188 1200 216 0.004106 1
929 280 960 304 0.004013 1
980 226 1011 268 0.004009 1
1181 177 1201 218 0.003979 1
1179 170 1218 217 0.003928 1
1179 166 1218 217 0.003899 1
1007 222 1093 270 0.003789 1
929 279 959 301 0.003755 1
1167 210 1191 223 0.003695 1
1063 224 1092 253 0.003661 1
1181 186 1206 216 0.003661 1
894 228 944 264 0.003660 1
1176 178 1201 215 0.003634 1
891 262 930 295 0.003567 1
1069 211 1114 231 0.003380 1
1149 192 1202 245 0.003369 1
816 220 853 244 0.003275 1
883 233 919 277 0.003123 1
830 224 855 247 0.003110 1
881 264 961 301 0.002909 1
945 213 1036 268 0.002900 1
1144 178 1201 222 0.002891 1
1068 221 1122 246 0.002662 1
935 225 958 256 0.002660 1
536 201 557 220 0.002545 1
761 249 784 281 0.002435 1
1169 219 1198 246 0.002433 1
894 265 933 297 0.002426 1
888 235 942 273 0.002392 1
1040 201 1077 230 0.002373 1
756 221 913 286 0.002303 1
1067 203 1096 226 0.002289 1
1172 220 1223 266 0.002267 1
1104 308 1170 347 0.002260 1
1017 228 1079 274 0.002250 1
887 257 962 300 0.002248 1
987 195 1063 264 0.002181 1
889 199 905 244 0.002134 1
839 219 876 265 0.002108 1
1138 194 1190 237 0.002091 1
875 237 949 283 0.001973 1
890 240 944 292 0.001971 1
1180 164 1204 217 0.001949 1
988 193 1077 267 0.001912 1
762 248 807 280 0.001906 1
1180 179 1237 233 0.001849 1
934 277 960 302 0.001737 1
761 234 851 282 0.001736 1
848 209 870 237 0.001717 1
1147 171 1202 219 0.001703 1
1125 194 1170 248 0.001691 1
1180 167 1212 216 0.001665 1
805 219 855 259 0.001605 1
845 245 857 282 0.001583 1
1141 309 1172 351 0.001559 1
925 277 957 297 0.001554 1
1088 219 1220 271 0.001549 1
532 201 553 220 0.001543 1
895 221 913 263 0.001494 1
859 254 903 292 0.001468 1
914 275 960 302 0.001454 1
1140 309 1171 349 0.001433 1
760 217 930 285 0.001416 1
1109 309 1170 346 0.001412 1
818 252 851 282 0.001351 1
891 224 943 265 0.001322 1
891 265 931 297 0.001306 1
1073 198 1094 212 0.001299 1
814 252 850 281 0.001273 1
984 220 1088 288 0.001233 1
860 250 941 301 0.001161 1
1068 197 1088 213 0.001109 1
1088 197 1098 211 0.001100 1
837 244 927 306 0.001094 1
848 227 871 283 0.001093 1
928 283 950 300 0.001088 1
538 199 570 220 0.001083 1
987 220 1068 286 0.001037 1
901 220 910 244 0.001021 1
757 237 804 281 0.001016 1
887 266 913 296 0.000997 1
999 256 1076 291 0.000982 1
1145 189 1199 229 0.000965 1
927 276 961 314 0.000922 1
797 231 860 279 0.000908 1
810 247 851 281 0.000898 1
1186 211 1227 230 0.000895 1
907 216 928 261 0.000867 1
985 233 1010 271 0.000834 1
813 254 851 281 0.000814 1
845 248 857 282 0.000798 1
978 243 1084 296 0.000792 1
892 264 921 296 0.000785 1
1012 243 1097 291 0.000774 1
1038 216 1207 262 0.000744 1
1198 193 1227 230 0.000726 1
1136 309 1170 347 0.000706 1
575 294 596 349 0.000689 1
910 215 925 253 0.000672 1
1045 225 1092 265 0.000669 1
1074 189 1095 207 0.000626 1
575 281 596 346 0.000624 1
794 245 929 316 0.000610 1
804 243 851 279 0.000610 1
901 271 936 297 0.000598 1
831 177 1012 257 0.000588 1
1087 187 1097 206 0.000576 1
987 219 1208 285 0.000570 1
754 198 813 281 0.000567 1
1179 163 1222 218 0.000564 1
1032 192 1126 256 0.000542 1
761 249 792 286 0.000540 1
900 209 910 244 0.000534 1
984 219 1080 289 0.000531 1
1261 218 1279 256 0.000529 1
853 257 897 296 0.000525 1
927 281 960 312 0.000523 1
787 215 1078 279 0.000522 1
1104 311 1170 344 0.000522 1
985 232 1052 292 0.000518 1
977 200 1003 226 0.000512 1
987 238 1049 283 0.000499 1
928 284 946 306 0.000484 1
984 232 1065 297 0.000479 1
1181 165 1213 217 0.000453 1
575 283 596 364 0.000447 1
962 370 1028 399 0.000434 1
925 272 960 296 0.000432 1
903 269 958 295 0.000429 1
574 293 597 391 0.000410 1
532 269 599 397 0.000405 1
574 297 595 354 0.000396 1
871 273 912 297 0.000394 1
761 248 807 288 0.000391 1
750 204 774 235 0.000390 1
1012 243 1087 296 0.000373 1
1049 196 1179 254 0.000364 1
761 248 788 286 0.000352 1
755 244 800 283 0.000326 1
1025 277 1045 295 0.000325 1
575 280 596 353 0.000318 1
1174 165 1201 204 0.000318 1
1015 273 1069 296 0.000315 1
576 281 595 340 0.000312 1
968 239 1189 356 0.000297 1
964 371 991 393 0.000292 1
759 233 854 315 0.000283 1
987 277 1052 295 0.000281 1
857 275 912 298 0.000278 1
928 274 961 297 0.000263 1
983 223 1064 290 0.000258 1
919 228 966 265 0.000255 1
574 281 605 355 0.000251 1
971 218 1215 326 0.000239 1
743 237 927 324 0.000236 1
768 232 816 265 0.000231 1
750 203 1121 297 0.000226 1
758 241 851 312 0.000225 1
819 199 1004 265 0.000222 1
574 282 610 366 0.000200 1
764 254 807 289 0.000197 1
1104 307 1196 366 0.000196 1
576 280 595 329 0.000180 1
850 241 884 296 0.000175 1
553 274 599 397 0.000171 1
1141 343 1195 365 0.000171 1
963 220 1194 355 0.000168 1
981 264 1193 353 0.000166 1
982 245 1053 282 0.000160 1
575 330 594 389 0.000158 1
711 217 1241 390 0.000155 1
752 213 1061 295 0.000155 1
853 276 910 299 0.000153 1
1126 161 1206 219 0.000151 1
760 225 966 340 0.000149 1
918 223 1070 295 0.000142 1
829 250 859 292 0.000131 1
1012 248 1080 295 0.000125 1
835 266 1200 381 0.000122 1
850 277 903 299 0.000119 1
1039 276 1067 296 0.000116 1
1072 172 1097 205 0.000113 1
923 273 1188 365 0.000109 1
820 264 856 292 0.000106 1
567 278 599 396 0.000103 1
760 217 853 282 0.094169 2
586 184 643 216 0.055689 2
586 184 622 215 0.052160 2
523 183 536 195 0.051246 2
586 183 621 205 0.043030 2
522 182 537 197 0.041861 2
586 184 649 217 0.034507 2
554 171 571 199 0.025493 2
480 172 531 217 0.023654 2
291 176 323 198 0.022520 2
481 176 495 198 0.021683 2
693 200 727 231 0.020515 2
587 184 631 216 0.019285 2
586 186 645 217 0.019138 2
480 173 521 217 0.018346 2
521 182 546 198 0.016938 2
481 174 502 199 0.016648 2
696 201 731 233 0.015749 2
592 201 653 217 0.015469 2
553 172 580 201 0.015419 2
522 183 536 198 0.015359 2
552 160 580 177 0.013608 2
481 173 499 200 0.013537 2
696 198 729 232 0.012682 2
522 171 550 189 0.012592 2
554 174 580 201 0.012569 2
1254 193 1277 227 0.012553 2
542 159 580 187 0.012285 2
449 155 523 176 0.011821 2
553 171 569 199 0.011608 2
291 175 319 198 0.011595 2
766 214 872 282 0.011517 2
840 226 855 242 0.011367 2
1104 486 1116 495 0.011352 2
543 160 580 177 0.011101 2
633 202 645 217 0.010932 2
480 171 517 210 0.010783 2
839 223 855 242 0.010550 2
468 187 480 205 0.010349 2
548 160 580 184 0.010336 2
481 175 494 198 0.010306 2
299 176 323 198 0.010227 2
449 156 490 171 0.010174 2
1067 208 1122 232 0.010091 2
555 177 580 202 0.010076 2
520 173 576 200 0.009896 2
480 171 517 207 0.009732 2
487 202 516 217 0.009666 2
1254 196 1275 230 0.009434 2
396 199 409 205 0.009293 2
480 177 496 201 0.009101 2
1067 215 1122 239 0.008718 2
596 182 623 201 0.008582 2
858 177 941 224 0.008471 2
939 200 955 209 0.008284 2
522 183 549 202 0.008150 2
483 199 516 217 0.008058 2
573 183 622 216 0.008021 2
480 174 518 209 0.007994 2
585 184 627 216 0.007766 2
767 216 879 281 0.007580 2
690 200 730 234 0.007289 2
481 172 521 206 0.007235 2
485 172 519 203 0.007215 2
303 176 324 198 0.007007 2
840 224 855 242 0.006983 2
858 177 939 236 0.006981 2
449 157 494 175 0.006836 2
531 171 555 201 0.006742 2
526 169 568 199 0.006742 2
386 198 397 206 0.006430 2
1255 197 1276 227 0.006392 2
1067 207 1130 233 0.006305 2
933 198 948 226 0.006279 2
493 181 528 217 0.006251 2
456 182 480 206 0.006192 2
1272 192 1279 212 0.006180 2
697 207 726 231 0.006044 2
936 200 956 249 0.005915 2
1050 215 1139 250 0.005884 2
480 172 517 216 0.005469 2
481 180 517 217 0.005411 2
481 188 516 217 0.005398 2
760 217 883 283 0.005231 2
542 159 579 176 0.005195 2
442 154 520 201 0.005056 2
541 160 577 200 0.004956 2
505 183 541 215 0.004911 2
772 215 826 241 0.004815 2
681 198 730 234 0.004744 2
772 214 828 241 0.004740 2
1075 208 1135 232 0.004731 2
1063 208 1131 234 0.004682 2
433 172 445 193 0.004657 2
1209 371 1226 387 0.004647 2
573 181 621 212 0.004547 2
546 198 575 218 0.004535 2
1244 181 1278 230 0.004417 2
522 170 555 188 0.004405 2
447 196 475 216 0.004252 2
1109 214 1137 240 0.004247 2
791 214 838 243 0.004224 2
790 215 825 238 0.004151 2
522 174 545 196 0.003976 2
1037 201 1133 242 0.003909 2
448 157 491 180 0.003863 2
450 159 464 170 0.003859 2
713 197 740 235 0.003857 2
1116 216 1154 245 0.003808 2
1066 208 1134 232 0.003785 2
453 202 467 216 0.003756 2
452 180 482 215 0.003715 2
1071 206 1121 228 0.003697 2
713 200 739 235 0.003690 2
469 191 481 215 0.003600 2
472 156 522 207 0.003534 2
816 217 854 243 0.003534 2
804 239 851 277 0.003528 2
456 185 479 214 0.003481 2
451 180 480 205 0.003356 2
815 214 855 242 0.003352 2
466 180 480 204 0.003336 2
475 175 537 212 0.003301 2
1255 186 1279 224 0.003289 2
492 196 517 216 0.003238 2
866 177 940 210 0.003208 2
543 201 561 218 0.003189 2
443 180 481 215 0.003110 2
481 177 518 212 0.003082 2
432 170 448 189 0.003045 2
474 185 505 217 0.003032 2
925 188 945 209 0.003008 2
1070 203 1125 231 0.002971 2
556 184 622 216 0.002963 2
560 174 582 201 0.002883 2
453 201 473 216 0.002791 2
832 216 854 241 0.002777 2
1065 206 1158 246 0.002702 2
1209 369 1226 387 0.002669 2
938 200 958 213 0.002434 2
480 174 541 218 0.002426 2
938 201 960 250 0.002417 2
440 201 469 218 0.002415 2
1069 206 1134 230 0.002357 2
449 158 491 176 0.002290 2
913 182 941 201 0.002227 2
1070 206 1103 223 0.002207 2
1081 207 1135 229 0.002199 2
543 187 653 220 0.002178 2
432 168 467 187 0.002162 2
766 200 851 246 0.002146 2
448 156 494 181 0.002130 2
1231 177 1279 201 0.002124 2
513 177 537 204 0.002013 2
1263 170 1279 182 0.001988 2
1089 207 1140 230 0.001986 2
521 169 543 180 0.001973 2
166 202 199 220 0.001941 2
463 252 479 271 0.001920 2
1148 183 1201 217 0.001785 2
448 161 497 200 0.001671 2
565 160 580 182 0.001638 2
439 200 472 217 0.001610 2
464 258 479 271 0.001610 2
435 178 481 215 0.001609 2
603 156 632 185 0.001594 2
700 203 734 235 0.001588 2
622 187 634 201 0.001587 2
1224 179 1279 216 0.001587 2
567 160 580 180 0.001575 2
325 236 351 254 0.001565 2
804 218 852 270 0.001563 2
1261 176 1279 203 0.001541 2
432 172 445 203 0.001535 2
327 235 351 255 0.001527 2
1226 179 1279 234 0.001467 2
829 135 907 171 0.001437 2
432 173 458 207 0.001416 2
1268 192 1279 228 0.001403 2
445 179 480 208 0.001402 2
828 135 903 165 0.001380 2
504 176 577 216 0.001370 2
473 196 497 217 0.001369 2
454 146 526 179 0.001338 2
1255 175 1279 198 0.001335 2
587 175 600 185 0.001328 2
603 167 631 191 0.001326 2
162 202 205 234 0.001302 2
925 184 946 201 0.001268 2
865 188 930 234 0.001260 2
1245 169 1279 195 0.001259 2
699 198 759 235 0.001256 2
397 199 418 205 0.001253 2
469 197 482 217 0.001247 2
478 174 520 218 0.001237 2
1265 169 1279 179 0.001196 2
1154 183 1198 212 0.001192 2
681 201 704 231 0.001136 2
797 154 964 241 0.001134 2
433 169 482 212 0.001129 2
614 177 633 200 0.001125 2
1207 365 1233 388 0.001091 2
1208 368 1231 388 0.001081 2
517 176 537 197 0.001078 2
529 193 542 218 0.001061 2
355 215 370 229 0.001042 2
434 175 479 206 0.001034 2
1248 190 1278 232 0.001012 2
447 161 466 179 0.000993 2
371 197 392 206 0.000978 2
412 171 446 203 0.000951 2
827 135 906 169 0.000950 2
1249 170 1279 191 0.000930 2
521 149 578 184 0.000912 2
290 175 317 198 0.000911 2
646 197 663 216 0.000883 2
448 154 489 172 0.000863 2
1224 168 1280 195 0.000862 2
448 159 468 176 0.000862 2
937 205 981 249 0.000847 2
1207 370 1226 395 0.000817 2
322 200 353 257 0.000802 2
699 184 734 213 0.000796 2
352 187 371 200 0.000789 2
283 175 321 200 0.000785 2
485 154 525 202 0.000780 2
166 202 201 226 0.000776 2
463 249 479 271 0.000774 2
635 169 667 205 0.000768 2
437 204 453 219 0.000763 2
1261 169 1279 181 0.000748 2
1204 371 1225 406 0.000730 2
1039 196 1087 224 0.000727 2
863 177 943 235 0.000716 2
1038 188 1067 223 0.000710 2
377 182 397 205 0.000703 2
1229 168 1248 182 0.000702 2
953 206 984 223 0.000690 2
709 190 739 229 0.000685 2
803 208 823 222 0.000666 2
928 187 954 208 0.000665 2
325 210 353 256 0.000645 2
353 199 386 229 0.000637 2
320 199 355 256 0.000635 2
649 177 663 204 0.000633 2
446 160 494 205 0.000623 2
1094 209 1152 228 0.000621 2
832 135 861 166 0.000619 2
602 154 703 213 0.000617 2
746 213 770 235 0.000609 2
647 184 664 216 0.000601 2
1272 217 1279 258 0.000599 2
1247 168 1279 182 0.000579 2
771 199 827 240 0.000578 2
445 164 483 202 0.000560 2
453 189 479 219 0.000552 2
1086 192 1121 208 0.000544 2
642 168 663 199 0.000529 2
290 175 312 198 0.000518 2
411 173 446 204 0.000506 2
586 163 602 185 0.000497 2
319 213 331 234 0.000494 2
1212 176 1278 232 0.000489 2
361 187 377 201 0.000483 2
384 183 403 205 0.000482 2
113 224 138 237 0.000477 2
618 151 637 166 0.000469 2
924 181 955 206 0.000463 2
503 149 524 179 0.000462 2
451 203 471 222 0.000455 2
1206 360 1231 388 0.000448 2
354 204 382 222 0.000446 2
352 195 393 207 0.000443 2
695 177 727 204 0.000441 2
586 168 595 184 0.000436 2
706 193 805 236 0.000431 2
122 225 137 236 0.000430 2
163 202 223 232 0.000428 2
1222 165 1279 232 0.000424 2
1070 192 1082 207 0.000421 2
925 177 946 187 0.000416 2
348 201 373 228 0.000415 2
850 439 878 455 0.000408 2
1072 192 1125 231 0.000395 2
660 183 698 226 0.000395 2
562 159 605 186 0.000392 2
1036 190 1132 234 0.000386 2
1223 177 1267 235 0.000380 2
414 203 453 226 0.000379 2
392 175 444 206 0.000376 2
1264 365 1279 377 0.000376 2
348 198 386 229 0.000376 2
520 149 544 176 0.000375 2
449 197 479 219 0.000370 2
1227 166 1270 182 0.000366 2
433 198 463 216 0.000361 2
646 174 697 217 0.000347 2
889 185 937 223 0.000347 2
443 204 469 223 0.000346 2
354 204 377 230 0.000344 2
327 207 354 255 0.000343 2
825 136 909 162 0.000342 2
327 198 368 252 0.000332 2
432 160 470 183 0.000329 2
1206 368 1233 402 0.000328 2
861 176 940 217 0.000325 2
348 191 389 220 0.000325 2
585 161 605 184 0.000324 2
380 181 408 205 0.000322 2
411 167 449 201 0.000321 2
575 281 605 344 0.000318 2
327 199 357 255 0.000317 2
591 172 625 201 0.000306 2
575 278 603 337 0.000301 2
1266 246 1279 269 0.000296 2
110 223 154 250 0.000294 2
736 197 790 232 0.000293 2
817 209 835 223 0.000287 2
429 192 450 208 0.000284 2
356 201 386 220 0.000283 2
1206 361 1253 391 0.000281 2
1189 356 1229 388 0.000275 2
1204 350 1265 390 0.000273 2
292 192 391 214 0.000269 2
939 200 981 211 0.000258 2
110 224 156 252 0.000255 2
1039 190 1089 221 0.000255 2
473 144 525 174 0.000252 2
737 201 773 216 0.000240 2
453 201 476 252 0.000239 2
1173 344 1268 418 0.000237 2
1220 181 1254 232 0.000230 2
596 160 623 184 0.000229 2
166 199 203 221 0.000228 2
321 195 360 254 0.000227 2
738 201 777 219 0.000226 2
327 200 374 239 0.000226 2
664 190 697 232 0.000215 2
522 147 544 175 0.000215 2
836 204 856 229 0.000211 2
1194 352 1253 389 0.000205 2
216 206 254 238 0.000204 2
463 244 478 271 0.000202 2
1176 344 1268 411 0.000200 2
840 142 879 171 0.000194 2
319 196 358 256 0.000193 2
272 179 305 194 0.000191 2
377 176 402 205 0.000191 2
573 280 611 382 0.000182 2
595 159 616 182 0.000181 2
153 185 179 208 0.000181 2
421 206 453 227 0.000180 2
1168 336 1267 399 0.000177 2
316 201 349 259 0.000175 2
410 201 433 205 0.000169 2
411 174 440 204 0.000169 2
969 197 993 220 0.000169 2
1188 347 1271 419 0.000166 2
160 186 193 232 0.000155 2
733 184 798 222 0.000152 2
573 286 611 392 0.000152 2
1218 163 1255 221 0.000152 2
732 203 772 236 0.000150 2
411 178 424 204 0.000150 2
394 195 413 206 0.000149 2
242 194 256 216 0.000147 2
408 202 454 227 0.000146 2
828 135 896 165 0.000145 2
169 193 195 220 0.000145 2
411 204 454 245 0.000142 2
431 160 466 185 0.000141 2
152 183 179 201 0.000140 2
846 145 895 175 0.000140 2
494 143 526 178 0.000138 2
152 182 183 206 0.000138 2
108 223 159 256 0.000135 2
861 163 938 199 0.000133 2
961 200 986 210 0.000129 2
319 203 331 235 0.000128 2
575 275 601 333 0.000128 2
119 218 148 237 0.000128 2
824 328 866 346 0.000127 2
1190 347 1277 424 0.000127 2
266 183 309 211 0.000127 2
243 192 273 232 0.000127 2
926 176 953 205 0.000126 2
1263 364 1279 386 0.000126 2
447 144 530 176 0.000125 2
439 143 529 175 0.000124 2
65 225 94 236 0.000123 2
801 185 853 222 0.000122 2
112 222 129 238 0.000121 2
19 225 62 238 0.000118 2
1101 160 1138 185 0.000117 2
95 198 108 206 0.000116 2
69 224 94 236 0.000113 2
63 224 99 246 0.000111 2
327 191 376 279 0.000110 2
242 192 273 219 0.000110 2
16 224 63 252 0.000109 2
416 200 436 206 0.000108 2
1183 350 1229 393 0.000108 2
392 198 430 214 0.000106 2
1186 354 1230 405 0.000102 2
221 196 254 233 0.000101 2
1203 368 1255 395 0.000100 2
761 215 851 282 0.103711 3
761 225 853 282 0.058157 3
761 207 853 281 0.057618 3
1041 219 1073 262 0.054910 3
1044 218 1071 250 0.024142 3
1050 223 1073 262 0.018368 3
1053 217 1073 254 0.015609 3
1053 220 1073 261 0.013903 3
1038 210 1070 243 0.009378 3
1048 225 1073 262 0.009025 3
760 216 889 282 0.007389 3
1042 228 1073 263 0.004702 3
1024 225 1078 275 0.000911 3
761 227 858 283 0.000734 3
717 192 829 274 0.000245 3
759 217 945 334 0.000177 3
825 135 936 173 0.005363 5
827 134 906 169 0.004960 5
805 134 941 224 0.004086 5
862 177 937 203 0.003513 5
804 136 962 241 0.001717 5
827 134 899 166 0.001031 5
831 136 939 200 0.000943 5
864 172 936 204 0.000880 5
492 150 525 178 0.000875 5
855 136 943 212 0.000384 5
822 136 927 173 0.000187 5
363 64 452 205 0.000114 6
802 135 939 228 0.320642 7
790 136 938 230 0.108987 7
585 183 643 217 0.059550 7
531 158 581 201 0.043181 7
802 167 942 229 0.035678 7
523 160 580 201 0.034064 7
541 159 581 201 0.032239 7
586 184 647 218 0.029935 7
480 171 532 216 0.026165 7
802 150 938 226 0.025423 7
545 168 580 200 0.023129 7
521 157 582 201 0.018937 7
450 151 524 181 0.018521 7
761 158 937 282 0.016938 7
708 137 936 233 0.015501 7
449 153 523 178 0.015256 7
710 153 860 236 0.015145 7
827 134 899 168 0.014406 7
801 158 857 224 0.013414 7
826 135 937 170 0.012721 7
809 175 941 228 0.012631 7
856 176 943 229 0.012596 7
800 161 934 233 0.012543 7
801 157 857 230 0.011676 7
695 141 935 234 0.011438 7
539 159 579 200 0.010994 7
558 183 649 219 0.010252 7
801 152 858 226 0.009365 7
715 152 858 229 0.009035 7
442 152 520 184 0.008263 7
826 135 905 169 0.007837 7
861 177 938 203 0.007122 7
302 201 458 343 0.007116 7
864 175 940 226 0.007026 7
691 149 879 234 0.006666 7
689 191 732 233 0.006027 7
585 182 636 217 0.006023 7
701 151 862 232 0.005961 7
687 146 911 234 0.005682 7
466 170 522 211 0.005461 7
602 157 638 198 0.005212 7
694 153 819 234 0.005096 7
687 168 858 233 0.005039 7
586 186 649 219 0.005025 7
695 131 936 232 0.004986 7
706 152 861 226 0.004687 7
602 155 640 199 0.004574 7
696 153 853 234 0.004528 7
693 192 739 234 0.004409 7
450 147 524 179 0.004313 7
803 135 915 210 0.004283 7
864 175 940 221 0.003999 7
665 184 730 232 0.003968 7
449 155 490 173 0.003907 7
760 186 864 282 0.003767 7
447 155 525 207 0.003678 7
448 156 531 204 0.003674 7
694 170 819 236 0.003661 7
548 183 650 217 0.003638 7
760 213 901 282 0.003502 7
1213 167 1279 228 0.003382 7
693 184 810 236 0.003321 7
762 144 948 278 0.002974 7
602 152 643 197 0.002922 7
448 155 490 175 0.002914 7
807 158 858 189 0.002863 7
449 158 581 205 0.002784 7
1183 166 1279 227 0.002748 7
809 158 858 187 0.002708 7
1066 207 1140 235 0.002696 7
863 176 939 212 0.002600 7
601 151 666 210 0.002579 7
1221 172 1279 231 0.002532 7
696 184 732 228 0.002406 7
804 160 858 202 0.002393 7
688 164 804 233 0.002282 7
767 187 855 245 0.002252 7
553 176 580 207 0.002202 7
603 153 637 187 0.002196 7
696 152 808 230 0.002181 7
292 197 392 329 0.002080 7
540 175 627 210 0.002044 7
1204 169 1279 228 0.002023 7
1209 170 1279 231 0.002001 7
442 146 522 180 0.001902 7
803 158 858 220 0.001900 7
602 153 674 209 0.001841 7
537 182 651 220 0.001804 7
802 181 855 234 0.001776 7
805 158 857 192 0.001727 7
801 135 906 223 0.001682 7
542 159 601 206 0.001610 7
551 184 680 222 0.001601 7
296 198 428 335 0.001532 7
600 157 721 218 0.001465 7
809 160 857 185 0.001459 7
779 145 1002 270 0.001457 7
650 178 732 231 0.001453 7
802 160 856 218 0.001436 7
584 178 646 217 0.001377 7
801 181 854 224 0.001323 7
681 176 730 230 0.001321 7
519 144 581 202 0.001320 7
692 182 732 229 0.001309 7
684 115 935 232 0.001269 7
825 132 937 169 0.001265 7
523 158 663 213 0.001202 7
1182 169 1279 233 0.001176 7
828 135 900 166 0.001093 7
603 153 666 205 0.001035 7
795 161 868 243 0.001032 7
828 135 937 183 0.001015 7
1224 171 1279 228 0.000945 7
501 169 634 217 0.000912 7
638 149 732 231 0.000878 7
699 183 733 214 0.000856 7
602 151 656 199 0.000852 7
1069 183 1184 239 0.000844 7
802 171 853 222 0.000842 7
611 164 726 221 0.000820 7
449 127 532 180 0.000807 7
559 175 732 228 0.000792 7
863 176 950 239 0.000791 7
527 143 581 202 0.000750 7
825 124 939 168 0.000750 7
1173 175 1221 260 0.000745 7
458 169 585 217 0.000733 7
592 171 731 223 0.000696 7
1177 165 1272 242 0.000655 7
597 153 730 226 0.000646 7
603 153 649 201 0.000641 7
801 170 860 223 0.000640 7
810 157 858 181 0.000634 7
533 156 716 222 0.000554 7
350 200 392 320 0.000530 7
294 198 391 316 0.000507 7
445 167 556 219 0.000503 7
810 162 858 178 0.000497 7
382 177 449 206 0.000485 7
293 197 371 320 0.000459 7
800 93 939 226 0.000434 7
427 174 481 211 0.000420 7
668 69 926 235 0.000413 7
674 141 814 233 0.000411 7
808 172 857 189 0.000391 7
312 190 587 308 0.000376 7
296 79 458 346 0.000358 7
799 184 858 226 0.000322 7
731 171 802 221 0.000278 7
442 153 531 208 0.000266 7
1172 177 1280 272 0.000260 7
1087 190 1222 261 0.000259 7
159 183 203 231 0.000230 7
1213 162 1279 231 0.000230 7
816 163 858 180 0.000216 7
445 134 544 204 0.000212 7
1165 168 1280 269 0.000209 7
697 184 740 214 0.000207 7
803 132 992 241 0.000202 7
727 159 807 221 0.000200 7
729 167 804 219 0.000194 7
159 181 226 227 0.000183 7
810 122 931 168 0.000180 7
1071 190 1134 233 0.000171 7
393 203 457 293 0.000171 7
1072 194 1219 259 0.000168 7
811 157 858 175 0.000164 7
1088 161 1155 224 0.000163 7
383 187 471 207 0.000162 7
697 77 937 229 0.000161 7
572 157 635 217 0.000160 7
698 144 842 221 0.000158 7
163 173 230 224 0.000155 7
708 144 863 223 0.000151 7
387 203 575 308 0.000151 7
203 181 255 235 0.000151 7
386 203 551 325 0.000141 7
514 131 583 202 0.000141 7
410 206 452 254 0.000135 7
446 145 525 174 0.000133 7
795 130 1046 256 0.000132 7
294 196 388 282 0.000132 7
1065 159 1224 260 0.000131 7
687 66 938 232 0.000126 7
174 174 229 227 0.000126 7
605 64 914 233 0.000121 7
373 172 408 206 0.000121 7
797 136 870 223 0.000120 7
297 177 382 218 0.000115 7
540 152 581 182 0.000111 7
297 105 403 339 0.000109 7
1092 163 1198 238 0.000107 7
296 93 466 347 0.000107 7
442 121 530 179 0.000107 7
409 204 454 245 0.000106 7
303 76 554 350 0.000105 7
1089 183 1160 222 0.000103 7
293 191 384 282 0.000102 7
718 140 881 225 0.000102 7
720 141 876 226 0.000101 7
1088 149 1103 178 0.231122 9
513 151 523 176 0.123447 9
1089 149 1103 177 0.122974 9
513 151 523 173 0.091208 9
1005 135 1015 173 0.063019 9
1004 135 1014 172 0.050992 9
1001 135 1013 176 0.046478 9
1089 149 1104 178 0.028925 9
513 150 524 176 0.023998 9
1004 135 1014 173 0.022569 9
1001 134 1014 173 0.019345 9
1014 133 1025 170 0.019191 9
693 181 702 205 0.015223 9
1014 134 1026 166 0.013087 9
1015 144 1024 169 0.012423 9
1015 134 1026 146 0.010378 9
373 166 382 184 0.010188 9
1051 108 1084 147 0.009621 9
313 151 343 197 0.009461 9
1089 149 1103 188 0.007527 9
514 151 525 178 0.007469 9
1089 149 1102 186 0.007366 9
1001 164 1009 177 0.007158 9
894 156 905 171 0.007138 9
1003 136 1014 175 0.006964 9
513 149 524 176 0.006917 9
1011 133 1025 172 0.006741 9
316 154 351 198 0.006722 9
1089 148 1110 177 0.006479 9
1090 146 1111 175 0.005710 9
449 159 464 170 0.005635 9
699 119 716 154 0.005386 9
366 165 375 187 0.005323 9
320 159 353 199 0.005072 9
168 64 203 91 0.004710 9
701 118 717 154 0.004379 9
330 164 353 198 0.004343 9
171 64 202 91 0.004186 9
700 114 717 144 0.004152 9
1090 132 1108 176 0.003649 9
1003 135 1016 173 0.003500 9
701 117 717 152 0.003401 9
695 117 717 154 0.003381 9
312 147 343 196 0.003159 9
705 154 713 173 0.003099 9
693 175 702 200 0.002968 9
702 116 716 129 0.002820 9
318 161 353 198 0.002810 9
366 165 376 188 0.002721 9
695 119 710 153 0.002696 9
597 120 605 144 0.002658 9
512 146 524 176 0.002641 9
998 131 1011 174 0.002589 9
696 119 708 152 0.002542 9
119 64 162 76 0.002521 9
119 64 157 77 0.002487 9
702 119 718 155 0.002401 9
1007 133 1026 173 0.002307 9
703 162 713 179 0.002280 9
373 166 382 189 0.002257 9
1089 149 1110 180 0.002171 9
703 116 717 130 0.002170 9
993 139 1001 169 0.001944 9
597 115 626 165 0.001915 9
597 116 610 147 0.001910 9
514 171 524 190 0.001905 9
120 64 165 77 0.001812 9
896 154 909 173 0.001780 9
891 154 907 171 0.001737 9
312 152 328 198 0.001727 9
335 163 352 196 0.001698 9
693 119 709 152 0.001696 9
595 64 625 93 0.001685 9
581 64 596 93 0.001613 9
689 169 700 181 0.001599 9
687 169 702 204 0.001578 9
240 178 246 191 0.001553 9
994 138 1001 168 0.001535 9
665 182 671 200 0.001534 9
1184 164 1201 187 0.001511 9
1078 147 1103 181 0.001504 9
1193 384 1205 403 0.001472 9
257 144 268 158 0.001469 9
892 138 927 170 0.001434 9
697 70 707 119 0.001408 9
678 65 695 119 0.001370 9
853 115 865 137 0.001365 9
594 64 629 93 0.001348 9
997 133 1017 174 0.001321 9
688 173 702 209 0.001296 9
259 144 269 159 0.001295 9
680 170 689 205 0.001260 9
586 118 598 136 0.001254 9
1078 148 1102 183 0.001253 9
580 64 597 93 0.001233 9
690 170 703 180 0.001221 9
702 142 714 174 0.001218 9
1207 169 1217 198 0.001202 9
696 65 709 119 0.001166 9
312 148 329 195 0.001140 9
239 176 246 190 0.001138 9
695 151 706 175 0.001112 9
703 113 716 129 0.001093 9
362 164 374 189 0.001083 9
1006 133 1022 174 0.001076 9
119 64 166 79 0.001064 9
512 141 526 175 0.001062 9
258 144 269 159 0.001046 9
159 64 202 92 0.001035 9
850 114 864 137 0.001033 9
993 138 1004 173 0.001026 9
699 87 715 126 0.001011 9
121 64 171 77 0.001004 9
314 150 344 196 0.000998 9
591 64 634 93 0.000984 9
119 64 160 74 0.000979 9
701 174 713 183 0.000973 9
680 177 689 213 0.000972 9
171 64 204 91 0.000963 9
1076 140 1103 178 0.000950 9
1210 167 1226 196 0.000944 9
663 171 671 191 0.000937 9
678 67 692 117 0.000926 9
157 64 172 75 0.000917 9
1206 167 1220 191 0.000912 9
1127 165 1147 185 0.000903 9
160 64 174 76 0.000902 9
681 167 689 187 0.000897 9
1097 131 1109 151 0.000895 9
678 66 692 120 0.000883 9
849 182 858 192 0.000870 9
184 144 199 168 0.000854 9
161 64 203 92 0.000851 9
1096 130 1111 173 0.000836 9
586 118 598 134 0.000817 9
120 64 160 79 0.000817 9
598 116 626 163 0.000815 9
700 88 714 113 0.000812 9
696 151 706 174 0.000798 9
362 165 373 190 0.000791 9
581 64 597 96 0.000775 9
688 118 711 133 0.000732 9
140 64 172 78 0.000729 9
697 77 709 120 0.000722 9
686 118 708 153 0.000720 9
702 112 719 129 0.000704 9
688 117 717 172 0.000685 9
589 118 603 147 0.000682 9
1227 166 1248 181 0.000676 9
685 118 715 157 0.000665 9
709 142 718 172 0.000650 9
586 119 598 135 0.000644 9
153 64 184 79 0.000642 9
708 152 717 174 0.000641 9
356 218 370 229 0.000623 9
839 105 855 135 0.000606 9
1182 165 1200 191 0.000590 9
684 68 695 119 0.000589 9
184 145 199 169 0.000587 9
1129 163 1154 186 0.000580 9
999 128 1008 137 0.000577 9
1088 141 1104 176 0.000574 9
890 158 910 178 0.000550 9
596 121 625 165 0.000549 9
352 153 362 193 0.000547 9
1014 133 1034 159 0.000546 9
597 64 625 92 0.000543 9
1098 130 1110 153 0.000536 9
121 64 170 79 0.000531 9
697 65 709 118 0.000519 9
108 149 128 168 0.000517 9
682 120 700 153 0.000502 9
1137 164 1153 185 0.000497 9
699 81 721 129 0.000495 9
172 64 253 93 0.000494 9
1192 384 1205 402 0.000493 9
624 64 639 92 0.000487 9
109 150 128 166 0.000474 9
686 64 705 118 0.000473 9
975 190 982 201 0.000473 9
841 105 855 136 0.000471 9
1001 170 1008 195 0.000470 9
683 67 716 155 0.000470 9
709 81 720 111 0.000468 9
160 65 200 92 0.000460 9
335 157 360 198 0.000454 9
718 115 729 130 0.000450 9
695 66 726 139 0.000443 9
586 64 626 94 0.000440 9
1015 140 1038 167 0.000432 9
697 71 718 118 0.000432 9
857 136 938 156 0.000431 9
170 142 181 171 0.000425 9
661 169 672 189 0.000418 9
1030 138 1040 155 0.000411 9
586 117 598 134 0.000406 9
597 116 618 147 0.000404 9
110 150 127 165 0.000393 9
801 150 809 158 0.000391 9
580 64 632 94 0.000381 9
996 132 1020 174 0.000381 9
1185 165 1210 188 0.000378 9
678 64 696 113 0.000377 9
1013 131 1028 154 0.000370 9
1115 163 1151 186 0.000362 9
842 107 865 137 0.000347 9
624 119 638 156 0.000346 9
1078 158 1096 186 0.000340 9
1014 133 1031 155 0.000322 9
96 177 106 203 0.000321 9
1226 166 1249 181 0.000320 9
726 96 739 111 0.000316 9
96 182 105 203 0.000312 9
592 64 640 93 0.000304 9
649 122 659 148 0.000300 9
680 124 691 154 0.000300 9
1223 164 1243 185 0.000299 9
877 136 938 156 0.000299 9
341 64 364 111 0.000292 9
1106 148 1119 168 0.000287 9
682 64 712 131 0.000286 9
648 122 659 160 0.000279 9
581 64 597 91 0.000276 9
170 143 181 169 0.000267 9
829 136 939 158 0.000263 9
598 116 626 154 0.000263 9
170 144 182 169 0.000263 9
625 118 638 158 0.000255 9
97 176 111 203 0.000254 9
339 64 363 112 0.000254 9
232 110 267 130 0.000254 9
882 136 938 155 0.000251 9
608 151 631 167 0.000250 9
686 118 709 136 0.000247 9
595 116 619 162 0.000246 9
710 80 722 110 0.000237 9
853 118 872 136 0.000237 9
805 148 813 159 0.000226 9
1105 149 1118 170 0.000222 9
993 135 1000 153 0.000221 9
697 99 714 126 0.000218 9
1053 107 1086 148 0.000218 9
359 148 376 190 0.000217 9
369 159 383 189 0.000213 9
1022 147 1040 164 0.000211 9
680 136 690 167 0.000208 9
726 95 739 109 0.000208 9
712 111 729 130 0.000207 9
993 158 1009 177 0.000206 9
312 133 337 194 0.000206 9
0 144 6 199 0.000205 9
1154 163 1168 184 0.000199 9
335 64 363 112 0.000198 9
182 143 199 169 0.000197 9
677 64 696 118 0.000197 9
682 118 715 186 0.000196 9
587 118 603 169 0.000193 9
883 136 938 166 0.000192 9
1050 111 1084 147 0.000192 9
624 129 637 159 0.000192 9
1183 162 1202 188 0.000190 9
174 143 201 170 0.000190 9
602 123 626 163 0.000190 9
161 76 194 91 0.000188 9
580 77 600 137 0.000187 9
170 143 185 172 0.000185 9
99 148 129 179 0.000184 9
256 83 266 98 0.000184 9
98 174 110 185 0.000183 9
656 168 697 215 0.000180 9
97 172 109 183 0.000180 9
1109 162 1150 185 0.000180 9
449 150 490 171 0.000179 9
1010 148 1032 178 0.000179 9
584 118 600 151 0.000179 9
842 104 856 131 0.000175 9
696 92 740 154 0.000174 9
183 143 200 169 0.000170 9
603 147 624 164 0.000166 9
831 135 861 165 0.000166 9
1097 129 1109 151 0.000164 9
697 70 739 129 0.000163 9
681 119 705 178 0.000163 9
839 101 855 134 0.000163 9
172 64 242 92 0.000162 9
981 144 995 161 0.000160 9
687 64 728 125 0.000159 9
963 152 976 161 0.000157 9
687 150 703 179 0.000156 9
638 119 649 156 0.000155 9
624 64 639 74 0.000154 9
637 117 652 161 0.000152 9
636 82 658 104 0.000152 9
624 123 638 157 0.000152 9
680 123 690 153 0.000149 9
579 64 599 96 0.000148 9
697 64 712 110 0.000148 9
171 64 214 92 0.000147 9
845 114 872 137 0.000145 9
832 110 855 135 0.000143 9
48 67 73 123 0.000143 9
544 112 552 134 0.000141 9
322 91 331 126 0.000140 9
698 65 714 110 0.000139 9
831 137 857 162 0.000137 9
312 140 326 193 0.000135 9
811 162 859 189 0.000135 9
706 155 718 179 0.000135 9
1059 108 1086 145 0.000134 9
0 142 6 206 0.000133 9
662 168 690 195 0.000133 9
167 64 255 91 0.000133 9
449 150 487 172 0.000133 9
678 74 692 123 0.000132 9
1105 162 1151 186 0.000130 9
96 177 111 204 0.000130 9
108 149 129 182 0.000130 9
717 83 738 119 0.000129 9
1016 152 1035 169 0.000129 9
702 113 729 151 0.000126 9
903 136 938 155 0.000125 9
1225 159 1249 181 0.000125 9
1001 128 1016 150 0.000125 9
1047 159 1055 173 0.000124 9
647 140 658 164 0.000123 9
262 66 273 83 0.000123 9
680 150 690 186 0.000121 9
577 64 659 167 0.000121 9
168 64 261 100 0.000121 9
753 138 761 153 0.000120 9
209 66 255 87 0.000119 9
598 145 618 166 0.000115 9
545 142 551 155 0.000115 9
1052 117 1066 161 0.000114 9
868 123 880 138 0.000114 9
579 64 598 121 0.000113 9
256 143 270 180 0.000112 9
120 64 152 78 0.000112 9
1128 159 1154 168 0.000112 9
719 149 727 159 0.000112 9
219 109 270 133 0.000111 9
1023 129 1040 155 0.000110 9
961 151 977 161 0.000110 9
566 143 576 158 0.000110 9
637 120 653 162 0.000109 9
585 64 648 94 0.000109 9
583 97 600 136 0.000108 9
242 177 258 195 0.000108 9
712 79 722 99 0.000108 9
360 147 374 172 0.000107 9
847 136 940 154 0.000106 9
1147 162 1168 185 0.000106 9
712 79 739 112 0.000104 9
578 64 601 142 0.000103 9
210 68 220 85 0.000103 9
578 67 587 94 0.000102 9
904 137 937 153 0.000102 9
224 107 271 130 0.000101 9
1047 162 1056 177 0.000101 9
256 79 269 98 0.000100 9
324 109 367 163 0.164334 11
1051 108 1084 148 0.079267 11
1181 186 1200 215 0.032633 11
1181 189 1200 215 0.026424 11
1181 170 1201 216 0.018234 11
1181 190 1200 215 0.016776 11
1212 168 1225 196 0.000900 11
1053 106 1080 198 0.000494 11
1226 167 1248 182 0.000400 11
415 64 441 121 0.000252 11
1051 107 1086 213 0.000245 11
889 137 937 154 0.000221 11
1033 107 1084 151 0.000219 11
1212 164 1249 204 0.000199 11
1050 109 1083 155 0.000190 11
1014 106 1087 214 0.000165 11
1040 107 1084 149 0.000165 11
415 64 433 119 0.000153 11
416 64 434 119 0.000141 11
318 118 368 199 0.000134 11
415 64 444 126 0.000127 11
358 146 372 163 0.000122 11
415 64 437 124 0.000110 11
352 127 365 158 0.000107 11
48 66 74 122 0.000102 11
