1125 200 1194 338 0.800190 0
682 198 707 285 0.785782 0
1051 196 1076 258 0.425900 0
1051 195 1075 253 0.258486 0
1051 197 1073 259 0.258308 0
253 208 266 241 0.209629 0
475 188 503 250 0.195755 0
864 201 885 267 0.192238 0
1050 198 1071 260 0.174792 0
717 212 728 234 0.170530 0
253 206 267 240 0.162076 0
862 203 884 270 0.147163 0
252 205 267 241 0.136599 0
866 203 885 248 0.130218 0
1165 190 1180 219 0.128952 0
1164 190 1183 221 0.124117 0
471 189 503 251 0.114644 0
469 189 500 251 0.104877 0
1052 198 1075 254 0.095519 0
470 189 495 250 0.088644 0
866 203 883 252 0.086957 0
479 188 504 250 0.086420 0
867 202 883 232 0.076691 0
870 195 885 231 0.076585 0
721 210 730 234 0.076571 0
1051 200 1066 253 0.076358 0
864 202 886 270 0.074168 0
871 189 888 231 0.074137 0
870 189 887 231 0.074013 0
1163 190 1185 242 0.072663 0
865 200 893 266 0.071420 0
555 172 570 199 0.068248 0
866 202 882 234 0.062467 0
555 171 568 199 0.060402 0
865 204 881 234 0.059687 0
475 194 493 250 0.055654 0
868 192 895 257 0.053931 0
469 193 487 252 0.052745 0
726 207 737 234 0.052281 0
721 208 730 235 0.051401 0
866 193 895 267 0.051276 0
386 197 395 206 0.047364 0
481 189 502 249 0.045076 0
716 205 728 234 0.042965 0
213 192 225 228 0.042102 0
872 189 888 225 0.042041 0
213 189 224 227 0.039717 0
213 192 224 227 0.038991 0
573 182 581 201 0.035898 0
1046 199 1068 260 0.035833 0
386 198 396 206 0.035078 0
572 181 581 201 0.034560 0
555 174 570 199 0.033248 0
859 203 884 273 0.032725 0
250 209 265 241 0.032236 0
856 202 888 280 0.031249 0
306 183 324 198 0.031236 0
866 194 890 263 0.030047 0
468 189 503 252 0.029834 0
484 216 504 252 0.029252 0
868 190 888 233 0.029130 0
948 273 960 299 0.027676 0
250 207 266 240 0.026758 0
680 193 708 286 0.026713 0
469 195 485 226 0.026236 0
476 219 499 253 0.025566 0
481 196 504 251 0.024183 0
471 190 505 253 0.023559 0
213 190 225 226 0.023215 0
383 182 395 205 0.022939 0
554 172 572 199 0.022163 0
1162 190 1182 220 0.021874 0
865 195 896 268 0.021629 0
307 185 324 199 0.021571 0
516 188 524 208 0.021298 0
470 190 501 221 0.021296 0
645 199 654 214 0.021104 0
553 172 571 199 0.020991 0
521 194 527 208 0.020632 0
250 204 267 240 0.020302 0
850 203 888 277 0.019569 0
947 274 960 302 0.019514 0
868 211 885 268 0.018770 0
866 200 890 267 0.018535 0
564 178 580 201 0.018273 0
561 176 580 201 0.018075 0
1216 200 1227 231 0.018067 0
1053 197 1075 236 0.017973 0
694 187 703 204 0.017908 0
1052 199 1066 224 0.017386 0
633 202 645 217 0.017101 0
469 193 482 220 0.017096 0
482 190 502 219 0.017055 0
669 209 680 233 0.016900 0
644 199 655 215 0.016774 0
694 188 708 222 0.016509 0
849 203 889 282 0.016164 0
629 182 639 204 0.015877 0
857 204 878 276 0.015781 0
949 273 960 292 0.015775 0
851 219 875 274 0.015466 0
521 183 529 205 0.015279 0
629 181 638 200 0.015202 0
251 196 268 242 0.014351 0
739 201 745 213 0.014319 0
1048 199 1065 233 0.014153 0
254 196 273 240 0.014109 0
330 186 343 199 0.014100 0
307 183 325 199 0.013988 0
1161 191 1184 233 0.013368 0
632 201 645 216 0.013152 0
785 197 793 214 0.013150 0
248 196 267 240 0.012247 0
1212 191 1226 223 0.012092 0
1163 194 1193 249 0.011907 0
386 198 396 206 0.011488 0
947 275 959 302 0.011396 0
471 195 487 252 0.011278 0
1214 197 1227 229 0.011230 0
738 202 746 230 0.010756 0
512 195 519 212 0.010670 0
385 182 395 206 0.010616 0
1216 201 1228 231 0.010531 0
718 196 728 217 0.010231 0
367 165 377 187 0.010141 0
785 197 793 215 0.010120 0
733 203 744 234 0.010102 0
850 219 873 280 0.009970 0
519 193 528 217 0.009608 0
543 188 551 202 0.009393 0
612 161 625 189 0.008980 0
507 197 518 216 0.008754 0
367 165 376 186 0.008606 0
486 194 503 218 0.008121 0
1163 189 1187 244 0.008056 0
853 214 878 278 0.007975 0
872 195 895 236 0.007813 0
1207 200 1220 219 0.007784 0
327 186 343 198 0.007693 0
1216 208 1228 233 0.007545 0
1218 216 1227 234 0.007425 0
859 197 899 282 0.007376 0
702 213 711 243 0.007228 0
990 212 997 224 0.007185 0
487 184 507 217 0.007171 0
854 207 867 236 0.007016 0
305 179 324 198 0.006980 0
632 200 648 215 0.006878 0
372 164 381 184 0.006720 0
512 185 522 210 0.006683 0
340 186 354 198 0.006678 0
869 190 898 237 0.006643 0
375 180 391 202 0.006592 0
1207 191 1223 218 0.006511 0
372 165 382 186 0.006454 0
1273 201 1279 237 0.006153 0
252 207 271 240 0.006100 0
987 208 998 224 0.006092 0
632 201 649 217 0.005979 0
973 209 984 224 0.005940 0
254 202 271 239 0.005875 0
609 153 625 190 0.005868 0
643 195 652 214 0.005821 0
351 187 358 198 0.005807 0
1219 217 1229 233 0.005772 0
254 206 271 239 0.005749 0
465 200 476 252 0.005748 0
513 152 524 174 0.005743 0
328 183 344 199 0.005687 0
884 204 895 236 0.005636 0
1207 187 1223 214 0.005554 0
1048 199 1063 225 0.005493 0
626 180 636 200 0.005428 0
221 183 231 222 0.005386 0
488 198 502 218 0.005368 0
1163 210 1191 262 0.005354 0
870 199 901 258 0.005313 0
470 191 507 250 0.005290 0
210 190 224 227 0.005148 0
251 207 267 251 0.005049 0
1041 198 1079 260 0.004940 0
260 196 272 226 0.004865 0
849 203 857 225 0.004828 0
1165 192 1191 246 0.004797 0
217 183 230 228 0.004780 0
432 185 444 204 0.004771 0
521 182 543 212 0.004747 0
515 193 533 246 0.004637 0
850 204 887 249 0.004636 0
243 195 265 241 0.004464 0
1213 249 1225 267 0.004378 0
865 200 884 233 0.004345 0
1162 185 1183 219 0.004270 0
1211 190 1226 224 0.004194 0
881 202 895 236 0.004189 0
784 194 793 208 0.004142 0
462 199 479 253 0.004109 0
850 201 897 286 0.004059 0
1273 202 1279 249 0.003701 0
694 205 709 234 0.003691 0
676 199 708 285 0.003678 0
608 154 625 176 0.003670 0
864 166 870 177 0.003566 0
375 182 390 204 0.003537 0
564 186 581 216 0.003487 0
322 160 344 198 0.003451 0
210 186 225 226 0.003446 0
1049 192 1075 223 0.003401 0
1132 253 1174 340 0.003384 0
653 200 662 215 0.003352 0
516 193 530 244 0.003350 0
611 154 625 170 0.003225 0
848 215 873 281 0.003221 0
731 206 743 234 0.003189 0
321 226 356 321 0.003123 0
214 181 229 225 0.003118 0
212 188 229 243 0.003055 0
1218 203 1229 232 0.002999 0
612 177 624 198 0.002984 0
1215 201 1229 230 0.002967 0
397 184 409 205 0.002965 0
215 183 230 230 0.002960 0
625 184 638 202 0.002905 0
627 180 636 197 0.002848 0
306 176 324 199 0.002835 0
853 213 868 237 0.002816 0
851 203 868 235 0.002747 0
646 193 658 214 0.002697 0
869 166 879 176 0.002590 0
1206 250 1225 270 0.002587 0
1124 221 1149 286 0.002559 0
347 186 358 198 0.002474 0
628 176 638 198 0.002467 0
545 202 556 218 0.002376 0
1045 483 1055 497 0.002334 0
524 192 550 218 0.002267 0
329 168 353 198 0.002225 0
1211 195 1229 229 0.002224 0
530 191 542 218 0.002221 0
605 169 621 184 0.002220 0
785 196 794 235 0.002219 0
1268 197 1279 246 0.002214 0
240 194 258 239 0.002180 0
964 372 981 398 0.002167 0
516 189 534 219 0.002136 0
214 183 230 235 0.002103 0
221 182 231 195 0.002096 0
265 212 278 236 0.002059 0
785 196 797 231 0.002012 0
1046 482 1054 493 0.002011 0
1057 226 1075 295 0.001980 0
1241 197 1250 231 0.001951 0
1125 211 1223 303 0.001950 0
467 215 479 253 0.001927 0
319 226 354 331 0.001899 0
848 197 858 231 0.001894 0
1195 384 1205 403 0.001888 0
364 166 382 199 0.001881 0
434 182 445 205 0.001875 0
1240 199 1248 231 0.001865 0
362 164 374 188 0.001838 0
739 201 749 214 0.001823 0
873 200 906 240 0.001822 0
677 203 689 233 0.001790 0
459 200 480 224 0.001786 0
605 155 625 185 0.001783 0
370 168 384 195 0.001735 0
881 201 906 240 0.001733 0
241 194 255 239 0.001686 0
242 201 267 240 0.001679 0
325 235 352 254 0.001670 0
362 165 373 189 0.001666 0
241 206 254 238 0.001661 0
320 231 356 324 0.001652 0
370 161 382 184 0.001633 0
666 207 676 231 0.001633 0
1054 238 1075 295 0.001609 0
243 199 266 240 0.001569 0
666 208 678 233 0.001566 0
935 205 944 217 0.001547 0
406 180 419 205 0.001543 0
464 205 477 256 0.001539 0
324 224 357 322 0.001523 0
264 204 278 236 0.001509 0
462 189 480 215 0.001498 0
866 176 927 218 0.001468 0
1088 149 1109 205 0.001412 0
682 201 723 286 0.001401 0
1138 204 1156 227 0.001380 0
1121 219 1143 251 0.001354 0
363 155 380 187 0.001351 0
1140 202 1163 226 0.001299 0
354 185 372 199 0.001282 0
261 196 279 238 0.001279 0
688 185 704 210 0.001275 0
717 212 727 236 0.001270 0
610 154 627 189 0.001267 0
939 273 960 297 0.001246 0
1209 167 1226 213 0.001240 0
213 179 241 238 0.001228 0
382 198 395 215 0.001196 0
649 197 662 215 0.001167 0
1058 199 1077 234 0.001166 0
651 189 661 213 0.001166 0
299 199 358 350 0.001163 0
506 196 524 237 0.001132 0
844 217 872 242 0.001130 0
490 196 534 248 0.001096 0
1051 203 1086 242 0.001087 0
382 177 398 205 0.001080 0
676 196 691 233 0.001036 0
611 201 648 220 0.001019 0
370 163 381 190 0.000989 0
241 216 252 239 0.000971 0
401 198 418 205 0.000970 0
1131 200 1192 267 0.000960 0
666 186 673 227 0.000953 0
869 178 935 217 0.000953 0
1152 185 1173 222 0.000946 0
1267 196 1279 261 0.000935 0
1123 221 1146 283 0.000922 0
319 222 354 321 0.000920 0
243 204 279 264 0.000896 0
630 186 652 214 0.000890 0
1193 384 1212 419 0.000881 0
319 230 349 333 0.000869 0
309 194 358 351 0.000837 0
213 180 239 236 0.000820 0
1059 197 1077 223 0.000815 0
463 222 478 272 0.000807 0
1143 201 1168 227 0.000789 0
586 170 595 186 0.000770 0
803 184 814 206 0.000766 0
1144 201 1167 223 0.000759 0
863 190 917 261 0.000744 0
667 195 709 233 0.000738 0
575 310 594 351 0.000738 0
1055 225 1076 294 0.000737 0
733 203 747 235 0.000733 0
847 202 894 286 0.000727 0
238 217 254 240 0.000715 0
385 184 399 206 0.000714 0
318 201 353 273 0.000667 0
574 301 596 389 0.000665 0
1207 222 1227 238 0.000647 0
327 234 352 255 0.000640 0
609 153 630 194 0.000629 0
240 177 246 191 0.000608 0
633 181 650 207 0.000603 0
318 195 358 349 0.000600 0
1139 201 1167 224 0.000597 0
259 193 273 212 0.000585 0
242 227 265 253 0.000580 0
261 194 280 235 0.000579 0
1243 196 1261 233 0.000570 0
0 154 7 204 0.000570 0
1200 368 1231 423 0.000566 0
358 147 376 190 0.000559 0
856 165 900 230 0.000549 0
435 196 448 206 0.000540 0
463 235 478 269 0.000540 0
919 203 950 253 0.000533 0
608 153 632 196 0.000492 0
395 181 412 205 0.000486 0
848 179 858 235 0.000485 0
227 188 268 240 0.000466 0
414 250 421 270 0.000465 0
373 173 401 206 0.000465 0
910 246 926 295 0.000458 0
85 220 94 235 0.000450 0
0 171 7 205 0.000446 0
608 155 632 198 0.000441 0
1207 370 1225 405 0.000440 0
1048 249 1073 294 0.000415 0
324 228 358 317 0.000414 0
252 193 268 212 0.000413 0
675 177 703 233 0.000402 0
687 218 706 284 0.000393 0
900 203 912 243 0.000392 0
315 217 347 324 0.000390 0
598 168 610 186 0.000388 0
574 301 595 360 0.000387 0
1207 370 1226 402 0.000382 0
319 243 344 324 0.000376 0
325 242 357 317 0.000364 0
1192 384 1204 402 0.000360 0
1000 195 1008 214 0.000357 0
452 201 476 229 0.000356 0
1198 377 1223 409 0.000350 0
415 182 428 204 0.000350 0
319 232 331 279 0.000343 0
1043 223 1081 336 0.000343 0
418 185 437 204 0.000340 0
575 301 595 348 0.000338 0
197 174 228 227 0.000337 0
408 250 415 272 0.000336 0
963 370 981 407 0.000336 0
0 147 7 204 0.000327 0
307 184 326 206 0.000324 0
849 195 868 234 0.000323 0
851 163 924 235 0.000311 0
731 204 752 234 0.000307 0
575 300 595 351 0.000306 0
191 188 267 246 0.000306 0
187 172 230 224 0.000305 0
774 198 794 226 0.000303 0
1205 164 1227 214 0.000299 0
292 198 359 357 0.000295 0
320 235 330 277 0.000292 0
465 203 481 271 0.000291 0
597 231 714 286 0.000289 0
1155 184 1183 208 0.000278 0
516 230 534 246 0.000276 0
517 194 550 230 0.000275 0
453 201 477 255 0.000271 0
802 183 829 231 0.000270 0
682 198 716 285 0.000268 0
317 221 340 332 0.000265 0
238 175 257 233 0.000262 0
690 175 702 222 0.000260 0
384 196 405 215 0.000255 0
408 250 415 270 0.000253 0
854 167 926 211 0.000252 0
574 302 595 395 0.000246 0
683 208 736 261 0.000245 0
1183 384 1212 416 0.000240 0
668 191 688 233 0.000234 0
858 188 891 234 0.000234 0
319 245 357 323 0.000229 0
161 186 183 210 0.000229 0
515 196 535 246 0.000228 0
318 224 351 278 0.000227 0
239 176 246 190 0.000226 0
194 187 200 207 0.000223 0
306 154 367 199 0.000220 0
323 232 353 287 0.000220 0
362 201 385 219 0.000218 0
644 150 982 350 0.000213 0
319 244 346 355 0.000212 0
413 250 421 271 0.000212 0
767 202 790 235 0.000211 0
95 190 107 207 0.000208 0
212 178 250 235 0.000207 0
575 328 593 393 0.000202 0
305 166 388 206 0.000201 0
921 208 944 253 0.000201 0
354 204 377 231 0.000199 0
325 188 372 287 0.000197 0
319 249 341 353 0.000196 0
600 343 611 356 0.000195 0
220 186 244 237 0.000190 0
212 193 244 242 0.000189 0
1008 455 1024 466 0.000186 0
344 188 380 314 0.000185 0
0 201 8 207 0.000184 0
242 194 265 225 0.000173 0
1212 224 1230 238 0.000164 0
323 230 356 313 0.000162 0
398 177 419 205 0.000161 0
320 203 329 220 0.000161 0
319 196 362 350 0.000155 0
319 203 331 232 0.000151 0
193 185 203 217 0.000149 0
502 126 955 367 0.000147 0
360 147 374 184 0.000142 0
450 194 506 245 0.000140 0
325 212 368 304 0.000137 0
83 217 94 235 0.000136 0
412 249 422 273 0.000135 0
932 370 988 425 0.000135 0
1152 184 1178 202 0.000134 0
215 176 228 194 0.000133 0
912 245 919 270 0.000132 0
663 183 690 231 0.000130 0
215 175 265 237 0.000130 0
543 228 957 383 0.000129 0
658 206 710 268 0.000125 0
260 178 271 199 0.000124 0
351 208 380 317 0.000122 0
219 190 252 239 0.000121 0
318 235 337 321 0.000119 0
606 154 641 200 0.000118 0
675 196 742 282 0.000115 0
848 162 869 241 0.000115 0
199 201 218 221 0.000114 0
476 244 927 367 0.000113 0
354 234 373 316 0.000112 0
327 186 356 220 0.000109 0
1034 228 1090 343 0.000106 0
307 183 328 212 0.000105 0
194 184 211 216 0.000105 0
796 207 892 263 0.000105 0
1019 175 1096 239 0.000104 0
197 186 222 219 0.000101 0
304 177 374 203 0.000101 0
1109 261 1199 361 0.758633 1
1111 270 1200 361 0.556495 1
1039 234 1059 261 0.205288 1
1039 225 1069 261 0.185508 1
1048 214 1071 261 0.145016 1
487 224 505 253 0.143533 1
490 226 505 253 0.116083 1
1053 214 1075 260 0.095278 1
1036 233 1059 262 0.081582 1
1047 220 1077 262 0.080410 1
489 224 505 253 0.070492 1
1035 233 1059 261 0.067790 1
488 227 504 254 0.067465 1
1112 281 1151 348 0.063921 1
1039 229 1063 261 0.054250 1
1116 281 1150 345 0.050827 1
1122 254 1199 360 0.049174 1
1037 234 1065 261 0.046217 1
483 217 505 252 0.044351 1
1118 281 1148 335 0.043056 1
1038 230 1075 262 0.042857 1
1112 287 1148 349 0.041801 1
1118 279 1153 345 0.041388 1
1119 281 1145 325 0.041040 1
1118 280 1157 349 0.040811 1
1119 279 1146 320 0.037978 1
1106 287 1145 347 0.034894 1
1057 229 1079 255 0.033470 1
1119 279 1150 324 0.030859 1
1107 284 1140 345 0.030770 1
1132 264 1199 360 0.029066 1
1181 187 1200 215 0.028395 1
1062 223 1079 248 0.028243 1
1119 279 1151 331 0.028117 1
1173 188 1203 242 0.028004 1
1110 253 1205 359 0.027693 1
1119 276 1168 345 0.027254 1
1117 282 1137 335 0.026101 1
1120 281 1168 351 0.025549 1
488 226 506 253 0.025204 1
1106 290 1144 348 0.024606 1
1118 283 1137 320 0.024217 1
712 213 727 234 0.023605 1
1160 273 1199 360 0.022256 1
1119 271 1151 322 0.022028 1
942 275 959 302 0.020447 1
1119 282 1138 312 0.020362 1
1119 280 1172 347 0.019929 1
489 226 515 253 0.019912 1
1181 171 1202 216 0.019036 1
1124 263 1177 346 0.018695 1
1026 233 1058 261 0.018339 1
1054 223 1075 271 0.017515 1
1157 269 1199 361 0.017280 1
1176 187 1206 245 0.017087 1
1124 278 1157 337 0.016391 1
1169 190 1201 244 0.016222 1
551 200 574 217 0.016152 1
1179 186 1220 221 0.016000 1
1119 286 1152 349 0.015942 1
940 274 960 301 0.015576 1
547 201 562 217 0.015163 1
1056 232 1080 258 0.014738 1
1181 185 1200 215 0.014252 1
1116 299 1146 349 0.013922 1
1180 184 1214 216 0.012819 1
1126 260 1188 354 0.012780 1
554 198 571 216 0.012747 1
1122 270 1178 347 0.012549 1
1126 258 1181 349 0.012505 1
1181 190 1199 215 0.012374 1
870 231 889 269 0.011911 1
1126 279 1155 324 0.011876 1
870 236 891 271 0.011862 1
1106 300 1143 349 0.011549 1
1105 303 1132 345 0.010896 1
534 203 549 218 0.010753 1
870 237 894 285 0.010557 1
1129 259 1175 346 0.010219 1
1106 287 1149 350 0.010118 1
478 215 506 252 0.010098 1
1127 269 1197 359 0.010010 1
1106 303 1132 341 0.009874 1
865 236 890 283 0.009868 1
1163 189 1185 221 0.009810 1
1105 305 1133 346 0.009579 1
1163 189 1190 245 0.009502 1
1106 282 1147 340 0.009387 1
1121 275 1175 354 0.009278 1
549 200 565 217 0.009237 1
1121 254 1159 325 0.008965 1
1165 279 1199 358 0.008795 1
1142 271 1199 360 0.008780 1
1166 201 1204 249 0.008731 1
1065 217 1090 246 0.008638 1
1120 292 1168 355 0.008324 1
1130 257 1177 350 0.008304 1
543 202 555 218 0.008293 1
1181 167 1203 216 0.008103 1
1120 251 1149 317 0.008047 1
1190 250 1224 267 0.007880 1
1180 176 1214 216 0.007576 1
1106 284 1134 336 0.007531 1
670 209 682 233 0.007515 1
930 281 959 304 0.007219 1
1191 249 1225 267 0.006903 1
1120 300 1150 349 0.006586 1
1164 189 1185 219 0.006568 1
1129 257 1200 358 0.006493 1
562 200 579 215 0.006485 1
542 197 557 218 0.006450 1
1132 261 1173 341 0.006241 1
1075 220 1094 245 0.006052 1
938 273 960 302 0.005993 1
1129 287 1198 360 0.005969 1
1132 275 1155 323 0.005947 1
871 238 905 286 0.005781 1
1105 291 1178 360 0.005666 1
1192 250 1225 271 0.005603 1
560 201 578 217 0.005410 1
1181 250 1224 274 0.005193 1
930 281 954 300 0.005064 1
1164 266 1199 359 0.005010 1
869 234 885 268 0.004970 1
1122 287 1185 360 0.004969 1
1165 189 1194 219 0.004938 1
1109 252 1216 348 0.004637 1
867 248 896 286 0.004626 1
1180 205 1225 235 0.004548 1
873 258 909 287 0.004544 1
870 202 899 266 0.004405 1
1139 262 1176 348 0.004301 1
1003 232 1054 257 0.004295 1
1181 173 1219 217 0.004282 1
1044 227 1078 282 0.004281 1
1105 308 1132 347 0.004205 1
1181 249 1224 270 0.004110 1
1113 274 1196 336 0.004030 1
873 236 897 269 0.003943 1
1125 249 1222 337 0.003925 1
851 239 929 290 0.003896 1
871 236 897 277 0.003828 1
1174 215 1204 248 0.003790 1
861 238 894 284 0.003712 1
1037 231 1077 266 0.003691 1
918 272 960 302 0.003607 1
1111 283 1134 331 0.003560 1
1120 307 1176 357 0.003522 1
1133 256 1174 334 0.003435 1
1058 235 1079 265 0.003430 1
1049 222 1077 271 0.003345 1
1119 259 1142 311 0.003342 1
1108 282 1199 366 0.003250 1
1206 202 1225 227 0.003224 1
1188 248 1224 267 0.003184 1
489 227 513 253 0.003073 1
1123 254 1170 336 0.003069 1
1146 296 1199 360 0.003017 1
1060 225 1076 289 0.002997 1
909 268 929 297 0.002992 1
917 269 962 302 0.002919 1
1140 258 1177 338 0.002901 1
1138 261 1195 351 0.002899 1
1120 309 1161 352 0.002778 1
473 234 504 254 0.002777 1
892 264 909 295 0.002758 1
896 262 927 296 0.002717 1
912 269 928 298 0.002557 1
1120 310 1144 351 0.002553 1
893 264 906 288 0.002508 1
520 185 554 218 0.002473 1
1183 168 1216 216 0.002430 1
1154 261 1200 357 0.002406 1
1134 307 1195 359 0.002377 1
1175 182 1228 236 0.002370 1
908 268 935 301 0.002336 1
847 220 873 282 0.002257 1
1070 225 1092 249 0.002135 1
902 266 922 297 0.002095 1
911 266 929 297 0.002086 1
848 219 887 283 0.002066 1
909 266 928 297 0.002051 1
930 277 955 297 0.002041 1
847 242 862 280 0.001927 1
1109 277 1200 363 0.001875 1
847 225 871 281 0.001774 1
1139 254 1184 338 0.001763 1
1023 231 1082 279 0.001707 1
1126 305 1188 359 0.001675 1
880 200 910 245 0.001659 1
1176 251 1225 284 0.001630 1
1164 297 1199 360 0.001597 1
1122 230 1138 279 0.001583 1
884 201 906 243 0.001565 1
1046 220 1084 259 0.001563 1
878 261 928 296 0.001521 1
1044 226 1075 296 0.001369 1
1142 259 1190 338 0.001308 1
1173 214 1224 249 0.001305 1
927 281 943 297 0.001301 1
1148 251 1225 305 0.001286 1
684 238 704 284 0.001262 1
1114 306 1140 351 0.001207 1
858 224 927 293 0.001195 1
1180 168 1214 216 0.001156 1
486 206 518 251 0.001155 1
1168 252 1225 276 0.001144 1
1139 249 1190 334 0.001083 1
893 263 905 285 0.001074 1
922 274 944 295 0.001073 1
847 245 858 281 0.001055 1
1171 251 1225 285 0.000999 1
705 214 725 237 0.000984 1
1171 182 1201 216 0.000952 1
912 268 931 313 0.000944 1
1010 232 1075 277 0.000937 1
1169 238 1225 268 0.000935 1
927 274 960 314 0.000922 1
1164 258 1200 356 0.000898 1
883 267 901 289 0.000818 1
1102 310 1126 344 0.000813 1
849 235 892 283 0.000784 1
1196 250 1225 269 0.000780 1
1046 245 1074 295 0.000778 1
1113 282 1134 317 0.000759 1
926 281 943 308 0.000758 1
891 256 926 293 0.000733 1
670 220 685 237 0.000718 1
907 268 931 313 0.000704 1
1104 311 1125 335 0.000698 1
1180 164 1204 217 0.000678 1
686 230 705 284 0.000663 1
1141 254 1190 332 0.000650 1
473 207 541 250 0.000622 1
886 266 929 301 0.000618 1
847 239 874 282 0.000612 1
1147 330 1194 361 0.000608 1
683 229 705 284 0.000599 1
1171 252 1194 264 0.000568 1
1122 269 1199 361 0.000566 1
481 229 547 254 0.000562 1
1057 233 1078 273 0.000543 1
894 272 909 297 0.000537 1
1166 310 1198 360 0.000524 1
846 244 858 281 0.000520 1
995 231 1077 269 0.000499 1
1166 320 1197 359 0.000493 1
838 259 931 307 0.000442 1
672 226 689 265 0.000442 1
1151 251 1224 345 0.000418 1
1125 241 1226 309 0.000418 1
1169 277 1199 349 0.000417 1
1167 301 1199 359 0.000412 1
877 270 894 288 0.000410 1
939 274 960 314 0.000408 1
920 274 983 303 0.000403 1
832 248 857 282 0.000401 1
576 301 595 346 0.000400 1
1141 248 1192 322 0.000397 1
986 242 1203 369 0.000385 1
534 202 556 220 0.000381 1
964 371 986 393 0.000379 1
1167 254 1224 285 0.000376 1
927 283 951 312 0.000375 1
1169 290 1199 349 0.000373 1
1155 169 1202 219 0.000371 1
462 222 529 274 0.000369 1
892 248 932 297 0.000363 1
924 273 963 326 0.000351 1
532 202 552 220 0.000345 1
1007 226 1078 296 0.000333 1
1169 276 1186 303 0.000329 1
1165 333 1195 360 0.000327 1
1115 270 1219 387 0.000321 1
672 236 689 264 0.000316 1
1166 294 1199 354 0.000313 1
907 271 963 329 0.000310 1
973 231 1206 360 0.000303 1
1021 229 1080 294 0.000294 1
702 212 721 247 0.000285 1
460 224 594 273 0.000279 1
1166 253 1194 275 0.000277 1
1166 259 1187 300 0.000262 1
963 370 1027 398 0.000256 1
885 267 962 331 0.000252 1
831 266 851 282 0.000248 1
1108 256 1205 381 0.000238 1
1048 221 1093 275 0.000238 1
915 271 942 294 0.000236 1
1138 329 1185 361 0.000234 1
1013 208 1225 354 0.000231 1
919 273 985 301 0.000222 1
1167 334 1195 360 0.000210 1
681 240 697 277 0.000206 1
1167 260 1199 318 0.000206 1
538 200 568 220 0.000206 1
1121 254 1214 358 0.000204 1
1167 254 1208 274 0.000198 1
1160 253 1194 297 0.000195 1
1170 332 1198 359 0.000193 1
826 244 932 341 0.000188 1
897 277 918 306 0.000187 1
912 263 927 294 0.000175 1
834 237 861 282 0.000174 1
1045 227 1150 273 0.000174 1
1029 293 1144 352 0.000171 1
881 238 1000 298 0.000166 1
1016 297 1155 370 0.000166 1
861 264 900 294 0.000165 1
1167 335 1197 361 0.000164 1
1102 306 1131 353 0.000162 1
944 274 971 303 0.000159 1
911 273 931 313 0.000156 1
1168 258 1210 294 0.000155 1
1167 254 1210 285 0.000153 1
1168 256 1206 345 0.000151 1
1182 224 1243 267 0.000146 1
799 205 890 283 0.000146 1
1043 262 1070 295 0.000146 1
1071 311 1203 390 0.000143 1
1097 238 1199 340 0.000141 1
927 358 983 399 0.000133 1
575 289 596 347 0.000132 1
1126 324 1177 363 0.000129 1
1051 225 1199 297 0.000123 1
1164 257 1224 355 0.000119 1
883 279 907 296 0.000115 1
925 286 941 312 0.000115 1
806 248 893 290 0.000108 1
1013 314 1102 360 0.000106 1
906 273 931 313 0.000103 1
1114 216 1140 247 0.081061 2
1006 200 1050 229 0.074554 2
1021 211 1041 229 0.065755 2
1007 210 1041 229 0.065659 2
523 182 536 195 0.064803 2
698 204 727 230 0.062496 2
522 181 537 198 0.049682 2
1005 213 1037 229 0.048286 2
1013 197 1050 229 0.044148 2
1109 215 1140 247 0.038967 2
1003 212 1024 227 0.036066 2
697 206 728 233 0.034039 2
1006 200 1043 229 0.033402 2
523 182 537 198 0.033215 2
521 182 549 201 0.030631 2
1006 196 1051 229 0.030266 2
1089 209 1139 246 0.029648 2
1074 209 1122 233 0.026302 2
1080 210 1123 244 0.024711 2
701 210 719 234 0.023877 2
985 210 1023 226 0.023174 2
481 174 496 195 0.023142 2
522 183 549 202 0.022985 2
1016 198 1073 243 0.022756 2
1005 195 1074 229 0.022513 2
1005 211 1043 251 0.022147 2
1084 208 1123 235 0.022064 2
522 174 579 200 0.021817 2
1269 196 1279 234 0.021675 2
1080 219 1115 233 0.021137 2
1003 205 1042 228 0.020042 2
480 175 494 194 0.020039 2
708 211 727 233 0.019598 2
481 172 535 209 0.019532 2
1026 234 1058 261 0.018940 2
522 171 552 196 0.018778 2
1255 195 1279 228 0.018640 2
475 183 501 219 0.018480 2
1003 208 1024 224 0.018345 2
587 184 621 215 0.018180 2
480 173 515 202 0.017002 2
825 329 846 342 0.016892 2
481 187 502 218 0.016620 2
1037 198 1051 229 0.016066 2
1043 198 1078 251 0.016051 2
1079 213 1123 240 0.015923 2
1023 234 1058 260 0.015807 2
482 181 523 216 0.015768 2
993 208 1023 225 0.015566 2
1256 199 1278 227 0.015169 2
481 177 497 196 0.015036 2
1112 217 1133 248 0.014676 2
588 194 654 217 0.014323 2
1254 195 1279 230 0.014321 2
587 183 646 216 0.014262 2
481 176 495 196 0.014185 2
468 189 480 204 0.013944 2
1255 197 1278 229 0.013886 2
588 184 621 212 0.013642 2
1083 214 1129 249 0.013428 2
1038 200 1050 229 0.013256 2
1035 196 1052 229 0.013140 2
801 210 853 240 0.013124 2
1271 197 1279 237 0.013085 2
501 202 516 217 0.012532 2
1043 207 1078 256 0.012494 2
1005 214 1037 235 0.012387 2
1000 205 1047 229 0.012185 2
588 184 621 203 0.011778 2
972 215 1025 253 0.011755 2
830 219 856 241 0.011462 2
1255 200 1278 228 0.011077 2
1267 197 1279 233 0.010975 2
603 201 658 217 0.010642 2
1120 219 1139 250 0.010363 2
541 159 580 183 0.010089 2
1273 200 1279 235 0.010035 2
1085 207 1125 234 0.010024 2
811 215 854 241 0.009922 2
1092 207 1133 234 0.009842 2
546 160 580 184 0.009639 2
833 219 865 241 0.009500 2
1114 218 1136 248 0.009385 2
862 177 973 254 0.009364 2
695 201 727 227 0.009270 2
1004 214 1025 231 0.009177 2
834 223 858 241 0.009087 2
542 160 580 179 0.009046 2
971 221 1027 255 0.008951 2
1114 207 1190 249 0.008910 2
833 223 855 241 0.008901 2
500 198 516 216 0.008359 2
522 174 551 198 0.008289 2
696 201 729 232 0.008288 2
1074 218 1099 240 0.008060 2
1014 212 1042 230 0.007989 2
463 185 480 204 0.007863 2
588 184 621 209 0.007755 2
1266 192 1279 225 0.007671 2
1085 206 1122 233 0.007611 2
1073 215 1100 234 0.007541 2
483 173 521 202 0.007437 2
972 220 1021 252 0.007351 2
1008 197 1042 221 0.007309 2
1237 179 1279 230 0.007109 2
541 160 581 178 0.007027 2
516 182 543 208 0.006887 2
449 156 489 171 0.006435 2
468 186 504 219 0.006373 2
865 177 945 212 0.006318 2
553 171 580 201 0.006231 2
818 214 856 241 0.006108 2
1108 220 1122 248 0.005960 2
1212 250 1225 267 0.005920 2
1042 198 1061 225 0.005798 2
998 220 1053 254 0.005796 2
522 170 553 198 0.005758 2
801 207 854 241 0.005579 2
1080 208 1122 236 0.005472 2
985 209 996 225 0.005470 2
972 219 1042 255 0.005307 2
1029 196 1075 231 0.005281 2
1254 181 1279 227 0.005233 2
1076 206 1111 232 0.005228 2
446 180 480 209 0.005219 2
971 220 1037 255 0.005181 2
857 177 947 208 0.005050 2
1005 232 1049 256 0.005026 2
448 154 518 185 0.004932 2
868 177 948 232 0.004897 2
825 219 854 241 0.004874 2
495 176 510 200 0.004860 2
1015 204 1074 256 0.004831 2
683 201 740 231 0.004794 2
971 220 1007 252 0.004790 2
1088 207 1142 249 0.004748 2
433 172 445 196 0.004565 2
295 177 323 198 0.004388 2
305 178 324 198 0.004194 2
396 199 409 205 0.004100 2
1092 220 1122 247 0.004045 2
942 242 957 254 0.004035 2
515 177 537 198 0.003923 2
452 199 473 216 0.003916 2
985 207 996 224 0.003858 2
513 178 527 199 0.003808 2
1228 180 1279 233 0.003776 2
976 208 1028 228 0.003743 2
1122 218 1143 246 0.003643 2
1231 175 1279 232 0.003631 2
843 204 867 240 0.003531 2
498 185 516 214 0.003390 2
292 176 320 198 0.003370 2
499 177 533 205 0.003359 2
1239 175 1279 225 0.003336 2
455 181 480 204 0.003278 2
291 176 314 197 0.003208 2
1075 220 1119 244 0.003190 2
465 183 481 203 0.003146 2
497 178 516 204 0.003131 2
522 170 550 187 0.003036 2
1260 170 1279 182 0.002947 2
432 172 445 199 0.002935 2
1225 180 1279 226 0.002927 2
448 157 490 180 0.002848 2
449 157 517 196 0.002817 2
433 172 445 204 0.002700 2
588 183 628 215 0.002697 2
449 155 489 173 0.002689 2
1037 202 1052 230 0.002626 2
546 196 584 219 0.002569 2
913 182 954 209 0.002559 2
964 202 1059 257 0.002509 2
973 208 984 222 0.002507 2
1119 246 1132 256 0.002501 2
890 178 952 210 0.002485 2
292 176 324 199 0.002458 2
1005 199 1038 216 0.002430 2
448 155 493 182 0.002349 2
1079 219 1122 247 0.002316 2
428 172 446 204 0.002275 2
1257 200 1279 232 0.002235 2
801 213 832 239 0.002175 2
743 201 769 216 0.002159 2
1121 200 1191 254 0.002142 2
972 220 990 238 0.002140 2
1264 170 1279 180 0.002078 2
1115 209 1156 249 0.002064 2
917 191 955 209 0.002046 2
1256 170 1279 208 0.001991 2
434 179 480 208 0.001933 2
801 215 854 240 0.001910 2
942 241 957 254 0.001899 2
1241 196 1256 231 0.001898 2
920 204 976 254 0.001886 2
449 158 493 184 0.001873 2
448 162 511 198 0.001847 2
415 171 447 202 0.001834 2
1185 217 1225 237 0.001812 2
1251 208 1275 232 0.001786 2
1273 206 1279 256 0.001750 2
1175 221 1203 250 0.001740 2
118 224 135 236 0.001731 2
446 180 480 204 0.001714 2
1196 225 1217 242 0.001703 2
123 225 135 235 0.001693 2
866 177 947 208 0.001684 2
453 202 467 216 0.001682 2
433 177 479 204 0.001675 2
448 152 519 176 0.001658 2
431 170 447 199 0.001629 2
1046 219 1128 256 0.001610 2
720 200 739 234 0.001569 2
413 172 446 203 0.001568 2
854 177 940 206 0.001560 2
857 176 935 201 0.001545 2
1262 169 1279 180 0.001534 2
942 241 959 254 0.001528 2
1049 200 1123 254 0.001512 2
1111 208 1143 249 0.001493 2
937 199 954 207 0.001472 2
432 170 467 191 0.001458 2
914 180 947 207 0.001388 2
889 188 953 249 0.001384 2
864 177 936 203 0.001366 2
1184 231 1203 252 0.001347 2
1255 170 1279 202 0.001322 2
927 206 972 254 0.001315 2
1050 196 1126 254 0.001285 2
568 175 581 200 0.001255 2
1069 216 1138 251 0.001249 2
1192 181 1279 232 0.001230 2
744 203 768 218 0.001226 2
1074 205 1100 232 0.001198 2
514 176 524 193 0.001158 2
571 183 622 215 0.001126 2
1209 370 1226 387 0.001120 2
1186 243 1204 256 0.001116 2
441 197 470 217 0.001106 2
326 234 352 255 0.001103 2
1209 370 1226 389 0.001085 2
863 194 915 239 0.001063 2
355 216 370 229 0.001057 2
451 186 533 225 0.001038 2
320 199 355 255 0.001020 2
358 196 393 206 0.001002 2
1272 227 1279 259 0.001002 2
876 195 942 245 0.000973 2
917 192 951 250 0.000972 2
920 183 951 206 0.000970 2
433 168 470 189 0.000964 2
448 160 505 197 0.000962 2
904 178 939 203 0.000953 2
1102 223 1121 248 0.000951 2
436 169 481 205 0.000947 2
920 206 958 254 0.000930 2
439 179 502 212 0.000927 2
1248 168 1279 182 0.000919 2
1265 364 1279 376 0.000918 2
868 198 927 242 0.000912 2
409 175 444 205 0.000895 2
322 201 353 256 0.000889 2
1241 197 1258 232 0.000889 2
928 197 979 248 0.000879 2
448 154 489 172 0.000847 2
1087 197 1098 210 0.000844 2
567 161 581 181 0.000843 2
924 213 958 254 0.000840 2
1261 226 1279 255 0.000821 2
742 201 780 230 0.000812 2
927 240 958 254 0.000809 2
901 195 1059 251 0.000806 2
324 218 353 256 0.000804 2
744 202 772 232 0.000802 2
110 223 139 247 0.000802 2
1078 198 1096 211 0.000786 2
1224 173 1278 224 0.000763 2
448 153 500 174 0.000761 2
913 179 949 204 0.000751 2
388 177 448 205 0.000745 2
863 176 931 207 0.000740 2
1229 180 1272 233 0.000739 2
1079 190 1093 204 0.000735 2
920 204 968 254 0.000731 2
447 201 468 219 0.000724 2
298 193 393 209 0.000720 2
1228 168 1280 194 0.000705 2
880 199 917 243 0.000702 2
1105 213 1248 274 0.000698 2
879 198 941 248 0.000688 2
374 197 393 206 0.000687 2
962 206 983 221 0.000684 2
1088 189 1095 201 0.000673 2
325 199 359 255 0.000669 2
353 188 373 199 0.000651 2
354 199 387 228 0.000645 2
326 197 372 254 0.000644 2
946 207 986 240 0.000630 2
1183 192 1279 253 0.000628 2
825 330 846 345 0.000621 2
974 208 1017 230 0.000614 2
1029 194 1053 230 0.000604 2
974 201 998 224 0.000599 2
1040 200 1237 261 0.000596 2
937 205 981 248 0.000591 2
110 224 154 247 0.000591 2
887 197 948 253 0.000581 2
353 197 389 208 0.000578 2
569 179 619 214 0.000577 2
1260 210 1279 252 0.000573 2
564 160 580 181 0.000561 2
432 176 477 206 0.000553 2
1264 357 1279 374 0.000548 2
350 202 372 228 0.000546 2
353 197 389 213 0.000540 2
876 158 895 176 0.000531 2
746 204 768 232 0.000521 2
447 162 466 180 0.000516 2
354 187 380 201 0.000509 2
1264 363 1279 378 0.000489 2
326 218 354 255 0.000486 2
1171 224 1202 254 0.000483 2
320 196 363 256 0.000478 2
463 248 479 271 0.000476 2
463 251 479 271 0.000476 2
431 192 448 205 0.000475 2
927 182 955 207 0.000474 2
449 153 489 173 0.000469 2
480 166 524 202 0.000469 2
922 182 950 203 0.000464 2
112 223 133 237 0.000455 2
1095 190 1121 208 0.000455 2
335 197 388 228 0.000431 2
416 168 447 203 0.000428 2
1053 190 1089 212 0.000411 2
795 329 847 347 0.000401 2
1133 203 1164 249 0.000397 2
1236 167 1263 181 0.000394 2
1099 183 1121 206 0.000388 2
574 276 605 337 0.000386 2
1048 194 1119 239 0.000385 2
1179 200 1279 247 0.000378 2
741 200 794 234 0.000377 2
488 201 518 223 0.000375 2
575 284 606 344 0.000368 2
383 181 407 205 0.000366 2
965 200 997 223 0.000362 2
1208 369 1230 392 0.000361 2
1074 226 1115 247 0.000361 2
984 199 1005 223 0.000360 2
1053 199 1205 263 0.000358 2
358 203 383 220 0.000357 2
760 202 788 235 0.000357 2
837 223 872 247 0.000355 2
1216 214 1241 231 0.000355 2
1081 226 1119 248 0.000351 2
436 202 452 219 0.000349 2
326 201 372 235 0.000327 2
703 305 769 336 0.000327 2
284 176 314 198 0.000323 2
891 198 937 250 0.000321 2
319 207 331 245 0.000313 2
471 144 526 175 0.000312 2
411 174 445 203 0.000309 2
1180 164 1219 217 0.000306 2
921 202 944 253 0.000305 2
1264 243 1279 269 0.000305 2
920 211 945 253 0.000304 2
1038 193 1072 227 0.000304 2
1217 198 1247 231 0.000302 2
861 185 990 256 0.000298 2
576 300 594 324 0.000298 2
945 206 980 221 0.000296 2
327 191 390 224 0.000294 2
574 272 602 334 0.000290 2
574 284 610 372 0.000290 2
1198 226 1279 266 0.000290 2
576 300 595 344 0.000288 2
354 203 379 230 0.000278 2
269 176 323 200 0.000271 2
1075 245 1091 256 0.000270 2
574 298 611 359 0.000265 2
916 204 1098 319 0.000264 2
981 206 1186 349 0.000258 2
831 222 861 245 0.000253 2
413 202 452 224 0.000253 2
826 328 857 343 0.000247 2
1264 353 1279 376 0.000235 2
802 206 835 239 0.000235 2
804 329 847 345 0.000231 2
920 208 947 253 0.000231 2
926 182 956 206 0.000230 2
1196 351 1279 426 0.000227 2
409 177 432 204 0.000224 2
830 136 907 161 0.000222 2
315 201 353 258 0.000221 2
937 196 962 210 0.000221 2
718 206 747 235 0.000221 2
575 276 596 332 0.000221 2
1207 364 1233 390 0.000219 2
985 194 1051 227 0.000208 2
852 202 1107 310 0.000208 2
789 329 847 348 0.000207 2
391 194 413 206 0.000204 2
597 162 616 184 0.000204 2
98 221 157 257 0.000203 2
21 225 62 241 0.000203 2
100 223 142 254 0.000197 2
1228 187 1248 227 0.000195 2
915 203 941 252 0.000192 2
456 144 527 176 0.000188 2
192 393 215 401 0.000182 2
289 176 311 198 0.000182 2
1263 364 1279 385 0.000181 2
586 162 606 186 0.000181 2
1002 190 1046 213 0.000179 2
1198 344 1277 425 0.000178 2
1196 343 1273 421 0.000177 2
825 328 863 344 0.000177 2
1249 223 1276 243 0.000170 2
274 182 294 193 0.000167 2
1217 169 1253 204 0.000166 2
1203 369 1235 411 0.000164 2
200 241 224 261 0.000161 2
33 225 63 238 0.000161 2
1194 348 1277 424 0.000157 2
1264 349 1279 374 0.000157 2
122 213 148 237 0.000156 2
480 143 527 176 0.000156 2
417 200 436 205 0.000152 2
862 174 934 211 0.000148 2
319 193 355 257 0.000147 2
591 158 624 184 0.000137 2
519 148 547 176 0.000134 2
1263 364 1279 383 0.000133 2
1250 344 1279 376 0.000133 2
61 223 113 249 0.000131 2
893 199 936 252 0.000129 2
1006 183 1048 211 0.000128 2
803 329 926 350 0.000128 2
787 329 846 353 0.000125 2
562 160 607 187 0.000125 2
419 181 606 281 0.000125 2
913 209 943 253 0.000125 2
1131 162 1204 220 0.000123 2
442 143 527 176 0.000120 2
576 278 593 310 0.000113 2
1096 183 1142 235 0.000113 2
599 342 611 364 0.000112 2
1198 368 1243 424 0.000112 2
705 306 765 336 0.000110 2
1122 192 1168 230 0.000109 2
447 202 470 222 0.000109 2
380 178 419 205 0.000106 2
704 307 766 337 0.000106 2
414 201 437 205 0.000106 2
628 185 691 226 0.000103 2
956 201 995 221 0.000103 2
802 137 943 250 0.134522 5
802 136 941 241 0.086645 5
521 161 580 200 0.030207 5
449 154 522 181 0.019734 5
829 135 937 174 0.015720 5
804 136 979 251 0.013641 5
450 151 524 178 0.013500 5
449 155 521 178 0.012630 5
826 136 938 178 0.009313 5
1226 169 1279 230 0.008601 5
828 136 902 168 0.006178 5
818 135 944 216 0.006018 5
449 146 525 178 0.004415 5
541 159 580 179 0.004267 5
828 136 910 170 0.003858 5
542 186 657 222 0.003394 5
1247 170 1279 224 0.002278 5
828 133 938 170 0.002096 5
474 172 519 206 0.001858 5
472 148 525 176 0.001668 5
1246 168 1279 207 0.001453 5
802 136 918 234 0.001244 5
840 135 950 216 0.001040 5
448 128 527 179 0.001026 5
833 137 912 174 0.000938 5
524 142 582 201 0.000744 5
852 137 932 176 0.000598 5
830 136 863 166 0.000535 5
825 126 941 171 0.000467 5
492 148 525 176 0.000412 5
846 137 913 175 0.000301 5
518 131 581 200 0.000267 5
795 87 941 249 0.000167 5
849 174 869 238 0.000132 5
389 64 687 204 0.000101 5
182 205 604 370 0.000166 6
362 64 459 205 0.000129 6
801 138 940 246 0.260698 7
801 152 943 246 0.215051 7
802 140 967 250 0.206226 7
802 155 979 254 0.178863 7
802 164 970 256 0.149468 7
802 137 980 252 0.133685 7
801 166 982 255 0.115335 7
859 177 978 254 0.098873 7
801 158 857 240 0.089755 7
801 161 942 241 0.086110 7
808 172 986 256 0.070268 7
801 160 962 254 0.067074 7
717 152 859 239 0.062854 7
780 136 938 246 0.051231 7
521 160 581 201 0.050605 7
525 159 581 201 0.041603 7
700 149 948 243 0.032859 7
862 177 959 253 0.030250 7
802 180 853 240 0.029464 7
801 202 854 240 0.027940 7
531 166 581 200 0.026090 7
695 149 935 239 0.021373 7
587 183 645 217 0.019297 7
1011 196 1051 229 0.017008 7
802 205 854 241 0.016092 7
544 160 580 200 0.014717 7
443 152 520 185 0.014409 7
859 176 947 246 0.013115 7
740 153 858 240 0.013018 7
537 159 581 200 0.012017 7
523 170 565 199 0.011995 7
802 205 892 241 0.011216 7
587 184 650 217 0.010785 7
523 171 555 201 0.010675 7
801 137 910 240 0.010623 7
832 179 1004 257 0.010620 7
803 160 855 239 0.010570 7
814 172 1004 256 0.009972 7
803 169 853 234 0.009971 7
451 149 522 184 0.009779 7
587 184 621 215 0.009432 7
1226 173 1279 231 0.008492 7
805 176 945 238 0.008434 7
678 190 736 229 0.007828 7
449 154 518 179 0.007138 7
802 159 854 223 0.006861 7
862 177 950 211 0.006721 7
1101 186 1201 245 0.006702 7
456 159 581 201 0.006648 7
859 177 944 208 0.006288 7
804 193 903 241 0.006117 7
1184 168 1279 230 0.006003 7
1216 170 1279 229 0.005928 7
443 145 521 182 0.005884 7
1218 173 1279 231 0.005619 7
709 153 844 237 0.005478 7
858 177 940 206 0.005262 7
802 166 854 240 0.005155 7
1108 181 1201 246 0.005065 7
450 155 520 196 0.005019 7
1237 170 1279 229 0.004943 7
1006 191 1054 230 0.004865 7
697 153 805 233 0.004778 7
1098 203 1194 247 0.004731 7
709 157 959 255 0.004705 7
693 153 805 225 0.004225 7
1179 169 1279 233 0.003696 7
858 177 944 240 0.003665 7
1096 164 1203 246 0.003663 7
860 177 968 243 0.003618 7
449 160 558 203 0.003509 7
869 178 979 254 0.003292 7
1258 176 1279 230 0.003212 7
464 162 520 202 0.002982 7
691 129 940 244 0.002947 7
1084 207 1135 244 0.002705 7
720 153 805 213 0.002612 7
455 145 526 179 0.002554 7
674 150 977 262 0.002550 7
696 183 733 222 0.002532 7
308 199 392 328 0.002458 7
693 153 801 237 0.002453 7
725 153 809 226 0.002428 7
529 179 661 221 0.002328 7
1005 190 1051 229 0.002311 7
800 137 1018 255 0.002292 7
572 184 657 219 0.002164 7
549 173 580 204 0.002161 7
806 158 856 195 0.002157 7
920 206 976 254 0.002143 7
294 198 391 331 0.002137 7
704 154 803 237 0.002040 7
516 170 581 210 0.002022 7
1156 178 1267 244 0.001952 7
691 183 731 228 0.001950 7
698 195 740 234 0.001926 7
546 183 648 218 0.001827 7
863 177 937 214 0.001752 7
450 161 522 206 0.001634 7
543 184 656 219 0.001628 7
808 158 857 189 0.001573 7
900 198 989 255 0.001561 7
1094 182 1197 244 0.001558 7
810 159 856 181 0.001492 7
886 199 991 256 0.001484 7
745 201 793 237 0.001421 7
631 152 955 262 0.001408 7
803 183 863 240 0.001399 7
587 181 623 217 0.001334 7
1168 167 1280 239 0.001311 7
919 204 986 255 0.001231 7
778 169 1000 297 0.001220 7
913 204 993 256 0.001205 7
927 208 992 256 0.001194 7
518 144 582 201 0.001165 7
688 153 806 219 0.001150 7
661 91 942 242 0.001092 7
522 160 666 210 0.001065 7
1066 191 1202 247 0.001025 7
1005 192 1049 216 0.001004 7
810 204 856 241 0.000984 7
462 170 583 220 0.000916 7
700 197 748 228 0.000863 7
534 170 593 205 0.000850 7
699 184 731 205 0.000845 7
706 202 796 236 0.000790 7
792 168 1103 297 0.000775 7
747 195 810 238 0.000770 7
513 163 639 218 0.000712 7
299 197 391 319 0.000692 7
938 207 976 254 0.000673 7
1104 185 1198 249 0.000657 7
521 150 580 192 0.000655 7
659 150 978 278 0.000652 7
865 187 915 235 0.000599 7
693 179 731 208 0.000591 7
803 166 861 238 0.000584 7
449 128 529 180 0.000557 7
698 185 742 232 0.000552 7
1149 170 1279 270 0.000550 7
716 191 728 214 0.000547 7
1089 181 1176 239 0.000544 7
1088 162 1158 237 0.000537 7
799 137 899 238 0.000531 7
349 199 392 322 0.000493 7
761 164 979 321 0.000484 7
820 172 1099 302 0.000439 7
534 158 595 203 0.000434 7
440 155 533 207 0.000428 7
673 185 723 233 0.000420 7
1101 169 1202 239 0.000396 7
590 150 954 281 0.000389 7
1222 163 1279 232 0.000376 7
692 178 737 225 0.000359 7
446 132 576 201 0.000340 7
1003 176 1055 229 0.000335 7
941 206 979 252 0.000329 7
307 100 458 346 0.000324 7
1074 157 1202 245 0.000322 7
399 184 450 206 0.000321 7
677 178 730 226 0.000319 7
811 159 857 178 0.000315 7
586 168 646 217 0.000314 7
525 158 669 222 0.000304 7
1104 162 1156 184 0.000298 7
733 200 857 239 0.000296 7
607 170 671 213 0.000294 7
1162 170 1280 266 0.000289 7
731 160 968 351 0.000271 7
998 174 1051 231 0.000262 7
1115 183 1159 244 0.000231 7
1106 202 1207 303 0.000229 7
696 183 741 213 0.000224 7
1101 161 1203 225 0.000214 7
318 192 533 254 0.000213 7
807 162 858 192 0.000212 7
1083 160 1156 220 0.000206 7
678 189 905 244 0.000204 7
726 155 803 208 0.000202 7
725 152 806 206 0.000202 7
1089 191 1119 228 0.000201 7
1006 184 1052 223 0.000198 7
794 120 1086 251 0.000195 7
1091 160 1155 184 0.000194 7
612 172 702 224 0.000189 7
732 135 872 238 0.000188 7
837 135 978 217 0.000167 7
489 183 685 270 0.000158 7
876 177 985 253 0.000155 7
672 170 714 231 0.000152 7
447 127 532 177 0.000147 7
731 172 792 210 0.000136 7
683 154 989 355 0.000135 7
299 196 389 293 0.000130 7
672 145 813 229 0.000128 7
1002 176 1079 231 0.000115 7
552 146 957 375 0.000114 7
1251 162 1279 231 0.000111 7
302 85 528 347 0.000108 7
1006 184 1049 216 0.000107 7
218 174 329 232 0.000102 7
602 159 679 211 0.000102 7
651 143 1001 370 0.000101 7
514 152 523 174 0.147429 9
513 151 523 171 0.106705 9
1088 149 1103 177 0.105225 9
1089 150 1104 176 0.072977 9
514 152 523 177 0.031959 9
1088 150 1105 178 0.027914 9
1006 137 1015 173 0.026332 9
513 151 525 174 0.023997 9
1089 150 1111 176 0.021491 9
312 149 345 198 0.021091 9
314 152 351 198 0.018875 9
310 149 350 199 0.017505 9
1001 136 1013 177 0.016623 9
312 150 347 198 0.015280 9
1005 136 1015 172 0.014259 9
317 157 353 199 0.013402 9
313 156 353 199 0.012006 9
694 179 702 203 0.011019 9
596 124 605 145 0.009620 9
309 149 344 198 0.009367 9
1002 168 1009 179 0.009217 9
694 175 702 188 0.009131 9
328 163 352 199 0.008730 9
309 124 364 198 0.008176 9
1001 135 1013 174 0.008057 9
1213 189 1223 205 0.008027 9
1210 167 1224 205 0.007245 9
450 159 464 170 0.007027 9
1206 169 1216 203 0.006607 9
895 156 905 171 0.006594 9
1089 150 1101 186 0.006217 9
312 148 347 196 0.006165 9
1088 150 1106 178 0.006111 9
1212 168 1225 204 0.005897 9
1004 137 1014 176 0.005532 9
896 159 905 177 0.005374 9
332 162 352 197 0.004953 9
1127 165 1148 185 0.004748 9
313 109 364 198 0.004498 9
170 64 203 91 0.004397 9
596 118 605 146 0.004348 9
1110 192 1120 205 0.004133 9
311 149 328 198 0.004098 9
308 176 351 199 0.003965 9
173 64 202 91 0.003924 9
1051 110 1083 146 0.003911 9
610 153 625 169 0.003876 9
1004 136 1014 173 0.003826 9
1206 168 1216 201 0.003706 9
666 184 671 200 0.003635 9
1211 168 1225 205 0.003534 9
609 152 623 165 0.003480 9
705 154 713 174 0.003466 9
704 159 713 179 0.003159 9
1089 149 1105 186 0.003158 9
1015 143 1023 170 0.003080 9
595 64 631 93 0.003012 9
312 148 328 194 0.003006 9
595 64 629 93 0.002994 9
879 155 894 172 0.002927 9
595 64 624 92 0.002831 9
687 168 703 202 0.002824 9
895 138 929 169 0.002719 9
1014 135 1026 146 0.002630 9
517 138 528 174 0.002612 9
1207 168 1220 209 0.002601 9
586 118 598 145 0.002580 9
1000 134 1013 173 0.002577 9
1014 135 1023 171 0.002551 9
886 152 907 173 0.002548 9
515 155 525 177 0.002529 9
1185 163 1201 188 0.002509 9
1092 131 1108 176 0.002487 9
1002 170 1008 185 0.002467 9
595 119 605 146 0.002466 9
308 140 363 199 0.002414 9
598 116 625 158 0.002330 9
699 125 714 154 0.002285 9
1225 166 1232 180 0.002265 9
1011 135 1022 172 0.002251 9
590 118 604 148 0.002251 9
511 145 525 175 0.002245 9
609 118 625 156 0.002232 9
696 120 709 152 0.002214 9
699 121 714 153 0.002206 9
664 171 671 189 0.002187 9
1230 168 1247 181 0.002118 9
688 169 700 188 0.002115 9
586 118 598 137 0.002054 9
1182 164 1202 217 0.002044 9
691 170 702 183 0.002043 9
1097 197 1103 208 0.002017 9
1154 162 1168 184 0.002004 9
652 182 661 201 0.001987 9
1014 135 1025 154 0.001985 9
697 121 710 153 0.001905 9
589 173 600 185 0.001830 9
586 168 593 183 0.001818 9
1126 163 1150 186 0.001785 9
581 64 596 93 0.001721 9
598 117 625 153 0.001707 9
756 134 765 153 0.001694 9
257 144 268 159 0.001660 9
835 144 855 164 0.001634 9
702 173 712 184 0.001622 9
681 169 689 195 0.001620 9
172 64 204 91 0.001586 9
702 125 716 154 0.001578 9
896 154 909 174 0.001560 9
596 64 625 92 0.001558 9
666 188 671 203 0.001537 9
694 120 716 154 0.001528 9
1110 194 1120 206 0.001475 9
259 143 269 159 0.001471 9
604 140 625 164 0.001438 9
610 141 626 162 0.001381 9
755 133 765 152 0.001381 9
580 64 597 93 0.001377 9
588 165 600 185 0.001348 9
695 121 708 153 0.001324 9
681 165 690 187 0.001292 9
1001 180 1008 194 0.001271 9
120 64 161 77 0.001259 9
624 127 634 151 0.001248 9
1095 178 1104 206 0.001226 9
694 152 705 176 0.001182 9
586 118 598 140 0.001177 9
601 118 626 151 0.001176 9
1089 184 1098 196 0.001156 9
1127 163 1154 185 0.001133 9
754 134 763 152 0.001122 9
513 148 524 175 0.001088 9
119 64 156 78 0.001073 9
831 136 860 166 0.001068 9
679 69 691 101 0.001065 9
637 162 648 186 0.001058 9
900 159 910 178 0.001051 9
596 117 625 149 0.001048 9
594 117 606 146 0.001046 9
647 163 659 186 0.001010 9
833 148 842 163 0.001004 9
680 177 689 203 0.001001 9
581 64 597 98 0.000996 9
1232 170 1247 181 0.000991 9
585 64 633 94 0.000978 9
592 64 625 93 0.000945 9
638 161 646 175 0.000939 9
596 129 620 159 0.000926 9
1102 153 1118 172 0.000923 9
701 124 717 155 0.000912 9
688 173 703 204 0.000909 9
702 120 717 154 0.000907 9
1183 164 1201 197 0.000905 9
1197 165 1209 189 0.000904 9
162 64 203 92 0.000900 9
844 148 858 167 0.000899 9
663 169 671 185 0.000897 9
1097 188 1103 208 0.000878 9
1226 168 1248 181 0.000867 9
312 141 340 194 0.000862 9
1218 166 1239 207 0.000861 9
448 159 485 177 0.000849 9
357 219 370 229 0.000847 9
803 181 814 203 0.000825 9
1097 130 1108 150 0.000816 9
698 84 717 141 0.000808 9
1010 138 1020 174 0.000801 9
308 111 367 197 0.000780 9
646 181 659 202 0.000775 9
678 66 692 116 0.000770 9
1001 186 1008 211 0.000757 9
96 182 106 205 0.000751 9
701 150 713 174 0.000745 9
1185 167 1213 216 0.000731 9
878 157 898 177 0.000722 9
568 149 579 161 0.000721 9
1149 161 1168 185 0.000712 9
307 166 355 202 0.000711 9
687 119 706 153 0.000706 9
1154 159 1167 183 0.000702 9
678 67 692 126 0.000700 9
165 64 175 76 0.000698 9
624 136 631 153 0.000698 9
651 167 661 183 0.000698 9
318 146 354 196 0.000694 9
853 115 866 137 0.000687 9
701 117 715 129 0.000677 9
581 64 596 82 0.000676 9
1210 166 1232 213 0.000674 9
597 117 625 155 0.000672 9
121 64 170 77 0.000669 9
851 116 865 137 0.000662 9
610 152 629 187 0.000656 9
717 153 727 173 0.000656 9
870 151 896 174 0.000647 9
174 64 213 92 0.000636 9
678 65 694 118 0.000635 9
698 83 716 127 0.000629 9
839 164 858 187 0.000623 9
586 118 598 136 0.000621 9
1006 133 1025 170 0.000616 9
1227 170 1247 181 0.000615 9
698 81 712 120 0.000615 9
807 172 815 186 0.000614 9
148 64 173 76 0.000597 9
678 66 693 103 0.000594 9
848 181 858 193 0.000587 9
183 144 198 168 0.000585 9
1081 173 1091 185 0.000563 9
351 154 362 195 0.000556 9
635 162 660 203 0.000552 9
880 137 938 155 0.000544 9
695 151 707 175 0.000543 9
679 65 695 120 0.000543 9
96 179 105 204 0.000541 9
335 158 359 199 0.000540 9
120 64 160 79 0.000532 9
1186 162 1201 188 0.000532 9
1153 163 1169 185 0.000528 9
1005 136 1015 172 0.000523 9
686 120 697 153 0.000522 9
876 148 904 176 0.000521 9
1103 164 1120 186 0.000521 9
753 130 764 153 0.000519 9
306 109 371 197 0.000513 9
718 151 726 160 0.000512 9
1155 165 1168 185 0.000509 9
588 119 602 158 0.000504 9
866 137 939 157 0.000504 9
648 169 665 202 0.000503 9
1091 130 1111 175 0.000502 9
599 117 626 149 0.000501 9
700 86 716 128 0.000500 9
120 64 164 79 0.000496 9
585 120 599 148 0.000490 9
623 64 639 92 0.000488 9
1000 129 1007 136 0.000487 9
645 161 659 183 0.000482 9
1080 149 1103 183 0.000481 9
624 64 639 92 0.000473 9
624 119 637 151 0.000470 9
886 137 939 155 0.000468 9
690 119 709 131 0.000468 9
831 137 859 164 0.000468 9
687 119 713 156 0.000464 9
134 64 202 85 0.000463 9
699 85 715 117 0.000461 9
312 145 326 193 0.000460 9
697 80 714 122 0.000453 9
109 149 127 166 0.000453 9
593 64 643 93 0.000446 9
709 154 718 177 0.000446 9
594 64 618 93 0.000440 9
581 64 597 90 0.000434 9
109 149 128 167 0.000433 9
1080 149 1104 180 0.000426 9
709 85 719 111 0.000407 9
1121 161 1155 187 0.000407 9
1192 384 1205 402 0.000400 9
579 64 601 94 0.000397 9
591 64 650 94 0.000388 9
631 165 639 189 0.000387 9
119 64 162 76 0.000387 9
1225 158 1250 181 0.000382 9
686 151 696 190 0.000381 9
716 156 728 184 0.000378 9
644 122 659 163 0.000371 9
1211 184 1230 220 0.000371 9
1098 164 1117 203 0.000367 9
866 151 899 176 0.000364 9
1098 167 1122 206 0.000361 9
998 131 1009 174 0.000360 9
649 125 659 159 0.000357 9
638 120 654 163 0.000356 9
184 145 199 168 0.000355 9
1153 158 1167 184 0.000355 9
697 73 712 119 0.000353 9
689 123 716 176 0.000351 9
698 83 721 127 0.000348 9
830 162 858 180 0.000347 9
951 182 960 205 0.000344 9
705 116 717 129 0.000341 9
684 148 693 175 0.000337 9
637 119 651 162 0.000334 9
870 126 880 137 0.000330 9
807 161 860 188 0.000328 9
305 108 373 294 0.000324 9
1102 166 1122 191 0.000318 9
813 161 857 178 0.000314 9
680 152 690 185 0.000314 9
110 149 127 165 0.000310 9
678 64 695 103 0.000309 9
121 64 168 79 0.000302 9
120 64 199 79 0.000292 9
677 64 694 106 0.000289 9
1098 131 1110 150 0.000289 9
567 143 578 162 0.000288 9
135 64 172 79 0.000287 9
993 136 1001 171 0.000284 9
827 158 857 171 0.000283 9
161 65 199 91 0.000279 9
844 115 866 136 0.000279 9
712 149 721 170 0.000278 9
1079 148 1104 178 0.000278 9
993 144 1001 169 0.000275 9
625 64 641 91 0.000275 9
993 139 1001 169 0.000273 9
890 137 938 153 0.000271 9
680 148 690 169 0.000271 9
159 64 202 92 0.000269 9
657 174 696 225 0.000266 9
608 143 626 176 0.000265 9
1103 164 1144 185 0.000263 9
829 136 867 166 0.000263 9
697 74 722 129 0.000261 9
587 114 610 148 0.000258 9
684 68 696 120 0.000256 9
909 136 938 155 0.000251 9
829 136 862 166 0.000250 9
997 134 1017 174 0.000246 9
1124 160 1155 186 0.000244 9
597 148 615 164 0.000238 9
664 167 694 206 0.000238 9
811 158 857 180 0.000237 9
624 64 639 76 0.000233 9
449 150 490 171 0.000233 9
683 65 714 155 0.000231 9
1012 142 1025 175 0.000230 9
638 120 659 164 0.000230 9
699 86 720 129 0.000230 9
638 119 649 161 0.000228 9
594 114 626 155 0.000227 9
0 147 6 200 0.000226 9
625 64 640 91 0.000221 9
864 121 873 137 0.000221 9
624 119 639 161 0.000218 9
1150 126 1160 136 0.000217 9
1002 169 1013 185 0.000214 9
1088 144 1105 176 0.000212 9
886 137 939 153 0.000210 9
707 155 719 183 0.000209 9
688 119 708 138 0.000208 9
698 79 717 118 0.000205 9
698 72 710 109 0.000202 9
1089 151 1116 178 0.000201 9
170 143 180 169 0.000201 9
1107 163 1152 185 0.000200 9
1018 150 1041 163 0.000200 9
681 123 691 152 0.000199 9
809 160 858 186 0.000199 9
990 182 1001 205 0.000199 9
952 183 960 205 0.000197 9
578 80 586 107 0.000197 9
170 142 181 171 0.000197 9
1097 129 1109 150 0.000196 9
1022 150 1041 162 0.000193 9
909 136 938 152 0.000191 9
580 64 596 109 0.000190 9
635 161 657 203 0.000189 9
171 144 182 169 0.000186 9
1204 159 1223 200 0.000183 9
1113 182 1128 206 0.000180 9
680 124 691 157 0.000177 9
829 135 861 156 0.000174 9
666 168 685 188 0.000172 9
182 144 199 168 0.000169 9
96 175 110 205 0.000161 9
256 83 265 97 0.000160 9
1117 184 1134 208 0.000159 9
0 145 6 204 0.000156 9
180 143 200 168 0.000155 9
1077 182 1096 202 0.000155 9
638 130 650 163 0.000155 9
678 70 691 125 0.000152 9
887 136 938 169 0.000149 9
647 128 658 163 0.000149 9
689 157 707 194 0.000149 9
837 117 856 135 0.000149 9
830 121 843 134 0.000147 9
521 148 543 174 0.000145 9
583 132 611 185 0.000145 9
752 125 766 153 0.000144 9
839 116 853 135 0.000143 9
96 171 107 189 0.000143 9
96 169 106 178 0.000141 9
698 80 721 112 0.000140 9
574 134 581 145 0.000140 9
854 150 894 175 0.000139 9
161 75 194 92 0.000139 9
1096 151 1119 171 0.000139 9
341 64 363 111 0.000138 9
680 124 690 150 0.000138 9
681 64 708 120 0.000137 9
579 64 664 150 0.000136 9
625 122 639 162 0.000135 9
993 165 1008 179 0.000135 9
341 64 366 111 0.000134 9
697 90 712 125 0.000132 9
578 76 586 105 0.000131 9
516 135 528 148 0.000129 9
683 119 713 191 0.000128 9
642 88 658 104 0.000128 9
51 184 63 206 0.000128 9
0 145 6 178 0.000127 9
173 64 230 92 0.000127 9
694 154 716 182 0.000126 9
1018 138 1032 155 0.000123 9
682 64 714 134 0.000121 9
322 131 362 196 0.000121 9
256 143 269 178 0.000120 9
171 143 191 172 0.000119 9
581 79 600 143 0.000119 9
567 124 599 172 0.000118 9
1041 184 1050 202 0.000117 9
583 64 663 122 0.000115 9
878 128 892 138 0.000114 9
1206 156 1227 178 0.000113 9
1180 161 1201 190 0.000113 9
1187 159 1212 189 0.000112 9
806 156 859 184 0.000112 9
544 140 552 158 0.000112 9
800 154 815 234 0.000112 9
693 65 722 127 0.000109 9
625 119 635 136 0.000108 9
1157 163 1194 186 0.000107 9
1222 159 1243 178 0.000107 9
222 122 269 154 0.000106 9
257 142 270 180 0.000102 9
102 148 128 178 0.000102 9
1016 152 1040 169 0.000101 9
578 66 588 95 0.000101 9
996 131 1019 171 0.000101 9
813 122 842 135 0.000100 9
241 130 256 146 0.000100 9
324 109 366 164 0.097520 11
1051 110 1083 147 0.027731 11
316 110 366 199 0.000292 11
415 64 441 124 0.000271 11
1050 110 1083 158 0.000151 11
416 64 434 116 0.000137 11
415 64 433 122 0.000125 11
358 147 373 165 0.000116 11
415 64 446 128 0.000114 11
352 126 366 159 0.000110 11
