627 199 656 291 0.832004 0
769 193 803 276 0.686324 0
973 194 997 256 0.685322 0
260 199 278 245 0.594376 0
848 200 865 241 0.304269 0
1036 192 1050 230 0.142922 0
1037 199 1051 230 0.132034 0
1038 203 1050 230 0.092186 0
387 198 397 206 0.022984 0
926 204 946 253 0.020233 0
387 198 399 206 0.019515 0
387 190 399 206 0.015087 0
247 197 255 215 0.011929 0
847 200 870 265 0.011118 0
470 204 479 217 0.009887 0
1038 201 1053 230 0.009862 0
242 197 252 236 0.008554 0
1034 196 1050 230 0.008182 0
1016 203 1024 224 0.007646 0
1035 191 1054 230 0.006989 0
1113 194 1120 203 0.006809 0
976 197 998 254 0.006743 0
471 201 479 217 0.006510 0
242 197 250 216 0.006448 0
643 199 656 223 0.006440 0
214 198 224 229 0.006098 0
242 198 250 221 0.005122 0
976 193 995 219 0.005075 0
851 196 871 265 0.005035 0
878 199 909 243 0.004829 0
375 185 386 202 0.004548 0
242 196 256 235 0.004516 0
937 203 944 220 0.004506 0
861 433 879 476 0.004434 0
242 196 253 222 0.004279 0
1019 194 1051 230 0.004252 0
878 201 903 244 0.004242 0
312 185 323 199 0.004126 0
865 212 874 235 0.003828 0
957 370 980 426 0.003718 0
639 680 672 703 0.003699 0
642 201 656 231 0.003608 0
241 199 251 239 0.003567 0
1113 194 1121 208 0.003438 0
328 184 343 199 0.003284 0
1219 212 1230 234 0.003176 0
325 189 337 199 0.003173 0
351 189 357 200 0.003120 0
640 689 672 703 0.002778 0
1220 212 1228 232 0.002536 0
865 209 873 232 0.002383 0
373 184 387 203 0.002380 0
332 183 343 199 0.002351 0
968 193 995 258 0.002307 0
1218 210 1228 233 0.002270 0
215 194 224 224 0.002231 0
1217 213 1229 233 0.002194 0
813 210 827 222 0.002138 0
374 185 391 205 0.002113 0
465 203 474 216 0.002074 0
955 370 980 457 0.001996 0
213 196 223 230 0.001882 0
639 689 662 703 0.001783 0
261 201 277 224 0.001761 0
965 372 981 391 0.001705 0
863 437 875 455 0.001677 0
367 208 375 220 0.001653 0
956 372 978 439 0.001538 0
965 368 986 392 0.001529 0
865 442 873 455 0.001524 0
965 370 984 391 0.001507 0
346 188 354 199 0.001500 0
995 207 1012 241 0.001493 0
956 368 986 425 0.001492 0
922 208 932 242 0.001470 0
1230 197 1261 261 0.001436 0
670 207 678 230 0.001402 0
367 184 387 203 0.001397 0
976 193 998 222 0.001360 0
1027 243 1034 249 0.001320 0
260 198 277 229 0.001313 0
854 203 872 265 0.001312 0
860 432 879 464 0.001303 0
965 373 980 388 0.001285 0
213 204 224 233 0.001284 0
319 203 331 221 0.001244 0
816 210 829 221 0.001218 0
849 207 873 267 0.001185 0
861 432 873 456 0.001162 0
959 439 970 470 0.001138 0
1216 191 1228 231 0.001110 0
999 384 1017 400 0.001074 0
952 366 1012 462 0.001068 0
386 185 398 206 0.001066 0
789 331 809 344 0.001029 0
967 214 984 252 0.000992 0
470 203 480 223 0.000990 0
319 203 332 231 0.000989 0
23 215 42 252 0.000947 0
311 185 329 200 0.000945 0
949 273 959 298 0.000941 0
670 208 681 233 0.000927 0
950 246 962 254 0.000908 0
804 185 816 214 0.000903 0
464 188 479 216 0.000896 0
954 370 977 465 0.000886 0
918 204 933 245 0.000885 0
242 194 256 215 0.000865 0
241 194 256 218 0.000834 0
999 383 1023 401 0.000827 0
241 207 251 239 0.000805 0
321 185 336 230 0.000789 0
199 210 207 222 0.000788 0
217 188 223 208 0.000782 0
460 204 468 215 0.000760 0
958 439 970 464 0.000754 0
958 438 971 471 0.000753 0
1214 389 1232 433 0.000736 0
1059 212 1082 234 0.000720 0
959 439 969 466 0.000719 0
354 192 366 200 0.000718 0
1072 485 1080 501 0.000686 0
325 183 341 196 0.000673 0
259 202 272 224 0.000671 0
854 201 873 280 0.000671 0
324 207 335 251 0.000668 0
848 183 858 217 0.000639 0
863 436 875 478 0.000637 0
999 382 1025 402 0.000632 0
955 370 992 427 0.000626 0
318 199 335 276 0.000623 0
775 193 800 228 0.000622 0
1056 488 1066 498 0.000615 0
844 182 872 271 0.000614 0
1004 386 1023 402 0.000589 0
318 198 333 226 0.000582 0
1135 446 1144 458 0.000580 0
1046 487 1056 497 0.000569 0
28 215 41 249 0.000568 0
958 373 981 405 0.000565 0
949 367 1024 460 0.000564 0
950 273 959 293 0.000552 0
22 223 42 256 0.000545 0
914 474 927 486 0.000541 0
782 329 825 380 0.000536 0
1165 470 1174 479 0.000534 0
783 193 801 221 0.000506 0
804 187 820 225 0.000505 0
814 325 844 344 0.000497 0
397 199 408 206 0.000496 0
960 372 981 391 0.000496 0
948 369 978 464 0.000482 0
965 366 991 393 0.000480 0
258 198 276 224 0.000478 0
1195 357 1212 416 0.000464 0
786 318 816 345 0.000459 0
1036 185 1052 230 0.000458 0
949 273 960 303 0.000442 0
349 164 950 288 0.000437 0
670 206 684 233 0.000433 0
1191 358 1212 418 0.000422 0
881 222 901 246 0.000411 0
642 202 656 262 0.000409 0
645 191 657 216 0.000409 0
1194 366 1232 426 0.000396 0
1189 386 1205 401 0.000396 0
902 336 924 351 0.000393 0
333 181 354 199 0.000393 0
926 439 933 457 0.000392 0
1209 386 1232 431 0.000388 0
459 203 479 225 0.000386 0
184 197 191 206 0.000379 0
349 185 359 200 0.000374 0
854 209 899 269 0.000372 0
626 199 652 219 0.000367 0
1185 354 1213 410 0.000367 0
1197 360 1221 417 0.000363 0
467 202 480 247 0.000363 0
1200 365 1231 424 0.000354 0
863 435 890 480 0.000353 0
463 201 479 256 0.000352 0
945 367 979 430 0.000351 0
1134 445 1144 466 0.000350 0
399 186 409 205 0.000348 0
958 366 984 394 0.000335 0
312 185 327 223 0.000333 0
339 161 949 401 0.000331 0
959 439 975 471 0.000330 0
1144 376 1152 384 0.000327 0
636 200 656 288 0.000327 0
1184 340 1212 399 0.000327 0
954 379 976 472 0.000322 0
814 281 849 344 0.000320 0
848 199 882 237 0.000319 0
334 204 353 238 0.000315 0
386 197 400 215 0.000314 0
1160 376 1167 383 0.000312 0
264 203 283 236 0.000312 0
1166 470 1176 491 0.000312 0
333 200 354 254 0.000309 0
1249 346 1263 360 0.000308 0
948 348 964 391 0.000307 0
652 198 661 218 0.000306 0
319 199 335 232 0.000297 0
303 184 323 212 0.000294 0
855 180 934 287 0.000291 0
1208 182 1226 223 0.000287 0
913 472 928 485 0.000283 0
103 248 140 264 0.000283 0
950 347 960 382 0.000282 0
879 438 890 465 0.000280 0
1227 180 1250 224 0.000279 0
1127 444 1135 467 0.000272 0
823 192 873 280 0.000271 0
389 182 415 207 0.000263 0
921 202 977 254 0.000263 0
814 300 844 344 0.000259 0
1212 388 1232 429 0.000258 0
1159 329 1167 346 0.000255 0
216 184 231 231 0.000255 0
382 196 399 216 0.000254 0
952 347 959 367 0.000253 0
1195 356 1210 380 0.000253 0
764 199 806 281 0.000252 0
878 435 890 460 0.000247 0
204 202 222 229 0.000243 0
955 421 975 471 0.000238 0
788 330 815 344 0.000236 0
801 412 811 423 0.000235 0
958 196 970 208 0.000233 0
320 202 342 278 0.000229 0
962 355 988 393 0.000229 0
1151 352 1165 392 0.000227 0
951 367 1024 438 0.000225 0
911 451 928 486 0.000224 0
1200 378 1232 429 0.000223 0
1196 384 1232 428 0.000223 0
955 367 1025 428 0.000215 0
963 358 984 392 0.000213 0
639 669 673 703 0.000212 0
998 383 1024 412 0.000204 0
902 334 927 352 0.000202 0
465 202 480 254 0.000202 0
857 431 878 456 0.000202 0
932 371 1026 471 0.000199 0
972 184 990 216 0.000198 0
400 184 409 203 0.000198 0
814 311 830 344 0.000196 0
925 346 1005 471 0.000196 0
781 269 850 346 0.000196 0
265 190 278 211 0.000194 0
406 179 417 205 0.000194 0
926 439 941 461 0.000193 0
991 455 1000 464 0.000192 0
319 203 336 240 0.000192 0
1013 330 1101 469 0.000190 0
335 200 352 227 0.000188 0
334 200 353 232 0.000185 0
264 193 275 208 0.000185 0
1209 243 1227 270 0.000183 0
681 205 695 229 0.000182 0
318 147 348 257 0.000182 0
764 258 851 346 0.000182 0
1167 328 1176 340 0.000181 0
945 350 968 398 0.000180 0
853 207 898 279 0.000180 0
686 197 694 215 0.000178 0
974 180 995 222 0.000177 0
949 233 966 254 0.000176 0
788 328 824 344 0.000174 0
788 331 811 377 0.000173 0
365 190 386 213 0.000173 0
997 384 1024 420 0.000173 0
316 133 368 265 0.000172 0
1104 312 1113 327 0.000169 0
959 483 970 488 0.000169 0
332 220 353 255 0.000165 0
271 205 287 244 0.000163 0
998 383 1025 426 0.000162 0
878 422 891 466 0.000161 0
1012 453 1024 466 0.000160 0
919 349 1021 475 0.000159 0
878 439 892 472 0.000158 0
959 484 969 489 0.000157 0
1043 481 1056 496 0.000156 0
851 170 920 286 0.000156 0
1144 321 1151 330 0.000155 0
1071 482 1080 494 0.000155 0
367 207 382 219 0.000155 0
1127 443 1136 472 0.000155 0
215 188 235 235 0.000154 0
1021 194 1079 330 0.000154 0
1007 436 1024 468 0.000152 0
209 196 221 222 0.000148 0
772 195 792 226 0.000148 0
776 129 1233 258 0.000147 0
915 202 940 250 0.000144 0
814 308 848 344 0.000142 0
1076 333 1090 363 0.000142 0
1092 455 1104 475 0.000142 0
774 193 792 220 0.000140 0
858 434 896 486 0.000139 0
956 424 972 463 0.000137 0
942 343 970 397 0.000137 0
647 199 661 223 0.000136 0
880 438 897 472 0.000136 0
895 326 906 343 0.000135 0
273 217 289 246 0.000133 0
1151 326 1168 344 0.000133 0
620 681 673 703 0.000133 0
413 157 947 380 0.000133 0
912 473 929 487 0.000132 0
321 182 355 227 0.000132 0
1248 341 1263 362 0.000131 0
907 320 927 351 0.000131 0
1027 276 1039 295 0.000130 0
879 436 898 467 0.000128 0
1182 331 1213 389 0.000127 0
278 182 322 279 0.000127 0
947 345 987 399 0.000127 0
1076 333 1090 369 0.000126 0
1152 343 1168 391 0.000124 0
111 204 122 240 0.000124 0
784 330 809 378 0.000123 0
1076 457 1095 472 0.000121 0
1005 384 1025 454 0.000121 0
901 335 927 375 0.000120 0
807 375 815 393 0.000119 0
335 198 353 220 0.000119 0
1183 343 1195 377 0.000119 0
1097 399 1103 406 0.000119 0
800 184 813 224 0.000118 0
792 191 813 239 0.000118 0
1190 358 1225 418 0.000118 0
852 216 873 283 0.000118 0
1071 330 1115 408 0.000117 0
1042 409 1058 463 0.000117 0
1263 351 1279 515 0.000116 0
271 200 293 252 0.000116 0
1151 346 1165 387 0.000116 0
513 195 530 245 0.000116 0
921 372 1018 475 0.000115 0
1093 449 1104 473 0.000114 0
1164 470 1184 490 0.000112 0
831 470 841 483 0.000111 0
312 64 432 219 0.000111 0
800 440 817 459 0.000110 0
1182 344 1195 357 0.000110 0
848 189 868 228 0.000110 0
972 369 1025 402 0.000110 0
1114 312 1135 333 0.000108 0
999 377 1025 403 0.000108 0
312 192 333 233 0.000107 0
398 197 416 207 0.000106 0
523 198 659 288 0.000104 0
926 340 1010 447 0.000103 0
800 437 817 455 0.000103 0
756 233 806 286 0.826633 1
960 218 1007 265 0.597327 1
961 218 997 264 0.034829 1
961 227 983 264 0.006190 1
960 217 1034 264 0.005900 1
980 220 1008 252 0.005039 1
994 221 1008 251 0.003001 1
995 218 1008 248 0.002911 1
969 220 996 257 0.002838 1
763 234 796 278 0.001682 1
980 223 1018 259 0.001654 1
756 248 776 286 0.001452 1
20 219 73 257 0.001434 1
756 238 778 283 0.000999 1
770 233 785 275 0.000930 1
990 216 1026 255 0.000930 1
991 223 1010 254 0.000907 1
47 231 73 256 0.000878 1
881 207 1009 266 0.000864 1
768 232 783 273 0.000860 1
761 234 783 275 0.000825 1
781 244 806 280 0.000819 1
783 239 802 273 0.000817 1
20 217 64 257 0.000784 1
47 223 73 256 0.000744 1
961 221 981 261 0.000722 1
19 226 73 259 0.000715 1
968 218 984 255 0.000699 1
25 231 73 257 0.000698 1
781 252 806 280 0.000613 1
1000 234 1024 253 0.000582 1
777 243 803 277 0.000563 1
756 229 787 283 0.000562 1
855 203 1045 299 0.000493 1
771 229 801 274 0.000480 1
960 229 1028 264 0.000370 1
756 247 800 286 0.000267 1
756 246 786 286 0.000228 1
47 224 83 256 0.000226 1
960 218 1021 268 0.000195 1
765 204 798 276 0.000189 1
910 270 928 296 0.000165 1
756 228 837 284 0.000163 1
960 215 981 258 0.000160 1
702 219 807 284 0.000154 1
613 207 811 286 0.000149 1
785 237 818 278 0.000146 1
926 280 957 299 0.000144 1
787 241 806 274 0.000142 1
19 228 74 282 0.000141 1
9 226 74 283 0.000131 1
906 270 957 297 0.000130 1
957 215 1050 280 0.000124 1
910 261 927 296 0.000124 1
754 243 777 284 0.000113 1
793 249 821 279 0.000106 1
30 231 74 274 0.000106 1
762 231 805 282 0.000105 1
960 222 986 272 0.000105 1
484 199 516 217 0.055452 2
1005 197 1051 229 0.053623 2
695 205 728 235 0.042118 2
1261 200 1279 267 0.020512 2
527 200 551 218 0.018885 2
876 198 954 240 0.017439 2
1005 197 1046 227 0.016851 2
528 198 554 218 0.014826 2
695 185 729 235 0.013722 2
697 200 729 234 0.012186 2
1264 199 1279 264 0.011955 2
606 201 634 216 0.011375 2
1269 199 1279 240 0.010898 2
822 330 847 344 0.010588 2
1263 198 1279 240 0.009120 2
1005 201 1028 227 0.009044 2
1183 228 1268 263 0.008799 2
877 199 916 243 0.007983 2
706 210 729 235 0.007494 2
1114 220 1129 232 0.007170 2
875 198 953 228 0.006641 2
1243 198 1279 266 0.006497 2
304 192 313 198 0.006247 2
879 199 911 241 0.005749 2
1003 204 1025 229 0.005547 2
1183 223 1279 266 0.005531 2
864 219 881 242 0.005203 2
847 213 875 242 0.005012 2
1182 216 1266 263 0.004949 2
555 199 580 216 0.004315 2
1263 212 1274 231 0.004276 2
1262 227 1279 268 0.004254 2
1114 217 1131 231 0.003841 2
510 196 553 217 0.003734 2
1028 194 1085 231 0.003699 2
864 219 874 235 0.003466 2
1010 205 1024 228 0.003318 2
1190 219 1268 262 0.003157 2
1220 165 1279 181 0.002611 2
1104 487 1118 495 0.002603 2
1087 184 1123 208 0.002542 2
1101 196 1122 209 0.002478 2
551 200 577 216 0.002467 2
1088 189 1097 202 0.002411 2
1250 201 1277 249 0.002398 2
1045 195 1086 221 0.002295 2
304 184 321 198 0.002285 2
552 200 567 216 0.002228 2
1104 488 1121 496 0.002220 2
1229 224 1268 262 0.002219 2
478 203 507 217 0.002214 2
1007 206 1027 230 0.002155 2
1087 194 1122 209 0.002150 2
1034 195 1074 233 0.002105 2
1262 168 1279 181 0.002077 2
1006 194 1090 225 0.002073 2
881 199 908 233 0.002037 2
613 177 635 200 0.001979 2
554 199 591 216 0.001874 2
999 196 1071 254 0.001874 2
1066 212 1123 247 0.001854 2
1230 169 1247 181 0.001837 2
1010 194 1041 208 0.001801 2
1241 212 1279 265 0.001764 2
1211 166 1279 203 0.001759 2
1066 214 1100 242 0.001735 2
1003 193 1091 238 0.001682 2
1238 217 1279 267 0.001670 2
1217 230 1266 262 0.001670 2
921 200 951 212 0.001611 2
1231 230 1265 262 0.001607 2
1039 195 1080 233 0.001607 2
1107 488 1135 497 0.001555 2
1205 230 1269 263 0.001514 2
1006 194 1043 213 0.001507 2
1070 192 1088 202 0.001493 2
1068 196 1087 210 0.001488 2
1088 188 1104 203 0.001485 2
1099 222 1120 248 0.001476 2
820 329 883 344 0.001472 2
612 177 641 200 0.001467 2
1009 194 1050 210 0.001418 2
1044 194 1091 235 0.001404 2
1103 487 1135 504 0.001394 2
1091 183 1125 206 0.001382 2
1021 194 1090 205 0.001368 2
1113 220 1156 245 0.001351 2
914 199 953 209 0.001342 2
1074 193 1090 201 0.001260 2
455 203 465 216 0.001254 2
451 204 467 222 0.001250 2
1225 157 1248 181 0.001206 2
871 208 896 244 0.001175 2
549 201 562 216 0.001143 2
925 199 954 206 0.001131 2
1262 248 1279 270 0.001088 2
1214 166 1279 194 0.001083 2
1104 486 1121 495 0.001058 2
1226 177 1279 233 0.001055 2
974 197 1017 254 0.001042 2
916 200 950 250 0.001023 2
1103 184 1124 204 0.001009 2
546 199 579 217 0.001006 2
0 394 16 409 0.001000 2
992 199 1020 220 0.000995 2
1119 488 1135 497 0.000995 2
1089 190 1102 203 0.000990 2
588 191 621 214 0.000986 2
554 182 625 215 0.000965 2
1249 231 1279 267 0.000963 2
1087 184 1098 201 0.000954 2
1055 191 1087 204 0.000943 2
870 197 1044 257 0.000941 2
1004 210 1024 230 0.000921 2
1092 213 1123 246 0.000904 2
999 199 1107 254 0.000897 2
1062 195 1098 239 0.000877 2
1072 197 1091 209 0.000874 2
1250 198 1267 228 0.000861 2
1114 215 1169 231 0.000841 2
1193 229 1271 270 0.000839 2
819 328 872 344 0.000838 2
1252 200 1268 232 0.000835 2
962 201 1061 260 0.000809 2
1114 220 1174 235 0.000783 2
1028 190 1088 221 0.000781 2
1186 333 1279 417 0.000779 2
873 198 935 234 0.000776 2
521 194 543 217 0.000753 2
1263 347 1279 369 0.000752 2
1236 233 1273 264 0.000732 2
1190 347 1279 418 0.000726 2
1195 358 1279 417 0.000724 2
1230 233 1269 264 0.000709 2
1221 157 1279 182 0.000699 2
1052 214 1068 230 0.000678 2
702 201 775 235 0.000671 2
471 188 480 203 0.000668 2
1088 191 1100 209 0.000665 2
997 203 1011 223 0.000637 2
862 211 880 240 0.000636 2
921 200 981 254 0.000625 2
913 199 949 243 0.000624 2
1174 209 1279 295 0.000617 2
490 193 516 216 0.000615 2
1232 274 1279 363 0.000612 2
1003 236 1029 256 0.000597 2
1263 343 1279 367 0.000596 2
1184 274 1207 284 0.000592 2
1024 486 1057 498 0.000590 2
1184 276 1214 285 0.000588 2
1002 194 1120 245 0.000584 2
468 187 479 214 0.000583 2
1064 196 1125 239 0.000567 2
1184 274 1201 283 0.000553 2
670 209 696 234 0.000552 2
878 200 903 237 0.000544 2
704 203 757 235 0.000534 2
815 360 832 376 0.000530 2
820 329 849 360 0.000518 2
701 199 765 234 0.000509 2
293 182 308 198 0.000495 2
996 196 1076 262 0.000489 2
1002 195 1065 248 0.000487 2
541 196 575 216 0.000485 2
191 393 222 410 0.000480 2
528 200 554 221 0.000476 2
1249 198 1270 232 0.000473 2
848 471 867 478 0.000473 2
1109 488 1136 505 0.000470 2
876 198 941 246 0.000462 2
1231 186 1279 364 0.000462 2
456 201 471 216 0.000461 2
1183 273 1214 285 0.000461 2
319 206 332 231 0.000457 2
674 211 697 234 0.000456 2
527 194 552 217 0.000448 2
503 184 548 218 0.000445 2
806 197 857 241 0.000426 2
981 230 1026 258 0.000424 2
819 329 848 365 0.000422 2
815 328 847 344 0.000408 2
824 286 848 311 0.000400 2
827 286 848 301 0.000398 2
1112 188 1129 206 0.000394 2
702 206 753 235 0.000386 2
1056 488 1074 500 0.000385 2
1162 274 1279 414 0.000374 2
878 207 912 246 0.000371 2
445 184 473 220 0.000367 2
814 329 889 358 0.000357 2
803 186 854 231 0.000357 2
921 199 968 242 0.000356 2
1056 490 1067 501 0.000354 2
857 185 972 289 0.000343 2
1196 229 1247 271 0.000342 2
830 331 884 344 0.000341 2
812 328 896 364 0.000337 2
1086 176 1109 203 0.000324 2
1087 177 1132 209 0.000324 2
801 329 917 354 0.000323 2
1222 503 1231 511 0.000320 2
1263 357 1279 406 0.000320 2
976 194 1039 234 0.000315 2
209 397 222 408 0.000314 2
889 203 1004 254 0.000314 2
854 195 1001 296 0.000313 2
863 194 995 283 0.000309 2
832 479 840 486 0.000309 2
1190 215 1218 233 0.000307 2
0 394 16 418 0.000306 2
735 176 1228 254 0.000306 2
1150 471 1168 479 0.000303 2
1166 271 1268 356 0.000303 2
1209 164 1248 235 0.000298 2
1202 237 1279 288 0.000293 2
1152 470 1170 479 0.000292 2
802 359 832 376 0.000285 2
1177 381 1184 392 0.000282 2
1110 190 1138 209 0.000280 2
875 219 898 246 0.000279 2
1263 360 1279 375 0.000272 2
860 216 892 249 0.000266 2
1057 199 1123 247 0.000265 2
1197 279 1279 417 0.000265 2
444 178 480 222 0.000263 2
1194 231 1278 284 0.000263 2
1114 185 1141 206 0.000263 2
1167 268 1256 352 0.000262 2
1240 278 1279 415 0.000261 2
1141 291 1279 411 0.000261 2
815 328 910 366 0.000259 2
1196 367 1279 422 0.000258 2
1164 193 1279 364 0.000254 2
519 192 553 218 0.000254 2
1206 257 1228 273 0.000253 2
1056 490 1072 501 0.000253 2
854 195 1033 305 0.000252 2
1092 199 1127 227 0.000246 2
1224 277 1279 416 0.000244 2
974 191 1038 222 0.000244 2
1072 200 1123 234 0.000243 2
795 329 927 361 0.000233 2
853 183 922 288 0.000232 2
496 239 541 252 0.000224 2
1204 257 1225 273 0.000224 2
1023 487 1036 496 0.000224 2
818 284 849 311 0.000221 2
816 329 846 376 0.000216 2
792 359 832 376 0.000215 2
1167 380 1179 392 0.000215 2
1124 183 1202 218 0.000212 2
803 328 890 376 0.000211 2
1263 350 1279 388 0.000210 2
293 176 308 198 0.000206 2
1263 369 1279 412 0.000205 2
852 215 906 285 0.000204 2
750 201 769 229 0.000201 2
191 393 216 409 0.000198 2
879 482 893 488 0.000197 2
1166 261 1231 350 0.000195 2
1221 241 1279 274 0.000195 2
1202 252 1279 294 0.000194 2
802 190 859 237 0.000194 2
1112 184 1182 233 0.000194 2
1074 182 1099 202 0.000191 2
1213 271 1231 325 0.000190 2
939 204 984 256 0.000188 2
1072 327 1087 340 0.000183 2
448 198 468 223 0.000182 2
0 394 27 422 0.000182 2
1051 200 1193 248 0.000180 2
701 214 729 236 0.000176 2
1091 196 1153 232 0.000173 2
748 201 770 232 0.000173 2
1127 289 1278 383 0.000172 2
587 185 639 218 0.000170 2
444 177 487 223 0.000169 2
1036 328 1057 344 0.000169 2
702 196 778 232 0.000165 2
894 178 951 205 0.000164 2
1263 328 1279 370 0.000163 2
856 225 916 288 0.000160 2
821 277 849 313 0.000160 2
786 347 833 377 0.000159 2
1119 186 1141 211 0.000159 2
692 217 702 236 0.000158 2
915 181 955 207 0.000156 2
706 188 779 234 0.000155 2
1120 184 1150 212 0.000154 2
190 393 223 416 0.000154 2
1183 258 1223 287 0.000152 2
95 200 105 209 0.000152 2
1095 316 1172 345 0.000151 2
864 204 881 240 0.000150 2
1026 480 1058 498 0.000149 2
1056 461 1072 471 0.000148 2
0 401 25 421 0.000148 2
947 206 980 256 0.000147 2
749 199 769 224 0.000146 2
482 200 517 222 0.000146 2
1069 326 1087 340 0.000146 2
730 204 774 234 0.000144 2
1054 463 1071 471 0.000141 2
912 472 942 487 0.000141 2
811 329 848 379 0.000140 2
472 187 498 216 0.000138 2
485 204 516 222 0.000138 2
908 183 950 208 0.000138 2
1206 495 1231 512 0.000138 2
1256 156 1279 183 0.000138 2
1084 312 1179 345 0.000137 2
1184 329 1200 339 0.000136 2
754 335 929 399 0.000135 2
758 326 921 390 0.000134 2
1179 382 1200 392 0.000134 2
1071 455 1080 468 0.000134 2
1231 296 1279 367 0.000133 2
1212 495 1227 505 0.000131 2
697 183 770 235 0.000131 2
874 205 942 248 0.000124 2
495 241 527 252 0.000122 2
1110 195 1173 231 0.000122 2
1262 309 1279 370 0.000119 2
1015 320 1089 344 0.000119 2
1017 325 1087 346 0.000119 2
604 200 646 226 0.000117 2
1168 269 1215 285 0.000118 2
864 216 905 266 0.000117 2
449 155 491 171 0.000116 2
929 209 962 254 0.000116 2
1205 256 1232 275 0.000115 2
1215 275 1232 355 0.000115 2
507 239 536 252 0.000114 2
781 337 844 378 0.000114 2
852 237 913 287 0.000113 2
443 176 482 286 0.000112 2
1189 257 1279 291 0.000112 2
1071 183 1092 202 0.000112 2
857 210 920 289 0.000111 2
924 202 963 254 0.000111 2
158 416 167 422 0.000110 2
819 328 908 376 0.000109 2
1089 323 1182 345 0.000107 2
1146 340 1215 409 0.000107 2
965 230 1035 262 0.000106 2
1070 327 1275 416 0.000106 2
1097 320 1174 345 0.000105 2
1072 456 1094 473 0.000105 2
862 255 914 287 0.000104 2
1205 262 1279 294 0.000104 2
1217 343 1280 416 0.000103 2
862 251 916 291 0.000103 2
1111 472 1121 478 0.000100 2
1212 163 1279 267 0.011257 5
1213 164 1279 241 0.005812 5
482 175 516 217 0.003280 5
1199 160 1280 265 0.002950 5
480 170 576 216 0.002753 5
482 183 517 217 0.002597 5
1211 158 1272 234 0.002487 5
1208 158 1247 234 0.002018 5
866 177 945 204 0.001589 5
1211 167 1279 220 0.001328 5
1262 167 1279 244 0.000931 5
1220 161 1249 228 0.000887 5
1208 159 1249 220 0.000880 5
1261 168 1279 224 0.000839 5
1260 176 1279 237 0.000764 5
1220 174 1279 219 0.000586 5
431 171 446 194 0.000420 5
443 180 481 216 0.000345 5
697 160 727 223 0.000179 5
480 177 505 212 0.000152 5
1215 275 1231 357 0.000112 5
438 158 547 222 0.000109 5
1205 164 1279 270 0.008505 6
1187 162 1279 271 0.007024 6
644 271 1275 386 0.004800 6
1116 163 1279 271 0.004101 6
1148 162 1279 276 0.003934 6
644 269 1275 482 0.003896 6
644 269 1273 361 0.003468 6
478 171 636 214 0.001835 6
649 226 1275 355 0.001568 6
1113 178 1278 256 0.001120 6
1157 162 1279 400 0.000999 6
640 267 1067 376 0.000957 6
697 178 1275 361 0.000891 6
731 168 1277 401 0.000823 6
687 188 1272 336 0.000762 6
641 267 1182 377 0.000709 6
1212 162 1279 386 0.000688 6
848 275 1279 374 0.000650 6
841 174 1275 268 0.000622 6
821 164 1279 418 0.000620 6
473 159 641 212 0.000620 6
692 141 1268 257 0.000584 6
1 65 74 255 0.000570 6
1142 281 1280 417 0.000532 6
1193 166 1279 409 0.000529 6
897 274 1167 340 0.000471 6
1188 282 1279 417 0.000446 6
644 329 1269 472 0.000420 6
648 152 1212 353 0.000400 6
898 273 1166 317 0.000392 6
908 163 1279 406 0.000361 6
0 140 40 211 0.000358 6
936 278 1278 397 0.000351 6
1102 215 1278 412 0.000337 6
685 174 1205 276 0.000327 6
1068 291 1280 412 0.000305 6
0 64 77 222 0.000280 6
919 275 1185 346 0.000274 6
962 282 1236 363 0.000265 6
824 183 1269 278 0.000264 6
640 150 981 360 0.000263 6
1075 156 1280 253 0.000255 6
1004 161 1279 424 0.000252 6
1004 279 1278 403 0.000241 6
916 280 1233 337 0.000231 6
5 68 339 308 0.000229 6
7 65 511 396 0.000215 6
0 141 41 238 0.000211 6
942 282 1229 345 0.000203 6
643 266 1168 467 0.000198 6
903 272 1042 309 0.000194 6
641 153 1033 346 0.000183 6
372 159 682 223 0.000181 6
769 188 1243 271 0.000178 6
0 64 336 268 0.000172 6
1062 324 1278 418 0.000170 6
1077 293 1277 363 0.000166 6
1065 328 1278 475 0.000163 6
643 265 1023 467 0.000162 6
0 68 94 268 0.000162 6
923 276 1279 453 0.000159 6
3 65 341 403 0.000157 6
921 274 1179 382 0.000144 6
936 274 1150 388 0.000143 6
343 164 915 259 0.000142 6
1152 268 1279 428 0.000137 6
851 271 1125 337 0.000137 6
1025 278 1278 466 0.000134 6
1065 277 1280 448 0.000129 6
46 64 444 279 0.000124 6
928 278 1194 370 0.000119 6
1081 289 1265 350 0.000117 6
130 64 588 292 0.000115 6
0 137 43 263 0.000108 6
477 153 598 211 0.000107 6
120 64 436 279 0.000105 6
142 64 431 237 0.000103 6
1134 331 1277 418 0.000102 6
865 177 953 240 0.309662 7
699 153 953 240 0.282271 7
709 153 860 236 0.123979 7
801 177 954 242 0.034470 7
696 183 729 234 0.017792 7
717 153 808 234 0.016340 7
1261 198 1279 268 0.014625 7
588 183 626 215 0.012247 7
589 183 622 201 0.007794 7
698 152 811 235 0.007406 7
588 182 636 216 0.007260 7
1115 183 1199 248 0.006710 7
866 177 944 221 0.006384 7
1211 169 1279 268 0.005895 7
866 177 948 211 0.005145 7
589 178 643 216 0.003913 7
1184 175 1278 267 0.003516 7
1116 182 1245 248 0.002989 7
590 175 638 202 0.002674 7
865 177 935 240 0.002496 7
798 153 951 240 0.002301 7
595 177 638 203 0.002147 7
610 177 635 200 0.002143 7
863 176 1044 249 0.001947 7
480 172 576 214 0.001825 7
803 161 858 218 0.001638 7
689 153 956 264 0.001559 7
480 171 636 216 0.001540 7
803 185 858 243 0.001411 7
803 178 857 222 0.001385 7
882 199 982 251 0.001370 7
693 154 1252 257 0.001313 7
1116 183 1194 224 0.001286 7
482 175 567 218 0.001231 7
802 169 860 222 0.001188 7
866 177 946 204 0.001163 7
538 152 955 256 0.001150 7
479 173 516 218 0.001044 7
698 154 1089 249 0.001024 7
803 185 856 219 0.001012 7
866 195 1014 251 0.001007 7
754 175 856 241 0.000959 7
604 155 955 281 0.000957 7
650 151 954 277 0.000903 7
1116 183 1201 217 0.000897 7
866 177 930 220 0.000852 7
519 173 583 217 0.000815 7
727 153 815 219 0.000813 7
589 159 644 212 0.000767 7
581 174 633 202 0.000733 7
588 170 663 219 0.000727 7
560 183 623 212 0.000638 7
589 159 663 213 0.000625 7
688 161 729 235 0.000604 7
1114 184 1186 240 0.000597 7
701 184 724 208 0.000591 7
691 156 733 235 0.000589 7
517 158 954 281 0.000588 7
1155 281 1279 418 0.000587 7
603 160 640 201 0.000571 7
1110 164 1242 248 0.000561 7
816 172 938 230 0.000536 7
591 160 679 218 0.000512 7
508 170 577 204 0.000509 7
838 174 932 238 0.000483 7
1187 283 1279 417 0.000482 7
1113 164 1254 239 0.000471 7
863 179 1068 254 0.000444 7
1178 160 1266 265 0.000439 7
867 176 927 205 0.000434 7
566 183 623 202 0.000424 7
517 173 579 202 0.000416 7
683 158 1134 281 0.000408 7
737 153 858 217 0.000391 7
435 150 950 248 0.000385 7
553 179 622 213 0.000373 7
443 153 951 275 0.000365 7
555 176 581 209 0.000360 7
1100 166 1141 206 0.000324 7
553 175 621 204 0.000310 7
589 153 747 227 0.000307 7
556 183 571 198 0.000273 7
697 155 1003 271 0.000269 7
712 153 915 238 0.000266 7
593 156 718 219 0.000255 7
553 173 581 202 0.000254 7
724 152 811 201 0.000219 7
861 176 1263 254 0.000213 7
586 160 731 220 0.000209 7
1103 162 1216 212 0.000206 7
1118 183 1173 223 0.000201 7
349 179 943 238 0.000186 7
495 177 644 219 0.000182 7
697 152 730 234 0.000181 7
559 150 953 241 0.000180 7
444 179 476 220 0.000175 7
547 172 629 202 0.000170 7
587 162 638 204 0.000155 7
724 190 844 240 0.000147 7
604 160 647 202 0.000147 7
851 186 919 290 0.000137 7
629 152 730 235 0.000133 7
724 155 806 226 0.000116 7
354 142 939 238 0.000105 7
693 177 721 222 0.000104 7
1088 150 1103 177 0.580587 9
513 152 524 177 0.237114 9
513 152 524 185 0.047979 9
1007 136 1024 174 0.040387 9
366 167 373 187 0.035516 9
449 157 490 171 0.026621 9
1207 168 1215 187 0.022527 9
1088 150 1104 182 0.022037 9
119 64 160 74 0.020196 9
1181 187 1200 216 0.017004 9
1207 168 1215 198 0.012501 9
372 167 381 184 0.011824 9
312 149 341 192 0.010236 9
1207 168 1215 193 0.010185 9
239 177 247 189 0.009624 9
373 170 381 184 0.009499 9
361 166 373 188 0.008962 9
994 141 1001 170 0.008804 9
119 64 170 76 0.008688 9
846 152 859 166 0.007870 9
1155 164 1168 184 0.007548 9
992 143 1000 169 0.007042 9
1088 150 1109 179 0.006899 9
1126 64 1152 76 0.006675 9
1145 166 1154 188 0.006579 9
119 64 161 78 0.005863 9
1130 64 1152 74 0.005666 9
1088 133 1107 177 0.005259 9
1206 163 1215 189 0.005239 9
993 139 1001 169 0.005193 9
1200 135 1210 152 0.005124 9
372 167 380 187 0.005059 9
512 156 525 187 0.005023 9
517 192 524 201 0.004822 9
865 148 880 168 0.004534 9
1099 136 1106 162 0.004417 9
1097 133 1105 151 0.004236 9
1120 64 1152 76 0.004115 9
1181 171 1200 218 0.003894 9
119 64 187 78 0.003867 9
368 166 381 186 0.003730 9
808 161 857 188 0.003727 9
896 166 904 177 0.003691 9
833 136 861 166 0.003684 9
1211 167 1224 187 0.003615 9
992 138 1002 171 0.003603 9
1212 168 1224 191 0.003510 9
1087 144 1103 177 0.003486 9
223 183 231 194 0.003471 9
1145 166 1154 184 0.003443 9
1191 164 1201 185 0.003307 9
809 161 857 182 0.003149 9
166 64 177 76 0.003146 9
1188 165 1201 185 0.002933 9
1193 160 1201 185 0.002843 9
836 145 860 166 0.002821 9
511 191 521 203 0.002699 9
1080 173 1089 182 0.002696 9
1208 167 1219 200 0.002678 9
895 155 907 175 0.002440 9
1140 165 1155 212 0.002411 9
1206 161 1216 189 0.002391 9
557 184 566 198 0.002329 9
511 198 518 210 0.002328 9
982 140 993 160 0.002217 9
984 139 1000 169 0.002184 9
1196 383 1207 406 0.002172 9
1089 148 1110 176 0.002167 9
1152 164 1168 187 0.002138 9
987 136 1001 170 0.002087 9
1153 157 1168 184 0.002085 9
257 146 266 159 0.002062 9
1055 114 1082 146 0.002046 9
1101 135 1109 154 0.002039 9
980 140 993 166 0.001977 9
690 119 700 153 0.001951 9
567 146 581 161 0.001914 9
1183 160 1206 216 0.001830 9
1216 192 1225 210 0.001816 9
991 141 1001 174 0.001810 9
162 64 177 78 0.001675 9
1168 141 1174 152 0.001654 9
1231 170 1246 181 0.001628 9
831 135 861 160 0.001622 9
1216 191 1222 205 0.001593 9
1229 168 1246 181 0.001586 9
1198 383 1212 415 0.001585 9
863 137 884 168 0.001563 9
690 119 702 152 0.001534 9
365 167 373 185 0.001447 9
1198 383 1206 401 0.001432 9
364 166 377 189 0.001400 9
980 140 996 167 0.001383 9
567 139 581 161 0.001374 9
984 135 993 147 0.001335 9
871 120 879 134 0.001332 9
1208 167 1225 203 0.001330 9
829 135 902 166 0.001305 9
1099 135 1109 152 0.001276 9
215 183 228 196 0.001263 9
257 180 263 191 0.001256 9
1200 134 1214 152 0.001239 9
830 136 862 154 0.001222 9
225 184 231 199 0.001221 9
898 152 910 177 0.001202 9
1190 385 1205 401 0.001202 9
1173 151 1182 163 0.001200 9
994 138 1006 172 0.001197 9
1120 64 1138 75 0.001189 9
258 143 268 159 0.001181 9
806 158 857 193 0.001173 9
119 64 200 86 0.001165 9
359 166 375 189 0.001148 9
1184 164 1201 185 0.001133 9
1017 148 1029 172 0.001117 9
879 154 891 167 0.001112 9
1055 119 1065 136 0.001105 9
836 152 859 170 0.001100 9
840 119 863 135 0.001099 9
1046 171 1055 183 0.001098 9
830 136 847 151 0.001093 9
1072 151 1082 166 0.001076 9
863 144 881 168 0.001054 9
910 271 927 296 0.001035 9
1132 165 1147 184 0.001012 9
1087 147 1103 205 0.001006 9
1046 168 1057 180 0.001003 9
1199 146 1207 177 0.000990 9
586 118 597 133 0.000976 9
340 166 350 186 0.000968 9
1099 164 1151 207 0.000956 9
1183 158 1201 187 0.000954 9
1044 279 1057 296 0.000950 9
1110 165 1150 200 0.000932 9
579 64 641 93 0.000917 9
996 138 1010 178 0.000900 9
173 64 201 87 0.000899 9
689 119 703 170 0.000898 9
1048 156 1056 170 0.000897 9
962 136 976 158 0.000897 9
217 161 222 173 0.000883 9
870 138 894 168 0.000863 9
870 120 879 136 0.000861 9
1090 148 1118 179 0.000850 9
808 163 859 212 0.000845 9
694 178 703 201 0.000833 9
172 64 184 75 0.000826 9
1076 148 1103 181 0.000820 9
554 173 567 199 0.000806 9
1023 152 1040 159 0.000796 9
215 163 223 176 0.000794 9
1087 135 1128 186 0.000791 9
1171 141 1183 152 0.000776 9
545 141 551 151 0.000776 9
1199 135 1212 161 0.000776 9
448 156 499 171 0.000774 9
905 127 912 138 0.000762 9
863 137 890 154 0.000751 9
1055 116 1066 136 0.000745 9
1119 64 1147 77 0.000734 9
502 152 523 177 0.000731 9
1197 167 1216 191 0.000731 9
801 155 858 216 0.000728 9
898 143 911 175 0.000719 9
830 136 852 151 0.000719 9
581 64 595 73 0.000715 9
1190 383 1212 414 0.000707 9
1103 166 1133 204 0.000698 9
1013 136 1040 174 0.000690 9
840 119 854 133 0.000689 9
813 143 822 156 0.000680 9
1011 137 1104 184 0.000667 9
1200 167 1216 199 0.000654 9
1157 135 1171 154 0.000653 9
1201 167 1215 185 0.000649 9
842 150 861 166 0.000647 9
1196 153 1208 186 0.000642 9
867 166 897 178 0.000619 9
1116 165 1154 212 0.000613 9
1186 151 1203 186 0.000612 9
446 151 552 184 0.000611 9
581 64 628 92 0.000609 9
1150 156 1169 185 0.000609 9
943 131 954 151 0.000608 9
595 64 624 90 0.000606 9
592 64 640 92 0.000606 9
880 152 895 172 0.000601 9
863 166 870 178 0.000592 9
696 151 705 174 0.000590 9
999 126 1007 136 0.000584 9
520 174 547 183 0.000578 9
995 133 1009 173 0.000577 9
504 151 524 183 0.000575 9
653 127 660 143 0.000563 9
638 136 655 161 0.000561 9
410 178 417 187 0.000561 9
163 64 201 88 0.000560 9
1103 164 1149 191 0.000560 9
1079 159 1097 181 0.000555 9
1065 105 1072 116 0.000552 9
624 64 640 89 0.000551 9
1113 150 1121 164 0.000551 9
338 163 351 188 0.000550 9
1073 146 1102 177 0.000549 9
694 140 705 175 0.000547 9
1224 160 1246 181 0.000546 9
1095 130 1106 153 0.000541 9
638 140 656 162 0.000537 9
570 136 581 160 0.000533 9
1011 137 1038 183 0.000524 9
854 136 938 154 0.000519 9
829 135 895 152 0.000511 9
248 177 258 191 0.000506 9
1176 213 1184 223 0.000499 9
514 174 547 188 0.000497 9
688 120 704 177 0.000491 9
511 160 549 188 0.000490 9
1133 165 1173 215 0.000488 9
580 64 596 91 0.000481 9
512 151 543 185 0.000474 9
1038 148 1056 176 0.000467 9
1050 120 1060 135 0.000460 9
936 140 945 153 0.000456 9
314 141 358 194 0.000453 9
1001 169 1009 183 0.000449 9
596 64 615 88 0.000446 9
1002 136 1024 185 0.000442 9
240 163 248 177 0.000440 9
875 137 902 173 0.000440 9
1150 101 1169 132 0.000439 9
903 137 937 153 0.000439 9
1075 134 1102 177 0.000436 9
1200 137 1220 190 0.000430 9
862 137 894 150 0.000428 9
1150 132 1181 172 0.000417 9
1208 167 1228 222 0.000414 9
1205 156 1232 201 0.000413 9
1223 162 1248 225 0.000410 9
160 64 196 89 0.000405 9
975 136 994 163 0.000404 9
1181 149 1201 181 0.000404 9
1016 148 1040 171 0.000404 9
861 137 896 162 0.000399 9
896 154 910 179 0.000396 9
1186 138 1200 151 0.000383 9
936 134 944 151 0.000380 9
1077 135 1091 152 0.000380 9
867 136 918 176 0.000378 9
977 138 993 164 0.000377 9
1043 279 1057 312 0.000376 9
1005 132 1095 177 0.000375 9
360 158 376 188 0.000375 9
959 133 978 160 0.000371 9
1150 133 1188 172 0.000370 9
862 112 869 120 0.000369 9
1046 151 1057 170 0.000369 9
593 64 629 92 0.000367 9
464 187 480 208 0.000360 9
1197 381 1217 417 0.000359 9
637 136 659 162 0.000358 9
1094 152 1124 203 0.000357 9
410 178 418 203 0.000352 9
1055 168 1064 184 0.000352 9
1025 149 1061 184 0.000351 9
845 137 940 156 0.000345 9
1264 695 1272 703 0.000344 9
944 130 952 140 0.000343 9
689 111 701 203 0.000342 9
1050 120 1057 135 0.000340 9
461 185 480 206 0.000339 9
1004 136 1025 191 0.000333 9
1150 134 1167 156 0.000332 9
625 64 640 80 0.000331 9
985 130 1021 176 0.000329 9
867 136 938 153 0.000325 9
1181 167 1218 218 0.000323 9
1102 164 1142 196 0.000321 9
512 150 544 177 0.000319 9
688 151 699 174 0.000317 9
992 282 999 304 0.000316 9
638 161 646 172 0.000316 9
976 134 992 152 0.000316 9
1086 155 1146 209 0.000314 9
991 679 1008 703 0.000313 9
1262 64 1279 73 0.000310 9
1151 117 1162 135 0.000308 9
1034 140 1105 188 0.000304 9
555 175 580 202 0.000303 9
314 153 346 195 0.000301 9
1151 164 1196 185 0.000297 9
981 125 994 147 0.000290 9
1183 140 1201 152 0.000289 9
224 176 248 192 0.000282 9
1149 142 1200 187 0.000281 9
448 153 524 173 0.000280 9
482 175 496 195 0.000278 9
1036 140 1061 175 0.000278 9
878 137 895 148 0.000277 9
1106 152 1120 171 0.000277 9
399 84 410 96 0.000273 9
966 71 976 85 0.000271 9
1054 112 1072 141 0.000268 9
909 269 928 316 0.000268 9
549 141 565 151 0.000267 9
1186 136 1207 151 0.000266 9
803 160 928 207 0.000264 9
964 71 977 90 0.000264 9
83 64 159 72 0.000262 9
357 150 375 189 0.000259 9
1207 145 1229 176 0.000257 9
1149 101 1186 131 0.000256 9
1037 278 1057 334 0.000253 9
1055 151 1066 171 0.000252 9
1055 165 1065 182 0.000252 9
1150 101 1169 126 0.000250 9
637 127 661 162 0.000249 9
637 163 651 184 0.000247 9
995 129 1097 215 0.000245 9
311 64 432 256 0.000245 9
1152 135 1183 155 0.000245 9
470 186 480 203 0.000245 9
390 85 405 96 0.000242 9
1039 278 1057 342 0.000242 9
842 137 940 164 0.000240 9
1169 152 1191 177 0.000240 9
255 177 265 190 0.000238 9
807 159 901 186 0.000238 9
638 133 654 159 0.000236 9
655 152 671 174 0.000233 9
524 151 544 171 0.000233 9
544 139 581 162 0.000231 9
809 151 837 172 0.000229 9
378 161 410 185 0.000228 9
446 150 527 172 0.000227 9
1146 131 1176 178 0.000225 9
548 139 580 154 0.000224 9
984 127 1001 170 0.000222 9
827 135 942 168 0.000221 9
1147 133 1182 157 0.000221 9
112 150 127 164 0.000221 9
591 64 636 96 0.000218 9
982 141 1000 179 0.000218 9
959 135 991 165 0.000217 9
1034 111 1105 187 0.000217 9
1148 101 1186 140 0.000216 9
1021 140 1040 160 0.000215 9
1072 148 1097 186 0.000214 9
1124 156 1136 170 0.000211 9
517 169 553 184 0.000210 9
293 176 306 197 0.000210 9
358 157 390 188 0.000206 9
352 160 371 191 0.000205 9
863 116 873 136 0.000203 9
958 161 990 185 0.000203 9
1102 159 1129 187 0.000201 9
1072 160 1091 189 0.000200 9
1149 164 1201 213 0.000199 9
543 140 573 160 0.000198 9
413 177 421 192 0.000198 9
683 150 705 216 0.000195 9
1107 155 1171 189 0.000195 9
909 270 928 330 0.000193 9
511 144 524 178 0.000192 9
649 127 659 143 0.000190 9
830 64 839 69 0.000190 9
246 176 258 191 0.000188 9
1163 134 1184 152 0.000187 9
685 149 706 213 0.000183 9
222 177 242 191 0.000182 9
1002 115 1094 177 0.000181 9
964 173 977 186 0.000180 9
1025 276 1057 349 0.000176 9
688 113 703 172 0.000175 9
259 166 271 179 0.000172 9
63 140 80 178 0.000172 9
576 64 597 92 0.000169 9
691 150 707 207 0.000168 9
320 64 365 111 0.000168 9
1160 83 1191 97 0.000168 9
1181 182 1209 218 0.000168 9
572 164 581 178 0.000167 9
959 160 989 168 0.000167 9
1128 182 1197 213 0.000166 9
1205 132 1231 175 0.000166 9
937 137 956 152 0.000165 9
1147 133 1175 155 0.000164 9
1007 147 1053 186 0.000163 9
1264 79 1279 107 0.000162 9
598 133 605 143 0.000161 9
563 141 580 162 0.000160 9
877 128 1205 249 0.000160 9
1055 151 1064 165 0.000160 9
415 64 432 96 0.000158 9
533 168 553 182 0.000157 9
935 146 944 166 0.000156 9
1039 279 1057 324 0.000155 9
959 127 978 160 0.000155 9
220 164 232 175 0.000155 9
1177 180 1200 217 0.000154 9
95 151 105 175 0.000153 9
580 64 617 93 0.000151 9
1052 183 1063 198 0.000151 9
95 168 106 176 0.000150 9
588 64 643 105 0.000150 9
612 159 634 178 0.000150 9
854 116 878 137 0.000149 9
313 148 349 193 0.000149 9
293 176 309 196 0.000148 9
1087 132 1155 195 0.000147 9
1133 136 1144 151 0.000147 9
681 181 689 211 0.000146 9
1035 132 1066 177 0.000146 9
683 171 701 216 0.000144 9
1150 101 1182 127 0.000143 9
213 180 226 193 0.000142 9
359 64 433 97 0.000141 9
802 147 814 157 0.000141 9
311 64 371 214 0.000140 9
1006 164 1072 195 0.000139 9
1049 110 1085 180 0.000139 9
463 169 473 189 0.000139 9
824 135 850 156 0.000138 9
1131 64 1162 74 0.000138 9
120 164 127 174 0.000138 9
1161 163 1200 185 0.000138 9
258 143 270 178 0.000138 9
79 64 166 76 0.000137 9
1086 125 1107 171 0.000136 9
210 167 218 175 0.000136 9
247 165 256 176 0.000136 9
1246 338 1265 377 0.000136 9
991 280 1005 314 0.000136 9
588 119 599 151 0.000133 9
480 163 527 210 0.000133 9
448 156 490 174 0.000133 9
1072 136 1090 167 0.000129 9
1243 335 1265 385 0.000129 9
896 108 1194 246 0.000128 9
1247 343 1263 368 0.000127 9
802 142 818 158 0.000127 9
1039 182 1061 211 0.000125 9
360 148 374 178 0.000125 9
680 152 693 200 0.000125 9
810 77 850 91 0.000124 9
1103 155 1157 188 0.000123 9
238 160 251 177 0.000123 9
659 148 671 174 0.000122 9
443 141 535 183 0.000121 9
805 152 860 181 0.000121 9
106 64 203 95 0.000117 9
1095 129 1110 158 0.000117 9
1208 142 1234 182 0.000116 9
954 165 989 197 0.000116 9
1086 125 1133 192 0.000115 9
498 149 572 210 0.000115 9
256 167 268 178 0.000115 9
1104 137 1121 169 0.000115 9
518 179 553 201 0.000114 9
1130 137 1145 150 0.000114 9
1199 398 1215 415 0.000114 9
910 269 928 349 0.000114 9
680 151 689 179 0.000114 9
941 131 960 151 0.000114 9
1004 126 1105 179 0.000112 9
1259 65 1279 80 0.000112 9
636 127 671 172 0.000112 9
552 162 580 188 0.000111 9
1019 124 1041 162 0.000111 9
321 92 331 134 0.000111 9
996 128 1110 228 0.000110 9
803 149 833 183 0.000110 9
1044 115 1077 149 0.000110 9
625 118 640 136 0.000109 9
1096 161 1208 204 0.000109 9
625 118 632 132 0.000108 9
1118 152 1136 165 0.000108 9
605 159 647 202 0.000108 9
830 123 929 156 0.000107 9
1064 64 1154 76 0.000106 9
987 147 1266 236 0.000106 9
263 278 271 296 0.000105 9
652 152 672 209 0.000104 9
1150 90 1169 127 0.000103 9
1211 142 1232 163 0.000103 9
445 155 526 184 0.000102 9
1107 151 1137 167 0.000102 9
256 146 268 175 0.000102 9
1264 79 1279 118 0.000102 9
328 149 388 217 0.000101 9
214 174 235 200 0.000101 9
312 64 434 217 0.000100 9
1234 198 1256 231 0.216281 11
523 183 536 196 0.039985 11
1181 189 1199 216 0.029000 11
324 110 366 164 0.015923 11
518 191 526 200 0.011642 11
312 149 342 193 0.010435 11
522 183 536 198 0.007507 11
1220 211 1229 233 0.002719 11
1055 111 1083 146 0.002245 11
326 234 334 248 0.001791 11
449 156 491 171 0.001369 11
1218 200 1230 231 0.000539 11
516 192 531 212 0.000387 11
1234 188 1247 215 0.000369 11
1214 191 1234 232 0.000200 11
1177 186 1200 216 0.000121 11
