776 192 820 278 0.789619 0
863 192 885 272 0.673816 0
914 191 940 264 0.658703 0
1010 192 1035 262 0.588766 0
1029 194 1054 256 0.526873 0
1146 193 1169 246 0.124166 0
846 200 865 242 0.102662 0
957 368 981 425 0.042230 0
1155 189 1166 214 0.032939 0
982 206 995 228 0.026969 0
965 371 979 391 0.026400 0
897 199 905 229 0.025321 0
1072 484 1080 498 0.022161 0
1272 197 1279 244 0.019728 0
810 212 851 245 0.017683 0
1112 194 1120 202 0.017273 0
1014 388 1023 401 0.014651 0
999 384 1011 399 0.013315 0
1056 488 1066 496 0.011723 0
991 204 1000 227 0.011337 0
1111 221 1135 248 0.011061 0
616 151 639 197 0.011038 0
503 186 539 250 0.010669 0
1015 456 1024 465 0.009928 0
511 195 518 209 0.009692 0
911 455 928 484 0.008141 0
241 198 255 239 0.008001 0
1191 495 1200 504 0.007939 0
640 682 671 703 0.006970 0
632 202 643 215 0.006591 0
1200 503 1209 512 0.006523 0
975 368 984 392 0.006392 0
517 192 526 209 0.006210 0
983 374 992 391 0.006176 0
804 184 815 204 0.006026 0
1242 197 1256 233 0.005967 0
1040 455 1047 464 0.005758 0
887 471 896 486 0.005754 0
934 202 944 228 0.005451 0
162 203 176 234 0.005406 0
895 155 908 177 0.005133 0
896 472 907 483 0.005021 0
1030 451 1040 464 0.004985 0
931 193 956 252 0.004927 0
1 64 232 222 0.004893 0
457 201 468 215 0.004741 0
691 207 705 238 0.004740 0
531 206 544 218 0.004592 0
612 448 624 464 0.004457 0
1176 495 1185 504 0.004429 0
754 453 768 472 0.004399 0
1214 198 1228 233 0.004353 0
879 154 893 173 0.004200 0
1177 343 1187 359 0.004086 0
315 64 496 207 0.003947 0
319 204 330 227 0.003900 0
1207 504 1217 512 0.003840 0
204 202 224 231 0.003835 0
1006 383 1024 421 0.003779 0
877 197 910 270 0.003749 0
470 204 478 218 0.003601 0
994 198 1014 219 0.003589 0
1134 445 1145 469 0.003425 0
934 191 948 210 0.003411 0
1246 471 1257 484 0.003180 0
950 352 961 390 0.003153 0
1230 456 1249 510 0.003131 0
1182 344 1195 386 0.003009 0
1008 472 1016 489 0.002989 0
1044 480 1056 491 0.002904 0
1243 455 1257 473 0.002883 0
1199 496 1212 505 0.002843 0
970 208 1000 256 0.002765 0
1007 455 1015 465 0.002657 0
465 202 472 216 0.002592 0
575 424 584 432 0.002556 0
217 186 224 208 0.002533 0
1231 456 1240 469 0.002524 0
968 455 976 462 0.002444 0
477 200 485 217 0.002417 0
680 198 690 216 0.002409 0
738 201 744 213 0.002340 0
376 186 385 200 0.002316 0
1190 214 1202 228 0.002286 0
1250 214 1265 233 0.002186 0
873 327 881 341 0.002142 0
1063 464 1072 471 0.002066 0
959 440 968 454 0.001978 0
1142 504 1152 510 0.001975 0
789 330 809 344 0.001964 0
959 455 969 465 0.001956 0
805 205 820 218 0.001931 0
199 205 209 227 0.001924 0
1007 431 1015 439 0.001918 0
681 450 688 462 0.001882 0
719 190 727 211 0.001853 0
576 447 591 458 0.001846 0
832 465 840 472 0.001823 0
974 207 984 222 0.001802 0
568 201 577 215 0.001710 0
925 449 934 456 0.001672 0
906 335 922 346 0.001666 0
1072 463 1080 471 0.001649 0
992 447 1000 458 0.001530 0
1174 200 1199 242 0.001515 0
997 455 1007 464 0.001498 0
884 325 896 343 0.001482 0
671 462 680 471 0.001412 0
1180 166 1202 218 0.001403 0
556 177 579 215 0.001400 0
865 439 879 456 0.001395 0
670 208 678 230 0.001334 0
729 189 737 210 0.001257 0
556 201 567 216 0.001247 0
1152 439 1161 451 0.001224 0
917 448 929 457 0.001221 0
801 439 816 454 0.001207 0
663 449 671 462 0.001180 0
1216 188 1224 208 0.001165 0
1078 334 1088 346 0.001140 0
1087 491 1096 504 0.001137 0
1121 440 1139 471 0.001134 0
773 431 784 449 0.001130 0
1159 310 1167 330 0.001120 0
465 203 478 265 0.001119 0
265 197 273 231 0.001117 0
1185 210 1243 261 0.001088 0
1031 489 1040 502 0.001083 0
0 64 21 210 0.001081 0
750 423 773 456 0.001042 0
1092 449 1104 472 0.001026 0
1240 481 1249 486 0.001019 0
1154 322 1168 343 0.001015 0
629 185 644 204 0.001011 0
1222 471 1231 482 0.000994 0
1088 190 1096 209 0.000949 0
976 693 987 703 0.000946 0
879 438 888 456 0.000917 0
847 189 857 213 0.000898 0
1071 456 1094 472 0.000896 0
637 182 655 214 0.000891 0
437 193 444 204 0.000889 0
983 447 993 455 0.000874 0
896 326 904 343 0.000871 0
879 329 887 343 0.000864 0
1110 330 1120 344 0.000861 0
866 299 905 343 0.000857 0
1006 445 1024 468 0.000853 0
1120 312 1128 327 0.000847 0
479 182 496 214 0.000835 0
1215 473 1224 482 0.000828 0
352 189 359 199 0.000825 0
984 482 990 487 0.000822 0
1150 449 1161 465 0.000822 0
631 424 640 451 0.000808 0
942 366 952 391 0.000805 0
1118 464 1127 473 0.000803 0
604 173 616 184 0.000803 0
1017 477 1025 488 0.000797 0
974 198 982 210 0.000790 0
989 373 1007 395 0.000788 0
126 410 138 425 0.000787 0
1041 410 1056 458 0.000768 0
333 183 343 198 0.000746 0
1071 505 1080 513 0.000738 0
1165 471 1178 479 0.000735 0
1223 451 1233 471 0.000734 0
816 210 824 219 0.000728 0
117 64 295 94 0.000713 0
366 207 375 231 0.000708 0
862 432 871 446 0.000698 0
1104 312 1112 327 0.000675 0
196 194 203 208 0.000660 0
975 327 985 344 0.000648 0
976 367 996 416 0.000646 0
1247 351 1264 379 0.000640 0
1122 325 1136 344 0.000626 0
207 392 224 413 0.000624 0
1184 505 1201 518 0.000620 0
1015 321 1027 346 0.000612 0
1129 64 1152 72 0.000610 0
1079 335 1102 360 0.000590 0
819 456 832 472 0.000588 0
1098 331 1105 344 0.000583 0
1184 444 1191 457 0.000580 0
1011 360 1023 398 0.000571 0
1013 424 1024 439 0.000569 0
255 64 365 194 0.000569 0
664 294 672 315 0.000548 0
1161 485 1192 507 0.000542 0
951 199 958 209 0.000537 0
823 420 837 436 0.000536 0
431 520 440 551 0.000535 0
910 337 927 376 0.000534 0
736 464 745 472 0.000528 0
780 192 800 220 0.000526 0
104 249 128 264 0.000523 0
1079 696 1091 703 0.000522 0
810 328 847 344 0.000518 0
345 332 368 386 0.000513 0
1258 485 1279 647 0.000513 0
14 391 32 422 0.000506 0
180 198 193 216 0.000499 0
990 386 1009 423 0.000498 0
1085 401 1121 472 0.000485 0
311 183 334 197 0.000481 0
670 547 681 581 0.000478 0
640 449 648 459 0.000474 0
1000 432 1008 440 0.000472 0
1042 279 1056 295 0.000472 0
613 424 624 433 0.000470 0
224 391 240 408 0.000468 0
1094 498 1105 511 0.000468 0
647 408 657 423 0.000461 0
1223 163 1255 236 0.000454 0
630 446 640 461 0.000451 0
385 198 397 206 0.000447 0
1080 401 1088 410 0.000444 0
1015 441 1025 452 0.000436 0
645 456 656 472 0.000417 0
1196 370 1278 426 0.000414 0
802 415 811 427 0.000413 0
1008 486 1015 493 0.000413 0
478 631 496 655 0.000411 0
1072 434 1087 455 0.000404 0
1201 407 1216 438 0.000403 0
690 454 704 466 0.000403 0
655 555 667 576 0.000400 0
1039 418 1049 435 0.000396 0
1213 451 1226 472 0.000391 0
1072 478 1088 490 0.000387 0
1272 426 1279 441 0.000384 0
204 394 224 470 0.000378 0
1245 635 1279 703 0.000376 0
1155 65 1279 274 0.000359 0
0 164 7 203 0.000357 0
735 428 746 457 0.000352 0
1247 422 1253 430 0.000351 0
1216 487 1234 504 0.000347 0
1165 329 1174 339 0.000346 0
1208 509 1216 533 0.000342 0
231 181 332 375 0.000341 0
802 159 858 220 0.000339 0
1044 409 1055 422 0.000333 0
341 183 352 199 0.000333 0
429 222 439 230 0.000331 0
896 440 905 456 0.000329 0
1055 186 1064 203 0.000325 0
662 425 672 435 0.000325 0
958 198 967 208 0.000323 0
787 266 848 344 0.000323 0
684 450 695 457 0.000322 0
1055 680 1073 703 0.000321 0
736 200 752 234 0.000319 0
1169 456 1184 474 0.000316 0
1112 185 1130 207 0.000316 0
112 215 121 232 0.000313 0
960 336 969 344 0.000313 0
1097 399 1104 406 0.000310 0
1205 441 1259 474 0.000310 0
1199 64 1208 75 0.000303 0
887 566 897 600 0.000302 0
55 64 126 163 0.000301 0
799 442 829 473 0.000300 0
932 436 944 453 0.000299 0
663 177 673 217 0.000295 0
1072 398 1079 409 0.000294 0
932 371 945 389 0.000293 0
848 236 874 297 0.000291 0
1239 422 1247 438 0.000286 0
943 381 959 429 0.000281 0
879 451 892 470 0.000275 0
1181 454 1197 472 0.000275 0
932 448 944 460 0.000272 0
1216 420 1224 434 0.000272 0
503 579 512 615 0.000270 0
173 206 184 218 0.000269 0
796 420 814 443 0.000268 0
399 184 408 203 0.000263 0
698 591 705 601 0.000261 0
895 417 905 438 0.000261 0
568 64 664 213 0.000260 0
1200 457 1208 478 0.000259 0
927 352 944 381 0.000257 0
783 327 819 378 0.000257 0
1071 337 1091 406 0.000257 0
1167 443 1186 458 0.000255 0
1032 372 1044 389 0.000254 0
1008 462 1038 490 0.000247 0
1083 186 1113 211 0.000243 0
1262 73 1279 172 0.000242 0
650 187 665 216 0.000241 0
598 528 609 568 0.000239 0
615 464 624 484 0.000238 0
1142 389 1156 408 0.000238 0
671 487 680 502 0.000233 0
958 343 969 364 0.000233 0
932 342 1003 396 0.000232 0
6 510 48 567 0.000230 0
776 409 783 416 0.000229 0
599 560 608 569 0.000229 0
154 202 164 231 0.000228 0
1244 406 1254 429 0.000225 0
1264 307 1279 362 0.000225 0
781 421 814 449 0.000224 0
511 339 522 351 0.000224 0
1023 421 1033 440 0.000224 0
1274 160 1279 170 0.000224 0
1069 191 1082 206 0.000223 0
830 479 842 490 0.000218 0
1111 506 1120 520 0.000218 0
1029 417 1041 446 0.000216 0
355 212 371 276 0.000216 0
1096 325 1136 363 0.000214 0
703 412 733 460 0.000214 0
815 414 847 461 0.000213 0
640 430 652 439 0.000209 0
799 589 809 616 0.000209 0
1260 367 1279 439 0.000202 0
1040 64 1147 219 0.000202 0
702 320 725 376 0.000201 0
494 64 587 230 0.000201 0
1135 400 1152 426 0.000199 0
799 681 840 703 0.000198 0
755 203 776 234 0.000196 0
575 595 585 616 0.000194 0
591 528 601 561 0.000193 0
613 357 624 375 0.000191 0
682 170 704 215 0.000190 0
631 474 640 487 0.000190 0
1037 370 1053 413 0.000188 0
61 64 173 79 0.000187 0
1114 176 1172 219 0.000185 0
849 281 864 337 0.000184 0
703 455 715 468 0.000183 0
648 479 656 487 0.000183 0
111 390 129 402 0.000183 0
1110 441 1122 469 0.000182 0
957 422 975 455 0.000181 0
368 200 384 220 0.000181 0
1155 424 1168 448 0.000179 0
1057 410 1090 463 0.000178 0
958 685 973 703 0.000177 0
1040 697 1051 703 0.000177 0
985 676 1024 703 0.000176 0
0 374 15 395 0.000175 0
1086 498 1120 534 0.000173 0
1021 383 1030 396 0.000173 0
765 245 795 318 0.000170 0
600 162 627 187 0.000170 0
948 443 963 464 0.000169 0
641 436 704 470 0.000168 0
855 280 864 295 0.000166 0
1267 694 1279 703 0.000165 0
1214 64 1233 103 0.000165 0
1123 345 1136 362 0.000160 0
1119 677 1152 703 0.000160 0
1068 64 1081 71 0.000159 0
289 214 323 314 0.000158 0
817 345 825 361 0.000156 0
320 374 336 391 0.000156 0
271 385 287 398 0.000153 0
679 208 693 232 0.000153 0
1263 628 1279 649 0.000153 0
346 64 496 96 0.000152 0
319 64 370 104 0.000152 0
456 159 554 299 0.000151 0
262 221 295 299 0.000150 0
239 225 257 299 0.000150 0
1031 334 1041 358 0.000150 0
917 374 928 407 0.000149 0
903 585 911 600 0.000149 0
109 228 130 318 0.000148 0
1224 423 1241 435 0.000148 0
835 493 848 506 0.000148 0
1176 406 1197 441 0.000147 0
387 184 403 203 0.000147 0
286 262 298 312 0.000146 0
1065 64 1124 76 0.000145 0
819 408 834 423 0.000145 0
1255 618 1265 649 0.000145 0
1270 139 1279 170 0.000145 0
319 207 368 385 0.000145 0
942 343 955 358 0.000144 0
1149 331 1212 360 0.000143 0
933 328 944 344 0.000142 0
856 496 863 503 0.000140 0
302 524 318 551 0.000140 0
662 295 679 349 0.000137 0
0 587 16 703 0.000136 0
608 580 624 617 0.000136 0
1156 475 1179 493 0.000136 0
543 596 563 662 0.000135 0
39 377 51 397 0.000134 0
947 207 980 253 0.000134 0
665 480 673 488 0.000134 0
1155 411 1168 424 0.000133 0
1096 361 1127 408 0.000133 0
990 439 1092 488 0.000133 0
242 390 259 405 0.000133 0
516 392 528 421 0.000132 0
1105 345 1121 362 0.000132 0
72 349 106 402 0.000131 0
636 64 663 105 0.000131 0
548 64 559 75 0.000131 0
216 191 247 222 0.000131 0
1024 277 1058 339 0.000130 0
607 424 625 456 0.000130 0
665 485 673 496 0.000129 0
799 362 809 385 0.000128 0
773 64 916 135 0.000128 0
943 696 965 703 0.000127 0
993 422 1020 442 0.000125 0
1246 424 1265 454 0.000123 0
792 577 799 590 0.000121 0
615 535 625 576 0.000121 0
655 453 678 487 0.000121 0
0 392 23 537 0.000120 0
204 81 284 232 0.000120 0
999 419 1050 461 0.000118 0
1102 311 1136 336 0.000116 0
854 396 865 408 0.000115 0
439 208 447 218 0.000115 0
302 110 312 123 0.000115 0
300 112 322 160 0.000114 0
1197 541 1279 700 0.000112 0
1121 407 1128 424 0.000112 0
527 495 536 512 0.000112 0
1264 507 1279 542 0.000112 0
1120 395 1128 410 0.000111 0
931 392 944 409 0.000110 0
0 140 8 172 0.000110 0
445 170 490 288 0.000109 0
354 64 372 72 0.000109 0
67 268 202 400 0.000108 0
1090 400 1105 422 0.000108 0
1068 402 1095 424 0.000108 0
880 416 942 487 0.000108 0
591 590 600 615 0.000105 0
544 64 584 109 0.000105 0
1072 342 1081 361 0.000105 0
935 419 944 441 0.000104 0
1150 585 1168 632 0.000103 0
882 416 896 440 0.000103 0
760 405 792 442 0.000102 0
974 411 995 452 0.000102 0
1174 401 1249 463 0.000100 0
78 510 95 573 0.000100 0
996 220 1060 272 0.656927 1
1138 212 1171 253 0.492443 1
766 219 855 281 0.270578 1
860 230 895 276 0.100614 1
919 226 943 264 0.056527 1
765 247 797 279 0.037044 1
1042 223 1065 263 0.020523 1
1052 217 1093 247 0.009314 1
975 225 1006 259 0.007252 1
49 229 96 256 0.005450 1
1121 232 1138 250 0.004405 1
877 232 936 293 0.003782 1
66 224 96 237 0.002634 1
910 267 928 296 0.002320 1
17 215 43 258 0.002169 1
1160 213 1190 247 0.002028 1
911 212 924 265 0.001834 1
950 274 960 292 0.001626 1
1183 207 1230 266 0.001553 1
162 223 226 258 0.001114 1
892 265 910 287 0.000948 1
925 274 961 303 0.000755 1
1179 174 1227 222 0.000738 1
937 239 993 261 0.000661 1
646 264 1185 373 0.000603 1
1178 207 1193 218 0.000565 1
1209 199 1257 234 0.000538 1
902 202 1018 292 0.000307 1
949 246 959 254 0.000293 1
205 237 227 257 0.000200 1
53 217 66 238 0.000121 1
691 205 728 236 0.038080 2
866 176 941 203 0.034302 2
484 200 515 217 0.030595 2
305 187 322 198 0.028392 2
822 330 847 344 0.027459 2
587 184 622 208 0.018316 2
1112 217 1150 249 0.017998 2
1104 487 1119 497 0.016040 2
982 456 995 464 0.012015 2
595 196 652 216 0.010509 2
698 159 954 252 0.010203 2
431 423 463 441 0.008556 2
668 453 686 463 0.008491 2
633 382 657 396 0.007680 2
592 448 608 459 0.007537 2
596 463 608 471 0.007177 2
1068 210 1130 247 0.007075 2
529 197 553 218 0.006951 2
1022 456 1031 464 0.006383 2
1222 503 1233 511 0.006307 2
933 194 955 210 0.006196 2
1040 322 1055 334 0.005452 2
648 455 656 461 0.005401 2
662 269 769 346 0.005395 2
831 471 841 478 0.005053 2
246 413 264 423 0.004959 2
159 416 170 423 0.004950 2
641 688 672 703 0.004759 2
975 455 985 463 0.004726 2
925 455 937 463 0.004703 2
606 447 624 462 0.004515 2
0 393 17 422 0.004297 2
592 423 608 434 0.004297 2
1213 495 1227 504 0.003968 2
884 200 902 235 0.003933 2
575 445 593 457 0.003930 2
456 205 465 216 0.003734 2
208 399 223 413 0.003643 2
460 420 540 448 0.003374 2
529 248 601 281 0.003273 2
495 239 532 251 0.003203 2
599 319 608 329 0.003171 2
1263 249 1279 270 0.002989 2
939 455 968 464 0.002955 2
553 176 580 202 0.002869 2
656 454 667 462 0.002848 2
47 408 64 424 0.002750 2
1203 495 1216 504 0.002710 2
293 177 312 198 0.002583 2
357 216 368 228 0.002575 2
821 471 834 478 0.002447 2
265 194 272 203 0.002432 2
914 191 957 261 0.002345 2
0 560 88 601 0.002309 2
970 219 989 248 0.002269 2
1226 196 1257 233 0.002108 2
1263 349 1279 365 0.001937 2
854 463 865 474 0.001931 2
1015 337 1024 344 0.001930 2
1180 165 1202 219 0.001929 2
319 218 331 231 0.001917 2
606 201 619 215 0.001756 2
599 363 623 376 0.001623 2
634 206 653 216 0.001559 2
620 191 639 203 0.001537 2
1147 471 1165 479 0.001527 2
901 456 913 463 0.001477 2
958 482 972 487 0.001429 2
935 455 942 464 0.001380 2
1205 240 1280 269 0.001369 2
1026 320 1090 341 0.001323 2
581 432 591 439 0.001322 2
896 473 913 484 0.001321 2
835 465 848 473 0.001305 2
110 398 178 425 0.001260 2
861 191 927 273 0.001225 2
111 411 127 425 0.001225 2
389 422 429 437 0.001215 2
1206 253 1226 267 0.001195 2
503 318 516 336 0.001177 2
861 464 873 477 0.001164 2
32 439 48 446 0.001115 2
912 472 943 484 0.001093 2
523 183 550 204 0.001088 2
1168 262 1279 358 0.001073 2
1263 168 1279 180 0.001040 2
623 320 665 364 0.001038 2
975 481 986 487 0.001037 2
640 456 651 462 0.001025 2
1120 64 1152 76 0.001002 2
1256 213 1274 234 0.000980 2
1151 448 1163 458 0.000907 2
1055 465 1070 471 0.000907 2
1104 230 1122 249 0.000886 2
368 453 402 471 0.000884 2
1200 472 1216 482 0.000868 2
128 408 144 425 0.000855 2
973 209 987 227 0.000854 2
329 199 377 232 0.000831 2
639 462 649 472 0.000812 2
550 202 562 216 0.000785 2
658 181 692 218 0.000762 2
225 441 272 465 0.000733 2
1019 319 1040 336 0.000731 2
923 274 1155 335 0.000731 2
573 424 609 454 0.000722 2
173 392 214 418 0.000722 2
1111 471 1123 478 0.000646 2
273 185 295 195 0.000616 2
302 536 320 551 0.000599 2
1255 630 1264 649 0.000596 2
630 454 639 461 0.000592 2
1263 168 1279 234 0.000586 2
1144 326 1169 345 0.000584 2
1264 366 1279 376 0.000583 2
1247 344 1262 356 0.000574 2
386 198 398 206 0.000567 2
1256 348 1279 409 0.000566 2
191 444 224 475 0.000562 2
978 456 1024 472 0.000559 2
712 301 768 327 0.000555 2
319 408 340 413 0.000533 2
359 409 368 415 0.000531 2
301 187 334 234 0.000531 2
354 188 369 199 0.000527 2
709 194 738 218 0.000524 2
804 169 857 233 0.000519 2
0 263 317 400 0.000518 2
1262 278 1279 296 0.000515 2
1 513 48 535 0.000497 2
995 503 1013 518 0.000478 2
1222 161 1276 218 0.000467 2
1016 440 1041 455 0.000465 2
1136 335 1182 360 0.000445 2
879 527 892 535 0.000444 2
1029 202 1090 254 0.000434 2
1097 153 1217 221 0.000429 2
1183 471 1200 480 0.000415 2
315 184 343 199 0.000415 2
1046 455 1077 468 0.000414 2
832 504 842 511 0.000410 2
267 195 279 213 0.000401 2
63 508 78 521 0.000395 2
502 437 528 448 0.000395 2
1050 198 1067 231 0.000393 2
1196 272 1280 297 0.000385 2
503 284 533 337 0.000381 2
1100 197 1121 209 0.000378 2
1171 275 1238 286 0.000374 2
157 240 239 264 0.000368 2
326 450 368 471 0.000365 2
271 389 288 399 0.000364 2
1077 198 1094 211 0.000354 2
581 181 731 236 0.000335 2
239 230 256 248 0.000320 2
495 182 547 252 0.000317 2
20 200 35 206 0.000315 2
1260 628 1279 648 0.000313 2
29 256 57 281 0.000312 2
574 241 590 248 0.000310 2
348 411 426 474 0.000307 2
657 429 676 440 0.000306 2
730 184 796 234 0.000299 2
79 517 95 535 0.000298 2
928 283 1009 313 0.000295 2
605 424 622 433 0.000293 2
1068 196 1081 213 0.000291 2
1168 262 1184 269 0.000289 2
484 408 516 424 0.000285 2
471 190 481 203 0.000274 2
196 180 257 237 0.000273 2
850 439 869 455 0.000272 2
17 391 32 403 0.000266 2
1 282 24 295 0.000261 2
1191 351 1265 383 0.000252 2
567 201 584 216 0.000251 2
944 327 982 345 0.000251 2
271 446 319 469 0.000250 2
176 408 266 426 0.000233 2
63 468 79 482 0.000232 2
851 136 940 172 0.000228 2
211 406 315 458 0.000227 2
830 454 870 475 0.000216 2
31 272 49 295 0.000206 2
251 215 268 235 0.000196 2
75 569 96 588 0.000193 2
475 235 559 275 0.000193 2
746 275 912 344 0.000191 2
1262 299 1279 360 0.000187 2
777 470 795 476 0.000186 2
661 273 690 283 0.000185 2
989 481 1001 487 0.000183 2
1073 325 1089 340 0.000182 2
1250 678 1279 703 0.000180 2
721 460 746 471 0.000180 2
300 407 368 436 0.000171 2
647 439 703 462 0.000169 2
1149 440 1192 468 0.000168 2
1070 314 1123 343 0.000165 2
611 270 697 381 0.000165 2
1199 301 1234 311 0.000164 2
1135 228 1217 269 0.000161 2
714 328 733 344 0.000158 2
679 213 694 233 0.000155 2
63 425 72 432 0.000152 2
1215 312 1250 344 0.000150 2
991 278 1057 296 0.000147 2
963 198 986 211 0.000144 2
1 505 95 578 0.000144 2
1101 306 1169 344 0.000143 2
645 429 656 439 0.000139 2
1043 279 1075 295 0.000139 2
375 408 385 414 0.000138 2
989 356 1024 403 0.000132 2
398 194 408 205 0.000127 2
298 481 328 499 0.000126 2
1240 440 1279 482 0.000125 2
605 457 641 471 0.000124 2
78 408 117 425 0.000123 2
137 200 151 213 0.000123 2
914 444 974 465 0.000122 2
639 437 651 452 0.000119 2
798 672 839 703 0.000119 2
817 328 896 363 0.000117 2
306 408 321 415 0.000109 2
147 244 175 264 0.000107 2
573 351 624 393 0.000106 2
532 629 545 640 0.000106 2
636 202 817 280 0.000103 2
393 453 416 464 0.000101 2
385 398 515 442 0.000101 2
510 472 522 487 0.000101 2
638 273 657 287 0.000100 2
769 214 855 280 0.300982 3
1110 224 1136 250 0.009154 3
689 206 727 238 0.001673 3
650 245 949 358 0.000649 3
642 231 1095 358 0.000436 3
479 167 582 216 0.009855 5
1180 163 1279 268 0.007960 5
447 148 525 171 0.001170 5
825 135 939 164 0.001140 5
1158 276 1280 313 0.000224 5
1225 161 1255 229 0.000122 5
640 258 1277 498 0.154496 6
698 151 952 247 0.042071 6
922 270 1279 352 0.018046 6
458 165 581 212 0.009016 6
1026 471 1278 514 0.003870 6
826 135 938 166 0.003230 6
324 417 705 463 0.002620 6
741 437 941 484 0.002563 6
1114 437 1279 475 0.002329 6
629 265 959 399 0.000945 6
1099 156 1279 269 0.000942 6
9 433 319 476 0.000931 6
190 442 273 467 0.000782 6
316 65 631 217 0.000480 6
1 67 448 391 0.000349 6
520 66 678 221 0.000205 6
1071 336 1249 415 0.000196 6
187 175 263 225 0.000181 6
610 425 702 464 0.000178 6
659 443 1268 583 0.000168 6
368 156 408 185 0.000138 6
759 338 952 452 0.000137 6
444 179 483 217 0.000127 6
921 296 1030 399 0.000124 6
1028 437 1166 489 0.000104 6
696 153 953 235 0.197659 7
586 184 622 213 0.014717 7
1184 184 1279 267 0.011583 7
859 176 943 206 0.006858 7
1047 273 1280 350 0.005064 7
479 168 579 212 0.004797 7
663 270 768 344 0.002910 7
804 153 858 224 0.002623 7
911 474 929 487 0.001798 7
292 198 386 276 0.001654 7
174 392 215 418 0.000927 7
878 439 916 487 0.000787 7
295 199 333 233 0.000685 7
1262 168 1279 241 0.000673 7
592 150 663 216 0.000580 7
1102 164 1149 209 0.000530 7
736 152 806 207 0.000440 7
1200 303 1278 358 0.000436 7
1241 439 1279 488 0.000339 7
923 275 1115 355 0.000302 7
919 455 1027 488 0.000273 7
798 449 831 473 0.000232 7
445 178 468 217 0.000208 7
2 184 464 384 0.000181 7
36 400 121 429 0.000180 7
827 439 875 456 0.000176 7
270 183 307 234 0.000165 7
753 275 915 346 0.000160 7
694 182 734 214 0.000141 7
578 201 951 360 0.000116 7
1089 150 1103 177 0.555674 9
512 151 524 180 0.185168 9
239 178 247 190 0.070526 9
449 157 490 170 0.045215 9
894 156 906 177 0.040265 9
372 169 381 184 0.037277 9
366 167 373 188 0.035412 9
552 172 572 200 0.031018 9
1197 384 1207 413 0.022937 9
1207 169 1215 186 0.022754 9
1014 136 1025 168 0.021790 9
879 154 893 169 0.019566 9
224 183 231 195 0.017404 9
1215 167 1223 183 0.016756 9
257 142 268 160 0.014426 9
119 64 159 78 0.013895 9
523 183 536 196 0.010721 9
313 151 342 194 0.008893 9
814 145 823 159 0.008567 9
991 679 1004 700 0.007537 9
865 443 873 455 0.007313 9
517 170 546 185 0.007229 9
172 64 202 91 0.007138 9
836 686 850 703 0.007058 9
681 167 688 184 0.006437 9
217 186 223 205 0.006409 9
844 151 858 166 0.006391 9
927 151 937 169 0.006339 9
695 177 704 199 0.006178 9
665 180 671 197 0.005937 9
863 166 869 183 0.005858 9
800 143 811 157 0.005176 9
871 163 881 177 0.005124 9
545 167 553 190 0.005080 9
951 351 960 381 0.005053 9
1005 136 1014 172 0.004736 9
1196 383 1261 425 0.004364 9
871 688 884 703 0.004269 9
904 66 928 119 0.004246 9
1227 165 1248 181 0.004140 9
1097 133 1106 165 0.004089 9
848 180 858 201 0.003781 9
586 171 593 185 0.003623 9
257 179 262 191 0.003538 9
638 168 658 202 0.003403 9
865 152 875 170 0.003365 9
1020 129 1040 164 0.003358 9
312 80 371 198 0.002863 9
815 150 859 184 0.002856 9
240 210 254 240 0.002854 9
1104 170 1120 202 0.002835 9
245 176 257 192 0.002766 9
870 666 880 691 0.002753 9
166 64 178 76 0.002545 9
634 181 641 195 0.002511 9
974 189 981 201 0.002409 9
463 168 472 183 0.002305 9
965 360 979 387 0.002266 9
690 168 698 182 0.002208 9
1103 678 1121 703 0.002184 9
1204 409 1216 424 0.002142 9
569 179 582 201 0.002112 9
698 131 705 152 0.002096 9
111 151 128 164 0.002086 9
1183 345 1193 392 0.002047 9
94 153 104 176 0.001985 9
1221 404 1232 424 0.001868 9
445 150 581 216 0.001753 9
1189 165 1201 186 0.001732 9
1169 377 1207 413 0.001717 9
484 173 496 187 0.001683 9
1181 380 1192 392 0.001645 9
1047 157 1056 180 0.001586 9
572 161 581 178 0.001557 9
951 344 959 359 0.001538 9
993 134 1003 170 0.001463 9
219 176 248 195 0.001379 9
1154 160 1168 184 0.001356 9
1058 679 1072 703 0.001351 9
374 184 385 200 0.001276 9
580 64 596 92 0.001265 9
463 252 478 304 0.001246 9
663 153 671 173 0.001234 9
1039 671 1048 679 0.001228 9
969 176 976 187 0.001224 9
992 356 1008 387 0.001189 9
1050 119 1057 133 0.001157 9
1088 187 1096 206 0.001129 9
1055 113 1070 143 0.001116 9
1056 374 1065 391 0.001083 9
1212 373 1223 386 0.001072 9
961 340 968 352 0.001052 9
663 168 681 214 0.001045 9
623 263 640 284 0.000977 9
977 691 987 703 0.000967 9
511 172 528 203 0.000926 9
927 70 944 119 0.000911 9
701 118 718 128 0.000898 9
352 160 366 195 0.000894 9
847 151 871 190 0.000892 9
841 118 868 136 0.000869 9
959 664 967 680 0.000865 9
831 138 892 169 0.000863 9
942 168 960 185 0.000859 9
976 158 986 169 0.000811 9
318 182 338 195 0.000792 9
636 159 644 170 0.000750 9
445 156 493 218 0.000746 9
475 144 525 181 0.000743 9
1168 381 1179 393 0.000737 9
1014 335 1023 345 0.000709 9
183 196 192 207 0.000705 9
809 166 818 181 0.000684 9
866 672 873 685 0.000683 9
1107 165 1147 185 0.000679 9
256 86 262 98 0.000668 9
432 171 446 193 0.000649 9
68 170 80 200 0.000645 9
95 183 101 200 0.000641 9
1247 358 1263 376 0.000637 9
1216 406 1224 425 0.000594 9
999 127 1007 135 0.000592 9
1126 369 1136 390 0.000584 9
493 169 515 200 0.000574 9
1138 164 1154 185 0.000568 9
703 168 711 179 0.000567 9
1135 615 1152 647 0.000556 9
1138 339 1190 393 0.000550 9
1180 166 1220 203 0.000540 9
693 121 710 178 0.000533 9
1073 149 1081 167 0.000531 9
920 683 929 703 0.000527 9
925 146 949 184 0.000521 9
861 112 869 119 0.000516 9
211 166 218 176 0.000508 9
222 168 231 176 0.000507 9
976 166 992 186 0.000501 9
1091 374 1104 403 0.000500 9
831 371 847 393 0.000499 9
1071 133 1102 209 0.000493 9
596 64 625 93 0.000485 9
255 112 263 128 0.000482 9
575 273 607 338 0.000480 9
830 151 849 164 0.000479 9
905 127 912 136 0.000477 9
406 180 418 203 0.000474 9
1074 684 1089 702 0.000468 9
1016 684 1040 703 0.000467 9
338 166 352 196 0.000465 9
586 125 600 163 0.000464 9
959 135 976 160 0.000463 9
1199 404 1209 432 0.000460 9
896 136 938 155 0.000460 9
575 128 581 153 0.000459 9
854 677 865 695 0.000455 9
898 145 931 179 0.000444 9
1189 356 1210 388 0.000442 9
6 392 32 423 0.000434 9
1039 682 1054 697 0.000429 9
415 176 421 203 0.000422 9
1261 370 1279 409 0.000421 9
809 379 814 391 0.000410 9
1262 405 1274 424 0.000402 9
1118 684 1128 703 0.000399 9
650 155 669 182 0.000389 9
801 122 824 157 0.000389 9
664 322 676 348 0.000384 9
712 597 720 611 0.000383 9
1095 117 1137 170 0.000380 9
1081 173 1091 184 0.000374 9
315 89 332 158 0.000368 9
451 182 468 211 0.000367 9
479 631 496 653 0.000366 9
735 424 752 457 0.000359 9
768 97 784 136 0.000341 9
111 203 121 227 0.000339 9
544 265 559 281 0.000337 9
824 677 832 687 0.000330 9
1074 378 1088 402 0.000327 9
45 321 57 344 0.000326 9
1087 660 1103 701 0.000325 9
57 126 64 144 0.000324 9
1157 367 1176 390 0.000320 9
1110 158 1118 168 0.000318 9
399 184 408 202 0.000316 9
1056 184 1064 198 0.000311 9
247 163 257 175 0.000307 9
898 439 912 456 0.000299 9
1030 670 1041 685 0.000297 9
1209 164 1240 211 0.000292 9
1089 264 1098 270 0.000285 9
624 64 638 73 0.000271 9
591 161 603 179 0.000271 9
1123 142 1136 153 0.000263 9
1055 153 1064 168 0.000261 9
742 363 751 374 0.000260 9
1214 366 1224 378 0.000254 9
1006 614 1027 650 0.000253 9
175 186 183 204 0.000249 9
859 161 938 203 0.000249 9
1037 156 1064 199 0.000246 9
260 165 272 179 0.000243 9
817 681 840 703 0.000238 9
1150 152 1199 185 0.000237 9
826 135 839 154 0.000234 9
1197 147 1208 189 0.000234 9
564 138 581 164 0.000233 9
1108 143 1125 167 0.000229 9
911 164 921 179 0.000227 9
983 667 993 681 0.000223 9
373 162 408 185 0.000216 9
680 132 691 160 0.000216 9
193 186 202 215 0.000215 9
208 123 266 233 0.000213 9
808 541 816 558 0.000209 9
1211 153 1223 163 0.000206 9
256 67 268 99 0.000203 9
170 147 178 165 0.000201 9
1056 671 1066 686 0.000201 9
980 142 993 164 0.000200 9
527 625 538 642 0.000199 9
597 147 628 170 0.000199 9
1081 357 1124 404 0.000193 9
704 124 720 155 0.000190 9
633 148 660 174 0.000183 9
17 157 25 178 0.000182 9
360 148 371 169 0.000181 9
543 159 577 175 0.000181 9
576 80 586 104 0.000179 9
447 512 456 527 0.000179 9
1088 235 1103 270 0.000177 9
384 149 401 161 0.000177 9
936 583 944 600 0.000172 9
990 116 999 131 0.000171 9
1143 373 1156 393 0.000170 9
783 121 805 137 0.000167 9
759 534 769 565 0.000166 9
596 135 606 146 0.000162 9
1179 403 1196 424 0.000159 9
828 416 847 441 0.000159 9
479 332 496 356 0.000159 9
49 184 64 206 0.000158 9
752 77 768 121 0.000157 9
969 119 986 131 0.000156 9
822 378 831 393 0.000155 9
32 533 48 565 0.000155 9
1176 615 1182 622 0.000154 9
208 66 227 87 0.000154 9
776 511 784 523 0.000154 9
255 88 272 128 0.000152 9
1150 586 1168 632 0.000150 9
856 692 874 703 0.000148 9
1022 157 1041 169 0.000148 9
1016 167 1033 189 0.000148 9
463 187 480 214 0.000147 9
0 511 49 566 0.000144 9
799 536 807 543 0.000143 9
845 678 858 698 0.000142 9
998 137 1011 210 0.000141 9
1055 390 1064 404 0.000139 9
261 179 272 197 0.000139 9
996 649 1026 702 0.000133 9
83 158 110 204 0.000132 9
585 119 598 135 0.000131 9
1040 183 1052 200 0.000130 9
875 116 925 144 0.000128 9
717 116 732 129 0.000121 9
766 133 801 154 0.000121 9
258 138 320 160 0.000120 9
750 544 760 569 0.000120 9
543 673 553 703 0.000118 9
847 254 864 338 0.000117 9
1033 106 1118 249 0.000117 9
63 151 79 168 0.000117 9
1152 94 1203 137 0.000117 9
904 673 913 681 0.000114 9
1029 146 1058 170 0.000114 9
749 363 759 375 0.000114 9
1142 629 1168 681 0.000111 9
622 104 640 121 0.000111 9
190 179 231 230 0.000110 9
879 670 887 683 0.000110 9
325 96 340 129 0.000108 9
805 362 817 392 0.000107 9
703 81 721 94 0.000106 9
1205 125 1233 179 0.000106 9
714 64 754 123 0.000105 9
99 177 109 201 0.000105 9
228 130 241 145 0.000103 9
887 667 897 680 0.000102 9
1051 110 1083 147 0.008753 11
516 191 527 202 0.007002 11
1180 191 1198 216 0.006160 11
531 249 593 281 0.000324 11
