541 190 576 252 0.778701 0
1139 198 1163 256 0.730953 0
738 199 774 269 0.689679 0
906 192 937 270 0.684302 0
832 192 856 262 0.592417 0
1166 198 1179 221 0.067356 0
223 200 237 239 0.064088 0
860 195 883 238 0.053326 0
712 209 728 234 0.033870 0
929 204 947 268 0.031177 0
1015 205 1024 224 0.027717 0
787 198 793 212 0.025340 0
965 372 979 390 0.019220 0
1072 485 1080 500 0.018332 0
1175 497 1185 511 0.016374 0
511 196 518 210 0.016110 0
516 191 523 205 0.015890 0
1037 197 1051 229 0.015499 0
1159 496 1169 507 0.014893 0
1015 456 1024 466 0.014422 0
1087 188 1105 217 0.013502 0
1216 197 1229 232 0.012536 0
199 208 208 225 0.011645 0
895 326 903 343 0.011126 0
863 438 874 455 0.010757 0
777 197 792 237 0.010628 0
1032 485 1040 501 0.010071 0
1112 195 1120 208 0.009648 0
1208 504 1217 512 0.009568 0
632 201 644 215 0.009131 0
691 208 704 238 0.009079 0
1046 483 1055 494 0.008763 0
1056 488 1066 496 0.008741 0
214 186 225 227 0.008462 0
760 199 773 232 0.008234 0
1199 503 1209 512 0.008212 0
613 152 628 169 0.007893 0
789 330 810 344 0.007762 0
751 463 761 472 0.007409 0
917 472 928 483 0.006732 0
1077 334 1089 361 0.006473 0
1123 500 1131 507 0.006311 0
1135 446 1143 463 0.006235 0
1250 196 1272 238 0.006038 0
558 185 572 201 0.006020 0
1176 343 1195 359 0.005992 0
1239 197 1249 231 0.005678 0
991 455 999 464 0.005613 0
1031 452 1039 464 0.005476 0
1024 454 1033 464 0.005280 0
1190 496 1200 504 0.005199 0
1272 206 1279 237 0.005186 0
1040 454 1047 464 0.005149 0
1007 455 1015 466 0.005126 0
1085 207 1106 240 0.005115 0
640 688 672 703 0.004906 0
1164 204 1189 247 0.004486 0
786 326 817 391 0.004401 0
1023 482 1035 498 0.004167 0
1000 385 1015 399 0.004024 0
832 471 840 478 0.004015 0
319 204 331 231 0.003825 0
887 471 897 482 0.003595 0
813 209 825 237 0.003555 0
588 170 593 183 0.003486 0
503 313 512 335 0.003415 0
1016 327 1024 344 0.003317 0
670 208 678 228 0.003280 0
947 344 961 391 0.003220 0
991 446 1000 457 0.003217 0
1104 312 1112 327 0.003199 0
982 373 992 391 0.003111 0
1255 485 1264 501 0.003104 0
884 202 903 236 0.003042 0
960 455 968 466 0.002993 0
1072 463 1080 470 0.002918 0
973 211 984 233 0.002897 0
896 473 910 484 0.002854 0
509 191 533 249 0.002819 0
470 203 478 218 0.002795 0
971 204 995 258 0.002708 0
1187 198 1239 266 0.002704 0
822 329 847 344 0.002573 0
1096 503 1103 512 0.002554 0
907 335 923 345 0.002539 0
1203 496 1216 504 0.002513 0
0 64 57 217 0.002470 0
983 447 993 456 0.002456 0
465 201 478 250 0.002451 0
376 186 385 201 0.002450 0
862 432 870 443 0.002419 0
1148 308 1168 344 0.002383 0
1011 388 1022 401 0.002373 0
611 448 624 465 0.002350 0
983 205 993 226 0.002233 0
575 424 584 431 0.002215 0
1190 209 1202 229 0.002175 0
738 200 745 212 0.002145 0
1129 500 1137 508 0.002121 0
976 369 984 389 0.002116 0
960 441 968 458 0.002104 0
990 206 998 224 0.002034 0
806 327 818 344 0.002016 0
1008 472 1016 490 0.001995 0
1092 455 1104 471 0.001987 0
849 462 866 477 0.001975 0
680 198 691 215 0.001963 0
912 454 925 483 0.001946 0
969 456 976 462 0.001931 0
925 447 935 457 0.001926 0
1216 192 1224 206 0.001842 0
464 199 472 215 0.001779 0
751 446 765 469 0.001680 0
241 195 255 215 0.001639 0
606 151 639 194 0.001631 0
1038 278 1058 334 0.001613 0
1151 440 1158 451 0.001610 0
478 196 487 216 0.001575 0
905 201 916 245 0.001562 0
1098 329 1104 344 0.001561 0
1056 222 1066 243 0.001561 0
1007 512 1017 521 0.001551 0
703 460 710 469 0.001538 0
1087 492 1096 504 0.001522 0
1093 499 1100 506 0.001509 0
1119 323 1137 383 0.001505 0
1112 464 1122 475 0.001480 0
709 459 720 470 0.001456 0
1119 313 1130 341 0.001444 0
878 437 887 450 0.001434 0
924 454 936 463 0.001406 0
742 199 755 219 0.001400 0
431 523 440 552 0.001389 0
936 455 942 464 0.001371 0
627 537 641 584 0.001355 0
1103 313 1121 344 0.001340 0
847 190 856 208 0.001325 0
363 164 374 188 0.001320 0
1247 474 1257 485 0.001310 0
836 465 848 476 0.001295 0
120 64 212 92 0.001213 0
1118 440 1133 472 0.001206 0
157 203 174 232 0.001181 0
320 628 328 648 0.001177 0
906 336 927 380 0.001172 0
326 64 496 208 0.001158 0
1007 431 1014 439 0.001153 0
573 180 582 201 0.001140 0
896 440 904 456 0.001126 0
1181 215 1191 224 0.001120 0
527 572 537 616 0.001111 0
979 689 987 703 0.001109 0
680 449 688 460 0.001095 0
207 393 224 414 0.001081 0
574 428 592 459 0.001033 0
1149 446 1164 464 0.001025 0
14 64 272 214 0.001022 0
1127 446 1134 456 0.000996 0
527 626 537 647 0.000995 0
919 449 928 457 0.000993 0
1105 498 1119 506 0.000977 0
1078 690 1091 703 0.000963 0
1231 457 1240 469 0.000937 0
1214 368 1223 385 0.000925 0
802 184 819 238 0.000919 0
457 202 465 215 0.000907 0
951 456 960 465 0.000895 0
933 434 944 453 0.000855 0
1100 201 1110 220 0.000854 0
862 463 874 478 0.000846 0
989 342 1008 387 0.000826 0
1250 621 1279 703 0.000820 0
1085 457 1096 472 0.000818 0
1070 64 1079 70 0.000800 0
1231 458 1261 482 0.000791 0
961 350 996 391 0.000780 0
821 460 831 472 0.000759 0
846 270 866 338 0.000754 0
266 196 272 210 0.000749 0
862 299 880 343 0.000746 0
1222 404 1231 424 0.000737 0
990 281 1003 312 0.000721 0
954 369 978 426 0.000718 0
1076 332 1105 400 0.000703 0
216 200 247 295 0.000700 0
866 333 882 343 0.000693 0
993 196 1015 226 0.000690 0
223 392 240 408 0.000690 0
719 427 726 440 0.000666 0
1138 441 1154 464 0.000663 0
735 448 743 457 0.000653 0
316 64 368 185 0.000636 0
415 250 420 270 0.000634 0
928 344 952 391 0.000634 0
860 435 889 480 0.000633 0
706 467 714 473 0.000632 0
999 455 1008 465 0.000628 0
726 423 737 439 0.000626 0
1248 348 1260 357 0.000603 0
832 479 841 490 0.000601 0
1064 464 1071 470 0.000600 0
878 319 888 343 0.000565 0
1046 411 1057 426 0.000564 0
1141 388 1155 408 0.000563 0
831 439 845 456 0.000561 0
1026 484 1066 505 0.000557 0
1160 425 1168 439 0.000551 0
526 628 552 667 0.000549 0
1047 455 1056 466 0.000544 0
1247 420 1253 430 0.000542 0
799 440 808 450 0.000540 0
245 186 323 371 0.000538 0
344 173 353 199 0.000532 0
704 327 719 377 0.000529 0
238 206 250 238 0.000525 0
975 456 982 463 0.000525 0
367 206 376 230 0.000523 0
739 244 765 303 0.000522 0
1039 322 1054 335 0.000512 0
1247 347 1264 392 0.000511 0
1261 139 1279 183 0.000509 0
767 428 776 444 0.000509 0
649 407 657 424 0.000508 0
784 312 833 344 0.000506 0
1165 472 1178 479 0.000504 0
1185 526 1192 544 0.000502 0
406 251 414 271 0.000501 0
111 222 119 238 0.000501 0
436 191 445 204 0.000489 0
1095 440 1103 455 0.000488 0
31 215 40 229 0.000484 0
1016 478 1025 488 0.000478 0
732 464 749 473 0.000476 0
1218 336 1266 428 0.000473 0
1001 431 1007 440 0.000469 0
1047 279 1064 295 0.000469 0
1143 376 1151 389 0.000468 0
839 504 847 511 0.000466 0
751 424 768 441 0.000463 0
896 418 905 439 0.000459 0
542 182 550 202 0.000457 0
369 198 383 218 0.000456 0
1134 428 1144 440 0.000447 0
806 361 816 392 0.000445 0
351 189 358 199 0.000444 0
961 341 968 351 0.000441 0
1039 411 1057 459 0.000436 0
1216 407 1224 425 0.000435 0
559 594 569 622 0.000430 0
1183 445 1190 456 0.000430 0
1148 487 1174 507 0.000425 0
735 424 749 457 0.000420 0
854 311 864 336 0.000418 0
991 383 1024 442 0.000417 0
332 185 343 199 0.000413 0
732 323 744 338 0.000412 0
688 456 703 472 0.000410 0
664 461 673 471 0.000408 0
1135 472 1143 479 0.000403 0
656 452 670 461 0.000401 0
999 512 1008 535 0.000394 0
1226 65 1279 270 0.000392 0
630 453 639 461 0.000392 0
778 231 791 238 0.000391 0
695 472 704 490 0.000388 0
1076 328 1088 340 0.000386 0
669 317 691 377 0.000385 0
664 185 672 216 0.000378 0
652 194 662 216 0.000377 0
105 248 129 264 0.000376 0
647 456 656 471 0.000375 0
1173 456 1184 471 0.000369 0
1182 353 1224 415 0.000367 0
816 440 824 452 0.000365 0
1120 391 1128 409 0.000359 0
1073 445 1090 455 0.000357 0
719 326 741 362 0.000354 0
1167 380 1183 407 0.000353 0
767 460 776 483 0.000347 0
319 559 328 579 0.000340 0
772 426 785 441 0.000337 0
718 455 735 470 0.000336 0
663 423 671 434 0.000334 0
1021 440 1039 453 0.000333 0
987 678 1027 703 0.000325 0
777 312 804 342 0.000324 0
1007 340 1024 388 0.000324 0
1264 366 1279 413 0.000324 0
615 424 623 434 0.000323 0
1240 424 1247 440 0.000322 0
976 448 985 457 0.000321 0
1038 412 1047 428 0.000318 0
943 316 955 339 0.000313 0
1006 423 1024 440 0.000313 0
175 185 184 205 0.000312 0
1169 479 1177 490 0.000312 0
1057 224 1097 296 0.000311 0
1175 185 1202 218 0.000311 0
606 175 615 184 0.000310 0
826 279 849 343 0.000308 0
623 615 682 703 0.000303 0
1072 503 1080 511 0.000301 0
1078 427 1087 441 0.000300 0
978 320 991 343 0.000299 0
1106 345 1118 375 0.000294 0
0 136 25 315 0.000292 0
1174 479 1184 488 0.000292 0
867 270 881 297 0.000290 0
1140 348 1181 404 0.000289 0
271 231 291 295 0.000287 0
1246 426 1255 455 0.000285 0
603 363 625 410 0.000284 0
751 323 765 345 0.000283 0
752 416 764 427 0.000283 0
1183 454 1192 471 0.000283 0
1076 399 1088 411 0.000279 0
1032 373 1043 384 0.000277 0
1274 159 1279 173 0.000273 0
1189 442 1199 456 0.000268 0
364 186 375 200 0.000266 0
824 419 839 434 0.000265 0
1091 112 1138 174 0.000263 0
1239 448 1248 456 0.000263 0
802 497 811 506 0.000262 0
1027 358 1054 387 0.000257 0
1022 278 1042 330 0.000251 0
769 458 797 473 0.000251 0
487 469 496 482 0.000251 0
387 185 401 205 0.000250 0
0 143 8 203 0.000250 0
663 415 670 424 0.000250 0
1033 683 1058 703 0.000248 0
174 207 184 217 0.000247 0
680 379 688 394 0.000239 0
1013 440 1026 453 0.000238 0
719 436 737 459 0.000238 0
671 463 680 471 0.000238 0
1154 484 1221 513 0.000235 0
271 632 288 682 0.000234 0
400 641 418 690 0.000234 0
902 415 913 426 0.000233 0
294 191 320 293 0.000231 0
951 442 960 458 0.000231 0
1216 453 1223 469 0.000231 0
798 440 815 469 0.000231 0
126 374 144 403 0.000230 0
350 64 496 95 0.000226 0
1024 249 1061 296 0.000223 0
656 424 664 435 0.000222 0
429 222 439 229 0.000222 0
191 392 209 459 0.000220 0
510 329 527 351 0.000216 0
64 64 162 78 0.000215 0
576 363 592 391 0.000212 0
960 199 969 208 0.000212 0
1184 509 1193 517 0.000211 0
318 237 336 366 0.000211 0
1087 229 1105 280 0.000209 0
880 427 907 457 0.000207 0
1168 441 1178 455 0.000207 0
994 297 1008 334 0.000206 0
813 344 826 372 0.000205 0
159 83 214 215 0.000205 0
1109 438 1121 472 0.000204 0
1028 335 1042 360 0.000197 0
1048 681 1092 703 0.000195 0
870 264 914 347 0.000194 0
776 332 785 343 0.000194 0
256 64 339 189 0.000193 0
1166 327 1186 350 0.000192 0
104 233 129 317 0.000191 0
597 578 608 611 0.000191 0
1037 440 1048 457 0.000190 0
463 575 473 584 0.000184 0
398 184 407 202 0.000184 0
774 343 794 370 0.000184 0
1217 446 1224 457 0.000183 0
1237 402 1255 429 0.000183 0
734 380 748 399 0.000178 0
1199 64 1208 74 0.000178 0
913 438 932 455 0.000174 0
518 392 529 429 0.000174 0
906 272 931 345 0.000173 0
604 346 613 363 0.000173 0
509 689 671 703 0.000172 0
1107 184 1137 216 0.000172 0
849 423 883 442 0.000172 0
269 392 288 399 0.000171 0
999 333 1008 344 0.000171 0
63 407 80 438 0.000170 0
687 352 693 359 0.000170 0
471 191 481 205 0.000169 0
1168 614 1184 647 0.000168 0
520 638 529 648 0.000165 0
1082 399 1122 464 0.000165 0
631 468 640 479 0.000165 0
827 294 843 312 0.000164 0
706 424 722 461 0.000162 0
1030 417 1041 440 0.000162 0
813 413 847 454 0.000161 0
1006 466 1048 497 0.000161 0
1057 439 1072 464 0.000160 0
1253 428 1263 441 0.000158 0
391 596 400 616 0.000157 0
479 558 497 600 0.000157 0
687 464 699 491 0.000156 0
833 493 842 506 0.000156 0
771 182 785 204 0.000156 0
307 137 384 322 0.000155 0
1060 387 1086 409 0.000155 0
687 424 695 434 0.000153 0
193 186 203 210 0.000153 0
1042 468 1056 486 0.000153 0
0 380 13 412 0.000153 0
1053 456 1068 467 0.000153 0
1013 414 1024 425 0.000152 0
1007 528 1015 535 0.000151 0
955 426 971 448 0.000150 0
1054 64 1072 71 0.000149 0
1055 375 1067 401 0.000149 0
432 587 440 612 0.000149 0
575 277 597 321 0.000148 0
1179 226 1280 387 0.000147 0
1264 315 1279 368 0.000147 0
0 594 18 699 0.000147 0
719 317 742 331 0.000146 0
1062 64 1130 73 0.000146 0
1189 456 1200 472 0.000145 0
448 423 464 457 0.000144 0
1108 276 1142 343 0.000143 0
999 427 1042 456 0.000143 0
767 553 775 568 0.000142 0
240 386 256 407 0.000142 0
681 170 704 215 0.000139 0
1051 395 1093 463 0.000139 0
502 577 513 600 0.000138 0
1214 64 1233 101 0.000137 0
1199 456 1208 468 0.000135 0
1263 405 1275 423 0.000135 0
1025 315 1080 393 0.000135 0
607 423 615 434 0.000134 0
1200 184 1217 208 0.000132 0
1211 480 1280 561 0.000131 0
807 263 818 302 0.000131 0
454 163 581 254 0.000131 0
916 427 927 442 0.000131 0
1037 393 1050 413 0.000131 0
499 394 550 432 0.000130 0
1062 467 1081 493 0.000130 0
1128 278 1138 302 0.000129 0
816 411 830 427 0.000129 0
1253 408 1263 424 0.000128 0
844 626 870 682 0.000127 0
239 237 256 299 0.000127 0
1055 696 1064 703 0.000126 0
648 480 656 487 0.000124 0
535 202 550 233 0.000124 0
1208 509 1215 531 0.000124 0
1219 467 1242 485 0.000124 0
827 333 848 393 0.000122 0
580 582 592 617 0.000121 0
871 689 885 703 0.000121 0
920 165 996 260 0.000121 0
622 424 632 435 0.000120 0
355 364 367 390 0.000120 0
915 178 959 212 0.000119 0
0 397 32 552 0.000119 0
1094 507 1103 533 0.000118 0
1000 487 1008 495 0.000118 0
1105 607 1111 614 0.000118 0
1037 325 1057 360 0.000118 0
809 472 817 478 0.000117 0
1270 625 1279 678 0.000117 0
660 644 709 703 0.000116 0
801 416 811 423 0.000115 0
879 422 887 440 0.000114 0
304 184 327 205 0.000113 0
871 496 879 502 0.000113 0
703 327 714 341 0.000113 0
1103 373 1128 409 0.000112 0
0 664 9 703 0.000111 0
705 415 784 471 0.000111 0
1097 399 1104 408 0.000110 0
1022 64 1157 210 0.000110 0
1009 64 1025 72 0.000110 0
143 450 161 552 0.000110 0
440 208 446 218 0.000110 0
335 552 344 570 0.000109 0
1203 64 1223 73 0.000109 0
0 513 71 600 0.000108 0
1152 458 1168 479 0.000107 0
381 590 392 626 0.000107 0
647 550 657 576 0.000107 0
1120 425 1142 452 0.000107 0
1225 631 1250 697 0.000107 0
957 411 969 425 0.000106 0
1028 394 1041 409 0.000105 0
1104 108 1239 237 0.000105 0
884 420 896 440 0.000104 0
1112 104 1120 120 0.000104 0
631 439 639 449 0.000104 0
830 416 847 424 0.000104 0
367 348 384 377 0.000104 0
1023 383 1031 393 0.000103 0
613 430 625 439 0.000103 0
899 562 912 588 0.000102 0
496 391 504 398 0.000101 0
798 420 810 438 0.000101 0
527 537 537 553 0.000101 0
923 421 936 448 0.000101 0
302 110 312 124 0.000101 0
391 424 400 438 0.000101 0
183 197 190 206 0.000101 0
645 429 656 438 0.000101 0
542 581 556 620 0.000101 0
1201 407 1218 435 0.000101 0
733 234 765 291 0.659624 1
1136 227 1169 263 0.629372 1
902 218 948 278 0.388386 1
826 227 853 263 0.303682 1
949 274 962 303 0.041827 1
840 225 895 284 0.031987 1
876 229 896 246 0.024868 1
912 251 928 296 0.015869 1
691 209 704 238 0.010389 1
867 230 883 270 0.009351 1
1058 216 1095 247 0.009119 1
325 236 352 255 0.005829 1
894 244 912 290 0.005447 1
762 247 786 280 0.004911 1
1123 228 1135 248 0.004308 1
931 225 973 267 0.003122 1
1082 215 1109 267 0.002789 1
886 264 901 287 0.002756 1
803 207 834 239 0.002629 1
1083 217 1095 236 0.002148 1
1203 253 1239 275 0.002033 1
50 231 99 256 0.001969 1
926 274 946 311 0.001582 1
703 204 1276 418 0.001522 1
1073 202 1094 217 0.001468 1
1161 233 1175 247 0.001299 1
847 265 854 281 0.001172 1
902 227 913 248 0.001136 1
780 222 849 284 0.001110 1
934 278 944 291 0.001086 1
198 210 244 260 0.001060 1
124 236 197 262 0.000943 1
17 215 43 257 0.000937 1
64 224 97 238 0.000905 1
864 208 1002 334 0.000697 1
1146 320 1169 345 0.000663 1
524 231 537 246 0.000599 1
1101 221 1151 255 0.000578 1
687 198 786 287 0.000502 1
1022 278 1041 329 0.000501 1
1178 180 1228 225 0.000486 1
787 262 801 280 0.000467 1
1039 278 1057 328 0.000461 1
1039 322 1055 335 0.000455 1
105 235 139 263 0.000431 1
221 239 241 264 0.000368 1
1047 278 1063 295 0.000352 1
715 212 742 235 0.000275 1
896 277 913 305 0.000258 1
1055 221 1182 339 0.000248 1
151 221 180 252 0.000240 1
1024 243 1066 297 0.000214 1
965 265 1108 338 0.000157 1
807 262 836 282 0.000152 1
824 262 869 303 0.000128 1
575 277 597 346 0.000123 1
631 380 657 396 0.093685 2
1105 217 1146 243 0.051289 2
484 198 516 216 0.044576 2
1103 487 1115 496 0.037517 2
530 204 545 218 0.034648 2
866 177 952 217 0.033860 2
691 204 728 236 0.031735 2
623 190 655 215 0.023782 2
1004 198 1038 228 0.022967 2
1119 488 1136 497 0.022483 2
822 328 848 344 0.019769 2
304 185 323 198 0.018216 2
631 373 650 386 0.013258 2
319 209 331 231 0.008414 2
803 210 837 239 0.007973 2
921 197 946 219 0.007083 2
971 245 990 261 0.006311 2
903 212 974 280 0.005504 2
207 399 224 414 0.004965 2
593 448 608 458 0.004931 2
158 416 168 423 0.004902 2
599 364 624 377 0.004687 2
648 455 656 461 0.004498 2
669 453 686 463 0.004333 2
660 375 686 387 0.004199 2
293 178 310 198 0.003861 2
588 190 616 214 0.003698 2
596 464 608 471 0.003377 2
1133 204 1192 248 0.003268 2
1120 64 1152 76 0.003222 2
503 315 512 335 0.003141 2
1003 235 1024 252 0.002908 2
1119 501 1129 509 0.002741 2
1006 218 1023 229 0.002713 2
555 180 577 203 0.002674 2
504 176 575 223 0.002369 2
968 201 1069 261 0.002157 2
416 401 424 407 0.002130 2
1095 495 1104 504 0.001913 2
62 399 179 425 0.001886 2
456 204 465 216 0.001822 2
1247 346 1261 355 0.001761 2
599 319 608 329 0.001759 2
684 375 695 384 0.001699 2
152 404 176 424 0.001652 2
0 394 32 422 0.001619 2
47 407 78 424 0.001546 2
1111 503 1119 510 0.001545 2
592 423 609 434 0.001536 2
1148 471 1165 479 0.001481 2
983 456 994 464 0.001477 2
662 454 674 463 0.001475 2
495 239 530 252 0.001451 2
251 411 264 423 0.001436 2
1263 247 1279 270 0.001355 2
575 445 590 457 0.001342 2
657 454 666 462 0.001297 2
703 456 715 468 0.001248 2
511 340 523 351 0.001210 2
949 204 987 239 0.001198 2
623 316 672 365 0.001128 2
950 230 970 240 0.001088 2
735 465 744 471 0.001067 2
1104 236 1121 253 0.001028 2
721 461 740 471 0.001011 2
1030 253 1053 261 0.000993 2
971 480 985 487 0.000961 2
1168 381 1179 392 0.000940 2
463 419 530 447 0.000922 2
274 184 294 193 0.000922 2
1263 347 1279 371 0.000911 2
589 362 625 409 0.000861 2
1176 381 1183 391 0.000834 2
582 431 591 439 0.000820 2
902 456 913 462 0.000787 2
427 422 463 443 0.000781 2
1104 207 1124 226 0.000739 2
126 411 143 425 0.000711 2
162 395 224 417 0.000699 2
1262 169 1279 201 0.000697 2
79 517 96 534 0.000664 2
1198 471 1215 481 0.000663 2
1070 196 1096 218 0.000658 2
662 193 693 219 0.000647 2
959 481 970 487 0.000625 2
19 200 35 206 0.000624 2
0 560 86 601 0.000620 2
356 219 368 231 0.000606 2
534 427 591 439 0.000581 2
1112 471 1122 477 0.000565 2
176 401 192 417 0.000559 2
690 455 703 466 0.000538 2
1223 180 1273 235 0.000531 2
943 327 960 344 0.000528 2
1135 342 1191 361 0.000514 2
749 439 766 451 0.000507 2
654 350 694 386 0.000477 2
454 305 523 348 0.000471 2
963 200 986 211 0.000456 2
1007 303 1022 311 0.000455 2
324 198 379 232 0.000455 2
719 331 734 346 0.000445 2
942 456 955 463 0.000440 2
463 433 481 446 0.000422 2
1263 361 1279 402 0.000417 2
978 216 1002 254 0.000404 2
717 454 770 471 0.000400 2
1178 364 1266 425 0.000390 2
386 197 398 206 0.000385 2
1141 323 1169 345 0.000381 2
640 461 649 471 0.000378 2
498 479 520 487 0.000377 2
479 335 496 355 0.000366 2
254 197 271 212 0.000363 2
1108 277 1169 345 0.000357 2
982 480 991 487 0.000356 2
975 301 991 312 0.000348 2
25 395 301 478 0.000333 2
0 259 317 403 0.000330 2
1094 160 1213 229 0.000328 2
1040 197 1074 237 0.000323 2
296 185 332 232 0.000317 2
815 359 832 376 0.000315 2
1121 326 1152 344 0.000315 2
391 423 399 436 0.000312 2
1175 471 1200 479 0.000312 2
617 184 633 201 0.000305 2
495 434 525 449 0.000300 2
359 409 368 415 0.000299 2
1129 206 1147 224 0.000296 2
661 273 688 283 0.000294 2
1237 344 1251 354 0.000282 2
1183 225 1279 299 0.000275 2
1179 381 1203 394 0.000267 2
465 392 487 399 0.000262 2
415 418 431 423 0.000260 2
852 439 870 455 0.000256 2
998 246 1020 261 0.000246 2
720 318 745 336 0.000244 2
586 184 711 218 0.000242 2
367 453 409 471 0.000239 2
639 688 685 703 0.000238 2
1256 277 1279 296 0.000238 2
374 184 397 205 0.000233 2
974 279 1002 302 0.000228 2
33 407 48 423 0.000226 2
967 510 976 520 0.000222 2
950 691 991 703 0.000221 2
1056 465 1067 471 0.000221 2
1026 440 1041 450 0.000219 2
647 186 672 215 0.000216 2
1184 328 1200 338 0.000214 2
39 434 80 471 0.000213 2
203 408 264 426 0.000212 2
639 449 651 460 0.000209 2
621 344 644 380 0.000206 2
1008 424 1025 440 0.000205 2
704 323 738 373 0.000201 2
243 405 288 432 0.000198 2
991 437 1024 455 0.000197 2
980 527 990 535 0.000196 2
519 197 548 244 0.000195 2
91 413 144 439 0.000180 2
1055 301 1136 345 0.000179 2
773 231 790 237 0.000178 2
607 448 624 470 0.000177 2
913 152 993 233 0.000176 2
687 448 697 458 0.000174 2
1214 473 1224 482 0.000174 2
1231 165 1273 181 0.000172 2
138 463 153 471 0.000172 2
942 199 960 213 0.000172 2
22 514 43 526 0.000171 2
660 430 676 439 0.000171 2
615 279 658 313 0.000169 2
777 471 793 477 0.000157 2
1037 318 1065 334 0.000154 2
0 261 14 295 0.000153 2
502 278 533 338 0.000152 2
413 392 524 431 0.000146 2
63 426 80 440 0.000144 2
352 422 384 465 0.000140 2
63 429 143 455 0.000139 2
1171 327 1200 357 0.000139 2
47 438 64 446 0.000139 2
988 357 1024 398 0.000138 2
67 169 88 177 0.000138 2
713 258 769 332 0.000137 2
365 424 383 436 0.000136 2
0 281 6 295 0.000132 2
1068 326 1088 339 0.000131 2
981 252 1121 338 0.000131 2
353 190 372 199 0.000130 2
7 510 119 535 0.000126 2
574 275 687 398 0.000126 2
267 184 298 214 0.000122 2
324 407 349 414 0.000119 2
963 326 976 343 0.000118 2
445 176 469 218 0.000114 2
439 447 448 455 0.000114 2
367 349 384 376 0.000113 2
664 294 709 366 0.000111 2
1054 673 1094 703 0.000110 2
299 404 396 440 0.000109 2
471 464 480 471 0.000107 2
703 471 711 477 0.000106 2
855 280 1016 384 0.000102 2
1182 167 1279 268 0.009190 5
479 169 520 216 0.003440 5
749 176 1276 427 0.000905 5
724 163 955 240 0.000894 5
828 135 939 162 0.000428 5
1007 182 1062 223 0.000153 5
666 265 1280 425 0.079912 6
1181 163 1279 268 0.004138 6
1121 275 1279 355 0.001331 6
693 134 956 251 0.001084 6
989 470 1273 504 0.000949 6
829 135 939 167 0.000909 6
327 415 710 461 0.000736 6
485 155 581 226 0.000661 6
0 67 420 389 0.000563 6
0 430 332 508 0.000451 6
704 440 936 481 0.000413 6
451 273 952 470 0.000243 6
602 431 701 464 0.000225 6
643 444 1101 704 0.000203 6
939 493 1243 532 0.000158 6
1112 410 1279 456 0.000147 6
1027 335 1195 411 0.000138 6
166 64 324 95 0.000118 6
738 334 1015 387 0.000107 6
693 152 956 248 0.180446 7
866 176 944 225 0.122534 7
587 183 656 216 0.030965 7
1183 227 1279 269 0.020947 7
1052 273 1167 343 0.005894 7
1119 274 1280 418 0.005561 7
800 179 859 244 0.005223 7
1003 195 1059 235 0.003817 7
691 184 731 231 0.002777 7
543 172 578 219 0.002471 7
480 173 519 217 0.002466 7
660 274 770 375 0.002161 7
733 152 807 208 0.001043 7
1199 168 1279 237 0.000896 7
625 313 696 383 0.000416 7
1149 276 1168 346 0.000371 7
762 272 848 344 0.000264 7
991 435 1027 457 0.000202 7
711 311 857 390 0.000177 7
865 277 1092 388 0.000166 7
922 154 994 254 0.000162 7
563 140 714 228 0.000127 7
1014 109 1120 269 0.000106 7
1089 150 1103 177 0.607904 9
512 151 524 180 0.443043 9
365 167 374 189 0.098837 9
1207 170 1215 186 0.063836 9
373 167 382 185 0.044490 9
119 64 160 78 0.032726 9
239 178 246 190 0.032591 9
894 153 908 176 0.031975 9
448 157 490 171 0.029865 9
313 150 341 194 0.027568 9
1013 135 1024 168 0.023531 9
1215 167 1223 184 0.022956 9
878 155 892 169 0.018543 9
587 170 593 185 0.018320 9
523 183 536 196 0.017126 9
1154 163 1167 184 0.016967 9
174 64 201 91 0.016742 9
865 152 880 175 0.015926 9
927 151 937 168 0.014459 9
844 151 858 166 0.014325 9
1229 166 1247 181 0.013708 9
863 166 869 185 0.013020 9
558 184 568 197 0.009809 9
1145 165 1154 185 0.009230 9
665 183 671 196 0.009088 9
680 167 687 184 0.008473 9
1192 164 1201 186 0.008458 9
158 204 172 230 0.007584 9
1103 168 1120 206 0.007566 9
224 183 231 192 0.007229 9
814 145 823 160 0.007133 9
990 680 1004 703 0.006975 9
1199 401 1206 416 0.006958 9
694 177 704 199 0.006898 9
847 182 857 204 0.006229 9
517 191 526 201 0.006084 9
1090 232 1104 269 0.006057 9
464 168 471 183 0.005952 9
257 179 262 190 0.005743 9
215 183 225 195 0.005537 9
1193 384 1206 402 0.005514 9
550 172 574 200 0.005442 9
570 161 580 179 0.004325 9
690 168 697 181 0.004190 9
167 64 175 76 0.004000 9
970 176 976 186 0.003831 9
664 153 671 173 0.003722 9
510 170 547 197 0.003577 9
663 294 672 317 0.003498 9
1181 163 1203 218 0.003456 9
257 144 266 160 0.003409 9
545 168 551 181 0.003295 9
1135 165 1146 185 0.003195 9
160 64 177 91 0.003115 9
1006 136 1016 171 0.003069 9
809 156 857 180 0.002985 9
801 143 810 156 0.002976 9
1055 375 1064 391 0.002914 9
574 180 582 201 0.002816 9
904 66 929 120 0.002523 9
809 167 816 179 0.002401 9
241 164 247 179 0.002305 9
623 263 640 283 0.001966 9
312 80 371 198 0.001875 9
831 151 841 164 0.001874 9
1022 159 1029 168 0.001851 9
652 154 665 174 0.001711 9
951 346 960 362 0.001572 9
1120 64 1151 77 0.001561 9
1182 382 1217 418 0.001531 9
111 151 128 163 0.001510 9
1204 407 1215 417 0.001504 9
596 146 608 167 0.001445 9
998 132 1010 175 0.001432 9
480 149 528 213 0.001424 9
1048 157 1056 168 0.001416 9
852 152 870 195 0.001395 9
94 151 105 176 0.001354 9
543 598 552 623 0.001300 9
665 170 671 185 0.001285 9
704 166 711 178 0.001264 9
855 283 863 294 0.001257 9
830 135 860 163 0.001252 9
484 173 496 187 0.001248 9
1214 369 1223 385 0.001174 9
1097 128 1104 138 0.001151 9
994 139 1001 167 0.001150 9
68 169 80 177 0.001143 9
903 635 912 672 0.001133 9
870 121 879 132 0.001110 9
1025 151 1039 159 0.001099 9
852 117 867 136 0.001081 9
664 325 677 349 0.001080 9
342 166 353 198 0.001065 9
1119 172 1128 185 0.001054 9
839 119 852 135 0.001019 9
586 118 598 133 0.001016 9
211 167 217 176 0.001011 9
862 112 869 118 0.000992 9
991 283 1001 301 0.000987 9
805 184 814 197 0.000978 9
1101 138 1111 162 0.000954 9
1151 103 1169 134 0.000952 9
701 118 716 128 0.000915 9
499 171 513 187 0.000867 9
572 136 581 163 0.000857 9
1055 152 1063 164 0.000841 9
978 169 991 185 0.000834 9
861 639 874 677 0.000828 9
847 136 939 175 0.000828 9
1161 376 1166 382 0.000826 9
693 120 705 153 0.000825 9
265 215 275 231 0.000822 9
862 161 898 202 0.000791 9
1008 679 1024 703 0.000791 9
1106 135 1137 167 0.000755 9
1050 120 1058 136 0.000728 9
808 374 814 392 0.000715 9
903 567 912 586 0.000713 9
864 668 873 684 0.000693 9
1199 135 1205 183 0.000681 9
680 139 690 155 0.000675 9
248 176 257 191 0.000652 9
479 335 496 356 0.000644 9
904 123 912 136 0.000636 9
650 164 657 175 0.000635 9
1045 645 1057 681 0.000632 9
1073 150 1080 162 0.000626 9
352 161 367 192 0.000622 9
595 64 625 93 0.000601 9
1001 173 1008 187 0.000595 9
1126 161 1136 169 0.000591 9
580 64 597 93 0.000583 9
1146 342 1186 395 0.000583 9
1070 141 1098 207 0.000572 9
1206 166 1231 229 0.000568 9
670 316 681 336 0.000549 9
170 146 179 165 0.000538 9
785 113 834 159 0.000527 9
638 160 644 169 0.000527 9
952 173 960 185 0.000518 9
592 167 608 185 0.000514 9
1108 156 1118 168 0.000506 9
992 667 1001 683 0.000501 9
415 175 421 202 0.000501 9
1255 632 1264 645 0.000499 9
855 634 864 657 0.000499 9
255 114 263 127 0.000487 9
664 168 681 203 0.000487 9
894 118 905 137 0.000485 9
259 165 271 179 0.000483 9
697 148 709 175 0.000453 9
1150 149 1199 185 0.000441 9
384 149 396 161 0.000431 9
999 179 1008 206 0.000422 9
880 120 898 137 0.000408 9
974 189 981 200 0.000406 9
95 184 101 201 0.000399 9
764 134 811 154 0.000398 9
1119 162 1170 190 0.000397 9
909 151 961 185 0.000393 9
799 551 808 615 0.000388 9
579 301 593 316 0.000386 9
942 151 960 170 0.000366 9
1017 177 1025 185 0.000365 9
559 596 569 623 0.000360 9
701 121 719 154 0.000353 9
983 667 993 700 0.000349 9
638 167 654 183 0.000349 9
1223 162 1270 200 0.000345 9
208 66 252 87 0.000335 9
1165 374 1181 393 0.000335 9
574 273 607 341 0.000320 9
1170 149 1184 163 0.000320 9
1167 616 1184 647 0.000313 9
912 168 920 178 0.000307 9
1212 152 1223 163 0.000306 9
1081 172 1091 184 0.000303 9
762 68 785 138 0.000301 9
223 167 232 176 0.000300 9
1119 337 1136 385 0.000300 9
434 171 446 183 0.000286 9
903 535 912 553 0.000285 9
801 151 812 205 0.000284 9
712 166 718 177 0.000284 9
248 164 257 175 0.000278 9
960 175 966 185 0.000274 9
1030 686 1040 703 0.000271 9
1019 128 1040 161 0.000271 9
1049 113 1078 151 0.000268 9
309 102 326 163 0.000265 9
895 565 903 585 0.000261 9
823 175 858 211 0.000261 9
945 155 991 190 0.000259 9
898 136 938 152 0.000254 9
55 408 79 424 0.000253 9
660 310 690 368 0.000246 9
1044 170 1058 184 0.000243 9
938 133 958 151 0.000243 9
714 335 755 380 0.000242 9
824 677 831 687 0.000238 9
214 161 226 177 0.000235 9
69 176 79 199 0.000235 9
239 177 256 216 0.000234 9
0 142 9 203 0.000233 9
1086 122 1101 151 0.000227 9
292 176 309 198 0.000224 9
1215 584 1224 629 0.000221 9
1036 684 1052 703 0.000220 9
664 121 671 143 0.000218 9
1043 340 1054 359 0.000217 9
258 177 271 200 0.000215 9
1164 99 1200 136 0.000212 9
895 646 904 675 0.000205 9
699 174 711 187 0.000199 9
863 303 872 314 0.000199 9
575 520 585 528 0.000197 9
777 409 783 414 0.000194 9
750 364 759 376 0.000194 9
404 181 417 205 0.000191 9
591 528 600 534 0.000187 9
256 85 262 97 0.000186 9
653 172 661 194 0.000183 9
984 137 994 159 0.000183 9
681 295 716 352 0.000182 9
544 160 567 173 0.000176 9
446 156 495 218 0.000173 9
323 93 339 141 0.000171 9
461 180 479 199 0.000167 9
560 147 567 162 0.000165 9
1169 184 1181 201 0.000164 9
776 399 784 408 0.000162 9
416 171 441 203 0.000160 9
919 563 928 578 0.000157 9
1193 357 1209 381 0.000157 9
360 149 370 165 0.000154 9
161 374 176 392 0.000153 9
971 176 989 201 0.000150 9
739 361 753 376 0.000150 9
1017 170 1033 189 0.000147 9
719 164 728 179 0.000145 9
1036 134 1057 161 0.000145 9
1104 535 1119 582 0.000145 9
1002 160 1065 221 0.000145 9
928 77 944 120 0.000144 9
871 687 885 703 0.000144 9
1014 182 1028 212 0.000143 9
576 76 585 104 0.000142 9
594 124 603 142 0.000141 9
624 64 637 73 0.000139 9
800 632 807 641 0.000138 9
581 278 591 289 0.000138 9
240 100 247 115 0.000138 9
111 203 121 225 0.000138 9
1039 671 1048 680 0.000137 9
581 123 600 167 0.000136 9
1014 643 1057 692 0.000134 9
373 150 383 166 0.000133 9
970 123 982 136 0.000133 9
48 184 64 207 0.000132 9
600 338 610 362 0.000131 9
596 288 608 328 0.000130 9
574 520 587 555 0.000130 9
893 630 907 651 0.000129 9
1057 621 1064 634 0.000128 9
685 118 716 207 0.000128 9
57 126 64 143 0.000126 9
1036 107 1108 255 0.000126 9
1151 607 1160 632 0.000124 9
874 629 899 681 0.000123 9
985 558 1000 583 0.000122 9
1231 575 1240 587 0.000121 9
950 179 960 206 0.000121 9
831 370 848 392 0.000121 9
1055 675 1063 691 0.000120 9
1091 157 1235 224 0.000120 9
769 393 776 408 0.000119 9
727 150 736 159 0.000118 9
100 177 109 201 0.000117 9
1072 136 1088 165 0.000114 9
1038 598 1047 625 0.000114 9
748 344 788 387 0.000113 9
605 526 617 562 0.000112 9
1198 128 1226 190 0.000109 9
1005 173 1017 185 0.000108 9
669 152 678 168 0.000108 9
642 130 672 175 0.000105 9
651 128 661 144 0.000105 9
385 113 572 202 0.000103 9
95 198 102 208 0.000102 9
368 165 402 195 0.000102 9
1050 111 1083 146 0.021022 11
1182 193 1197 216 0.006679 11
