733 200 769 279 0.742499 0
921 189 950 267 0.712475 0
1153 199 1176 250 0.704888 0
823 191 854 267 0.668944 0
539 188 573 252 0.661571 0
1080 191 1099 252 0.337883 0
222 200 239 239 0.317671 0
614 152 626 169 0.066463 0
632 201 643 215 0.055995 0
1169 197 1184 244 0.044772 0
717 211 728 234 0.039404 0
957 372 980 427 0.036432 0
692 208 703 238 0.034068 0
199 207 207 224 0.028603 0
212 197 221 227 0.028341 0
966 372 978 390 0.023513 0
643 676 671 703 0.021381 0
1016 205 1024 224 0.020532 0
1112 194 1120 203 0.016510 0
743 199 753 214 0.014980 0
511 191 523 210 0.013847 0
783 198 793 215 0.013786 0
751 463 761 472 0.013398 0
1000 382 1023 406 0.013091 0
1119 312 1129 343 0.012770 0
605 151 633 199 0.012631 0
942 206 962 263 0.012344 0
1145 309 1168 344 0.012265 0
1071 484 1080 499 0.011856 0
1250 191 1260 217 0.010469 0
976 368 985 391 0.010094 0
737 200 746 215 0.009759 0
1180 214 1191 243 0.009747 0
1015 387 1023 400 0.009376 0
789 330 809 344 0.008733 0
757 200 769 225 0.008388 0
1039 205 1050 230 0.008102 0
984 373 992 391 0.007892 0
1191 384 1205 401 0.007704 0
1134 446 1143 464 0.007651 0
864 440 875 455 0.007253 0
1016 456 1025 465 0.006901 0
1199 502 1209 512 0.006177 0
832 191 851 215 0.006064 0
638 160 645 186 0.005933 0
575 424 584 432 0.005698 0
1272 199 1279 238 0.005653 0
1 64 253 209 0.005381 0
986 679 1019 703 0.005345 0
1251 214 1265 235 0.005230 0
643 199 653 215 0.005167 0
1208 504 1216 513 0.004936 0
974 369 996 418 0.004834 0
913 455 928 484 0.004828 0
1157 498 1169 510 0.004823 0
1103 312 1112 327 0.004819 0
1056 488 1066 497 0.004577 0
1191 497 1200 504 0.004573 0
1176 494 1185 505 0.004500 0
842 214 868 266 0.004436 0
1055 219 1077 261 0.004434 0
558 180 576 201 0.004039 0
1215 200 1227 233 0.004003 0
1007 455 1016 465 0.003737 0
992 456 999 464 0.003279 0
607 447 624 463 0.003195 0
893 199 907 240 0.003154 0
1119 441 1130 474 0.003064 0
509 189 532 250 0.003009 0
670 207 678 229 0.002544 0
1023 481 1065 502 0.002494 0
1031 488 1039 502 0.002458 0
853 463 865 475 0.002446 0
1022 456 1032 464 0.002403 0
886 472 896 484 0.002367 0
895 326 904 343 0.002366 0
1213 495 1234 511 0.002365 0
1100 313 1119 346 0.002349 0
990 205 998 227 0.002342 0
934 390 944 409 0.002318 0
983 445 993 455 0.002261 0
1008 476 1015 493 0.002245 0
1208 168 1216 201 0.002217 0
973 208 985 231 0.002206 0
682 199 692 216 0.002176 0
1045 481 1056 490 0.002100 0
464 202 476 250 0.002054 0
1152 439 1158 452 0.002042 0
1181 164 1203 219 0.002037 0
751 421 768 441 0.002029 0
575 430 592 448 0.002018 0
968 455 976 463 0.001990 0
980 351 992 378 0.001940 0
822 328 848 345 0.001937 0
960 341 967 351 0.001936 0
944 346 961 393 0.001932 0
1241 196 1249 219 0.001906 0
1127 446 1134 460 0.001890 0
1064 461 1071 471 0.001889 0
1086 487 1097 504 0.001871 0
1176 344 1194 359 0.001867 0
1030 451 1040 464 0.001836 0
1094 449 1104 471 0.001835 0
376 185 385 201 0.001806 0
541 188 552 220 0.001793 0
1216 190 1223 203 0.001773 0
242 195 254 216 0.001762 0
331 64 496 209 0.001670 0
1103 488 1120 505 0.001667 0
983 455 993 463 0.001661 0
1000 455 1008 464 0.001637 0
621 186 634 200 0.001637 0
1135 346 1143 359 0.001597 0
663 462 672 471 0.001554 0
584 424 592 435 0.001547 0
902 335 923 349 0.001541 0
215 183 232 212 0.001530 0
1071 499 1081 511 0.001492 0
632 163 641 190 0.001491 0
991 445 1001 458 0.001491 0
1247 471 1263 500 0.001490 0
950 344 960 360 0.001479 0
116 64 231 101 0.001473 0
470 203 478 219 0.001467 0
457 202 465 215 0.001462 0
983 209 1007 249 0.001433 0
1231 461 1243 486 0.001392 0
911 238 930 296 0.001386 0
1255 198 1279 269 0.001369 0
960 455 969 464 0.001360 0
835 468 848 479 0.001333 0
316 197 334 231 0.001330 0
878 439 887 456 0.001304 0
649 408 656 424 0.001281 0
933 189 945 216 0.001265 0
478 197 487 216 0.001261 0
940 353 1024 421 0.001257 0
1008 431 1015 440 0.001249 0
862 209 874 238 0.001242 0
799 440 807 448 0.001241 0
705 454 720 469 0.001225 0
264 197 275 232 0.001222 0
1142 484 1170 509 0.001215 0
464 199 472 215 0.001211 0
1129 499 1137 508 0.001205 0
1183 205 1231 265 0.001202 0
823 544 833 577 0.001201 0
725 203 743 235 0.001170 0
1215 191 1268 268 0.001155 0
465 425 497 448 0.001153 0
953 380 967 403 0.001152 0
950 456 960 465 0.001147 0
1094 491 1105 505 0.001119 0
719 425 727 440 0.001109 0
921 189 936 216 0.001088 0
823 464 832 472 0.001083 0
895 472 914 486 0.001080 0
604 170 618 184 0.001078 0
895 416 904 436 0.001072 0
1040 455 1048 464 0.001069 0
793 327 816 391 0.001068 0
1240 454 1256 472 0.001067 0
960 440 967 452 0.001061 0
1152 449 1166 459 0.001050 0
936 455 943 464 0.001019 0
862 467 872 478 0.000997 0
961 205 995 262 0.000974 0
1014 477 1026 489 0.000956 0
314 64 368 197 0.000935 0
682 167 690 195 0.000926 0
724 422 737 440 0.000862 0
924 448 936 457 0.000856 0
880 407 897 440 0.000831 0
1155 470 1168 479 0.000829 0
832 479 841 489 0.000822 0
989 385 1009 421 0.000813 0
723 189 899 285 0.000805 0
366 208 374 231 0.000800 0
1158 425 1168 445 0.000796 0
1008 445 1026 466 0.000783 0
867 333 884 344 0.000778 0
1179 358 1207 403 0.000775 0
1074 455 1094 472 0.000773 0
965 444 976 458 0.000755 0
1035 279 1059 335 0.000732 0
1123 64 1152 73 0.000731 0
0 64 21 208 0.000731 0
1231 458 1240 468 0.000708 0
804 184 816 219 0.000708 0
639 443 648 458 0.000700 0
783 313 841 344 0.000695 0
1000 432 1008 440 0.000693 0
654 197 661 216 0.000688 0
1135 501 1144 509 0.000672 0
659 556 672 599 0.000664 0
991 362 1000 385 0.000643 0
1175 391 1184 409 0.000643 0
905 337 926 391 0.000638 0
1239 449 1247 462 0.000629 0
1023 379 1030 393 0.000622 0
1175 410 1183 423 0.000621 0
1072 462 1080 471 0.000618 0
898 373 982 460 0.000613 0
1060 468 1090 502 0.000609 0
1025 374 1041 409 0.000594 0
973 685 994 703 0.000587 0
1071 385 1079 403 0.000584 0
862 437 886 479 0.000581 0
614 424 623 434 0.000575 0
661 422 671 435 0.000573 0
1199 402 1211 424 0.000563 0
1168 412 1177 423 0.000558 0
773 197 794 237 0.000551 0
1080 402 1089 411 0.000550 0
1043 278 1058 295 0.000545 0
156 205 174 223 0.000544 0
454 189 481 300 0.000539 0
734 327 744 338 0.000529 0
1223 407 1231 424 0.000525 0
648 158 657 179 0.000521 0
778 227 792 238 0.000520 0
351 188 358 199 0.000520 0
632 471 640 478 0.000519 0
737 421 799 461 0.000517 0
718 443 732 470 0.000514 0
704 423 720 448 0.000511 0
924 455 944 484 0.000510 0
223 391 240 408 0.000510 0
847 197 866 225 0.000503 0
1164 470 1178 479 0.000492 0
735 462 745 471 0.000491 0
385 196 396 206 0.000485 0
345 182 353 199 0.000483 0
891 442 904 456 0.000481 0
1119 394 1128 410 0.000481 0
95 276 114 313 0.000480 0
1150 391 1158 399 0.000475 0
583 586 592 615 0.000474 0
1123 345 1136 359 0.000473 0
959 421 976 448 0.000467 0
431 519 440 555 0.000463 0
535 631 545 673 0.000456 0
736 449 744 457 0.000456 0
1223 467 1232 485 0.000456 0
920 685 928 703 0.000456 0
235 213 254 239 0.000442 0
1095 545 1104 566 0.000440 0
918 389 929 407 0.000427 0
0 240 12 294 0.000422 0
609 424 624 455 0.000421 0
858 217 886 273 0.000415 0
768 438 801 454 0.000413 0
0 502 32 610 0.000407 0
703 318 720 365 0.000406 0
1080 430 1087 441 0.000405 0
1170 456 1184 472 0.000405 0
1090 329 1109 345 0.000403 0
1076 331 1091 344 0.000401 0
999 339 1008 359 0.000396 0
1143 388 1153 403 0.000392 0
665 184 671 216 0.000388 0
352 64 496 96 0.000384 0
1008 505 1018 522 0.000380 0
927 352 945 382 0.000379 0
287 213 324 338 0.000376 0
884 392 896 407 0.000367 0
1210 478 1262 511 0.000367 0
1216 407 1223 426 0.000366 0
350 167 367 199 0.000365 0
1062 195 1082 227 0.000365 0
993 182 1009 222 0.000362 0
331 186 342 199 0.000362 0
1120 405 1128 422 0.000352 0
817 414 840 439 0.000350 0
879 318 889 338 0.000350 0
801 628 816 697 0.000344 0
503 312 513 336 0.000342 0
1223 452 1232 471 0.000340 0
990 358 1024 389 0.000327 0
1062 394 1076 413 0.000320 0
1153 475 1170 493 0.000318 0
1038 384 1051 411 0.000318 0
984 482 990 487 0.000317 0
627 449 640 461 0.000317 0
1024 479 1158 510 0.000314 0
770 312 786 343 0.000313 0
559 584 568 623 0.000309 0
1014 324 1024 344 0.000305 0
1239 423 1247 440 0.000303 0
62 254 82 264 0.000301 0
1263 695 1276 703 0.000300 0
687 425 697 442 0.000300 0
1247 420 1253 430 0.000300 0
1045 455 1057 466 0.000298 0
199 254 208 276 0.000298 0
1075 404 1090 449 0.000297 0
208 392 224 410 0.000297 0
933 409 944 432 0.000290 0
437 192 445 203 0.000288 0
13 428 29 448 0.000285 0
111 224 118 239 0.000285 0
270 385 288 400 0.000283 0
88 237 131 328 0.000282 0
1109 450 1119 470 0.000280 0
942 671 953 700 0.000280 0
1088 418 1104 464 0.000279 0
1217 453 1223 466 0.000277 0
680 171 701 215 0.000276 0
1215 368 1223 380 0.000275 0
837 439 848 449 0.000274 0
1095 501 1105 510 0.000273 0
248 214 255 229 0.000272 0
1149 456 1163 473 0.000271 0
1112 185 1129 207 0.000268 0
0 563 17 702 0.000266 0
795 443 816 463 0.000263 0
895 279 911 311 0.000260 0
680 384 688 394 0.000259 0
355 213 369 276 0.000258 0
567 195 583 217 0.000255 0
797 425 811 449 0.000255 0
1162 371 1186 424 0.000250 0
959 454 976 481 0.000250 0
847 694 882 703 0.000249 0
719 325 730 342 0.000248 0
769 174 778 191 0.000246 0
1006 465 1053 493 0.000244 0
1197 358 1208 376 0.000243 0
999 335 1008 343 0.000242 0
1263 365 1279 506 0.000242 0
478 179 500 215 0.000240 0
938 379 964 437 0.000238 0
758 406 943 485 0.000236 0
1253 482 1279 698 0.000235 0
193 187 202 209 0.000234 0
1194 382 1233 426 0.000234 0
1007 191 1056 229 0.000228 0
816 446 826 456 0.000227 0
487 472 496 482 0.000226 0
801 417 809 423 0.000226 0
933 437 944 452 0.000224 0
592 407 609 435 0.000217 0
1049 391 1067 415 0.000216 0
0 375 28 490 0.000216 0
373 639 392 689 0.000212 0
274 213 289 265 0.000211 0
807 541 816 570 0.000211 0
1223 359 1280 432 0.000209 0
398 185 407 204 0.000205 0
255 64 336 188 0.000204 0
950 439 965 462 0.000202 0
1038 408 1057 459 0.000202 0
1148 376 1173 400 0.000202 0
15 408 55 437 0.000200 0
183 197 191 206 0.000200 0
1024 431 1031 440 0.000199 0
156 94 212 217 0.000199 0
1012 424 1025 441 0.000198 0
0 184 6 204 0.000198 0
1063 387 1122 462 0.000198 0
951 495 959 503 0.000197 0
487 464 496 474 0.000197 0
1070 64 1079 70 0.000196 0
910 438 941 456 0.000196 0
192 184 219 223 0.000196 0
698 328 703 338 0.000195 0
95 151 108 176 0.000192 0
566 409 592 436 0.000191 0
1076 327 1122 361 0.000191 0
882 328 899 344 0.000190 0
572 585 585 625 0.000190 0
1098 399 1103 407 0.000189 0
110 377 147 432 0.000188 0
932 375 944 390 0.000188 0
800 463 817 473 0.000186 0
895 391 904 406 0.000186 0
1191 470 1199 479 0.000184 0
568 537 576 553 0.000183 0
951 683 970 703 0.000183 0
361 186 376 200 0.000182 0
172 310 209 404 0.000182 0
1055 374 1067 391 0.000181 0
1084 348 1097 360 0.000180 0
0 212 23 403 0.000179 0
662 292 693 372 0.000178 0
503 454 512 472 0.000177 0
664 481 673 488 0.000175 0
1247 354 1268 401 0.000175 0
1206 454 1219 470 0.000174 0
0 403 79 634 0.000173 0
1039 435 1099 473 0.000173 0
391 423 399 437 0.000171 0
317 246 336 367 0.000168 0
375 586 384 619 0.000166 0
1157 410 1168 424 0.000166 0
855 431 872 441 0.000166 0
1187 455 1199 472 0.000163 0
1263 495 1279 562 0.000160 0
1036 402 1049 427 0.000160 0
833 690 850 703 0.000160 0
1119 378 1128 393 0.000159 0
850 286 865 336 0.000159 0
1059 426 1073 441 0.000157 0
1034 64 1153 220 0.000156 0
432 171 446 200 0.000156 0
911 199 928 252 0.000155 0
1263 407 1277 423 0.000155 0
991 463 1000 471 0.000154 0
863 293 881 340 0.000154 0
575 268 598 319 0.000153 0
945 327 962 351 0.000153 0
776 400 784 408 0.000152 0
1215 473 1224 482 0.000152 0
1212 441 1224 456 0.000150 0
816 438 836 449 0.000148 0
810 451 832 471 0.000148 0
1138 439 1153 458 0.000145 0
576 365 592 392 0.000145 0
1248 423 1265 457 0.000144 0
68 64 167 78 0.000144 0
1071 426 1082 442 0.000143 0
1026 360 1039 375 0.000142 0
1023 408 1038 439 0.000141 0
903 535 912 579 0.000140 0
935 431 944 441 0.000140 0
1183 443 1192 459 0.000138 0
775 409 783 415 0.000134 0
34 64 77 203 0.000134 0
1135 398 1145 408 0.000132 0
519 392 532 427 0.000131 0
538 375 611 438 0.000131 0
1264 316 1279 358 0.000130 0
1105 273 1168 347 0.000130 0
889 280 932 348 0.000129 0
808 695 817 703 0.000127 0
1222 442 1232 457 0.000126 0
929 326 944 345 0.000126 0
1270 419 1279 444 0.000125 0
613 358 624 375 0.000124 0
17 487 55 568 0.000123 0
158 379 177 423 0.000122 0
1230 128 1280 187 0.000122 0
240 397 249 407 0.000121 0
1237 442 1277 485 0.000121 0
991 413 1012 441 0.000121 0
1237 409 1253 429 0.000120 0
676 353 689 372 0.000120 0
207 394 225 464 0.000119 0
430 217 440 225 0.000119 0
1071 337 1101 402 0.000118 0
173 185 185 213 0.000117 0
629 362 640 381 0.000117 0
752 311 768 335 0.000117 0
491 407 554 433 0.000116 0
467 173 563 252 0.000116 0
511 338 521 351 0.000116 0
894 406 917 426 0.000115 0
634 420 703 467 0.000111 0
845 620 871 688 0.000111 0
591 528 602 549 0.000110 0
619 188 787 275 0.000109 0
952 474 978 489 0.000108 0
1225 227 1279 394 0.000107 0
320 373 336 391 0.000107 0
687 303 704 342 0.000106 0
284 182 326 234 0.000105 0
548 64 560 74 0.000105 0
111 202 121 232 0.000105 0
590 373 609 414 0.000105 0
599 559 608 569 0.000104 0
736 469 744 479 0.000104 0
1059 258 1072 295 0.000103 0
240 385 261 407 0.000103 0
884 692 908 703 0.000102 0
798 407 815 425 0.000101 0
1072 337 1085 358 0.000101 0
687 351 695 363 0.000101 0
1133 431 1144 445 0.000101 0
832 420 856 450 0.000100 0
31 257 48 293 0.000100 0
958 331 977 346 0.000100 0
1149 229 1177 262 0.677169 1
732 230 764 294 0.565587 1
918 218 961 273 0.397033 1
801 223 832 261 0.300322 1
1055 222 1092 261 0.078706 1
1085 218 1098 252 0.022559 1
17 220 72 257 0.018446 1
1144 308 1169 344 0.011308 1
690 213 703 238 0.009390 1
78 235 99 256 0.008363 1
814 213 829 239 0.007499 1
945 226 991 270 0.006894 1
56 222 91 249 0.006432 1
949 274 960 303 0.006241 1
823 227 852 267 0.005955 1
865 247 896 287 0.005465 1
0 235 38 258 0.005286 1
0 241 6 258 0.004780 1
1174 224 1184 246 0.004414 1
912 236 932 297 0.003686 1
1184 227 1223 264 0.003082 1
975 240 987 270 0.002390 1
109 236 160 258 0.002385 1
1024 320 1057 336 0.002061 1
1055 248 1075 262 0.001835 1
743 233 863 280 0.001499 1
842 216 871 280 0.001299 1
132 216 147 236 0.001101 1
149 235 184 259 0.001021 1
840 250 849 266 0.001003 1
893 264 915 295 0.000923 1
31 214 41 231 0.000915 1
1204 203 1262 267 0.000870 1
208 225 242 264 0.000627 1
752 196 1030 294 0.000626 1
1140 304 1260 376 0.000597 1
1073 217 1161 251 0.000563 1
758 246 786 280 0.000557 1
969 259 979 271 0.000479 1
1181 176 1224 221 0.000414 1
662 227 768 350 0.000387 1
78 217 95 235 0.000351 1
1202 253 1234 277 0.000339 1
215 223 227 239 0.000286 1
1044 278 1065 295 0.000277 1
729 222 752 248 0.000267 1
925 280 945 312 0.000216 1
1123 326 1148 344 0.000200 1
814 262 829 283 0.000197 1
789 268 800 280 0.000187 1
1049 220 1274 310 0.000177 1
512 231 532 247 0.000165 1
0 206 192 298 0.000127 1
333 235 352 255 0.000113 1
0 368 79 528 0.672152 2
690 204 728 235 0.039441 2
304 185 322 198 0.027539 2
1113 220 1136 239 0.023256 2
532 204 547 219 0.020875 2
549 173 579 203 0.020220 2
1004 198 1040 228 0.019791 2
875 198 913 244 0.015420 2
631 383 656 395 0.014694 2
319 203 331 231 0.014365 2
574 445 592 458 0.012308 2
821 328 848 344 0.012115 2
463 421 496 447 0.009998 2
1103 487 1116 496 0.009026 2
482 196 517 216 0.007888 2
159 403 176 423 0.007381 2
938 200 960 238 0.007208 2
1099 222 1120 248 0.006919 2
592 448 608 458 0.006796 2
432 422 463 443 0.006207 2
647 455 656 461 0.005740 2
663 453 683 463 0.005481 2
588 183 622 203 0.005332 2
1119 488 1134 497 0.005288 2
1260 198 1275 212 0.005246 2
849 469 866 478 0.004717 2
599 464 608 471 0.004499 2
590 197 644 215 0.004328 2
607 447 624 462 0.004163 2
837 469 848 478 0.003895 2
984 215 1026 252 0.003537 2
100 400 163 426 0.003428 2
680 198 692 216 0.003385 2
1247 471 1264 483 0.003368 2
357 216 368 228 0.002921 2
902 456 913 463 0.002710 2
293 179 309 198 0.002676 2
613 459 671 472 0.002636 2
916 473 928 482 0.002562 2
657 431 677 440 0.002514 2
924 455 937 463 0.002509 2
866 177 935 205 0.002497 2
593 423 608 434 0.002439 2
1263 249 1279 270 0.002214 2
892 480 910 487 0.002197 2
1006 217 1024 231 0.002168 2
982 206 995 228 0.002114 2
959 481 973 487 0.002027 2
912 203 990 268 0.001978 2
803 185 854 231 0.001963 2
1113 217 1181 248 0.001921 2
1030 321 1056 335 0.001911 2
657 453 667 462 0.001759 2
832 472 840 479 0.001745 2
456 204 465 216 0.001721 2
1177 381 1185 391 0.001711 2
599 319 608 329 0.001669 2
503 327 512 335 0.001643 2
1015 337 1024 344 0.001521 2
973 217 985 233 0.001409 2
691 462 704 470 0.001403 2
1054 221 1065 235 0.001320 2
1263 349 1279 361 0.001302 2
495 240 528 251 0.001239 2
968 480 985 487 0.001212 2
323 199 378 232 0.001178 2
623 324 666 360 0.001167 2
204 398 223 415 0.001102 2
1263 168 1279 181 0.001091 2
0 256 49 281 0.001077 2
1263 279 1279 295 0.001059 2
682 452 702 464 0.001009 2
607 201 617 215 0.000991 2
627 192 644 202 0.000966 2
1168 381 1180 392 0.000953 2
111 409 128 426 0.000941 2
1264 366 1279 406 0.000900 2
0 560 32 617 0.000885 2
176 402 193 418 0.000881 2
1121 64 1152 75 0.000875 2
750 458 798 473 0.000859 2
573 424 609 457 0.000840 2
1068 320 1124 345 0.000809 2
72 393 305 472 0.000784 2
127 409 138 426 0.000764 2
1102 160 1216 239 0.000739 2
315 189 341 199 0.000725 2
847 694 883 703 0.000680 2
168 394 224 444 0.000662 2
0 278 21 295 0.000632 2
496 433 515 447 0.000626 2
20 200 35 206 0.000619 2
0 504 32 563 0.000593 2
587 164 628 192 0.000575 2
624 454 641 463 0.000567 2
951 696 984 703 0.000560 2
273 184 294 192 0.000550 2
920 180 945 200 0.000511 2
600 458 624 470 0.000510 2
862 215 886 243 0.000507 2
1224 163 1279 182 0.000495 2
737 430 769 457 0.000489 2
674 423 689 434 0.000487 2
671 463 682 471 0.000469 2
640 430 656 441 0.000455 2
1247 345 1260 355 0.000451 2
1108 490 1138 509 0.000449 2
429 222 439 230 0.000437 2
1149 470 1165 479 0.000432 2
386 197 397 206 0.000431 2
723 463 738 471 0.000429 2
0 368 43 419 0.000424 2
491 408 516 424 0.000411 2
1127 327 1146 341 0.000407 2
633 374 692 393 0.000398 2
1186 374 1269 417 0.000374 2
1026 310 1094 332 0.000370 2
639 437 697 463 0.000369 2
1100 193 1122 211 0.000363 2
1165 251 1279 361 0.000360 2
1029 194 1071 231 0.000358 2
1097 205 1122 226 0.000358 2
710 312 752 344 0.000354 2
714 438 736 457 0.000350 2
863 335 883 343 0.000348 2
1072 327 1089 342 0.000328 2
3 237 617 400 0.000306 2
879 456 888 464 0.000300 2
646 388 666 402 0.000300 2
838 493 848 504 0.000295 2
410 395 511 445 0.000293 2
814 472 826 477 0.000282 2
316 407 353 444 0.000281 2
708 336 738 360 0.000280 2
636 389 688 426 0.000279 2
596 272 692 371 0.000269 2
598 362 624 376 0.000263 2
775 471 793 477 0.000262 2
926 456 973 464 0.000255 2
469 151 524 170 0.000254 2
1054 464 1066 472 0.000254 2
503 311 529 351 0.000228 2
383 453 416 471 0.000222 2
675 387 688 398 0.000218 2
1248 179 1279 215 0.000218 2
540 436 589 456 0.000214 2
819 360 832 375 0.000210 2
852 439 869 454 0.000209 2
1167 471 1186 479 0.000208 2
912 448 929 459 0.000206 2
805 472 816 477 0.000205 2
516 232 538 249 0.000196 2
686 440 703 453 0.000196 2
798 464 812 472 0.000192 2
660 382 674 393 0.000191 2
1235 504 1248 510 0.000191 2
271 382 288 399 0.000188 2
960 198 990 229 0.000182 2
320 407 340 413 0.000182 2
658 171 693 216 0.000168 2
1156 376 1195 407 0.000165 2
353 188 374 199 0.000160 2
471 190 480 204 0.000159 2
1007 299 1023 311 0.000158 2
71 427 80 444 0.000155 2
111 390 131 406 0.000154 2
358 408 368 415 0.000151 2
772 694 809 703 0.000148 2
0 512 12 531 0.000147 2
624 427 632 438 0.000145 2
1142 312 1200 357 0.000144 2
0 420 27 470 0.000144 2
656 329 676 350 0.000140 2
535 173 623 240 0.000137 2
830 417 847 424 0.000132 2
953 187 1063 264 0.000131 2
198 388 622 472 0.000129 2
913 200 930 242 0.000129 2
304 409 325 447 0.000128 2
798 496 808 503 0.000125 2
1021 332 1034 343 0.000122 2
1252 308 1279 366 0.000121 2
789 331 848 363 0.000117 2
624 377 638 384 0.000115 2
1166 183 1199 218 0.000114 2
1217 273 1280 307 0.000112 2
320 448 390 472 0.000106 2
509 398 547 429 0.000105 2
782 414 796 424 0.000103 2
479 166 581 216 0.016996 5
1183 165 1279 268 0.009590 5
829 135 938 169 0.001323 5
447 155 519 171 0.000772 5
1005 184 1049 214 0.000665 5
949 197 1254 282 0.000190 5
1224 177 1278 208 0.000171 5
661 246 1279 488 0.028458 6
1023 468 1274 510 0.009419 6
461 167 580 213 0.005541 6
1051 171 1279 385 0.001887 6
326 390 710 464 0.000891 6
818 135 938 222 0.000741 6
1220 162 1279 218 0.000557 6
674 387 947 480 0.000508 6
1026 401 1265 472 0.000505 6
1165 277 1279 360 0.000503 6
812 452 1103 488 0.000420 6
557 256 956 471 0.000401 6
333 65 623 244 0.000306 6
1102 162 1208 204 0.000218 6
703 412 770 468 0.000168 6
165 64 329 95 0.000147 6
709 191 983 287 0.000146 6
36 387 611 472 0.000133 6
627 383 703 467 0.000128 6
153 172 273 228 0.000120 6
1187 64 1280 272 0.000103 6
1024 342 1239 416 0.000100 6
865 177 935 243 0.132508 7
588 184 621 213 0.028896 7
1003 196 1054 229 0.010569 7
1182 168 1280 268 0.007043 7
534 171 580 205 0.006933 7
479 170 521 216 0.002931 7
693 184 730 233 0.002867 7
702 301 768 344 0.002522 7
1048 266 1280 360 0.001346 7
1111 183 1179 250 0.001220 7
305 198 385 237 0.000860 7
728 152 810 206 0.000705 7
1102 164 1150 206 0.000652 7
751 452 839 476 0.000425 7
1184 375 1262 427 0.000422 7
1263 169 1279 209 0.000361 7
1253 203 1279 270 0.000359 7
439 164 581 258 0.000355 7
597 271 694 374 0.000307 7
0 368 79 530 0.000201 7
761 236 849 345 0.000192 7
1160 303 1238 357 0.000191 7
542 154 660 207 0.000179 7
820 124 983 266 0.000105 7
240 459 328 506 0.000105 7
1089 150 1103 178 0.602840 9
512 151 524 179 0.271656 9
1207 170 1215 186 0.065629 9
863 165 870 184 0.038389 9
365 167 374 188 0.037999 9
1215 167 1224 183 0.032236 9
448 157 490 170 0.032190 9
372 167 381 184 0.029057 9
239 178 246 190 0.028633 9
1013 136 1025 169 0.026025 9
313 152 341 194 0.025388 9
895 154 907 176 0.021964 9
1227 163 1247 183 0.020976 9
868 153 880 176 0.020586 9
988 679 1008 703 0.019493 9
878 154 889 169 0.019282 9
119 64 159 76 0.014447 9
680 167 687 183 0.013220 9
523 183 536 196 0.010662 9
1192 384 1206 401 0.010518 9
171 64 202 91 0.008053 9
224 183 231 192 0.007799 9
1191 163 1201 186 0.005947 9
695 177 704 199 0.005810 9
111 151 128 164 0.005489 9
257 179 262 190 0.005058 9
510 168 550 199 0.004576 9
690 168 697 182 0.004532 9
587 169 594 185 0.004431 9
548 171 578 201 0.004414 9
1198 391 1208 416 0.004150 9
544 168 551 182 0.004089 9
885 155 897 176 0.003997 9
516 191 527 202 0.003951 9
94 152 104 176 0.003740 9
1047 155 1056 173 0.003703 9
159 64 179 92 0.003550 9
215 183 226 193 0.003313 9
665 179 671 198 0.003165 9
814 142 824 155 0.003151 9
1182 162 1205 225 0.002754 9
1153 164 1167 184 0.002725 9
809 167 817 179 0.002669 9
462 162 474 183 0.002565 9
167 64 176 76 0.002509 9
240 164 247 180 0.002380 9
257 144 267 160 0.002307 9
970 175 976 185 0.002254 9
1025 127 1040 162 0.002158 9
1022 160 1029 169 0.001964 9
1104 164 1147 185 0.001964 9
312 79 367 198 0.001959 9
811 158 858 181 0.001949 9
1097 131 1105 160 0.001900 9
1204 407 1215 421 0.001803 9
806 627 816 677 0.001774 9
664 294 672 315 0.001727 9
1049 110 1083 146 0.001708 9
802 141 810 156 0.001682 9
569 161 580 178 0.001677 9
1145 165 1154 185 0.001654 9
701 118 718 128 0.001645 9
447 151 580 216 0.001547 9
951 346 959 360 0.001541 9
158 205 169 231 0.001529 9
845 151 858 166 0.001502 9
1097 129 1105 138 0.001466 9
960 135 978 161 0.001409 9
661 152 671 173 0.001356 9
463 256 478 304 0.001344 9
927 151 937 169 0.001337 9
1081 173 1088 183 0.001317 9
1038 628 1057 700 0.001282 9
1151 103 1169 134 0.001240 9
1055 153 1064 169 0.001233 9
698 142 704 152 0.001201 9
992 145 1000 169 0.001200 9
485 173 496 183 0.001200 9
1103 677 1120 696 0.001163 9
767 71 784 136 0.001149 9
849 164 870 211 0.001107 9
845 118 867 136 0.001102 9
248 176 257 191 0.001044 9
823 544 833 577 0.001038 9
1171 149 1184 163 0.001025 9
840 119 851 133 0.001010 9
999 134 1011 173 0.001004 9
1007 504 1017 520 0.000909 9
999 182 1008 195 0.000868 9
1199 135 1205 180 0.000867 9
1056 115 1066 130 0.000862 9
662 295 681 351 0.000817 9
580 64 596 90 0.000802 9
343 165 353 199 0.000801 9
856 283 862 294 0.000800 9
315 89 332 158 0.000792 9
672 317 681 328 0.000780 9
943 168 960 185 0.000776 9
1214 372 1222 386 0.000759 9
832 142 849 162 0.000746 9
213 164 224 177 0.000744 9
415 173 423 203 0.000729 9
703 161 711 179 0.000728 9
352 162 363 192 0.000728 9
575 274 607 334 0.000702 9
374 184 385 200 0.000665 9
67 170 81 200 0.000647 9
903 633 912 663 0.000645 9
1005 679 1023 703 0.000626 9
689 120 706 153 0.000587 9
95 184 101 200 0.000572 9
663 168 683 208 0.000561 9
579 301 593 317 0.000552 9
1144 376 1151 385 0.000537 9
385 149 395 161 0.000536 9
1160 376 1167 383 0.000513 9
742 361 750 374 0.000512 9
904 66 935 120 0.000470 9
807 167 836 215 0.000467 9
260 166 271 179 0.000458 9
165 246 192 275 0.000455 9
494 168 517 193 0.000455 9
783 114 827 136 0.000450 9
927 109 936 120 0.000435 9
596 64 624 92 0.000433 9
1150 124 1161 134 0.000430 9
861 158 905 184 0.000430 9
503 312 513 334 0.000412 9
638 64 664 83 0.000394 9
828 135 922 177 0.000383 9
1071 156 1093 196 0.000380 9
221 167 231 176 0.000373 9
586 118 598 133 0.000371 9
433 171 446 193 0.000362 9
967 559 976 576 0.000360 9
1153 147 1199 185 0.000358 9
572 135 581 163 0.000341 9
871 120 878 131 0.000339 9
220 176 248 193 0.000338 9
938 134 959 151 0.000330 9
855 634 864 656 0.000320 9
479 335 496 358 0.000319 9
1179 377 1252 426 0.000319 9
861 111 869 119 0.000311 9
686 299 702 341 0.000310 9
800 586 808 616 0.000310 9
1038 169 1049 184 0.000310 9
375 150 383 168 0.000308 9
596 149 610 168 0.000306 9
1205 148 1220 193 0.000302 9
943 151 959 168 0.000292 9
651 163 664 201 0.000289 9
800 631 807 642 0.000289 9
807 371 815 392 0.000285 9
580 278 591 290 0.000284 9
1102 131 1138 164 0.000284 9
1110 151 1120 161 0.000279 9
751 362 759 375 0.000278 9
1007 173 1016 184 0.000278 9
892 135 937 157 0.000269 9
1097 156 1114 200 0.000266 9
1123 370 1136 389 0.000266 9
1121 64 1152 75 0.000261 9
860 631 902 682 0.000260 9
239 176 256 216 0.000260 9
989 118 999 142 0.000252 9
1199 654 1209 682 0.000243 9
957 423 969 445 0.000241 9
951 549 960 567 0.000222 9
894 624 907 665 0.000221 9
999 124 1007 135 0.000221 9
807 541 816 564 0.000220 9
896 148 934 181 0.000216 9
1006 612 1025 692 0.000214 9
1255 630 1264 648 0.000213 9
198 255 209 290 0.000199 9
914 165 928 180 0.000198 9
587 122 601 161 0.000195 9
247 163 257 175 0.000194 9
1020 169 1032 184 0.000192 9
0 514 32 563 0.000186 9
659 555 672 599 0.000186 9
976 168 992 185 0.000186 9
1073 150 1080 165 0.000185 9
1044 126 1106 197 0.000185 9
458 177 482 206 0.000184 9
735 626 744 646 0.000182 9
255 107 262 127 0.000180 9
1184 635 1191 650 0.000180 9
983 555 997 576 0.000176 9
1003 148 1065 187 0.000174 9
816 346 823 360 0.000173 9
1023 362 1040 386 0.000171 9
597 134 605 143 0.000169 9
789 137 802 153 0.000168 9
861 653 873 676 0.000163 9
702 117 721 166 0.000160 9
208 67 238 87 0.000160 9
543 160 573 175 0.000157 9
258 174 271 197 0.000156 9
967 630 977 671 0.000154 9
870 633 881 651 0.000153 9
904 127 912 137 0.000153 9
680 148 690 166 0.000150 9
644 152 658 174 0.000148 9
799 126 834 153 0.000148 9
596 292 608 329 0.000147 9
982 668 996 693 0.000145 9
559 511 569 532 0.000144 9
944 553 952 569 0.000142 9
1024 120 1035 128 0.000141 9
887 344 895 373 0.000136 9
864 302 873 322 0.000136 9
576 81 585 96 0.000135 9
0 142 9 204 0.000135 9
1150 344 1168 360 0.000133 9
405 182 417 205 0.000130 9
671 274 688 287 0.000129 9
1167 630 1184 666 0.000129 9
974 189 981 201 0.000128 9
684 117 717 222 0.000128 9
553 249 600 293 0.000123 9
992 180 1005 218 0.000123 9
851 667 877 695 0.000122 9
1176 616 1182 622 0.000121 9
1105 164 1187 228 0.000120 9
1213 129 1250 185 0.000118 9
1210 151 1223 163 0.000116 9
930 155 993 189 0.000115 9
1033 132 1057 166 0.000114 9
170 149 178 168 0.000114 9
244 131 255 144 0.000113 9
374 164 407 185 0.000112 9
575 314 594 392 0.000111 9
1169 100 1201 136 0.000109 9
1261 629 1272 648 0.000109 9
935 544 944 567 0.000106 9
624 64 638 73 0.000105 9
359 148 371 171 0.000104 9
974 119 985 131 0.000103 9
880 117 899 138 0.000103 9
979 138 996 167 0.000102 9
312 151 341 193 0.016460 11
1182 190 1200 216 0.005610 11
1050 111 1083 146 0.002857 11
