1131 201 1200 347 0.805942 0
679 197 705 286 0.792046 0
863 189 890 270 0.652681 0
1047 195 1074 254 0.649768 0
253 201 267 240 0.323752 0
475 197 491 239 0.119897 0
1166 192 1185 239 0.064728 0
718 211 728 234 0.045451 0
911 451 928 486 0.029393 0
955 369 979 457 0.024294 0
789 329 809 344 0.022369 0
784 197 793 215 0.021903 0
633 202 643 215 0.019729 0
847 202 861 242 0.015246 0
1072 485 1080 501 0.012612 0
863 438 881 477 0.012289 0
464 201 477 250 0.012214 0
1000 384 1010 399 0.010424 0
213 192 224 231 0.010395 0
511 197 518 211 0.008453 0
926 203 946 252 0.006880 0
803 184 815 216 0.006709 0
1207 504 1216 512 0.006500 0
739 201 744 214 0.005732 0
1015 388 1022 400 0.005723 0
1200 503 1209 512 0.004994 0
1055 487 1067 497 0.004974 0
639 687 672 703 0.004737 0
246 197 255 217 0.004724 0
242 210 253 239 0.004641 0
1205 168 1222 213 0.004599 0
464 198 472 215 0.004350 0
706 214 714 230 0.004224 0
814 328 845 344 0.004147 0
319 203 331 231 0.004142 0
680 197 690 234 0.003939 0
1012 202 1024 224 0.003792 0
1038 205 1048 229 0.003766 0
786 327 815 392 0.003732 0
937 204 945 216 0.003660 0
1113 194 1121 202 0.003632 0
3 64 339 217 0.003560 0
1005 384 1024 422 0.003510 0
0 64 71 216 0.003447 0
1102 310 1129 345 0.003393 0
1045 409 1056 423 0.003377 0
1137 446 1143 457 0.003337 0
225 184 232 199 0.003234 0
1271 199 1279 240 0.003101 0
1040 454 1048 464 0.003004 0
364 167 372 183 0.002901 0
550 202 561 216 0.002895 0
885 470 896 487 0.002840 0
1176 494 1185 502 0.002780 0
1045 484 1056 497 0.002770 0
346 185 353 199 0.002748 0
926 443 934 456 0.002698 0
1231 544 1240 583 0.002563 0
216 186 224 201 0.002558 0
834 469 848 479 0.002511 0
862 432 871 450 0.002444 0
1040 409 1056 461 0.002418 0
1072 463 1080 471 0.002276 0
960 439 968 453 0.002163 0
1191 497 1200 504 0.002151 0
1071 456 1094 471 0.002149 0
878 438 898 483 0.002113 0
1151 440 1159 453 0.002095 0
1080 404 1088 414 0.001955 0
932 437 944 455 0.001876 0
1088 191 1094 209 0.001863 0
878 437 888 456 0.001861 0
1212 201 1225 233 0.001859 0
1231 459 1240 470 0.001801 0
1150 99 1165 135 0.001796 0
895 416 904 440 0.001789 0
811 209 826 237 0.001774 0
1098 399 1103 407 0.001753 0
1009 430 1015 440 0.001723 0
1247 472 1259 485 0.001622 0
751 463 762 472 0.001617 0
983 205 994 227 0.001612 0
1198 496 1212 506 0.001588 0
1127 446 1135 468 0.001520 0
607 201 617 215 0.001462 0
991 214 997 226 0.001433 0
1007 455 1023 466 0.001413 0
1183 213 1205 235 0.001405 0
897 156 907 174 0.001370 0
813 259 843 346 0.001353 0
1169 456 1184 473 0.001351 0
1038 417 1047 439 0.001322 0
517 196 528 217 0.001313 0
645 193 655 210 0.001307 0
851 463 865 476 0.001302 0
1111 440 1120 464 0.001282 0
1105 607 1111 614 0.001238 0
367 207 377 231 0.001235 0
199 210 208 225 0.001202 0
888 416 915 458 0.001198 0
1072 505 1081 512 0.001184 0
1074 439 1087 455 0.001182 0
967 455 976 462 0.001179 0
991 370 1013 409 0.001160 0
1026 450 1041 464 0.001155 0
976 369 992 412 0.001145 0
1151 441 1167 473 0.001143 0
960 455 969 465 0.001141 0
386 198 396 205 0.001133 0
919 688 928 703 0.001110 0
1077 425 1087 442 0.001107 0
1231 464 1245 496 0.001068 0
558 201 569 215 0.001046 0
984 446 993 455 0.001018 0
663 293 681 348 0.000991 0
223 377 240 408 0.000986 0
895 200 905 234 0.000981 0
728 206 737 217 0.000979 0
1095 440 1103 456 0.000976 0
1205 201 1218 214 0.000949 0
1079 193 1091 203 0.000935 0
334 184 344 199 0.000912 0
911 447 926 459 0.000902 0
1212 217 1230 267 0.000884 0
907 335 923 348 0.000856 0
503 577 513 616 0.000849 0
1092 455 1104 472 0.000843 0
1039 438 1049 457 0.000820 0
607 662 672 703 0.000807 0
1140 441 1152 463 0.000797 0
864 334 883 343 0.000796 0
1198 472 1215 482 0.000781 0
1119 441 1130 470 0.000765 0
1015 319 1040 344 0.000764 0
1140 391 1152 408 0.000757 0
574 386 593 437 0.000754 0
992 446 1001 456 0.000723 0
649 407 657 423 0.000721 0
654 199 662 216 0.000707 0
1008 423 1024 440 0.000703 0
882 317 897 343 0.000700 0
1244 460 1260 474 0.000690 0
932 455 943 464 0.000690 0
1006 512 1017 522 0.000681 0
184 197 191 206 0.000680 0
31 516 48 567 0.000675 0
662 423 670 434 0.000673 0
898 415 913 425 0.000669 0
831 414 848 452 0.000666 0
1000 431 1008 440 0.000661 0
1072 395 1079 408 0.000658 0
39 412 47 423 0.000657 0
1014 444 1028 462 0.000645 0
317 64 369 185 0.000642 0
376 186 385 201 0.000639 0
1031 493 1039 502 0.000623 0
111 218 119 236 0.000608 0
855 404 936 478 0.000604 0
0 154 7 203 0.000599 0
1112 462 1122 474 0.000597 0
990 680 1006 703 0.000593 0
134 411 144 431 0.000586 0
802 440 816 455 0.000585 0
821 458 832 474 0.000576 0
1028 481 1040 495 0.000566 0
1125 64 1152 75 0.000562 0
935 417 945 441 0.000557 0
1168 185 1180 201 0.000547 0
45 317 56 344 0.000546 0
1033 360 1056 407 0.000545 0
1030 419 1041 442 0.000540 0
1068 197 1077 213 0.000536 0
1076 332 1091 359 0.000535 0
943 353 959 447 0.000533 0
415 641 426 678 0.000530 0
991 455 1000 465 0.000523 0
751 425 778 447 0.000517 0
1250 216 1264 233 0.000514 0
1073 192 1102 236 0.000514 0
273 194 296 239 0.000509 0
1215 497 1233 510 0.000507 0
202 390 224 410 0.000504 0
896 470 908 485 0.000503 0
1179 339 1193 390 0.000496 0
1120 395 1128 424 0.000487 0
1062 421 1073 434 0.000483 0
1216 454 1223 471 0.000475 0
991 394 1003 437 0.000474 0
439 208 447 218 0.000453 0
1238 424 1248 440 0.000450 0
1039 322 1056 336 0.000448 0
158 206 167 224 0.000434 0
1077 404 1122 467 0.000434 0
999 513 1008 536 0.000433 0
1247 422 1253 438 0.000432 0
980 455 994 463 0.000432 0
613 424 624 433 0.000430 0
207 396 224 456 0.000424 0
926 416 938 454 0.000418 0
214 199 244 262 0.000414 0
1033 410 1040 425 0.000402 0
976 690 988 703 0.000399 0
1141 216 1153 232 0.000398 0
672 423 689 438 0.000395 0
1217 407 1231 423 0.000394 0
691 200 706 233 0.000394 0
125 207 136 229 0.000391 0
1063 415 1072 424 0.000388 0
896 324 905 343 0.000386 0
543 664 553 702 0.000386 0
756 205 767 232 0.000377 0
1221 472 1231 485 0.000376 0
1169 221 1196 263 0.000372 0
508 202 536 248 0.000372 0
194 187 201 201 0.000364 0
1167 477 1178 492 0.000363 0
665 180 673 216 0.000362 0
1210 194 1272 268 0.000361 0
987 195 1015 226 0.000353 0
1072 397 1088 423 0.000352 0
1262 363 1279 504 0.000349 0
1246 483 1279 666 0.000349 0
730 323 744 339 0.000348 0
856 399 863 410 0.000347 0
943 382 951 392 0.000347 0
590 390 608 431 0.000341 0
831 479 843 505 0.000340 0
1218 222 1230 233 0.000336 0
766 200 784 234 0.000330 0
976 324 990 344 0.000330 0
268 194 279 212 0.000328 0
751 452 779 472 0.000323 0
575 363 634 437 0.000321 0
211 178 330 382 0.000318 0
924 357 1025 470 0.000318 0
1094 421 1104 433 0.000317 0
110 244 128 311 0.000312 0
911 261 928 345 0.000312 0
1119 99 1135 138 0.000309 0
1053 415 1080 469 0.000309 0
688 423 695 435 0.000308 0
1098 330 1106 344 0.000306 0
727 419 736 438 0.000304 0
1223 458 1233 472 0.000302 0
803 180 859 240 0.000301 0
1055 423 1062 435 0.000300 0
455 183 565 255 0.000298 0
787 197 802 237 0.000298 0
814 440 825 460 0.000296 0
734 422 749 457 0.000293 0
267 220 290 294 0.000290 0
1183 346 1213 416 0.000290 0
1015 377 1039 409 0.000283 0
1216 424 1239 438 0.000279 0
255 64 336 191 0.000279 0
959 482 969 494 0.000276 0
609 442 624 463 0.000275 0
1071 382 1087 404 0.000272 0
923 458 944 485 0.000268 0
66 64 130 197 0.000268 0
851 298 864 337 0.000264 0
666 207 678 231 0.000263 0
1215 445 1227 456 0.000262 0
1183 442 1192 459 0.000260 0
983 351 993 360 0.000257 0
703 415 733 470 0.000256 0
799 421 819 446 0.000254 0
1023 382 1030 393 0.000254 0
1140 424 1168 443 0.000252 0
814 406 833 449 0.000251 0
0 506 16 563 0.000251 0
927 376 942 392 0.000250 0
917 422 927 434 0.000249 0
616 357 624 374 0.000248 0
155 70 212 230 0.000248 0
1190 97 1204 136 0.000244 0
1059 463 1070 471 0.000243 0
1098 416 1117 443 0.000242 0
1263 75 1279 154 0.000239 0
630 425 639 441 0.000236 0
1245 414 1254 427 0.000233 0
698 329 703 338 0.000230 0
1061 392 1072 402 0.000227 0
1150 327 1170 405 0.000225 0
1012 472 1025 489 0.000225 0
1030 323 1058 364 0.000224 0
932 427 972 456 0.000223 0
969 237 977 252 0.000220 0
631 440 638 450 0.000220 0
1183 506 1197 518 0.000219 0
0 134 27 319 0.000218 0
1174 497 1185 520 0.000216 0
963 344 997 393 0.000213 0
823 544 831 551 0.000209 0
831 501 847 528 0.000208 0
1046 456 1055 466 0.000206 0
935 543 944 567 0.000205 0
1134 425 1144 439 0.000202 0
0 395 30 533 0.000201 0
1120 352 1138 454 0.000201 0
998 430 1038 466 0.000201 0
800 415 810 426 0.000201 0
113 391 128 403 0.000200 0
1199 371 1232 424 0.000198 0
1030 389 1087 431 0.000194 0
1168 64 1177 73 0.000194 0
1183 550 1195 584 0.000192 0
1054 377 1064 390 0.000189 0
308 148 342 232 0.000188 0
823 543 832 583 0.000188 0
109 456 128 523 0.000187 0
1021 426 1034 444 0.000184 0
576 428 592 456 0.000182 0
1260 221 1279 295 0.000181 0
1024 408 1034 422 0.000180 0
704 340 720 376 0.000179 0
822 338 843 362 0.000179 0
1054 390 1064 400 0.000178 0
1046 163 1270 268 0.000178 0
1199 400 1212 438 0.000177 0
672 311 693 369 0.000176 0
1186 456 1204 472 0.000176 0
64 386 82 401 0.000175 0
1246 550 1255 572 0.000174 0
1084 697 1114 703 0.000174 0
717 431 727 441 0.000172 0
648 180 931 294 0.000172 0
843 426 861 451 0.000172 0
703 474 720 487 0.000171 0
1038 392 1049 409 0.000171 0
629 362 639 378 0.000166 0
600 344 609 362 0.000164 0
670 456 694 488 0.000164 0
270 206 280 232 0.000163 0
31 260 48 296 0.000162 0
1199 64 1208 73 0.000162 0
865 300 911 345 0.000162 0
935 670 945 690 0.000161 0
866 250 890 298 0.000161 0
849 396 858 409 0.000160 0
305 135 395 337 0.000159 0
776 404 784 417 0.000158 0
1274 158 1279 170 0.000155 0
977 530 987 538 0.000153 0
1087 409 1098 426 0.000152 0
771 421 806 444 0.000150 0
432 173 445 203 0.000150 0
757 400 769 424 0.000150 0
1205 423 1267 474 0.000150 0
576 296 593 321 0.000149 0
603 358 620 369 0.000148 0
905 336 931 391 0.000147 0
912 407 930 449 0.000147 0
915 374 928 407 0.000145 0
1264 439 1279 465 0.000142 0
333 209 353 256 0.000142 0
558 584 568 628 0.000142 0
1148 541 1280 704 0.000142 0
1262 680 1279 703 0.000141 0
353 187 369 199 0.000140 0
999 534 1008 551 0.000139 0
802 306 821 341 0.000137 0
1189 404 1204 423 0.000137 0
496 204 519 225 0.000137 0
1264 312 1279 369 0.000135 0
320 406 336 456 0.000133 0
192 193 204 216 0.000132 0
1089 397 1097 409 0.000132 0
1006 684 1040 703 0.000131 0
365 186 376 200 0.000129 0
767 312 800 344 0.000129 0
575 597 585 618 0.000128 0
355 211 378 276 0.000127 0
686 350 693 361 0.000127 0
947 274 960 303 0.000127 0
1215 552 1223 574 0.000126 0
423 186 503 276 0.000126 0
1171 440 1185 456 0.000126 0
1137 407 1154 424 0.000121 0
350 64 498 96 0.000121 0
0 271 44 443 0.000120 0
155 64 320 92 0.000120 0
347 314 390 377 0.000120 0
1213 64 1233 112 0.000119 0
1208 545 1216 552 0.000119 0
1101 103 1125 133 0.000119 0
31 306 77 402 0.000117 0
1207 528 1215 535 0.000117 0
320 374 336 391 0.000116 0
174 207 183 216 0.000116 0
715 269 875 390 0.000116 0
1050 109 1084 147 0.000115 0
1008 337 1024 379 0.000115 0
1238 447 1248 457 0.000114 0
567 64 663 224 0.000113 0
906 471 932 519 0.000113 0
991 562 1000 584 0.000112 0
871 394 879 408 0.000112 0
1271 638 1279 668 0.000112 0
535 462 543 472 0.000111 0
1103 395 1117 407 0.000111 0
1204 64 1220 72 0.000110 0
372 196 387 207 0.000108 0
1262 64 1279 79 0.000107 0
0 549 17 668 0.000107 0
991 528 999 549 0.000105 0
1166 64 1204 80 0.000104 0
430 215 441 225 0.000104 0
211 245 228 278 0.000104 0
1253 617 1274 666 0.000104 0
1066 368 1105 415 0.000103 0
1269 576 1279 630 0.000103 0
1054 439 1068 456 0.000102 0
1119 596 1127 608 0.000102 0
1020 64 1107 186 0.000101 0
320 64 331 72 0.000101 0
48 391 71 401 0.000100 0
1220 604 1258 668 0.000100 0
1123 262 1209 361 0.795011 1
1038 219 1077 262 0.665000 1
472 220 501 254 0.575106 1
844 231 898 279 0.401118 1
17 222 72 257 0.068176 1
844 240 857 280 0.014590 1
754 251 850 342 0.008213 1
520 231 537 246 0.007861 1
63 223 99 256 0.004572 1
1024 243 1044 261 0.003683 1
248 217 259 240 0.003272 1
927 238 958 254 0.003130 1
950 273 960 292 0.002564 1
843 193 976 292 0.002448 1
465 219 477 251 0.002416 1
27 214 42 246 0.002402 1
1074 228 1092 245 0.002338 1
891 263 922 294 0.002337 1
1046 272 1068 296 0.002221 1
1125 298 1154 349 0.002122 1
1003 235 1035 259 0.002010 1
1181 165 1202 217 0.001840 1
127 234 194 263 0.001489 1
1189 256 1224 267 0.001422 1
917 205 935 246 0.001119 1
200 214 244 265 0.000985 1
806 258 833 282 0.000964 1
823 272 849 312 0.000952 1
128 213 149 237 0.000846 1
923 272 961 303 0.000838 1
1175 259 1229 287 0.000779 1
1152 311 1189 394 0.000731 1
491 202 539 249 0.000721 1
77 238 129 264 0.000670 1
52 217 70 243 0.000625 1
110 216 141 256 0.000565 1
878 223 916 263 0.000556 1
1032 216 1134 313 0.000518 1
1154 259 1185 274 0.000510 1
1191 168 1228 227 0.000474 1
1076 215 1098 234 0.000429 1
654 221 1121 376 0.000423 1
488 237 520 253 0.000422 1
79 216 96 236 0.000421 1
248 207 287 255 0.000421 1
1189 231 1204 254 0.000417 1
763 251 819 281 0.000360 1
805 224 860 285 0.000349 1
936 208 982 257 0.000347 1
1022 276 1060 335 0.000337 1
335 236 352 255 0.000331 1
913 270 928 296 0.000328 1
223 242 242 265 0.000247 1
1181 300 1207 358 0.000246 1
920 243 992 267 0.000243 1
950 243 1081 301 0.000237 1
462 226 575 280 0.000201 1
1002 247 1010 261 0.000139 1
1167 184 1189 218 0.000125 1
959 251 988 262 0.000107 1
1009 307 1117 383 0.000106 1
500 206 516 217 0.192493 2
305 187 322 198 0.062543 2
489 204 503 218 0.042880 2
1113 217 1148 244 0.039492 2
530 205 550 218 0.034711 2
608 201 647 215 0.023491 2
710 212 728 234 0.020904 2
861 176 950 202 0.014985 2
832 481 840 486 0.014086 2
319 204 332 231 0.013554 2
984 203 1025 229 0.010968 2
451 420 525 447 0.010059 2
822 329 847 343 0.008880 2
157 416 167 423 0.008836 2
293 176 310 198 0.007631 2
599 463 608 471 0.007389 2
1082 215 1127 248 0.006245 2
848 471 866 478 0.005756 2
622 193 638 202 0.004846 2
664 454 684 463 0.004557 2
482 187 517 218 0.004258 2
1020 456 1032 464 0.004127 2
455 203 466 216 0.003984 2
1263 348 1279 368 0.003360 2
592 423 609 434 0.003319 2
111 412 130 425 0.003176 2
1263 248 1279 270 0.002841 2
497 435 528 448 0.002828 2
831 470 843 479 0.002759 2
551 200 563 216 0.002739 2
0 394 17 410 0.002698 2
832 504 844 510 0.002531 2
447 424 463 443 0.002420 2
588 186 620 214 0.002354 2
640 688 672 703 0.002335 2
358 218 368 231 0.002226 2
563 201 577 215 0.002166 2
274 183 294 192 0.002143 2
191 392 223 417 0.001999 2
1024 211 1040 229 0.001921 2
797 495 808 503 0.001869 2
56 399 181 425 0.001707 2
1007 194 1046 218 0.001704 2
631 376 659 396 0.001693 2
960 206 985 221 0.001653 2
707 200 739 217 0.001653 2
1168 218 1185 240 0.001515 2
262 197 270 207 0.001461 2
826 504 832 509 0.001419 2
175 401 191 417 0.001337 2
820 470 832 478 0.001314 2
1120 64 1152 77 0.001262 2
601 456 673 472 0.001250 2
1006 220 1022 230 0.001163 2
883 197 953 238 0.001131 2
1261 168 1279 181 0.001104 2
883 199 896 227 0.001060 2
324 189 339 199 0.001046 2
1264 365 1279 375 0.001016 2
503 313 512 335 0.001006 2
581 431 592 439 0.000955 2
655 453 669 463 0.000954 2
325 200 384 232 0.000929 2
751 439 767 448 0.000925 2
1228 197 1256 233 0.000921 2
972 220 994 251 0.000905 2
469 191 481 206 0.000888 2
429 223 439 230 0.000872 2
63 428 80 440 0.000844 2
0 283 7 294 0.000826 2
63 425 72 433 0.000817 2
673 461 690 470 0.000814 2
647 455 656 461 0.000811 2
1254 199 1279 266 0.000811 2
592 448 608 459 0.000788 2
911 521 927 528 0.000749 2
1042 311 1128 347 0.000743 2
1015 444 1040 463 0.000693 2
1165 471 1181 480 0.000690 2
47 409 71 426 0.000665 2
0 396 49 424 0.000662 2
999 509 1014 521 0.000652 2
1199 472 1216 482 0.000567 2
46 434 80 451 0.000558 2
511 343 522 350 0.000552 2
19 200 36 206 0.000550 2
526 428 591 439 0.000549 2
359 409 368 415 0.000542 2
895 200 912 233 0.000535 2
1160 183 1276 268 0.000533 2
1016 319 1041 343 0.000533 2
226 211 244 237 0.000532 2
688 454 704 469 0.000526 2
1264 356 1279 409 0.000517 2
248 414 263 423 0.000500 2
925 454 938 463 0.000492 2
852 437 869 453 0.000492 2
829 281 848 312 0.000483 2
975 455 984 464 0.000479 2
897 623 911 631 0.000471 2
431 422 453 441 0.000463 2
608 455 624 466 0.000434 2
0 260 326 397 0.000429 2
948 456 961 465 0.000427 2
1247 342 1263 359 0.000422 2
1101 277 1280 355 0.000412 2
0 239 15 294 0.000410 2
1240 281 1279 407 0.000407 2
743 200 768 215 0.000384 2
2 510 48 530 0.000381 2
662 460 672 471 0.000377 2
1223 163 1279 215 0.000374 2
1055 465 1065 471 0.000373 2
255 456 274 463 0.000361 2
976 528 987 536 0.000355 2
802 183 853 241 0.000350 2
581 453 592 461 0.000341 2
1015 441 1027 450 0.000340 2
320 408 342 413 0.000338 2
1031 359 1054 384 0.000335 2
518 238 545 253 0.000330 2
928 198 954 208 0.000322 2
61 255 93 265 0.000308 2
528 190 580 218 0.000304 2
1039 322 1056 335 0.000303 2
352 411 433 438 0.000300 2
1112 203 1201 258 0.000291 2
418 192 449 207 0.000289 2
1103 197 1121 209 0.000282 2
900 456 913 464 0.000274 2
155 392 224 450 0.000264 2
1263 261 1279 295 0.000255 2
34 440 64 446 0.000240 2
861 243 913 297 0.000235 2
384 454 405 471 0.000234 2
1251 604 1279 669 0.000228 2
976 535 986 543 0.000227 2
335 210 353 230 0.000222 2
917 503 928 513 0.000219 2
490 408 516 423 0.000215 2
655 427 675 440 0.000214 2
930 205 977 253 0.000212 2
698 211 712 245 0.000212 2
257 180 324 244 0.000210 2
3 283 24 295 0.000206 2
964 253 987 261 0.000205 2
702 203 810 237 0.000200 2
1046 455 1073 469 0.000199 2
95 391 126 403 0.000198 2
960 178 1051 241 0.000197 2
632 469 639 479 0.000197 2
1071 326 1088 340 0.000188 2
0 507 16 561 0.000183 2
1194 276 1232 348 0.000183 2
603 343 657 377 0.000174 2
319 406 352 456 0.000171 2
718 307 757 341 0.000171 2
259 408 288 424 0.000169 2
713 333 753 367 0.000166 2
989 680 1040 703 0.000164 2
208 447 228 462 0.000163 2
561 436 592 458 0.000162 2
1216 423 1248 439 0.000155 2
519 201 547 241 0.000153 2
1019 324 1075 390 0.000153 2
639 423 650 435 0.000153 2
848 527 864 536 0.000152 2
846 520 855 527 0.000147 2
1083 180 1125 223 0.000146 2
644 427 656 439 0.000144 2
965 504 976 520 0.000142 2
917 283 1022 377 0.000139 2
0 407 69 462 0.000137 2
208 520 223 531 0.000136 2
63 510 77 521 0.000133 2
625 406 673 432 0.000125 2
176 407 286 427 0.000123 2
430 169 500 212 0.000122 2
1213 306 1232 335 0.000119 2
39 253 94 286 0.000118 2
5 501 95 573 0.000117 2
574 448 592 472 0.000115 2
1177 405 1203 423 0.000105 2
957 183 989 208 0.000102 2
479 407 575 430 0.000102 2
1176 163 1279 269 0.009119 5
477 168 590 219 0.002517 5
444 180 483 217 0.001335 5
480 176 498 199 0.000659 5
675 181 1277 413 0.000548 5
818 135 940 165 0.000415 5
582 180 623 210 0.000385 5
1111 260 1279 477 0.000272 5
432 172 446 203 0.000160 5
693 271 1278 501 0.122988 6
1173 163 1279 269 0.009796 6
859 444 1027 486 0.007815 6
479 166 582 210 0.006260 6
487 422 582 439 0.003676 6
749 432 931 478 0.002659 6
9 398 354 477 0.001791 6
443 397 703 462 0.001308 6
754 338 1010 438 0.001197 6
334 450 406 471 0.000990 6
826 135 940 165 0.000815 6
698 131 957 239 0.000436 6
1112 414 1278 497 0.000405 6
1 65 344 397 0.000394 6
1084 479 1279 699 0.000384 6
206 444 282 467 0.000355 6
901 280 1104 395 0.000313 6
1130 346 1278 417 0.000308 6
635 433 703 464 0.000273 6
153 167 277 235 0.000182 6
364 164 505 213 0.000154 6
643 435 1066 704 0.000128 6
865 176 955 235 0.169877 7
588 184 653 216 0.058587 7
720 153 858 238 0.010026 7
1199 167 1279 269 0.008371 7
698 188 731 233 0.004728 7
475 176 518 218 0.004074 7
492 171 581 205 0.003745 7
292 199 389 296 0.001864 7
1262 188 1279 269 0.001823 7
1096 275 1279 420 0.001092 7
581 185 720 264 0.000543 7
444 177 471 216 0.000505 7
913 278 1095 390 0.000359 7
714 302 768 344 0.000303 7
1105 181 1211 252 0.000190 7
714 270 870 385 0.000185 7
295 199 332 233 0.000175 7
970 145 1056 232 0.000118 7
1088 150 1103 178 0.471283 9
513 152 524 178 0.384608 9
366 167 374 185 0.075198 9
1198 383 1207 416 0.074071 9
372 167 382 184 0.073312 9
448 157 490 170 0.060872 9
1207 170 1215 193 0.043150 9
865 152 880 168 0.039642 9
965 372 979 390 0.037216 9
239 179 247 191 0.023176 9
553 173 569 200 0.022733 9
1119 334 1136 390 0.020376 9
1154 160 1167 184 0.019661 9
313 151 341 186 0.019320 9
1013 136 1025 168 0.018170 9
1214 167 1223 201 0.017425 9
895 155 906 175 0.016297 9
225 183 231 195 0.014380 9
1191 386 1202 401 0.012925 9
1167 384 1183 422 0.012843 9
517 192 523 205 0.012224 9
848 181 858 200 0.012135 9
864 166 869 183 0.011954 9
665 181 671 197 0.011804 9
361 167 368 188 0.011707 9
844 151 859 166 0.010043 9
111 151 128 164 0.010020 9
951 348 959 362 0.009296 9
693 177 700 192 0.009100 9
523 183 536 196 0.008897 9
612 156 624 169 0.008343 9
680 167 686 183 0.007636 9
95 152 105 176 0.007100 9
1047 156 1056 173 0.006905 9
1100 153 1110 178 0.006784 9
563 180 580 202 0.006774 9
638 160 644 168 0.006604 9
767 104 784 135 0.006500 9
464 169 472 183 0.006296 9
990 681 1005 703 0.005447 9
257 144 267 160 0.005342 9
257 179 262 191 0.005337 9
879 154 889 168 0.005035 9
810 160 857 179 0.004969 9
976 368 985 391 0.004945 9
629 180 637 192 0.004859 9
927 151 937 168 0.004555 9
1231 168 1247 181 0.004443 9
800 140 811 156 0.004154 9
870 163 880 177 0.003897 9
68 168 80 177 0.003751 9
1178 380 1183 391 0.003572 9
216 184 224 197 0.003446 9
519 173 547 191 0.003398 9
1127 165 1146 185 0.003065 9
1193 164 1202 186 0.003057 9
809 166 818 179 0.002689 9
544 168 552 194 0.002634 9
174 64 201 90 0.002386 9
832 416 849 451 0.002363 9
1167 381 1180 392 0.002333 9
587 166 603 184 0.002131 9
704 165 712 179 0.002128 9
339 164 352 185 0.002088 9
827 135 861 158 0.002087 9
947 347 961 392 0.002049 9
990 359 1024 399 0.002024 9
481 168 579 204 0.001953 9
1224 165 1232 181 0.001873 9
690 168 697 181 0.001734 9
167 64 176 76 0.001720 9
846 167 858 186 0.001718 9
95 183 103 203 0.001709 9
638 161 649 181 0.001691 9
605 161 623 183 0.001681 9
246 177 258 193 0.001667 9
673 317 680 327 0.001590 9
569 137 581 162 0.001588 9
845 119 867 136 0.001543 9
1181 163 1204 219 0.001520 9
698 125 705 152 0.001506 9
1181 381 1192 391 0.001461 9
512 182 524 200 0.001418 9
1088 190 1095 204 0.001415 9
543 190 550 202 0.001407 9
481 174 496 192 0.001373 9
664 153 671 173 0.001371 9
1081 173 1089 184 0.001352 9
310 179 339 197 0.001351 9
1115 162 1129 184 0.001349 9
119 64 159 76 0.001319 9
119 64 128 72 0.001319 9
240 166 247 182 0.001277 9
814 143 823 153 0.001276 9
352 165 360 185 0.001238 9
1024 151 1040 159 0.001215 9
476 149 532 178 0.001197 9
596 64 625 92 0.001104 9
1014 338 1023 345 0.001080 9
386 198 397 206 0.001061 9
975 143 990 152 0.001053 9
1101 138 1110 157 0.001048 9
808 382 814 391 0.001034 9
1120 395 1127 411 0.000987 9
831 175 845 191 0.000985 9
580 64 596 91 0.000966 9
569 166 579 178 0.000933 9
503 313 512 335 0.000927 9
209 167 218 176 0.000897 9
1218 404 1232 423 0.000895 9
693 166 707 182 0.000861 9
1140 385 1153 408 0.000857 9
978 320 991 343 0.000853 9
653 157 663 174 0.000829 9
970 176 976 185 0.000821 9
46 318 56 343 0.000817 9
1105 358 1120 390 0.000790 9
664 298 681 349 0.000756 9
415 176 422 203 0.000746 9
112 201 121 220 0.000733 9
1024 120 1040 160 0.000700 9
1151 340 1168 410 0.000696 9
1109 155 1118 168 0.000694 9
497 182 515 206 0.000688 9
0 144 7 202 0.000685 9
159 64 180 90 0.000679 9
1103 167 1125 202 0.000666 9
312 103 367 195 0.000650 9
1254 628 1270 660 0.000649 9
935 543 944 567 0.000636 9
159 64 170 72 0.000629 9
1119 263 1167 392 0.000603 9
1077 336 1090 361 0.000594 9
1183 352 1212 412 0.000585 9
1078 385 1089 407 0.000583 9
611 178 626 195 0.000565 9
684 168 703 199 0.000558 9
917 343 1003 396 0.000528 9
877 163 893 177 0.000524 9
32 524 48 567 0.000523 9
999 134 1008 175 0.000519 9
208 181 216 198 0.000506 9
95 200 105 209 0.000500 9
664 169 683 200 0.000487 9
224 177 246 194 0.000486 9
992 143 1000 165 0.000481 9
1213 370 1223 385 0.000477 9
903 536 912 547 0.000471 9
416 171 440 203 0.000464 9
789 138 799 153 0.000450 9
596 149 609 163 0.000447 9
1056 375 1064 387 0.000446 9
256 85 262 98 0.000437 9
932 375 944 391 0.000436 9
829 282 848 312 0.000426 9
863 136 921 169 0.000414 9
406 180 418 204 0.000414 9
260 178 272 197 0.000403 9
833 372 847 391 0.000399 9
377 161 408 184 0.000398 9
559 505 568 527 0.000397 9
713 134 720 152 0.000390 9
479 335 498 355 0.000390 9
1199 137 1205 163 0.000387 9
701 118 715 128 0.000385 9
816 359 832 396 0.000380 9
1097 128 1104 144 0.000380 9
1171 149 1184 163 0.000378 9
861 112 869 118 0.000378 9
663 295 672 312 0.000376 9
1183 622 1192 664 0.000376 9
1231 96 1251 161 0.000360 9
70 179 79 199 0.000359 9
974 169 990 187 0.000358 9
1044 343 1056 363 0.000342 9
928 356 938 369 0.000342 9
855 283 863 294 0.000341 9
1197 385 1232 424 0.000340 9
1203 407 1215 423 0.000340 9
1072 334 1120 394 0.000331 9
1237 618 1253 667 0.000331 9
223 169 231 177 0.000326 9
997 325 1008 342 0.000325 9
1056 151 1064 161 0.000320 9
733 120 754 156 0.000317 9
248 167 257 175 0.000307 9
799 85 808 100 0.000307 9
1030 342 1058 388 0.000306 9
1166 346 1184 392 0.000299 9
585 118 598 155 0.000295 9
1089 372 1105 397 0.000294 9
905 127 912 136 0.000288 9
1001 171 1008 187 0.000285 9
1039 166 1053 185 0.000279 9
879 407 888 424 0.000274 9
960 136 974 157 0.000268 9
734 341 754 376 0.000267 9
232 130 241 146 0.000264 9
878 343 888 364 0.000262 9
652 172 662 199 0.000256 9
349 148 377 188 0.000252 9
815 422 832 450 0.000249 9
752 113 766 152 0.000239 9
1183 551 1192 583 0.000235 9
815 115 827 128 0.000234 9
638 64 665 81 0.000231 9
1040 125 1107 191 0.000224 9
848 283 864 338 0.000221 9
624 64 637 72 0.000218 9
1100 129 1137 167 0.000213 9
970 292 1009 344 0.000212 9
912 169 922 179 0.000207 9
479 95 488 103 0.000206 9
384 149 395 161 0.000205 9
550 622 560 658 0.000205 9
991 343 1008 366 0.000204 9
259 166 271 179 0.000200 9
600 560 608 569 0.000199 9
596 134 605 144 0.000197 9
967 506 976 521 0.000195 9
1030 343 1042 361 0.000192 9
764 124 786 153 0.000189 9
681 327 689 349 0.000186 9
443 158 489 215 0.000184 9
805 363 815 392 0.000184 9
315 88 334 157 0.000183 9
935 670 945 688 0.000179 9
959 343 968 353 0.000179 9
927 289 944 345 0.000178 9
717 158 728 181 0.000176 9
1223 102 1233 135 0.000174 9
602 137 627 171 0.000173 9
931 390 944 409 0.000171 9
244 130 255 144 0.000169 9
638 136 656 165 0.000167 9
625 162 659 210 0.000167 9
544 140 555 159 0.000167 9
1167 616 1184 667 0.000166 9
399 184 408 204 0.000165 9
735 629 743 650 0.000162 9
806 628 816 656 0.000162 9
1165 149 1199 184 0.000161 9
1206 116 1232 169 0.000161 9
1210 148 1224 162 0.000160 9
49 184 64 206 0.000157 9
913 503 928 527 0.000153 9
126 174 132 187 0.000153 9
830 117 844 133 0.000152 9
1039 184 1048 202 0.000151 9
240 99 248 115 0.000151 9
743 151 752 157 0.000151 9
208 66 225 87 0.000148 9
255 102 267 126 0.000148 9
824 545 832 583 0.000144 9
63 147 79 172 0.000144 9
939 108 960 149 0.000143 9
891 119 908 137 0.000142 9
1073 150 1086 178 0.000139 9
905 136 938 161 0.000138 9
689 154 700 176 0.000137 9
946 167 960 183 0.000131 9
590 530 607 569 0.000129 9
887 346 895 365 0.000128 9
1112 163 1159 218 0.000126 9
550 138 578 149 0.000126 9
999 126 1007 136 0.000125 9
685 116 717 221 0.000124 9
1007 173 1015 185 0.000123 9
1077 163 1103 205 0.000117 9
578 300 593 317 0.000116 9
179 168 231 201 0.000113 9
984 668 1001 680 0.000112 9
914 370 929 393 0.000111 9
656 64 668 71 0.000111 9
621 148 641 169 0.000111 9
541 158 582 188 0.000111 9
16 157 25 178 0.000107 9
824 80 860 134 0.000107 9
863 406 880 421 0.000106 9
56 160 63 167 0.000106 9
215 161 224 176 0.000105 9
568 535 576 547 0.000105 9
974 187 982 201 0.000104 9
1057 349 1072 376 0.000103 9
1229 355 1265 401 0.000102 9
701 184 721 201 0.000101 9
1008 150 1062 186 0.000101 9
837 253 914 344 0.000100 9
1238 197 1256 233 0.010299 11
1181 191 1199 215 0.003614 11
1050 111 1083 146 0.002054 11
312 148 342 189 0.000646 11
