607 201 655 292 0.882253 0
755 193 793 278 0.839351 0
959 190 985 253 0.725960 0
261 206 275 242 0.139059 0
951 362 983 447 0.111874 0
786 197 794 213 0.108435 0
924 203 945 253 0.056188 0
620 201 633 221 0.035860 0
1016 205 1024 224 0.028346 0
912 449 928 485 0.024841 0
1000 383 1013 399 0.023582 0
863 435 880 478 0.021635 0
1039 206 1050 229 0.021443 0
670 207 679 230 0.018923 0
631 202 649 229 0.018197 0
511 195 518 210 0.016858 0
1135 446 1144 463 0.014205 0
959 442 969 468 0.013022 0
846 203 859 242 0.011879 0
517 191 524 206 0.011713 0
1046 485 1056 497 0.011325 0
1072 487 1080 500 0.010979 0
692 208 702 234 0.010077 0
738 202 744 212 0.009343 0
864 443 873 454 0.009188 0
1011 382 1024 401 0.009076 0
895 443 905 485 0.008462 0
1056 488 1066 497 0.008251 0
214 188 224 229 0.008247 0
937 204 945 225 0.008240 0
983 446 993 455 0.008072 0
607 422 624 468 0.007989 0
1113 194 1120 202 0.007868 0
965 370 981 392 0.007278 0
540 194 552 217 0.007063 0
319 204 330 228 0.007025 0
831 472 840 479 0.006100 0
306 185 323 198 0.006061 0
984 200 998 253 0.005985 0
1127 446 1135 467 0.005873 0
751 462 762 472 0.005608 0
470 204 478 216 0.005587 0
1015 456 1025 466 0.005452 0
513 190 529 243 0.005315 0
886 471 897 487 0.005197 0
679 453 688 463 0.005191 0
789 330 810 344 0.005143 0
992 456 999 464 0.005121 0
815 210 827 237 0.004957 0
1119 387 1128 411 0.004838 0
639 688 672 703 0.004714 0
1073 440 1088 456 0.004558 0
865 210 873 236 0.004508 0
1039 486 1048 496 0.004391 0
111 204 121 235 0.004179 0
853 462 865 478 0.004108 0
1148 309 1168 343 0.003964 0
1072 463 1080 471 0.003847 0
926 444 935 457 0.003811 0
969 456 976 463 0.003741 0
750 422 800 472 0.003694 0
892 200 904 231 0.003677 0
735 442 747 462 0.003648 0
1172 213 1187 244 0.003534 0
983 453 993 464 0.003517 0
993 447 1000 456 0.003498 0
1208 504 1216 512 0.003344 0
948 346 965 402 0.003335 0
684 202 691 219 0.003317 0
830 463 841 475 0.003317 0
1064 462 1071 471 0.003252 0
575 430 592 457 0.003164 0
838 470 849 479 0.003076 0
997 379 1022 423 0.003059 0
665 454 672 463 0.002866 0
247 195 255 213 0.002849 0
465 198 471 215 0.002755 0
877 435 889 457 0.002747 0
958 374 968 406 0.002732 0
1039 454 1048 464 0.002698 0
1160 503 1168 511 0.002665 0
1030 452 1040 464 0.002588 0
981 365 991 392 0.002509 0
1104 312 1112 326 0.002494 0
1210 168 1225 209 0.002483 0
687 453 694 464 0.002483 0
1024 456 1031 464 0.002464 0
1222 503 1232 511 0.002439 0
1062 64 1132 131 0.002343 0
376 186 386 200 0.002336 0
1118 440 1129 472 0.002287 0
823 471 832 478 0.002253 0
789 329 815 392 0.002227 0
1199 503 1209 511 0.002195 0
951 456 959 465 0.002195 0
1045 279 1058 296 0.002114 0
1177 495 1185 504 0.002092 0
833 409 894 481 0.002027 0
800 440 808 450 0.001995 0
1045 410 1057 424 0.001982 0
1015 478 1024 488 0.001928 0
1215 198 1229 233 0.001912 0
1028 487 1041 497 0.001886 0
813 328 846 344 0.001864 0
1190 213 1201 226 0.001859 0
1015 444 1024 460 0.001823 0
1111 440 1119 456 0.001816 0
1181 344 1194 357 0.001813 0
648 407 656 424 0.001768 0
663 292 681 348 0.001766 0
512 463 518 472 0.001677 0
1272 198 1279 260 0.001667 0
241 195 250 226 0.001649 0
1252 214 1264 231 0.001601 0
275 222 289 251 0.001578 0
1089 158 1108 181 0.001570 0
775 193 788 211 0.001487 0
1072 506 1080 512 0.001475 0
0 64 55 216 0.001460 0
613 423 624 435 0.001415 0
1166 474 1175 489 0.001381 0
805 185 854 240 0.001354 0
645 193 655 204 0.001332 0
900 448 913 464 0.001251 0
867 334 883 343 0.001248 0
796 416 821 454 0.001228 0
382 554 392 591 0.001207 0
1119 311 1131 338 0.001204 0
927 389 945 432 0.001200 0
983 354 1010 395 0.001187 0
559 590 569 623 0.001172 0
803 185 815 210 0.001171 0
1102 487 1136 506 0.001154 0
1143 391 1154 407 0.001141 0
975 455 982 463 0.001139 0
812 440 825 455 0.001123 0
1015 485 1023 495 0.001114 0
630 424 640 457 0.001090 0
703 435 722 469 0.001085 0
1263 66 1279 169 0.001047 0
429 222 439 229 0.001032 0
478 203 485 216 0.001028 0
797 440 833 473 0.001000 0
852 208 872 275 0.000987 0
887 444 897 456 0.000987 0
199 212 209 227 0.000986 0
998 455 1008 464 0.000985 0
1231 469 1247 485 0.000982 0
1055 464 1065 471 0.000969 0
385 197 397 206 0.000964 0
4 64 351 219 0.000961 0
575 425 584 433 0.000954 0
1076 459 1094 472 0.000927 0
857 431 873 448 0.000918 0
464 202 475 250 0.000915 0
718 438 733 470 0.000910 0
1186 355 1211 416 0.000899 0
881 439 900 483 0.000894 0
1047 453 1056 466 0.000885 0
1151 440 1159 454 0.000874 0
936 433 943 440 0.000869 0
1223 450 1232 471 0.000865 0
1094 447 1106 471 0.000865 0
1231 459 1240 471 0.000848 0
1055 222 1065 243 0.000839 0
931 438 944 454 0.000828 0
1056 64 1279 294 0.000827 0
503 313 512 335 0.000823 0
990 192 1000 220 0.000817 0
1184 504 1193 512 0.000808 0
772 438 800 454 0.000800 0
817 419 840 459 0.000795 0
104 248 134 264 0.000784 0
1204 495 1215 504 0.000777 0
1007 430 1014 440 0.000776 0
1078 694 1091 703 0.000766 0
950 273 959 290 0.000756 0
975 692 987 703 0.000750 0
134 415 144 429 0.000728 0
656 425 664 433 0.000719 0
614 222 631 246 0.000704 0
1247 345 1268 383 0.000701 0
1215 396 1227 424 0.000695 0
999 211 1017 249 0.000692 0
984 351 993 371 0.000692 0
882 318 896 343 0.000687 0
801 414 811 424 0.000686 0
1105 607 1111 613 0.000670 0
662 424 670 434 0.000665 0
834 419 849 452 0.000648 0
1093 495 1103 505 0.000646 0
1174 214 1184 223 0.000638 0
246 205 261 239 0.000635 0
927 344 944 390 0.000633 0
735 462 745 471 0.000631 0
1246 472 1264 486 0.000628 0
223 375 240 408 0.000625 0
263 194 273 205 0.000616 0
959 483 969 494 0.000616 0
351 188 357 199 0.000613 0
1027 483 1069 528 0.000606 0
367 207 375 231 0.000601 0
238 206 291 265 0.000597 0
1078 193 1089 201 0.000592 0
1033 280 1061 334 0.000591 0
1071 344 1089 408 0.000588 0
1040 414 1059 460 0.000579 0
1216 472 1224 483 0.000572 0
1189 503 1200 512 0.000572 0
1018 440 1041 463 0.000571 0
895 426 904 448 0.000568 0
1222 471 1231 483 0.000556 0
750 422 771 442 0.000554 0
332 185 343 199 0.000548 0
357 101 379 226 0.000544 0
1120 331 1137 376 0.000540 0
1006 430 1019 456 0.000536 0
832 393 842 410 0.000530 0
907 335 927 384 0.000528 0
1164 497 1181 507 0.000525 0
613 359 624 376 0.000524 0
1039 412 1047 424 0.000524 0
1242 198 1248 214 0.000520 0
1012 424 1025 442 0.000516 0
435 137 492 234 0.000510 0
727 419 736 439 0.000510 0
820 455 832 470 0.000503 0
710 427 721 444 0.000501 0
1217 448 1224 456 0.000501 0
1087 491 1097 504 0.000500 0
1151 470 1168 479 0.000493 0
1212 368 1261 427 0.000490 0
1021 481 1032 493 0.000487 0
1098 329 1104 343 0.000485 0
1199 472 1216 483 0.000482 0
1216 453 1224 470 0.000477 0
687 423 696 436 0.000476 0
1247 200 1256 230 0.000471 0
1089 696 1104 703 0.000470 0
645 429 656 446 0.000470 0
1216 419 1224 433 0.000469 0
864 407 882 447 0.000469 0
1080 405 1088 413 0.000466 0
344 185 352 199 0.000466 0
639 437 648 457 0.000452 0
1262 367 1279 424 0.000451 0
895 323 904 343 0.000450 0
1244 461 1263 477 0.000444 0
765 429 775 444 0.000437 0
1185 215 1241 263 0.000436 0
942 372 954 398 0.000430 0
733 423 752 451 0.000425 0
1121 490 1189 511 0.000423 0
1136 504 1144 511 0.000418 0
1044 221 1058 234 0.000410 0
1038 379 1055 424 0.000402 0
770 253 841 343 0.000396 0
1013 438 1069 489 0.000390 0
789 199 807 236 0.000388 0
500 231 539 252 0.000386 0
203 393 223 409 0.000386 0
1183 446 1190 456 0.000386 0
1054 423 1065 459 0.000385 0
519 393 529 422 0.000381 0
717 431 726 441 0.000381 0
1124 500 1137 509 0.000381 0
831 477 842 490 0.000376 0
1013 408 1024 423 0.000372 0
824 423 832 433 0.000372 0
897 414 945 484 0.000365 0
767 549 784 585 0.000364 0
672 528 689 569 0.000354 0
974 453 995 483 0.000349 0
1098 399 1104 406 0.000349 0
848 269 853 281 0.000344 0
830 440 841 458 0.000342 0
734 449 767 472 0.000341 0
1230 229 1279 369 0.000338 0
1100 325 1120 344 0.000336 0
591 425 612 455 0.000335 0
1233 451 1252 473 0.000328 0
319 64 368 177 0.000323 0
573 388 610 441 0.000322 0
665 182 674 216 0.000318 0
254 697 273 703 0.000315 0
511 325 522 350 0.000315 0
271 189 279 206 0.000313 0
1071 423 1080 436 0.000313 0
1169 384 1184 423 0.000309 0
1077 333 1089 345 0.000308 0
876 409 902 454 0.000306 0
1038 420 1048 437 0.000306 0
1136 398 1144 407 0.000303 0
727 320 744 338 0.000297 0
390 568 406 615 0.000297 0
1150 454 1160 468 0.000296 0
808 686 816 703 0.000294 0
847 425 861 447 0.000293 0
1008 488 1016 504 0.000291 0
1062 64 1125 76 0.000290 0
1138 407 1152 426 0.000288 0
958 423 976 452 0.000288 0
910 264 929 346 0.000284 0
1040 695 1064 703 0.000282 0
1008 478 1017 492 0.000281 0
798 464 815 472 0.000280 0
687 535 697 568 0.000271 0
582 406 590 430 0.000268 0
415 642 429 680 0.000268 0
1009 481 1025 519 0.000264 0
657 322 673 375 0.000262 0
415 251 420 270 0.000259 0
1026 329 1088 421 0.000258 0
1165 471 1196 481 0.000255 0
1183 191 1217 223 0.000253 0
1247 406 1254 427 0.000253 0
1071 397 1081 409 0.000251 0
1247 672 1279 703 0.000249 0
1263 64 1279 78 0.000248 0
672 304 694 374 0.000246 0
688 352 693 360 0.000246 0
905 335 919 344 0.000246 0
968 509 976 521 0.000245 0
224 183 233 205 0.000244 0
1001 431 1007 440 0.000241 0
773 315 787 343 0.000240 0
911 439 931 456 0.000239 0
1108 497 1121 509 0.000239 0
1112 185 1136 204 0.000238 0
719 316 745 379 0.000238 0
1032 543 1040 570 0.000238 0
694 474 704 488 0.000237 0
1269 137 1279 169 0.000236 0
1214 64 1233 126 0.000235 0
1153 343 1198 382 0.000235 0
542 650 558 682 0.000234 0
831 64 839 69 0.000234 0
1084 350 1122 408 0.000233 0
853 396 863 408 0.000232 0
193 186 201 202 0.000232 0
1038 655 1064 703 0.000230 0
973 186 987 206 0.000230 0
1163 64 1219 117 0.000230 0
678 453 703 471 0.000229 0
575 586 585 625 0.000227 0
1223 511 1231 517 0.000226 0
1015 319 1036 343 0.000226 0
1086 347 1096 360 0.000225 0
1058 199 1085 233 0.000223 0
1008 470 1015 479 0.000222 0
541 64 586 223 0.000218 0
1247 422 1253 430 0.000218 0
996 603 1060 703 0.000216 0
0 115 19 315 0.000216 0
777 334 784 343 0.000208 0
805 497 814 506 0.000208 0
419 154 786 252 0.000206 0
431 583 440 617 0.000206 0
740 201 755 226 0.000205 0
406 251 414 271 0.000204 0
184 197 191 206 0.000204 0
1032 410 1040 425 0.000203 0
1077 331 1105 362 0.000201 0
1030 354 1057 391 0.000201 0
1059 404 1079 465 0.000200 0
524 393 541 410 0.000200 0
1109 401 1159 477 0.000198 0
1208 520 1216 534 0.000198 0
851 299 864 336 0.000197 0
1255 430 1263 454 0.000195 0
959 503 969 519 0.000194 0
1056 389 1064 401 0.000193 0
1274 159 1279 169 0.000190 0
0 416 97 603 0.000190 0
1212 176 1259 235 0.000190 0
325 232 337 250 0.000189 0
611 407 624 426 0.000189 0
850 176 963 296 0.000189 0
1209 362 1223 408 0.000189 0
1119 401 1128 432 0.000187 0
1030 493 1039 516 0.000181 0
989 65 1089 205 0.000180 0
220 129 240 154 0.000179 0
1118 64 1157 117 0.000179 0
109 253 121 297 0.000178 0
256 64 336 185 0.000178 0
991 405 1003 429 0.000177 0
1053 488 1085 507 0.000175 0
1235 405 1249 427 0.000174 0
813 406 832 424 0.000173 0
1024 423 1033 439 0.000172 0
977 394 994 430 0.000170 0
991 344 1004 359 0.000170 0
510 536 521 569 0.000168 0
994 438 1011 455 0.000167 0
1238 419 1247 436 0.000166 0
1139 132 1228 222 0.000165 0
1028 373 1043 409 0.000165 0
1167 680 1184 703 0.000164 0
256 391 287 400 0.000164 0
221 192 343 375 0.000163 0
65 64 131 213 0.000163 0
916 338 927 352 0.000162 0
1158 426 1168 440 0.000160 0
911 178 938 200 0.000159 0
894 546 911 591 0.000159 0
1010 64 1024 71 0.000159 0
879 407 889 424 0.000159 0
881 513 888 520 0.000157 0
950 452 976 487 0.000156 0
761 456 781 480 0.000156 0
1245 479 1279 703 0.000155 0
273 239 290 295 0.000155 0
1102 389 1118 406 0.000154 0
754 415 769 428 0.000154 0
592 405 609 427 0.000152 0
1189 488 1203 505 0.000152 0
858 270 913 343 0.000151 0
666 192 693 230 0.000151 0
1239 449 1247 459 0.000150 0
1011 451 1221 503 0.000150 0
551 410 589 437 0.000149 0
1066 440 1118 473 0.000149 0
1125 379 1135 390 0.000149 0
767 313 777 336 0.000149 0
751 318 764 334 0.000149 0
1103 175 1121 202 0.000148 0
1059 390 1073 406 0.000148 0
774 395 784 423 0.000147 0
383 695 400 703 0.000146 0
849 407 870 427 0.000144 0
485 446 497 453 0.000144 0
1168 456 1191 471 0.000143 0
299 220 325 299 0.000142 0
641 410 658 439 0.000141 0
981 417 1027 469 0.000140 0
1073 120 1146 212 0.000140 0
751 202 767 230 0.000140 0
601 358 630 435 0.000138 0
0 171 6 203 0.000138 0
1231 654 1249 702 0.000137 0
804 540 816 568 0.000137 0
1023 407 1036 423 0.000136 0
1150 87 1162 106 0.000135 0
1167 440 1177 455 0.000135 0
649 194 664 216 0.000132 0
953 199 961 209 0.000132 0
509 392 576 435 0.000131 0
913 367 929 407 0.000131 0
1120 465 1152 482 0.000130 0
1068 396 1090 425 0.000130 0
1055 460 1074 494 0.000129 0
1064 672 1094 703 0.000128 0
715 366 838 472 0.000127 0
156 79 210 232 0.000127 0
173 185 184 207 0.000127 0
525 658 552 703 0.000127 0
353 64 507 94 0.000125 0
415 588 424 616 0.000125 0
354 64 370 86 0.000125 0
576 279 591 293 0.000124 0
11 379 32 408 0.000123 0
0 377 11 398 0.000123 0
1071 573 1088 624 0.000123 0
704 315 722 364 0.000122 0
0 261 32 409 0.000121 0
1088 414 1119 455 0.000119 0
735 462 753 504 0.000118 0
350 415 368 471 0.000117 0
957 686 971 703 0.000116 0
1093 423 1104 433 0.000115 0
775 71 916 201 0.000114 0
615 536 624 569 0.000114 0
938 456 955 480 0.000113 0
593 121 605 145 0.000113 0
839 487 848 501 0.000112 0
1053 362 1068 389 0.000111 0
944 64 960 78 0.000109 0
1210 64 1233 76 0.000109 0
872 497 879 503 0.000108 0
854 260 868 296 0.000107 0
1093 675 1120 703 0.000107 0
638 352 659 395 0.000106 0
1018 366 1280 475 0.000106 0
1150 100 1162 135 0.000106 0
1134 678 1169 703 0.000106 0
1085 311 1117 335 0.000106 0
1116 671 1135 703 0.000105 0
1247 424 1257 446 0.000104 0
173 207 183 216 0.000104 0
636 678 818 703 0.000103 0
1007 326 1018 345 0.000103 0
695 328 703 343 0.000102 0
750 343 792 392 0.000102 0
694 350 703 360 0.000101 0
742 248 764 302 0.000101 0
742 231 796 288 0.827273 1
947 221 992 266 0.760889 1
981 224 995 252 0.011434 1
925 207 946 253 0.010777 1
863 238 923 290 0.002499 1
808 257 830 282 0.002379 1
929 242 943 253 0.002127 1
1144 309 1168 344 0.001969 1
924 272 961 297 0.001701 1
780 243 793 272 0.001655 1
691 211 703 238 0.001108 1
1016 314 1083 345 0.000914 1
788 262 804 281 0.000912 1
896 266 912 291 0.000770 1
907 267 927 296 0.000737 1
825 263 833 282 0.000651 1
20 227 75 255 0.000647 1
871 265 893 286 0.000476 1
1045 279 1071 296 0.000275 1
928 251 1045 304 0.000254 1
796 216 808 233 0.000236 1
149 237 192 263 0.000219 1
913 238 963 264 0.000197 1
751 225 760 232 0.000142 1
866 192 973 271 0.000109 1
691 206 728 235 0.114305 2
484 199 516 217 0.061844 2
630 373 659 395 0.046320 2
1113 220 1135 232 0.035863 2
532 207 545 218 0.024573 2
1004 197 1042 228 0.024491 2
304 185 323 198 0.021492 2
821 329 848 344 0.021164 2
1003 235 1024 251 0.018391 2
0 392 17 410 0.017895 2
458 408 519 446 0.017726 2
1263 347 1279 369 0.016659 2
1059 212 1124 246 0.012595 2
1208 255 1226 266 0.011468 2
1104 487 1119 495 0.010598 2
750 439 800 473 0.008925 2
1247 344 1264 356 0.008193 2
158 416 167 423 0.007210 2
641 204 653 216 0.006690 2
832 480 840 486 0.006061 2
592 423 610 434 0.005571 2
175 401 193 416 0.005419 2
575 430 592 458 0.005252 2
648 455 656 461 0.005208 2
444 424 463 443 0.005113 2
111 412 131 426 0.004977 2
1184 275 1222 285 0.004642 2
668 454 685 463 0.004615 2
874 198 955 244 0.004577 2
1168 241 1185 250 0.004476 2
1263 254 1279 270 0.003936 2
190 393 223 413 0.003876 2
1199 258 1214 265 0.003855 2
1114 487 1136 497 0.003751 2
1120 64 1152 77 0.003670 2
1005 218 1024 230 0.003508 2
550 200 563 216 0.003421 2
455 204 465 216 0.003349 2
108 400 180 426 0.003263 2
1098 222 1120 241 0.003080 2
702 199 742 215 0.003074 2
319 213 331 231 0.002984 2
504 326 512 335 0.002630 2
502 437 528 448 0.002545 2
592 186 624 215 0.002361 2
905 456 913 463 0.002312 2
656 453 665 462 0.002304 2
607 447 624 467 0.002273 2
849 466 866 479 0.002223 2
0 395 48 423 0.002185 2
593 447 609 455 0.002138 2
526 424 583 438 0.002125 2
1160 238 1173 248 0.002050 2
563 201 577 215 0.002011 2
957 482 969 488 0.001951 2
495 238 528 251 0.001849 2
750 439 766 451 0.001695 2
1076 217 1096 232 0.001669 2
522 192 556 217 0.001495 2
293 176 309 198 0.001490 2
1056 217 1068 231 0.001433 2
274 184 294 191 0.001400 2
1190 497 1200 504 0.001400 2
815 472 826 478 0.001385 2
1204 247 1277 268 0.001373 2
0 251 326 395 0.001363 2
1123 231 1141 246 0.001314 2
623 191 655 214 0.001287 2
511 339 521 349 0.001253 2
558 424 578 432 0.001214 2
1026 241 1035 251 0.001202 2
1237 344 1253 353 0.001180 2
599 319 608 329 0.001101 2
630 455 639 461 0.001090 2
671 433 679 440 0.001088 2
1028 319 1088 341 0.001081 2
1140 323 1169 344 0.001011 2
1001 512 1016 520 0.000990 2
896 478 914 487 0.000966 2
599 464 609 470 0.000920 2
1144 502 1164 511 0.000888 2
62 254 91 264 0.000862 2
974 448 985 457 0.000845 2
943 456 953 463 0.000815 2
104 237 156 264 0.000814 2
863 335 881 343 0.000804 2
656 447 700 463 0.000759 2
1262 168 1279 180 0.000738 2
598 452 608 461 0.000723 2
246 410 264 423 0.000717 2
671 423 689 439 0.000688 2
1167 263 1183 269 0.000684 2
242 215 270 240 0.000661 2
618 182 638 202 0.000648 2
294 200 333 233 0.000631 2
1112 216 1183 240 0.000624 2
0 282 24 294 0.000597 2
483 189 497 206 0.000559 2
1071 327 1088 338 0.000546 2
689 454 703 467 0.000545 2
1263 359 1279 402 0.000537 2
1069 196 1092 212 0.000514 2
661 274 674 283 0.000510 2
377 417 464 441 0.000509 2
703 440 721 469 0.000492 2
658 374 673 386 0.000464 2
655 427 665 439 0.000460 2
329 199 389 232 0.000445 2
719 317 745 337 0.000436 2
604 169 637 186 0.000429 2
817 359 832 376 0.000425 2
1272 198 1279 214 0.000420 2
153 394 224 444 0.000417 2
33 253 94 284 0.000413 2
927 199 956 209 0.000411 2
1196 472 1216 483 0.000406 2
829 504 841 511 0.000404 2
63 391 81 401 0.000404 2
359 409 367 415 0.000401 2
324 191 337 199 0.000396 2
31 275 48 295 0.000395 2
367 415 400 474 0.000376 2
415 407 451 423 0.000372 2
46 395 99 423 0.000370 2
1150 471 1164 479 0.000369 2
1213 495 1224 504 0.000368 2
452 303 519 346 0.000363 2
864 215 881 243 0.000363 2
1051 317 1064 330 0.000359 2
158 238 192 261 0.000355 2
1176 272 1279 292 0.000353 2
1044 279 1072 296 0.000349 2
1194 368 1266 426 0.000348 2
390 422 399 437 0.000343 2
1220 344 1274 369 0.000335 2
1038 198 1069 233 0.000324 2
602 323 664 379 0.000323 2
839 504 848 510 0.000315 2
1071 322 1122 344 0.000311 2
638 423 650 435 0.000310 2
1015 319 1043 343 0.000308 2
748 199 768 211 0.000306 2
1169 214 1184 223 0.000293 2
1183 328 1200 340 0.000292 2
968 480 988 487 0.000292 2
870 177 939 200 0.000290 2
777 471 793 476 0.000288 2
9 391 87 403 0.000286 2
734 424 765 461 0.000286 2
975 300 993 312 0.000282 2
5 234 195 281 0.000281 2
1099 198 1121 209 0.000279 2
268 454 294 466 0.000272 2
983 496 992 502 0.000270 2
0 256 52 293 0.000269 2
43 439 64 446 0.000266 2
671 463 682 471 0.000259 2
1223 162 1280 211 0.000252 2
470 190 480 202 0.000250 2
73 238 116 264 0.000250 2
19 200 36 206 0.000247 2
807 472 816 478 0.000242 2
554 440 574 455 0.000240 2
679 209 695 232 0.000232 2
1007 331 1016 345 0.000223 2
263 455 276 463 0.000217 2
681 384 688 393 0.000216 2
719 336 736 367 0.000215 2
495 395 603 445 0.000214 2
768 419 827 445 0.000214 2
1002 254 1009 261 0.000206 2
273 391 287 399 0.000200 2
353 190 368 200 0.000197 2
951 484 969 494 0.000193 2
207 487 222 500 0.000192 2
600 559 608 568 0.000192 2
959 510 968 519 0.000188 2
557 374 705 455 0.000187 2
364 187 378 200 0.000185 2
634 459 651 471 0.000184 2
668 384 681 393 0.000179 2
1095 444 1120 466 0.000177 2
47 408 65 423 0.000177 2
384 406 400 418 0.000158 2
591 407 624 440 0.000158 2
504 315 523 350 0.000157 2
591 457 614 472 0.000157 2
357 218 368 231 0.000157 2
828 287 848 300 0.000156 2
1265 316 1279 355 0.000152 2
981 216 1055 252 0.000151 2
921 277 1035 299 0.000149 2
199 407 265 429 0.000148 2
955 434 994 456 0.000147 2
223 374 240 408 0.000144 2
466 391 480 404 0.000144 2
495 291 513 337 0.000143 2
71 277 95 288 0.000142 2
1115 242 1222 269 0.000141 2
125 205 137 223 0.000140 2
767 462 795 477 0.000140 2
763 312 848 344 0.000139 2
639 535 656 568 0.000138 2
476 445 496 454 0.000135 2
639 209 677 230 0.000134 2
623 424 634 434 0.000132 2
1117 64 1214 93 0.000131 2
959 341 1006 371 0.000130 2
377 453 413 471 0.000129 2
639 381 701 406 0.000128 2
952 696 986 703 0.000126 2
992 555 1009 568 0.000124 2
324 403 390 435 0.000123 2
629 179 726 228 0.000123 2
636 674 693 703 0.000122 2
998 332 1009 344 0.000121 2
1140 184 1204 223 0.000120 2
164 247 228 279 0.000119 2
221 130 237 146 0.000118 2
690 197 796 261 0.000117 2
905 102 930 119 0.000116 2
1128 341 1163 360 0.000115 2
711 336 934 392 0.000114 2
183 375 208 392 0.000112 2
165 219 293 267 0.000111 2
374 407 385 416 0.000110 2
526 622 544 646 0.000109 2
446 178 467 216 0.000107 2
925 179 956 203 0.000105 2
684 375 695 384 0.000105 2
412 389 503 430 0.000104 2
623 440 634 454 0.000104 2
704 341 725 378 0.000102 2
857 264 912 345 0.000102 2
209 448 235 461 0.000101 2
478 173 520 217 0.001635 5
505 423 591 454 0.001520 5
989 168 1049 227 0.000113 5
678 261 1279 370 0.006931 6
477 169 583 211 0.004685 6
1181 163 1279 273 0.003877 6
46 400 157 426 0.002714 6
325 401 704 462 0.002060 6
826 135 939 164 0.001297 6
1017 411 1278 507 0.000998 6
1 64 348 394 0.000886 6
580 434 702 463 0.000569 6
351 269 941 471 0.000472 6
753 432 892 478 0.000448 6
647 316 1039 483 0.000423 6
1043 272 1264 300 0.000407 6
1174 287 1279 361 0.000350 6
509 418 591 458 0.000349 6
334 64 687 225 0.000297 6
550 169 622 199 0.000273 6
44 407 327 479 0.000241 6
642 456 1076 704 0.000228 6
12 233 193 265 0.000205 6
1166 243 1237 294 0.000199 6
1105 157 1219 216 0.000169 6
444 180 485 217 0.000150 6
1079 479 1279 703 0.000149 6
691 153 1083 281 0.000143 6
749 337 939 396 0.000133 6
1020 333 1280 419 0.000116 6
357 157 466 202 0.000103 6
864 177 954 243 0.354796 7
700 153 860 258 0.138814 7
587 183 623 215 0.056125 7
1004 196 1052 229 0.051596 7
1184 169 1279 269 0.007319 7
508 172 580 209 0.006664 7
804 181 858 242 0.003795 7
691 181 731 235 0.003544 7
1062 184 1200 249 0.002815 7
1207 303 1280 351 0.001108 7
1182 230 1233 285 0.000720 7
1263 322 1279 370 0.000686 7
839 154 926 203 0.000499 7
293 199 389 281 0.000333 7
296 199 333 234 0.000263 7
713 189 728 214 0.000217 7
368 416 400 472 0.000206 7
1118 64 1218 85 0.000184 7
1095 163 1165 209 0.000167 7
912 152 960 184 0.000129 7
585 199 654 270 0.000123 7
1262 168 1279 227 0.000118 7
750 276 920 345 0.000115 7
926 276 1137 385 0.000104 7
513 152 523 177 0.295064 9
1088 150 1104 178 0.275234 9
1207 170 1215 186 0.114644 9
448 157 490 170 0.083821 9
990 680 1009 703 0.045301 9
1215 167 1223 184 0.043362 9
1192 383 1207 415 0.035774 9
372 167 382 184 0.025015 9
894 154 907 176 0.019901 9
313 154 341 187 0.019675 9
366 167 373 186 0.015887 9
558 184 567 197 0.014898 9
693 178 703 198 0.012788 9
239 178 247 191 0.012724 9
845 151 859 166 0.011614 9
524 183 535 196 0.011133 9
848 182 857 201 0.010843 9
1045 154 1056 173 0.010231 9
665 182 670 198 0.010217 9
866 152 880 169 0.009924 9
552 173 581 203 0.009867 9
362 167 368 188 0.009488 9
1013 136 1025 171 0.009450 9
810 160 855 179 0.009275 9
225 183 231 194 0.008765 9
1193 163 1202 186 0.007966 9
809 166 819 178 0.007271 9
464 171 471 183 0.006501 9
1231 169 1246 181 0.006313 9
1216 192 1222 204 0.006280 9
879 155 890 169 0.006196 9
567 141 581 161 0.006086 9
864 165 870 181 0.005670 9
259 143 268 159 0.005658 9
587 171 593 185 0.005207 9
620 167 633 176 0.004849 9
1088 189 1095 202 0.004832 9
960 135 976 160 0.004824 9
216 183 225 198 0.004261 9
1180 163 1205 218 0.004035 9
903 536 912 571 0.003977 9
1208 168 1225 209 0.003903 9
1157 165 1167 184 0.003815 9
111 151 127 164 0.003694 9
927 151 937 168 0.003455 9
1177 381 1185 391 0.003386 9
1081 174 1091 184 0.003358 9
119 64 160 76 0.003204 9
559 592 569 624 0.003127 9
1202 404 1215 415 0.002935 9
681 179 689 195 0.002928 9
814 143 823 155 0.002832 9
801 142 811 158 0.002820 9
174 64 201 89 0.002749 9
960 119 969 134 0.002672 9
483 174 496 187 0.002571 9
520 174 547 184 0.002561 9
895 552 904 586 0.002458 9
95 151 105 176 0.002252 9
1213 370 1223 388 0.002149 9
664 292 681 349 0.002131 9
257 179 262 191 0.002109 9
690 169 698 180 0.002015 9
638 160 644 169 0.001962 9
409 178 418 202 0.001955 9
68 169 80 177 0.001901 9
570 165 579 178 0.001861 9
604 166 614 180 0.001839 9
870 166 880 177 0.001827 9
568 536 576 560 0.001791 9
1090 232 1103 269 0.001727 9
1167 382 1183 421 0.001661 9
991 282 1003 312 0.001587 9
1149 342 1189 399 0.001582 9
829 135 861 163 0.001527 9
1119 339 1136 388 0.001478 9
167 64 176 76 0.001464 9
673 316 680 328 0.001461 9
248 177 257 193 0.001448 9
705 169 711 179 0.001434 9
1196 375 1233 422 0.001428 9
591 163 603 184 0.001427 9
966 174 976 186 0.001393 9
951 345 960 366 0.001356 9
638 164 649 182 0.001352 9
1167 382 1180 392 0.001345 9
1101 139 1110 160 0.001303 9
1160 377 1166 383 0.001300 9
619 177 633 185 0.001267 9
454 151 546 214 0.001222 9
681 168 688 184 0.001220 9
982 352 994 390 0.001163 9
47 312 57 340 0.001108 9
1023 159 1030 169 0.001108 9
1224 165 1233 181 0.001095 9
663 153 671 173 0.001034 9
976 687 989 703 0.001029 9
1104 168 1120 202 0.000942 9
1002 172 1010 185 0.000924 9
512 183 526 203 0.000919 9
1198 137 1205 184 0.000879 9
544 140 551 156 0.000861 9
871 121 879 131 0.000854 9
992 141 1000 166 0.000854 9
695 121 705 152 0.000850 9
702 118 716 129 0.000835 9
544 168 552 178 0.000817 9
1026 150 1040 160 0.000812 9
736 540 752 568 0.000795 9
905 126 912 136 0.000784 9
791 542 800 568 0.000782 9
1144 376 1151 386 0.000767 9
852 118 866 136 0.000756 9
432 172 445 192 0.000748 9
1150 344 1173 360 0.000748 9
950 273 960 294 0.000734 9
596 64 623 92 0.000725 9
510 550 521 568 0.000721 9
698 149 713 179 0.000708 9
1028 157 1039 169 0.000706 9
1019 170 1031 185 0.000705 9
159 64 169 72 0.000699 9
988 346 1008 391 0.000695 9
848 174 868 222 0.000684 9
618 180 635 200 0.000671 9
1230 656 1240 700 0.000669 9
960 339 969 353 0.000667 9
1056 153 1064 169 0.000653 9
333 184 343 199 0.000651 9
241 164 248 178 0.000647 9
807 541 816 567 0.000640 9
719 337 736 380 0.000636 9
862 112 869 119 0.000633 9
981 141 993 154 0.000630 9
840 119 854 134 0.000618 9
690 118 700 132 0.000616 9
547 150 565 161 0.000599 9
352 165 359 188 0.000598 9
687 535 697 566 0.000590 9
586 121 598 155 0.000569 9
149 64 178 86 0.000569 9
856 283 862 295 0.000565 9
1056 375 1065 389 0.000563 9
1074 169 1101 201 0.000533 9
849 136 938 170 0.000527 9
1228 179 1245 198 0.000525 9
1101 122 1137 167 0.000522 9
580 64 596 92 0.000510 9
1246 346 1263 379 0.000507 9
1150 372 1162 404 0.000503 9
463 260 478 304 0.000503 9
386 199 398 206 0.000499 9
1039 645 1057 698 0.000495 9
339 166 351 197 0.000491 9
111 204 122 230 0.000486 9
799 552 807 569 0.000473 9
1194 355 1210 377 0.000467 9
210 167 217 176 0.000460 9
863 662 873 682 0.000449 9
312 179 338 196 0.000442 9
735 339 753 375 0.000440 9
799 591 807 613 0.000439 9
1015 333 1024 344 0.000435 9
959 161 989 186 0.000425 9
768 535 777 567 0.000424 9
653 158 661 174 0.000419 9
578 301 593 316 0.000411 9
639 535 648 568 0.000411 9
995 135 1009 174 0.000406 9
783 539 792 567 0.000394 9
912 169 921 178 0.000389 9
1171 149 1188 165 0.000388 9
970 122 982 136 0.000386 9
1075 686 1091 703 0.000383 9
385 149 394 160 0.000375 9
751 549 760 568 0.000368 9
759 534 769 568 0.000368 9
776 407 783 416 0.000368 9
1022 124 1041 163 0.000354 9
1145 165 1154 184 0.000350 9
1223 161 1276 208 0.000349 9
580 278 590 289 0.000349 9
874 559 880 571 0.000349 9
1094 370 1104 404 0.000345 9
1262 169 1279 210 0.000344 9
1054 167 1064 187 0.000343 9
906 105 928 120 0.000342 9
263 277 272 296 0.000339 9
862 114 870 136 0.000333 9
376 161 408 184 0.000327 9
528 151 544 172 0.000327 9
1097 128 1105 144 0.000322 9
775 535 782 565 0.000295 9
39 314 49 344 0.000287 9
1071 572 1089 629 0.000285 9
910 326 928 344 0.000284 9
215 162 222 175 0.000280 9
1006 359 1024 390 0.000278 9
1263 368 1279 420 0.000276 9
882 569 896 585 0.000271 9
808 371 815 392 0.000270 9
96 181 103 200 0.000266 9
682 327 689 343 0.000265 9
1030 334 1041 360 0.000260 9
1020 695 1040 703 0.000256 9
959 550 975 570 0.000255 9
1081 346 1121 407 0.000253 9
857 632 897 689 0.000252 9
1105 154 1119 172 0.000250 9
919 562 928 578 0.000248 9
1179 376 1196 392 0.000248 9
16 157 25 179 0.000242 9
53 262 64 287 0.000241 9
1038 669 1048 681 0.000240 9
596 134 606 144 0.000239 9
223 375 240 408 0.000239 9
486 147 523 169 0.000237 9
1150 155 1199 185 0.000233 9
645 163 657 181 0.000232 9
1247 679 1264 697 0.000232 9
848 304 855 311 0.000231 9
1110 361 1120 377 0.000230 9
999 126 1007 136 0.000229 9
663 171 688 210 0.000229 9
1016 151 1059 186 0.000223 9
1036 107 1112 202 0.000222 9
1135 342 1161 371 0.000222 9
415 175 424 203 0.000215 9
974 644 1060 703 0.000211 9
62 150 80 173 0.000210 9
1044 343 1055 360 0.000207 9
48 184 64 206 0.000206 9
1031 335 1064 393 0.000202 9
599 533 612 568 0.000200 9
209 67 236 86 0.000197 9
574 275 601 338 0.000196 9
208 182 224 224 0.000195 9
910 267 929 340 0.000195 9
789 137 800 153 0.000195 9
1032 543 1040 568 0.000190 9
652 177 663 199 0.000189 9
596 141 607 153 0.000188 9
903 633 911 651 0.000187 9
400 184 410 202 0.000183 9
256 86 262 97 0.000180 9
312 96 379 197 0.000177 9
683 297 703 343 0.000177 9
882 122 897 137 0.000174 9
1237 639 1248 679 0.000174 9
930 135 943 149 0.000171 9
1118 682 1129 703 0.000171 9
1212 151 1224 162 0.000169 9
824 686 841 703 0.000167 9
1039 181 1051 205 0.000167 9
1255 628 1264 646 0.000166 9
1072 150 1081 168 0.000164 9
864 304 871 314 0.000163 9
319 90 332 154 0.000161 9
981 155 993 169 0.000161 9
751 342 816 392 0.000160 9
744 150 752 157 0.000156 9
248 163 256 176 0.000155 9
223 168 231 176 0.000155 9
706 119 721 161 0.000153 9
1110 349 1119 362 0.000152 9
1131 278 1137 295 0.000150 9
1101 350 1115 381 0.000150 9
1230 87 1251 161 0.000150 9
951 182 960 204 0.000149 9
927 105 936 120 0.000147 9
1014 660 1029 691 0.000147 9
979 325 991 342 0.000146 9
637 183 647 199 0.000144 9
691 179 723 209 0.000141 9
894 623 905 647 0.000140 9
1040 600 1046 623 0.000139 9
726 150 734 159 0.000138 9
488 337 496 353 0.000135 9
739 135 755 156 0.000131 9
671 152 677 168 0.000131 9
887 559 895 576 0.000130 9
768 392 777 421 0.000129 9
912 543 921 553 0.000128 9
653 127 661 144 0.000127 9
245 130 255 144 0.000126 9
356 151 383 188 0.000124 9
577 80 586 98 0.000123 9
464 189 480 213 0.000116 9
1017 320 1046 347 0.000114 9
677 526 688 564 0.000112 9
681 304 687 313 0.000112 9
542 264 560 281 0.000111 9
262 178 274 203 0.000111 9
292 176 309 197 0.000107 9
117 161 128 179 0.000107 9
544 158 553 170 0.000105 9
788 112 836 161 0.000104 9
625 64 638 72 0.000103 9
1162 96 1187 137 0.000103 9
600 344 609 359 0.000100 9
1182 193 1198 215 0.060636 11
1053 110 1083 146 0.021710 11
517 191 526 202 0.009527 11
111 205 120 222 0.004323 11
1050 122 1058 135 0.000642 11
1179 167 1226 217 0.000355 11
1199 181 1215 207 0.000168 11
