1117 199 1142 256 0.777884 0
880 192 912 268 0.651342 0
749 197 790 275 0.586919 0
845 197 875 269 0.207999 0
536 196 574 255 0.204455 0
1102 192 1120 249 0.137123 0
536 193 574 280 0.117859 0
718 210 728 235 0.070723 0
843 196 870 271 0.065295 0
1105 190 1119 216 0.063743 0
1162 200 1173 221 0.053543 0
1100 192 1119 217 0.051133 0
222 200 235 240 0.048932 0
860 200 875 266 0.045636 0
1036 193 1050 229 0.042312 0
847 198 857 223 0.040978 0
844 196 864 270 0.035756 0
863 202 876 264 0.033876 0
844 198 856 243 0.029750 0
1038 198 1051 229 0.027532 0
1271 194 1279 236 0.027430 0
863 202 879 267 0.024585 0
1161 202 1173 221 0.023232 0
843 200 880 271 0.023135 0
1103 198 1113 216 0.021456 0
223 200 233 220 0.020849 0
1269 195 1279 236 0.018757 0
755 197 788 235 0.018668 0
844 200 900 280 0.018641 0
1111 192 1119 215 0.017542 0
865 202 874 232 0.015721 0
861 207 876 268 0.014947 0
471 201 479 217 0.012719 0
885 192 915 266 0.012643 0
470 204 479 217 0.012494 0
900 196 923 262 0.009992 0
1271 196 1279 247 0.009479 0
707 209 728 235 0.009022 0
902 200 924 263 0.008736 0
863 205 874 230 0.008662 0
1097 194 1120 249 0.008207 0
849 198 874 230 0.008156 0
709 206 728 234 0.007684 0
937 203 943 214 0.006257 0
898 196 911 232 0.006215 0
717 199 729 235 0.005938 0
879 199 896 230 0.005927 0
1216 190 1228 233 0.005431 0
633 202 644 216 0.005371 0
842 227 887 278 0.005320 0
786 197 794 214 0.005210 0
1033 197 1050 228 0.005113 0
613 151 634 169 0.004819 0
544 200 573 280 0.004720 0
1232 168 1246 181 0.004669 0
884 191 899 225 0.004448 0
1098 189 1119 216 0.004306 0
603 150 634 182 0.004236 0
847 184 857 222 0.003906 0
1119 199 1140 222 0.003875 0
1217 196 1229 233 0.003543 0
1267 191 1279 269 0.003529 0
902 199 938 264 0.003479 0
1271 198 1279 261 0.003242 0
839 211 860 276 0.003240 0
906 210 927 263 0.003236 0
842 231 882 280 0.003111 0
1269 197 1279 269 0.003057 0
632 202 645 227 0.002853 0
470 203 479 224 0.002809 0
1087 189 1119 253 0.002775 0
1216 211 1228 233 0.002691 0
175 201 183 222 0.002671 0
964 373 980 391 0.002642 0
174 201 183 215 0.002598 0
1038 197 1053 230 0.002564 0
1216 179 1231 233 0.002521 0
1218 214 1229 234 0.002367 0
785 197 794 218 0.002342 0
693 207 702 231 0.002307 0
959 372 981 393 0.002281 0
863 438 880 479 0.002276 0
693 207 703 230 0.002243 0
222 200 237 241 0.002229 0
843 242 857 281 0.002209 0
902 198 921 250 0.002126 0
1150 201 1174 221 0.002075 0
243 196 255 215 0.002049 0
903 202 952 276 0.002046 0
786 198 794 229 0.002026 0
1088 187 1095 208 0.001997 0
1098 200 1107 215 0.001953 0
1260 196 1279 265 0.001933 0
1071 480 1081 502 0.001904 0
903 200 949 268 0.001894 0
863 439 879 456 0.001892 0
899 192 911 221 0.001861 0
1102 191 1127 223 0.001765 0
750 198 787 231 0.001761 0
865 202 881 260 0.001731 0
611 150 635 172 0.001706 0
862 437 877 456 0.001700 0
992 456 999 464 0.001668 0
812 209 826 224 0.001626 0
602 150 639 195 0.001610 0
1217 191 1226 215 0.001584 0
960 372 988 392 0.001548 0
842 230 867 277 0.001540 0
172 202 183 227 0.001468 0
964 369 980 391 0.001466 0
1088 199 1094 209 0.001461 0
604 150 645 189 0.001448 0
1216 190 1223 208 0.001411 0
241 195 252 215 0.001397 0
922 202 945 238 0.001374 0
893 191 909 222 0.001306 0
460 203 468 216 0.001285 0
852 438 879 479 0.001285 0
516 192 526 208 0.001265 0
958 371 980 407 0.001254 0
601 150 646 201 0.001253 0
918 205 948 264 0.001249 0
818 197 856 241 0.001236 0
964 368 987 392 0.001232 0
916 473 927 487 0.001220 0
692 208 704 235 0.001215 0
465 203 471 215 0.001197 0
958 372 980 398 0.001179 0
748 198 786 246 0.001173 0
1098 203 1107 216 0.001152 0
916 472 928 485 0.001080 0
241 196 255 216 0.001049 0
841 197 857 225 0.001043 0
681 200 690 216 0.001042 0
611 150 644 183 0.001029 0
1111 202 1142 258 0.001012 0
786 197 797 229 0.000988 0
464 199 478 215 0.000974 0
220 199 238 255 0.000968 0
1161 198 1179 221 0.000966 0
950 275 960 293 0.000946 0
612 150 641 170 0.000938 0
912 455 928 487 0.000933 0
642 208 653 216 0.000892 0
1034 194 1055 230 0.000881 0
848 193 873 231 0.000854 0
1209 180 1227 231 0.000841 0
862 432 874 456 0.000838 0
1209 167 1229 227 0.000829 0
670 208 679 231 0.000828 0
1038 200 1055 231 0.000812 0
779 198 792 236 0.000796 0
1136 447 1143 460 0.000773 0
375 185 386 202 0.000770 0
1095 179 1121 218 0.000768 0
783 197 794 233 0.000767 0
1001 386 1023 408 0.000765 0
703 209 728 236 0.000750 0
1252 198 1264 223 0.000728 0
958 368 982 393 0.000716 0
847 185 874 229 0.000715 0
962 355 992 392 0.000697 0
1091 190 1107 240 0.000691 0
1056 220 1066 242 0.000689 0
1252 204 1268 232 0.000665 0
599 149 636 184 0.000664 0
1263 186 1279 294 0.000656 0
540 198 564 231 0.000650 0
670 208 681 233 0.000647 0
963 371 990 391 0.000643 0
1056 488 1066 497 0.000642 0
1250 198 1270 232 0.000635 0
957 370 987 407 0.000618 0
784 330 817 390 0.000609 0
167 203 181 227 0.000607 0
242 195 253 217 0.000606 0
1271 172 1279 211 0.000604 0
1100 182 1122 217 0.000588 0
948 347 961 392 0.000588 0
1127 444 1134 460 0.000582 0
717 209 733 235 0.000560 0
860 432 882 457 0.000539 0
873 203 900 268 0.000536 0
786 197 799 235 0.000536 0
241 195 255 238 0.000531 0
1211 166 1231 228 0.000529 0
784 192 795 211 0.000520 0
692 207 703 239 0.000511 0
216 198 224 221 0.000496 0
1226 197 1265 263 0.000494 0
164 204 174 228 0.000491 0
956 370 978 434 0.000476 0
786 331 813 382 0.000471 0
840 248 857 275 0.000467 0
1219 167 1261 228 0.000465 0
751 463 760 472 0.000458 0
266 196 272 211 0.000454 0
838 256 856 281 0.000452 0
538 182 574 234 0.000451 0
1087 152 1108 215 0.000445 0
631 201 654 231 0.000439 0
912 467 928 487 0.000436 0
1135 448 1142 463 0.000434 0
974 374 992 391 0.000425 0
601 150 656 206 0.000424 0
238 194 253 232 0.000424 0
947 277 960 303 0.000423 0
654 197 663 217 0.000423 0
859 436 903 482 0.000414 0
1197 384 1206 400 0.000409 0
1211 165 1231 216 0.000409 0
751 452 767 472 0.000406 0
865 197 881 242 0.000403 0
165 200 183 226 0.000400 0
685 194 798 282 0.000399 0
1265 230 1279 272 0.000399 0
764 259 851 345 0.000395 0
218 201 230 235 0.000391 0
632 202 647 224 0.000383 0
457 203 465 216 0.000381 0
763 186 785 232 0.000378 0
1040 455 1048 464 0.000378 0
1181 165 1201 216 0.000376 0
1070 478 1082 503 0.000371 0
963 346 990 392 0.000365 0
1070 64 1079 69 0.000365 0
799 439 816 474 0.000355 0
952 369 978 463 0.000353 0
1057 210 1103 295 0.000352 0
551 204 573 265 0.000346 0
950 345 960 386 0.000342 0
527 232 538 250 0.000338 0
806 184 1241 285 0.000326 0
1049 186 1238 276 0.000324 0
1056 213 1080 243 0.000324 0
595 148 609 170 0.000321 0
947 351 979 395 0.000315 0
351 191 357 199 0.000313 0
934 170 1182 275 0.000310 0
464 202 479 225 0.000301 0
767 183 785 203 0.000296 0
792 271 849 344 0.000291 0
655 197 662 216 0.000291 0
682 203 702 231 0.000289 0
716 203 735 235 0.000289 0
949 360 996 450 0.000288 0
912 473 928 487 0.000280 0
956 372 978 423 0.000279 0
875 439 893 477 0.000273 0
942 342 962 392 0.000271 0
1214 392 1227 427 0.000269 0
816 269 851 345 0.000263 0
798 189 818 233 0.000260 0
1059 212 1073 295 0.000255 0
710 193 729 234 0.000255 0
458 201 465 216 0.000252 0
765 185 791 231 0.000251 0
1263 250 1279 270 0.000249 0
542 191 554 207 0.000247 0
925 446 935 460 0.000246 0
980 349 993 387 0.000244 0
320 203 330 219 0.000238 0
652 151 671 200 0.000237 0
375 185 387 206 0.000237 0
1051 180 1276 292 0.000235 0
1199 406 1215 416 0.000235 0
1077 332 1088 359 0.000234 0
951 344 960 374 0.000234 0
877 440 889 457 0.000232 0
1178 344 1195 359 0.000231 0
526 232 536 248 0.000229 0
965 356 982 391 0.000227 0
995 386 1024 424 0.000225 0
864 438 888 456 0.000225 0
158 201 182 227 0.000222 0
785 327 849 344 0.000220 0
23 215 42 254 0.000219 0
467 202 479 245 0.000218 0
751 458 768 472 0.000217 0
1026 278 1039 295 0.000217 0
642 197 789 285 0.000216 0
1156 187 1196 222 0.000214 0
847 433 881 480 0.000213 0
1059 215 1078 295 0.000212 0
991 354 1003 383 0.000210 0
1094 495 1104 508 0.000208 0
681 198 694 216 0.000208 0
534 191 600 283 0.000207 0
782 330 823 393 0.000207 0
832 471 840 483 0.000206 0
1077 333 1089 364 0.000205 0
990 383 1024 414 0.000198 0
1041 481 1059 497 0.000197 0
796 203 827 238 0.000192 0
1175 344 1191 361 0.000191 0
960 455 969 463 0.000190 0
1126 443 1136 472 0.000188 0
595 141 610 168 0.000188 0
1184 379 1216 416 0.000187 0
822 276 849 344 0.000186 0
947 343 989 394 0.000186 0
1095 496 1104 512 0.000183 0
737 202 745 216 0.000181 0
1013 456 1024 470 0.000181 0
552 196 574 228 0.000178 0
628 201 666 233 0.000177 0
784 192 797 214 0.000174 0
1158 192 1192 221 0.000173 0
1220 405 1232 429 0.000173 0
240 194 255 217 0.000172 0
182 198 191 215 0.000172 0
990 385 1024 428 0.000170 0
799 171 819 232 0.000168 0
681 208 703 234 0.000167 0
1121 211 1142 254 0.000166 0
159 204 169 227 0.000165 0
240 198 254 238 0.000164 0
593 148 611 179 0.000162 0
513 196 536 247 0.000162 0
199 209 207 220 0.000162 0
935 453 942 464 0.000162 0
1110 199 1183 254 0.000161 0
1087 223 1104 280 0.000160 0
987 372 1024 431 0.000159 0
953 369 1022 413 0.000159 0
1167 380 1179 393 0.000158 0
612 144 637 170 0.000157 0
209 200 222 232 0.000156 0
266 197 273 220 0.000155 0
1210 185 1279 311 0.000154 0
1024 280 1039 298 0.000154 0
536 208 576 281 0.000153 0
969 347 1002 385 0.000153 0
974 189 982 202 0.000153 0
575 79 584 98 0.000151 0
1057 221 1071 307 0.000150 0
242 217 252 240 0.000149 0
535 207 551 252 0.000148 0
744 150 752 157 0.000148 0
523 198 547 251 0.000146 0
86 217 95 236 0.000145 0
1197 370 1228 427 0.000145 0
386 195 396 205 0.000144 0
602 155 659 193 0.000142 0
1202 370 1227 425 0.000141 0
575 80 586 104 0.000140 0
749 180 789 234 0.000139 0
991 388 1023 416 0.000139 0
593 156 603 182 0.000139 0
821 288 849 344 0.000137 0
86 218 96 239 0.000134 0
1233 408 1256 428 0.000134 0
779 303 835 421 0.000134 0
512 193 541 243 0.000134 0
1174 344 1193 360 0.000133 0
663 193 672 217 0.000133 0
944 364 981 425 0.000133 0
854 434 879 458 0.000133 0
174 191 183 216 0.000131 0
636 207 654 222 0.000130 0
713 198 739 235 0.000130 0
737 199 754 218 0.000129 0
858 437 927 484 0.000128 0
220 201 241 263 0.000128 0
445 168 520 297 0.000128 0
597 141 633 179 0.000128 0
1208 369 1224 418 0.000126 0
1175 344 1195 371 0.000126 0
747 198 829 274 0.000125 0
1040 279 1058 329 0.000125 0
987 343 1008 385 0.000125 0
942 329 961 387 0.000125 0
1045 216 1074 324 0.000124 0
332 176 874 298 0.000124 0
582 64 644 170 0.000123 0
944 351 1031 475 0.000123 0
1263 278 1279 519 0.000122 0
1180 344 1194 376 0.000122 0
159 203 170 228 0.000121 0
854 430 881 457 0.000121 0
959 440 969 459 0.000120 0
1054 280 1061 295 0.000118 0
736 199 748 218 0.000117 0
1087 218 1142 280 0.000117 0
1103 606 1112 616 0.000116 0
872 438 912 486 0.000115 0
958 440 969 462 0.000115 0
946 330 960 380 0.000114 0
785 201 807 240 0.000114 0
946 358 1024 452 0.000113 0
926 439 934 458 0.000113 0
691 170 819 275 0.000113 0
618 149 668 191 0.000112 0
1176 190 1199 217 0.000111 0
1090 172 1232 250 0.000110 0
751 448 765 472 0.000109 0
994 351 1008 385 0.000109 0
1186 356 1212 414 0.000109 0
807 371 815 392 0.000109 0
947 370 969 405 0.000109 0
1149 187 1180 222 0.000108 0
1072 332 1089 387 0.000107 0
990 385 1024 449 0.000107 0
881 450 929 488 0.000107 0
791 313 849 344 0.000107 0
1099 172 1137 226 0.000106 0
745 118 1244 290 0.000106 0
1018 216 1077 300 0.000104 0
843 437 894 480 0.000104 0
663 186 671 216 0.000103 0
875 438 911 480 0.000103 0
630 377 658 396 0.000103 0
173 195 188 219 0.000102 0
509 196 533 249 0.000102 0
853 427 932 483 0.000102 0
1175 499 1185 511 0.000100 0
741 224 786 286 0.741415 1
1110 227 1146 264 0.735692 1
1102 216 1119 250 0.135986 1
876 230 955 278 0.120623 1
875 229 955 288 0.059146 1
876 229 927 288 0.051155 1
876 231 932 276 0.045481 1
877 234 911 288 0.032170 1
877 230 924 272 0.027703 1
876 233 910 281 0.026844 1
877 237 902 284 0.020574 1
1091 215 1118 250 0.015912 1
885 231 927 273 0.014125 1
741 225 815 286 0.014054 1
741 226 776 286 0.014036 1
842 222 896 279 0.013897 1
845 228 909 283 0.013108 1
877 237 901 272 0.012876 1
1068 215 1095 244 0.012400 1
864 232 899 283 0.012138 1
872 232 900 277 0.011045 1
865 232 895 276 0.010789 1
876 241 905 287 0.010589 1
905 228 925 263 0.009419 1
741 248 759 286 0.009208 1
893 228 922 269 0.009184 1
1102 216 1121 254 0.009113 1
751 228 785 280 0.007669 1
746 223 776 277 0.006482 1
867 232 889 269 0.006207 1
768 244 817 280 0.006071 1
761 236 787 280 0.005369 1
868 232 895 271 0.005097 1
1072 217 1092 245 0.005039 1
1084 216 1119 249 0.004934 1
742 224 771 283 0.004792 1
869 202 956 281 0.004789 1
740 249 767 286 0.004320 1
884 229 912 269 0.004235 1
914 239 955 274 0.004206 1
844 229 895 282 0.004154 1
756 246 817 282 0.003950 1
1090 215 1121 259 0.003835 1
764 235 787 272 0.003761 1
902 224 919 263 0.003688 1
907 237 958 294 0.003197 1
882 236 928 295 0.002852 1
908 231 926 262 0.002848 1
779 250 816 280 0.002348 1
746 239 785 285 0.002319 1
1102 219 1132 264 0.002173 1
759 240 791 282 0.002162 1
770 231 787 272 0.002104 1
859 240 909 293 0.002053 1
745 224 770 271 0.001666 1
910 237 932 264 0.001595 1
769 233 808 276 0.001481 1
746 223 787 278 0.001286 1
1087 227 1108 246 0.001141 1
1107 221 1165 258 0.001019 1
933 249 954 274 0.000904 1
741 249 782 287 0.000754 1
1085 210 1143 265 0.000653 1
875 250 930 296 0.000621 1
761 228 787 271 0.000609 1
926 277 960 311 0.000572 1
918 267 960 295 0.000546 1
740 243 824 290 0.000520 1
934 277 960 309 0.000468 1
741 240 788 287 0.000457 1
1109 222 1216 268 0.000439 1
736 223 827 323 0.000428 1
1104 224 1238 271 0.000419 1
928 281 958 300 0.000416 1
923 268 951 293 0.000416 1
920 243 961 295 0.000408 1
767 225 791 270 0.000396 1
919 254 960 294 0.000391 1
740 238 808 288 0.000381 1
841 244 911 297 0.000374 1
884 247 932 296 0.000361 1
1110 227 1177 265 0.000336 1
747 224 758 232 0.000332 1
909 270 928 295 0.000327 1
870 245 921 296 0.000283 1
738 242 762 286 0.000275 1
1118 228 1158 264 0.000273 1
906 275 959 300 0.000254 1
737 229 764 287 0.000248 1
754 248 822 290 0.000228 1
902 277 961 312 0.000196 1
1138 230 1155 251 0.000195 1
726 223 856 339 0.000191 1
863 237 970 303 0.000174 1
1064 227 1219 333 0.000164 1
841 246 984 301 0.000162 1
921 240 967 276 0.000155 1
655 218 786 295 0.000122 1
926 282 960 312 0.000121 1
735 221 769 285 0.000112 1
547 251 575 280 0.000105 1
985 198 1051 230 0.263464 2
1004 198 1051 230 0.045431 2
484 199 516 217 0.037367 2
987 199 1040 229 0.031130 2
1271 195 1279 236 0.025386 2
1273 193 1279 207 0.021985 2
982 205 1021 229 0.017606 2
999 198 1040 228 0.015936 2
984 201 1028 229 0.013945 2
993 203 1026 229 0.008766 2
1009 198 1035 209 0.008676 2
1264 194 1279 237 0.008506 2
991 196 1067 230 0.008207 2
990 195 1087 228 0.007770 2
592 199 652 216 0.007768 2
1150 203 1173 221 0.006220 2
605 201 648 216 0.005535 2
982 207 1001 228 0.004701 2
588 183 656 216 0.004649 2
1164 271 1214 329 0.004599 2
1263 188 1279 221 0.004275 2
925 199 954 207 0.004133 2
619 194 656 216 0.003898 2
528 202 543 217 0.003813 2
968 204 988 223 0.003557 2
923 201 952 210 0.003530 2
905 197 979 247 0.003392 2
1072 202 1095 223 0.003303 2
962 204 987 223 0.003300 2
481 196 517 217 0.003278 2
489 196 518 216 0.003193 2
870 198 956 277 0.003186 2
1147 204 1174 222 0.003155 2
976 202 1050 228 0.003023 2
304 191 313 198 0.003013 2
1038 194 1085 221 0.002980 2
1061 194 1089 212 0.002881 2
915 197 953 207 0.002762 2
1073 201 1092 212 0.002709 2
981 205 997 226 0.002654 2
848 469 865 479 0.002644 2
1053 193 1084 213 0.002585 2
1005 201 1042 230 0.002574 2
1104 487 1115 495 0.002570 2
970 205 987 224 0.002527 2
1104 488 1121 498 0.002492 2
1010 193 1051 229 0.002261 2
966 202 989 222 0.002225 2
1007 206 1038 230 0.002220 2
1120 489 1135 497 0.002215 2
1071 202 1098 229 0.002207 2
1225 167 1279 181 0.002193 2
1066 200 1097 235 0.002059 2
590 184 622 201 0.002001 2
1223 177 1279 231 0.001983 2
962 200 988 223 0.001840 2
901 194 949 247 0.001770 2
591 196 653 217 0.001762 2
302 184 315 198 0.001739 2
822 328 848 344 0.001734 2
622 189 656 214 0.001732 2
1010 194 1039 210 0.001721 2
312 187 323 199 0.001718 2
1007 194 1040 213 0.001685 2
1050 194 1089 232 0.001565 2
899 196 951 257 0.001565 2
589 196 641 215 0.001538 2
1014 456 1024 466 0.001528 2
588 190 655 217 0.001521 2
1164 270 1279 329 0.001487 2
589 200 642 216 0.001474 2
1062 194 1087 209 0.001473 2
911 187 981 227 0.001431 2
1037 196 1074 231 0.001406 2
907 192 978 240 0.001402 2
901 457 913 463 0.001333 2
984 198 1066 246 0.001319 2
901 195 953 209 0.001268 2
1217 167 1279 204 0.001192 2
477 203 505 217 0.001190 2
1220 166 1279 217 0.001141 2
1054 191 1080 205 0.001124 2
1063 191 1083 204 0.001115 2
903 198 948 264 0.001093 2
589 200 617 215 0.001074 2
917 183 954 206 0.001035 2
1212 274 1279 331 0.001001 2
1164 273 1279 417 0.000986 2
974 200 999 224 0.000923 2
500 193 542 218 0.000900 2
953 203 979 222 0.000891 2
528 199 545 219 0.000886 2
695 200 728 234 0.000863 2
1261 168 1279 181 0.000829 2
293 179 309 198 0.000810 2
919 185 952 207 0.000769 2
971 206 997 252 0.000746 2
1065 190 1093 211 0.000744 2
969 205 1016 253 0.000725 2
1249 212 1268 234 0.000720 2
972 220 988 244 0.000699 2
985 197 1094 246 0.000698 2
976 197 1054 255 0.000673 2
536 205 547 229 0.000666 2
1065 199 1106 243 0.000663 2
1222 158 1279 182 0.000651 2
1164 272 1279 361 0.000651 2
917 191 984 224 0.000647 2
1186 273 1200 282 0.000624 2
631 191 655 213 0.000609 2
490 194 515 216 0.000603 2
1146 271 1214 329 0.000593 2
985 191 1042 225 0.000584 2
922 455 937 464 0.000584 2
908 180 952 207 0.000583 2
1261 169 1279 192 0.000580 2
1236 203 1279 267 0.000575 2
894 457 907 463 0.000572 2
1183 273 1200 282 0.000561 2
832 477 840 486 0.000555 2
1262 248 1279 268 0.000552 2
1016 200 1051 231 0.000538 2
1260 215 1279 268 0.000538 2
1263 279 1279 295 0.000535 2
589 206 608 215 0.000530 2
639 207 654 217 0.000528 2
1259 169 1279 219 0.000518 2
693 200 722 220 0.000510 2
1165 272 1203 284 0.000509 2
984 211 1057 256 0.000502 2
827 285 849 299 0.000489 2
828 266 853 281 0.000486 2
1264 470 1279 482 0.000483 2
1222 503 1232 511 0.000482 2
580 183 622 201 0.000476 2
868 185 1050 281 0.000472 2
1104 488 1122 503 0.000458 2
1167 272 1209 286 0.000438 2
618 182 653 209 0.000430 2
827 266 852 300 0.000405 2
676 209 699 234 0.000400 2
594 181 650 201 0.000397 2
803 185 852 225 0.000391 2
574 182 623 215 0.000389 2
827 263 855 282 0.000377 2
826 263 856 300 0.000373 2
911 198 976 252 0.000367 2
1211 168 1258 232 0.000362 2
597 158 660 211 0.000345 2
613 171 661 214 0.000343 2
1105 488 1137 507 0.000343 2
1213 273 1279 397 0.000342 2
986 215 1058 252 0.000339 2
1177 381 1184 392 0.000337 2
1007 455 1023 466 0.000327 2
1152 271 1206 330 0.000325 2
599 463 608 471 0.000324 2
422 175 593 235 0.000323 2
631 378 658 396 0.000320 2
1220 202 1279 266 0.000318 2
474 174 579 235 0.000307 2
521 191 573 241 0.000299 2
822 252 879 299 0.000296 2
1027 192 1059 228 0.000293 2
387 198 397 206 0.000292 2
895 195 951 238 0.000290 2
1225 159 1248 181 0.000284 2
1141 208 1173 222 0.000284 2
912 453 937 464 0.000284 2
1167 272 1203 329 0.000281 2
527 198 544 216 0.000277 2
1208 502 1233 512 0.000268 2
622 182 647 200 0.000266 2
945 206 977 251 0.000260 2
826 285 849 303 0.000259 2
1022 456 1034 464 0.000256 2
1214 271 1279 373 0.000255 2
1040 481 1058 495 0.000253 2
311 185 323 197 0.000252 2
126 204 138 217 0.000252 2
1023 486 1039 495 0.000238 2
1153 470 1168 479 0.000237 2
969 246 992 257 0.000237 2
470 189 480 202 0.000232 2
1263 276 1279 373 0.000229 2
1263 278 1279 324 0.000227 2
912 448 932 459 0.000226 2
814 264 855 301 0.000225 2
1027 454 1039 464 0.000225 2
1056 491 1068 501 0.000222 2
1191 275 1214 285 0.000219 2
1067 270 1215 331 0.000216 2
1198 202 1267 262 0.000216 2
1046 480 1055 491 0.000216 2
824 267 902 299 0.000215 2
1055 488 1073 499 0.000213 2
1214 281 1279 328 0.000212 2
1172 212 1185 222 0.000211 2
835 244 906 298 0.000207 2
1263 363 1279 396 0.000206 2
1184 503 1200 512 0.000204 2
598 200 655 232 0.000202 2
529 200 546 231 0.000199 2
293 176 309 198 0.000199 2
1169 379 1207 396 0.000197 2
984 248 993 256 0.000195 2
1152 271 1213 288 0.000192 2
960 245 992 259 0.000192 2
1264 280 1279 409 0.000191 2
1023 484 1041 496 0.000189 2
1117 489 1137 508 0.000188 2
1217 170 1272 232 0.000188 2
0 395 16 409 0.000187 2
293 175 314 199 0.000184 2
1205 504 1221 512 0.000177 2
1202 408 1216 415 0.000176 2
1185 383 1206 400 0.000176 2
1004 183 1082 209 0.000175 2
1147 471 1168 479 0.000175 2
453 204 465 222 0.000168 2
965 456 975 462 0.000168 2
908 447 932 461 0.000167 2
693 184 729 234 0.000165 2
1179 494 1239 512 0.000165 2
1263 339 1279 398 0.000164 2
954 248 992 260 0.000159 2
667 453 687 464 0.000156 2
1195 354 1267 421 0.000155 2
909 453 930 467 0.000155 2
655 191 694 219 0.000154 2
547 177 621 205 0.000151 2
373 159 891 264 0.000151 2
1184 273 1214 285 0.000151 2
467 188 479 214 0.000150 2
790 328 848 344 0.000150 2
1213 276 1279 295 0.000147 2
883 441 902 456 0.000147 2
1211 495 1227 505 0.000147 2
983 456 996 464 0.000147 2
1187 371 1227 421 0.000146 2
880 179 1055 234 0.000144 2
1056 492 1072 501 0.000143 2
652 186 670 216 0.000141 2
915 472 940 484 0.000141 2
630 373 659 396 0.000139 2
1228 504 1240 510 0.000135 2
971 253 988 261 0.000134 2
1186 363 1225 419 0.000134 2
959 481 971 487 0.000130 2
1009 183 1060 216 0.000124 2
611 166 661 210 0.000124 2
1071 456 1098 472 0.000124 2
1188 498 1200 505 0.000124 2
1134 183 1201 218 0.000123 2
1152 270 1203 283 0.000122 2
962 249 989 262 0.000122 2
651 182 671 212 0.000121 2
968 480 989 486 0.000120 2
585 199 656 232 0.000118 2
330 183 631 284 0.000118 2
1081 262 1215 332 0.000117 2
1199 503 1210 511 0.000117 2
1008 182 1074 224 0.000116 2
916 181 986 222 0.000116 2
960 480 977 487 0.000114 2
843 276 902 297 0.000113 2
1069 325 1087 339 0.000112 2
1196 373 1262 426 0.000112 2
1198 367 1270 427 0.000110 2
126 202 138 215 0.000109 2
891 200 1048 293 0.000109 2
1163 268 1218 366 0.000107 2
445 172 496 219 0.000106 2
948 184 991 222 0.000106 2
1111 487 1141 509 0.000106 2
881 439 904 456 0.000105 2
1036 480 1072 499 0.000105 2
504 329 512 336 0.000105 2
670 454 688 463 0.000104 2
1200 371 1257 427 0.000103 2
1264 288 1279 430 0.000102 2
1166 379 1208 402 0.000101 2
1221 298 1278 328 0.000101 2
480 173 517 217 0.008699 5
482 193 516 217 0.007038 5
866 177 944 225 0.005626 5
1182 165 1279 275 0.005249 5
1213 164 1279 267 0.003830 5
1216 164 1279 234 0.003633 5
1218 166 1279 247 0.003287 5
867 177 944 209 0.002401 5
480 169 567 217 0.001865 5
1217 174 1279 223 0.001400 5
1180 163 1229 226 0.000631 5
1206 164 1263 231 0.000560 5
1221 167 1279 226 0.000539 5
592 151 658 216 0.000512 5
443 167 542 219 0.000511 5
829 176 941 227 0.000456 5
1183 160 1275 235 0.000304 5
793 166 944 217 0.000284 5
444 179 483 211 0.000110 5
643 268 1276 393 0.006656 6
643 270 1276 342 0.006016 6
644 269 1276 366 0.005872 6
642 267 1276 473 0.003612 6
652 162 1274 367 0.001006 6
1165 273 1279 417 0.000935 6
1171 165 1279 398 0.000638 6
1063 168 1279 287 0.000553 6
1 65 74 250 0.000489 6
7 64 512 385 0.000470 6
1152 157 1279 271 0.000451 6
814 268 1278 347 0.000428 6
944 275 1209 330 0.000366 6
882 276 1190 346 0.000339 6
1056 164 1279 389 0.000325 6
890 275 1192 330 0.000306 6
671 182 1269 293 0.000302 6
368 151 948 274 0.000268 6
381 144 934 259 0.000258 6
0 64 137 254 0.000228 6
1056 254 1279 408 0.000220 6
1198 204 1279 295 0.000218 6
577 65 675 216 0.000216 6
0 132 44 226 0.000177 6
886 272 1043 308 0.000170 6
667 116 1257 284 0.000170 6
1181 335 1277 420 0.000169 6
1 69 94 247 0.000169 6
1153 269 1278 441 0.000163 6
4 67 375 376 0.000163 6
937 180 1280 380 0.000162 6
913 277 1064 308 0.000160 6
0 94 71 254 0.000159 6
1022 268 1278 399 0.000157 6
895 177 1275 339 0.000156 6
351 148 949 315 0.000153 6
1010 241 1188 332 0.000139 6
12 64 436 320 0.000137 6
6 64 368 310 0.000136 6
1040 332 1274 492 0.000135 6
0 64 185 259 0.000135 6
1189 276 1279 423 0.000131 6
1000 169 1277 337 0.000124 6
1057 264 1280 458 0.000120 6
1212 201 1279 361 0.000115 6
0 141 40 206 0.000110 6
345 132 740 254 0.000109 6
706 132 946 231 0.000107 6
118 64 201 91 0.000103 6
6 93 341 349 0.000101 6
1099 171 1233 219 0.000100 6
867 177 953 223 0.074239 7
699 152 860 234 0.067338 7
866 177 953 237 0.066171 7
866 177 954 254 0.059509 7
867 177 978 256 0.053185 7
692 153 956 265 0.039724 7
866 177 953 207 0.030485 7
697 171 956 261 0.026385 7
665 155 956 279 0.025266 7
696 153 956 239 0.024340 7
802 176 955 266 0.023265 7
801 177 955 248 0.019598 7
853 176 958 266 0.015372 7
803 176 953 224 0.011591 7
866 177 947 214 0.009902 7
867 177 1004 258 0.007358 7
644 150 961 260 0.006583 7
882 177 953 207 0.003830 7
1181 163 1280 266 0.003552 7
758 174 956 277 0.003522 7
696 152 826 234 0.003065 7
868 183 965 278 0.002919 7
601 153 958 276 0.002762 7
1216 174 1279 267 0.002377 7
802 160 858 220 0.002128 7
591 151 848 235 0.002124 7
589 184 622 201 0.001525 7
596 149 937 240 0.001519 7
803 184 856 219 0.001426 7
802 184 855 234 0.001361 7
696 152 824 261 0.001228 7
793 154 952 223 0.001150 7
865 176 929 242 0.001059 7
991 439 1039 465 0.000743 7
594 149 818 244 0.000732 7
589 182 652 202 0.000698 7
774 220 978 287 0.000688 7
641 67 960 269 0.000650 7
828 191 985 290 0.000588 7
425 152 948 273 0.000579 7
593 151 667 216 0.000575 7
454 149 927 240 0.000573 7
802 177 859 224 0.000569 7
596 151 812 222 0.000553 7
685 115 956 247 0.000480 7
1181 162 1232 250 0.000449 7
685 197 1245 315 0.000447 7
736 176 1259 293 0.000405 7
543 157 947 284 0.000404 7
699 139 1014 261 0.000399 7
755 166 1225 281 0.000396 7
598 152 791 231 0.000392 7
591 65 952 264 0.000373 7
598 152 706 217 0.000331 7
488 175 573 234 0.000328 7
646 194 1106 300 0.000306 7
684 171 1251 269 0.000280 7
747 153 858 222 0.000263 7
689 157 803 241 0.000250 7
598 150 748 219 0.000246 7
868 180 921 239 0.000237 7
665 112 1255 292 0.000213 7
690 113 1002 260 0.000191 7
1009 182 1065 229 0.000191 7
682 118 1193 274 0.000179 7
524 64 922 253 0.000175 7
896 177 953 206 0.000164 7
863 137 973 231 0.000147 7
1117 183 1201 218 0.000145 7
863 137 1003 232 0.000143 7
732 152 854 212 0.000141 7
358 139 930 255 0.000129 7
485 169 584 242 0.000119 7
466 156 658 211 0.000112 7
586 158 639 202 0.000105 7
982 163 1077 232 0.000101 7
1089 150 1103 176 0.533411 9
512 151 524 182 0.150914 9
512 151 526 183 0.095067 9
1088 150 1103 182 0.032233 9
366 167 374 188 0.022102 9
1011 136 1024 171 0.021925 9
1013 136 1025 168 0.018736 9
1181 189 1199 216 0.016550 9
995 141 1001 167 0.011804 9
373 167 381 184 0.011182 9
119 64 160 74 0.010882 9
1097 133 1104 151 0.010230 9
1007 136 1024 174 0.009746 9
449 157 490 171 0.008301 9
511 151 525 193 0.008197 9
842 151 859 166 0.007760 9
313 149 340 194 0.007556 9
864 439 875 455 0.006562 9
1130 64 1151 72 0.006527 9
119 64 163 76 0.006185 9
511 190 522 203 0.005243 9
1128 64 1151 74 0.005234 9
1092 132 1105 176 0.005029 9
1207 167 1215 196 0.004988 9
522 183 536 198 0.004850 9
1087 135 1104 177 0.004841 9
517 191 524 201 0.004830 9
837 151 858 165 0.004639 9
1181 170 1200 216 0.004404 9
362 167 373 188 0.004391 9
369 166 381 188 0.004171 9
1009 134 1025 172 0.004068 9
1208 168 1215 200 0.004022 9
994 141 1001 165 0.003904 9
119 64 180 77 0.003837 9
835 135 860 166 0.003820 9
1213 167 1225 189 0.003784 9
239 177 247 189 0.003764 9
965 71 976 90 0.003495 9
587 172 592 185 0.003476 9
1098 135 1106 159 0.003411 9
983 141 993 160 0.003212 9
1212 167 1225 198 0.003009 9
1124 64 1151 74 0.002936 9
522 182 537 197 0.002687 9
993 139 1001 168 0.002674 9
832 118 839 134 0.002638 9
847 180 858 218 0.002551 9
556 183 567 199 0.002530 9
998 137 1009 177 0.002232 9
841 119 854 135 0.002203 9
1080 172 1089 183 0.002079 9
995 138 1004 173 0.002023 9
1090 149 1110 178 0.001863 9
813 161 858 180 0.001818 9
997 137 1008 175 0.001634 9
1128 64 1152 77 0.001628 9
832 138 847 154 0.001616 9
979 140 994 163 0.001587 9
119 64 174 75 0.001563 9
862 112 869 118 0.001558 9
257 147 265 159 0.001545 9
1049 120 1059 134 0.001530 9
1100 134 1109 152 0.001517 9
982 135 995 161 0.001476 9
987 136 1000 165 0.001476 9
1000 124 1006 134 0.001455 9
840 119 852 134 0.001443 9
829 135 899 166 0.001428 9
553 173 569 200 0.001410 9
1089 128 1106 179 0.001408 9
814 150 824 160 0.001362 9
1055 110 1083 143 0.001333 9
1023 152 1040 159 0.001328 9
1013 136 1032 170 0.001303 9
879 156 889 168 0.001292 9
995 136 1006 174 0.001274 9
851 119 865 136 0.001273 9
1088 148 1102 193 0.001269 9
831 135 849 157 0.001209 9
844 119 858 136 0.001195 9
1120 64 1134 73 0.001177 9
1022 122 1040 159 0.001099 9
831 118 846 135 0.001095 9
817 152 859 177 0.001067 9
1064 105 1072 118 0.001061 9
1089 227 1103 272 0.001037 9
165 64 177 76 0.001015 9
831 135 849 152 0.000946 9
586 118 598 135 0.000945 9
830 148 859 166 0.000934 9
1210 167 1228 211 0.000926 9
1121 64 1152 77 0.000913 9
1181 165 1217 218 0.000907 9
961 71 976 90 0.000905 9
512 151 541 190 0.000902 9
804 148 811 157 0.000894 9
1191 164 1200 184 0.000873 9
259 144 269 159 0.000867 9
1014 135 1039 168 0.000849 9
1098 134 1109 152 0.000847 9
365 167 373 185 0.000845 9
549 172 573 201 0.000812 9
814 143 824 157 0.000793 9
1104 106 1111 119 0.000767 9
804 156 858 191 0.000741 9
1215 64 1232 89 0.000714 9
992 283 998 295 0.000712 9
807 160 861 192 0.000708 9
513 167 544 184 0.000705 9
1200 135 1207 157 0.000699 9
463 184 478 201 0.000694 9
158 64 170 74 0.000690 9
1073 150 1082 165 0.000687 9
831 135 897 152 0.000679 9
862 115 870 136 0.000673 9
215 183 224 191 0.000672 9
1079 164 1089 181 0.000661 9
1209 168 1220 201 0.000634 9
809 159 858 181 0.000632 9
1017 123 1040 162 0.000631 9
943 79 960 93 0.000627 9
162 64 177 77 0.000613 9
804 148 822 162 0.000603 9
1199 135 1206 153 0.000600 9
501 152 524 179 0.000595 9
961 136 977 159 0.000592 9
1224 166 1231 182 0.000572 9
222 183 231 191 0.000571 9
654 151 671 174 0.000568 9
1264 79 1279 104 0.000565 9
1055 113 1072 139 0.000556 9
260 142 269 159 0.000556 9
516 175 544 195 0.000556 9
1055 111 1081 139 0.000554 9
499 151 524 190 0.000551 9
552 175 579 203 0.000543 9
1007 70 1017 88 0.000539 9
838 150 861 167 0.000538 9
982 138 1000 168 0.000538 9
996 130 1008 173 0.000535 9
1112 105 1120 120 0.000528 9
1199 135 1211 193 0.000528 9
521 171 547 183 0.000521 9
581 64 595 71 0.000507 9
833 119 849 135 0.000502 9
1181 162 1226 220 0.000491 9
695 177 703 199 0.000489 9
447 152 542 189 0.000488 9
974 138 992 160 0.000488 9
1203 156 1222 202 0.000487 9
340 164 350 190 0.000475 9
993 137 1005 178 0.000461 9
1193 160 1201 184 0.000454 9
322 92 330 118 0.000448 9
637 135 659 164 0.000446 9
967 133 995 163 0.000441 9
524 169 547 182 0.000435 9
871 119 879 134 0.000428 9
1182 164 1217 198 0.000421 9
257 143 268 159 0.000421 9
1077 149 1102 182 0.000417 9
801 154 858 218 0.000411 9
1088 223 1104 279 0.000408 9
862 165 870 180 0.000407 9
447 156 503 171 0.000402 9
1194 383 1207 403 0.000401 9
1087 183 1098 205 0.000401 9
448 154 518 172 0.000399 9
865 147 897 173 0.000399 9
851 89 859 106 0.000397 9
1034 124 1104 196 0.000395 9
801 139 815 158 0.000383 9
1021 118 1041 162 0.000382 9
516 168 577 205 0.000380 9
1181 161 1230 227 0.000378 9
168 64 184 75 0.000375 9
1047 158 1056 168 0.000373 9
1087 131 1130 184 0.000372 9
688 118 703 156 0.000368 9
1190 145 1218 198 0.000365 9
375 184 391 201 0.000362 9
586 169 593 185 0.000358 9
878 154 896 173 0.000356 9
1073 150 1082 170 0.000355 9
539 171 570 205 0.000354 9
959 135 995 167 0.000350 9
1154 165 1168 184 0.000345 9
856 136 900 170 0.000345 9
652 151 671 190 0.000344 9
548 172 580 203 0.000339 9
318 154 347 195 0.000339 9
963 135 978 158 0.000338 9
826 119 834 134 0.000329 9
1095 155 1125 208 0.000328 9
1143 165 1154 184 0.000325 9
118 64 199 91 0.000324 9
595 64 623 90 0.000324 9
685 118 705 188 0.000323 9
859 136 937 153 0.000323 9
688 118 706 178 0.000320 9
1103 105 1113 119 0.000320 9
400 84 410 96 0.000317 9
1125 164 1154 211 0.000314 9
1023 85 1039 122 0.000312 9
1091 147 1124 178 0.000312 9
1007 70 1019 89 0.000312 9
1118 176 1129 186 0.000311 9
802 157 858 209 0.000310 9
990 128 1019 178 0.000310 9
863 137 895 152 0.000309 9
593 64 636 92 0.000308 9
172 64 201 89 0.000307 9
315 153 352 194 0.000306 9
876 151 893 168 0.000304 9
895 155 907 175 0.000304 9
118 64 197 86 0.000299 9
1014 150 1043 169 0.000299 9
688 119 706 152 0.000298 9
580 64 596 91 0.000295 9
1188 385 1205 401 0.000293 9
863 76 870 88 0.000293 9
1172 149 1182 161 0.000285 9
905 126 912 137 0.000284 9
984 123 993 141 0.000281 9
464 186 480 204 0.000279 9
910 278 927 296 0.000278 9
1106 152 1118 169 0.000278 9
909 273 927 296 0.000276 9
1047 116 1077 148 0.000271 9
579 64 641 94 0.000269 9
1195 134 1227 203 0.000268 9
1008 136 1056 195 0.000268 9
1119 64 1137 77 0.000267 9
1206 153 1230 203 0.000261 9
1008 134 1078 175 0.000260 9
959 134 987 163 0.000259 9
580 64 629 93 0.000258 9
1000 120 1007 133 0.000256 9
968 125 982 136 0.000253 9
800 159 928 215 0.000252 9
849 87 859 105 0.000251 9
964 125 982 137 0.000251 9
1000 164 1007 185 0.000248 9
545 141 552 152 0.000242 9
1066 64 1149 75 0.000237 9
255 111 266 129 0.000234 9
160 64 187 89 0.000234 9
935 67 961 93 0.000234 9
315 136 358 196 0.000233 9
555 178 574 200 0.000233 9
321 90 331 117 0.000231 9
1018 142 1059 169 0.000229 9
257 180 263 191 0.000229 9
329 157 352 198 0.000224 9
861 98 870 119 0.000220 9
1074 133 1104 179 0.000219 9
807 157 900 184 0.000219 9
525 183 544 198 0.000218 9
519 182 545 215 0.000214 9
593 64 628 93 0.000213 9
1016 154 1058 169 0.000211 9
822 140 903 180 0.000208 9
1049 110 1067 136 0.000208 9
1180 175 1210 217 0.000205 9
1031 132 1061 167 0.000200 9
1040 109 1105 208 0.000198 9
1054 104 1083 141 0.000198 9
1057 134 1105 206 0.000196 9
1042 150 1058 165 0.000195 9
1102 169 1130 189 0.000195 9
684 119 706 200 0.000190 9
507 150 565 209 0.000188 9
1064 112 1083 136 0.000184 9
868 119 880 136 0.000182 9
1056 154 1064 167 0.000180 9
1105 149 1119 169 0.000179 9
624 64 639 91 0.000178 9
1087 125 1105 153 0.000177 9
869 161 897 177 0.000175 9
696 183 703 199 0.000172 9
870 165 895 178 0.000170 9
801 156 831 187 0.000170 9
895 163 905 177 0.000170 9
1264 695 1272 703 0.000166 9
447 150 531 174 0.000164 9
855 110 870 136 0.000164 9
1053 104 1067 136 0.000163 9
1183 380 1215 412 0.000160 9
997 112 1034 173 0.000160 9
986 126 998 159 0.000159 9
512 150 544 184 0.000159 9
1072 151 1090 192 0.000158 9
1031 114 1066 164 0.000155 9
366 177 382 201 0.000155 9
1060 129 1105 297 0.000153 9
680 167 689 208 0.000153 9
160 64 199 88 0.000152 9
858 136 937 176 0.000151 9
320 64 364 109 0.000151 9
597 64 619 90 0.000149 9
962 71 976 94 0.000146 9
1014 114 1055 170 0.000146 9
849 82 859 106 0.000146 9
463 172 473 191 0.000145 9
480 163 522 215 0.000143 9
1039 127 1063 164 0.000143 9
359 152 378 189 0.000142 9
680 166 688 184 0.000142 9
846 176 883 227 0.000141 9
255 153 265 173 0.000138 9
544 160 581 183 0.000138 9
1055 64 1063 72 0.000138 9
1007 68 1024 89 0.000137 9
1199 64 1220 88 0.000136 9
1078 135 1091 147 0.000136 9
800 145 819 161 0.000135 9
363 154 383 188 0.000134 9
895 136 937 152 0.000132 9
1072 148 1090 185 0.000132 9
789 133 824 158 0.000131 9
1095 129 1110 156 0.000128 9
794 140 814 157 0.000128 9
1024 120 1035 130 0.000128 9
784 113 836 158 0.000127 9
1101 164 1155 186 0.000126 9
260 115 268 128 0.000126 9
390 83 406 96 0.000126 9
1100 164 1156 204 0.000125 9
1054 151 1064 165 0.000125 9
255 160 261 174 0.000125 9
975 167 992 184 0.000125 9
1198 131 1221 197 0.000124 9
993 114 1028 174 0.000124 9
870 72 887 88 0.000124 9
576 64 596 96 0.000123 9
954 142 1007 233 0.000122 9
1206 142 1229 198 0.000122 9
960 122 1006 172 0.000119 9
1171 144 1183 154 0.000119 9
448 156 490 174 0.000119 9
1263 79 1279 120 0.000119 9
624 64 639 77 0.000118 9
809 151 860 165 0.000116 9
352 166 365 189 0.000116 9
959 133 983 159 0.000115 9
1219 157 1250 196 0.000115 9
577 64 595 91 0.000114 9
801 154 821 187 0.000114 9
1006 136 1038 213 0.000114 9
644 151 696 215 0.000113 9
240 164 248 177 0.000112 9
585 64 642 106 0.000111 9
357 150 375 190 0.000111 9
896 151 910 176 0.000111 9
783 113 849 151 0.000110 9
636 133 672 177 0.000109 9
1008 165 1066 210 0.000109 9
351 161 366 191 0.000108 9
1059 64 1080 70 0.000108 9
625 118 631 128 0.000108 9
1016 85 1025 105 0.000107 9
81 64 161 73 0.000107 9
1188 137 1217 190 0.000105 9
374 163 406 191 0.000104 9
440 144 540 181 0.000104 9
322 91 334 120 0.000104 9
696 133 707 178 0.000104 9
1130 164 1171 185 0.000103 9
679 149 689 166 0.000102 9
792 135 866 169 0.000102 9
570 163 581 180 0.000101 9
1199 64 1209 75 0.000101 9
1151 124 1161 134 0.000101 9
1232 197 1256 232 0.073064 11
312 149 340 194 0.032919 11
325 110 366 164 0.022598 11
523 183 536 197 0.018029 11
1182 191 1199 216 0.018015 11
1055 112 1082 145 0.013862 11
518 190 525 200 0.004055 11
448 157 491 171 0.001650 11
321 64 360 103 0.000215 11
321 160 340 194 0.000204 11
1178 187 1199 216 0.000108 11
