964 199 1023 310 0.830736 0
724 191 750 274 0.794563 0
1120 194 1142 245 0.687689 0
937 188 961 259 0.662321 0
567 192 592 244 0.641327 0
937 188 961 257 0.597624 0
566 191 592 244 0.560037 0
568 192 593 246 0.335570 0
848 199 857 242 0.097462 0
472 205 482 251 0.096567 0
848 200 857 239 0.087444 0
848 199 857 222 0.078515 0
848 200 857 242 0.078179 0
848 199 856 240 0.077804 0
242 204 258 241 0.077040 0
473 204 481 250 0.070728 0
848 197 858 242 0.070539 0
472 204 482 252 0.070295 0
242 203 258 241 0.055208 0
242 203 258 241 0.050110 0
1083 194 1116 260 0.049028 0
1122 194 1141 216 0.041875 0
1081 206 1124 262 0.041132 0
1084 193 1113 257 0.037605 0
1084 192 1106 245 0.037466 0
1103 213 1119 256 0.028496 0
242 195 258 241 0.024249 0
848 199 865 242 0.023129 0
1104 212 1122 257 0.023019 0
1085 187 1106 253 0.021783 0
566 194 594 244 0.020461 0
467 204 481 252 0.019718 0
1103 211 1119 251 0.017810 0
461 204 481 252 0.016692 0
465 204 481 252 0.016649 0
1103 212 1120 254 0.016370 0
1084 189 1108 258 0.016218 0
848 200 866 242 0.015738 0
1085 193 1109 235 0.015644 0
633 202 645 216 0.014555 0
241 191 258 241 0.014422 0
1121 194 1141 216 0.012878 0
1112 193 1120 203 0.012661 0
470 204 482 255 0.010628 0
1210 191 1226 225 0.010611 0
786 198 794 217 0.010454 0
940 188 960 215 0.010252 0
943 188 960 215 0.010116 0
472 203 485 251 0.010005 0
472 201 482 251 0.009786 0
1207 190 1226 223 0.009776 0
1120 194 1141 243 0.009556 0
1085 196 1097 231 0.009477 0
468 203 482 252 0.009378 0
1212 190 1226 223 0.009245 0
1208 190 1226 224 0.008990 0
459 205 465 216 0.008905 0
1122 194 1141 218 0.008842 0
1209 191 1228 232 0.008798 0
959 371 980 424 0.008598 0
1085 188 1099 224 0.008162 0
786 197 794 216 0.007608 0
633 202 645 216 0.007468 0
1216 190 1225 203 0.007434 0
958 371 981 426 0.007378 0
848 199 863 236 0.007359 0
473 204 485 252 0.007066 0
1207 190 1226 222 0.006955 0
937 191 974 257 0.006857 0
939 188 961 226 0.006831 0
965 202 1014 268 0.006817 0
1085 194 1098 224 0.006350 0
880 200 909 243 0.005934 0
1085 193 1103 222 0.005618 0
786 197 794 222 0.005289 0
1215 193 1228 233 0.005138 0
1123 196 1141 224 0.005122 0
1214 191 1226 225 0.005100 0
617 155 625 184 0.004785 0
878 201 904 243 0.004570 0
240 190 258 241 0.004555 0
611 156 620 184 0.004383 0
1092 205 1119 256 0.004314 0
785 197 794 231 0.004176 0
1112 194 1120 208 0.004122 0
1229 197 1258 263 0.004101 0
1213 191 1229 230 0.004074 0
936 207 961 258 0.004072 0
460 203 479 251 0.003973 0
1085 187 1106 223 0.003900 0
936 189 961 257 0.003812 0
873 201 909 244 0.003736 0
563 195 600 249 0.003580 0
458 204 465 216 0.003500 0
848 183 857 222 0.003454 0
1214 194 1247 234 0.003228 0
937 189 960 219 0.003142 0
461 203 481 276 0.003132 0
615 155 625 184 0.003104 0
613 155 625 185 0.002984 0
966 201 1022 267 0.002961 0
883 199 908 240 0.002913 0
640 688 672 703 0.002898 0
861 435 876 455 0.002777 0
1213 190 1229 228 0.002702 0
1213 193 1231 232 0.002693 0
213 196 224 230 0.002668 0
959 370 985 424 0.002666 0
1085 197 1096 224 0.002657 0
874 202 904 244 0.002657 0
861 432 874 455 0.002595 0
1226 197 1268 266 0.002459 0
213 191 225 229 0.002440 0
862 436 878 456 0.002344 0
945 185 961 217 0.002325 0
607 157 620 183 0.002268 0
862 434 876 455 0.002228 0
239 183 258 241 0.002223 0
1103 209 1118 229 0.002217 0
1073 192 1096 235 0.002198 0
959 370 980 458 0.002198 0
1220 219 1229 233 0.002136 0
815 210 825 223 0.002134 0
1070 193 1097 242 0.002107 0
640 687 672 703 0.002098 0
967 205 998 267 0.002047 0
1071 186 1107 251 0.002040 0
1067 191 1108 253 0.001980 0
616 155 625 183 0.001967 0
1273 199 1279 238 0.001918 0
473 203 486 250 0.001895 0
1256 198 1279 268 0.001787 0
458 202 465 216 0.001774 0
958 371 982 425 0.001743 0
879 199 905 240 0.001723 0
605 158 618 183 0.001707 0
1075 192 1096 230 0.001695 0
567 204 592 246 0.001689 0
1068 194 1092 238 0.001649 0
751 450 763 472 0.001606 0
958 370 980 435 0.001588 0
860 433 879 456 0.001584 0
633 201 654 216 0.001581 0
459 204 478 247 0.001570 0
1273 200 1279 248 0.001562 0
784 193 794 215 0.001559 0
959 371 981 421 0.001557 0
214 191 224 225 0.001480 0
557 184 566 197 0.001447 0
861 435 878 467 0.001428 0
849 194 871 274 0.001417 0
681 199 690 216 0.001408 0
862 435 879 479 0.001385 0
871 203 906 244 0.001384 0
940 185 961 219 0.001378 0
964 370 980 389 0.001365 0
1266 199 1279 266 0.001347 0
1120 312 1130 329 0.001311 0
862 434 880 479 0.001306 0
964 200 1007 308 0.001300 0
606 157 620 184 0.001292 0
863 440 879 456 0.001287 0
1035 194 1048 221 0.001279 0
847 199 871 275 0.001273 0
851 207 874 240 0.001248 0
847 178 884 281 0.001242 0
1120 312 1134 344 0.001224 0
158 205 166 225 0.001167 0
622 184 635 200 0.001161 0
864 207 873 238 0.001106 0
1087 207 1125 252 0.001102 0
940 188 969 218 0.001093 0
862 436 877 478 0.001092 0
611 160 621 185 0.001089 0
959 371 978 461 0.001077 0
864 219 874 237 0.001064 0
964 368 985 392 0.001062 0
1108 192 1119 205 0.001059 0
803 185 815 217 0.001047 0
213 202 225 232 0.001042 0
1120 312 1136 344 0.001016 0
968 204 1009 259 0.001005 0
636 205 653 216 0.000997 0
312 184 323 198 0.000989 0
241 192 258 237 0.000988 0
471 203 486 260 0.000979 0
215 184 224 217 0.000977 0
312 186 323 199 0.000977 0
375 185 387 203 0.000965 0
1088 197 1113 242 0.000963 0
783 198 794 235 0.000961 0
727 198 749 238 0.000941 0
938 188 972 254 0.000937 0
1076 189 1094 214 0.000934 0
958 371 1012 425 0.000934 0
1086 185 1099 201 0.000905 0
566 191 592 240 0.000899 0
639 678 673 703 0.000892 0
750 451 767 472 0.000885 0
751 452 763 472 0.000867 0
455 204 466 222 0.000855 0
1120 312 1136 344 0.000851 0
752 449 761 471 0.000831 0
457 203 472 250 0.000824 0
1120 312 1130 340 0.000821 0
847 193 871 279 0.000812 0
226 184 231 199 0.000812 0
959 370 977 466 0.000784 0
876 200 907 242 0.000774 0
957 368 1023 426 0.000771 0
670 208 679 230 0.000765 0
213 198 223 230 0.000754 0
346 188 353 199 0.000743 0
1069 194 1090 229 0.000740 0
556 173 567 197 0.000731 0
626 182 642 200 0.000729 0
1262 202 1279 268 0.000728 0
607 154 624 184 0.000725 0
461 200 484 283 0.000723 0
959 367 978 466 0.000688 0
847 171 889 283 0.000677 0
849 198 881 275 0.000672 0
1231 186 1279 315 0.000667 0
851 194 870 277 0.000658 0
515 191 529 213 0.000654 0
350 188 357 199 0.000650 0
1038 201 1050 228 0.000643 0
849 195 886 280 0.000621 0
633 203 653 216 0.000613 0
463 208 481 271 0.000613 0
478 201 490 220 0.000610 0
632 202 647 222 0.000609 0
457 204 473 252 0.000607 0
848 175 905 284 0.000602 0
635 183 646 200 0.000599 0
1085 179 1105 205 0.000581 0
386 197 396 206 0.000563 0
847 175 917 282 0.000549 0
913 475 928 487 0.000547 0
807 192 855 241 0.000539 0
786 197 796 223 0.000536 0
1151 311 1167 352 0.000529 0
184 197 191 206 0.000500 0
858 431 878 456 0.000494 0
726 191 740 221 0.000492 0
1121 206 1150 247 0.000488 0
670 208 680 233 0.000487 0
786 197 797 233 0.000483 0
751 453 767 472 0.000475 0
642 188 655 213 0.000472 0
849 197 877 238 0.000470 0
635 185 653 209 0.000463 0
1159 328 1167 352 0.000462 0
681 198 693 216 0.000461 0
937 189 960 223 0.000458 0
1071 487 1080 500 0.000458 0
214 183 231 232 0.000452 0
926 445 935 460 0.000448 0
1249 202 1267 232 0.000446 0
801 183 814 225 0.000446 0
959 371 976 467 0.000443 0
1192 382 1214 417 0.000442 0
596 152 632 193 0.000438 0
801 186 814 228 0.000435 0
681 198 694 217 0.000434 0
354 186 888 268 0.000434 0
329 184 344 199 0.000431 0
565 184 579 200 0.000424 0
693 208 701 229 0.000422 0
955 358 1024 426 0.000419 0
1086 233 1105 279 0.000418 0
1120 313 1137 344 0.000417 0
1155 328 1167 358 0.000402 0
849 206 872 281 0.000391 0
959 368 978 469 0.000391 0
1046 484 1053 490 0.000386 0
1263 688 1272 703 0.000383 0
846 200 863 250 0.000376 0
783 314 840 444 0.000373 0
959 383 976 464 0.000369 0
958 198 978 224 0.000367 0
366 186 376 200 0.000366 0
692 209 702 232 0.000362 0
786 197 798 234 0.000360 0
1055 511 1066 522 0.000360 0
692 208 704 234 0.000358 0
556 184 571 199 0.000357 0
785 330 815 391 0.000354 0
1150 292 1167 353 0.000352 0
460 197 483 218 0.000347 0
213 193 223 226 0.000345 0
785 329 817 392 0.000342 0
1056 488 1066 497 0.000337 0
726 191 746 221 0.000337 0
1118 303 1144 344 0.000337 0
387 198 396 206 0.000336 0
783 312 843 443 0.000335 0
414 172 943 276 0.000334 0
798 194 826 238 0.000328 0
242 205 258 246 0.000325 0
957 363 1023 462 0.000325 0
959 373 1023 425 0.000324 0
799 439 817 473 0.000321 0
957 365 1026 464 0.000321 0
214 183 231 229 0.000321 0
910 206 936 247 0.000319 0
852 178 957 284 0.000319 0
1197 378 1227 424 0.000318 0
1124 294 1148 346 0.000318 0
965 367 991 393 0.000318 0
960 369 981 391 0.000317 0
801 416 808 423 0.000311 0
750 455 765 473 0.000310 0
243 204 261 242 0.000308 0
911 475 928 487 0.000305 0
800 439 808 452 0.000305 0
601 159 618 184 0.000304 0
671 208 680 231 0.000302 0
693 204 718 231 0.000300 0
620 185 642 204 0.000299 0
1070 190 1089 217 0.000297 0
353 191 926 269 0.000296 0
954 364 1021 424 0.000295 0
1176 212 1185 223 0.000294 0
1190 370 1229 424 0.000293 0
1263 688 1274 703 0.000292 0
914 473 928 485 0.000291 0
1214 401 1225 424 0.000291 0
1189 381 1226 422 0.000289 0
376 184 393 204 0.000288 0
1199 407 1207 416 0.000287 0
715 194 867 275 0.000283 0
266 198 277 232 0.000283 0
956 372 1024 426 0.000281 0
1140 285 1154 347 0.000280 0
319 203 331 221 0.000273 0
1005 432 1015 440 0.000270 0
311 187 325 199 0.000270 0
464 193 602 262 0.000264 0
1182 166 1201 215 0.000264 0
336 197 803 265 0.000261 0
326 175 344 197 0.000261 0
629 202 654 223 0.000261 0
799 439 817 474 0.000261 0
213 184 233 234 0.000256 0
460 187 542 271 0.000255 0
992 218 1017 252 0.000254 0
862 438 885 479 0.000252 0
1187 373 1226 422 0.000251 0
1088 231 1099 270 0.000251 0
450 169 946 276 0.000245 0
912 474 928 487 0.000245 0
399 161 930 264 0.000244 0
1059 210 1119 289 0.000244 0
1041 198 1062 232 0.000243 0
639 670 672 703 0.000240 0
640 676 672 703 0.000240 0
1128 275 1149 345 0.000238 0
600 157 619 184 0.000234 0
1189 366 1229 423 0.000234 0
846 209 898 271 0.000234 0
371 182 939 272 0.000229 0
267 198 279 216 0.000227 0
1071 488 1081 501 0.000226 0
863 471 873 478 0.000223 0
959 374 976 468 0.000221 0
819 462 832 475 0.000220 0
847 214 871 281 0.000220 0
1001 385 1023 407 0.000220 0
784 329 817 394 0.000219 0
785 329 817 399 0.000219 0
461 191 600 274 0.000218 0
618 185 651 214 0.000217 0
957 362 1024 472 0.000216 0
990 384 1023 425 0.000215 0
430 158 942 265 0.000213 0
1181 169 1211 219 0.000212 0
265 196 274 211 0.000212 0
1184 201 1204 230 0.000209 0
1184 380 1216 420 0.000209 0
922 345 1020 448 0.000207 0
926 445 940 463 0.000206 0
945 197 1082 285 0.000204 0
1219 407 1232 424 0.000204 0
654 196 662 216 0.000203 0
463 185 546 260 0.000202 0
878 438 902 487 0.000201 0
873 436 901 483 0.000200 0
727 228 746 273 0.000198 0
374 189 388 205 0.000198 0
74 64 173 76 0.000198 0
591 174 598 185 0.000197 0
788 209 812 239 0.000194 0
1207 408 1216 424 0.000194 0
1037 207 1052 230 0.000194 0
1069 147 1105 249 0.000194 0
1216 391 1233 423 0.000194 0
995 385 1023 414 0.000189 0
799 439 819 475 0.000187 0
1055 489 1067 501 0.000187 0
783 327 831 451 0.000186 0
1104 312 1113 328 0.000186 0
636 180 657 207 0.000185 0
267 199 278 232 0.000184 0
926 344 1010 457 0.000184 0
784 328 818 417 0.000183 0
992 384 1024 428 0.000183 0
787 328 818 392 0.000182 0
1121 309 1149 345 0.000181 0
1184 357 1228 421 0.000179 0
1144 306 1168 350 0.000176 0
706 199 878 275 0.000173 0
1263 135 1279 269 0.000171 0
931 182 1267 353 0.000170 0
1203 407 1215 417 0.000168 0
1181 183 1207 218 0.000168 0
917 185 1041 260 0.000167 0
799 439 816 466 0.000167 0
566 185 585 208 0.000167 0
973 188 982 200 0.000165 0
855 191 958 291 0.000164 0
199 207 210 221 0.000164 0
451 191 588 308 0.000163 0
649 199 663 217 0.000162 0
1184 381 1212 415 0.000160 0
244 204 262 241 0.000159 0
933 168 1213 274 0.000159 0
919 344 1021 433 0.000157 0
450 208 465 223 0.000156 0
470 203 497 254 0.000156 0
1119 310 1138 345 0.000155 0
1192 362 1229 422 0.000155 0
320 184 344 199 0.000155 0
958 375 1012 426 0.000155 0
926 439 942 462 0.000153 0
799 417 808 431 0.000153 0
940 187 985 225 0.000151 0
1143 277 1168 354 0.000150 0
471 202 499 253 0.000149 0
701 175 1112 272 0.000148 0
1184 344 1193 375 0.000148 0
679 200 700 233 0.000147 0
630 194 754 272 0.000147 0
996 384 1024 434 0.000146 0
878 437 902 483 0.000145 0
783 313 848 442 0.000144 0
448 190 482 272 0.000144 0
201 203 223 229 0.000143 0
905 197 1076 276 0.000141 0
963 433 976 463 0.000141 0
1186 189 1214 228 0.000140 0
762 198 790 236 0.000140 0
786 328 819 401 0.000140 0
456 204 477 254 0.000139 0
849 463 866 479 0.000137 0
944 183 976 216 0.000136 0
513 195 530 242 0.000136 0
1025 173 1275 267 0.000135 0
958 368 1034 477 0.000134 0
878 438 902 456 0.000133 0
811 325 838 344 0.000133 0
344 165 943 408 0.000132 0
1216 64 1233 88 0.000132 0
397 157 946 405 0.000131 0
702 177 868 263 0.000131 0
449 204 464 218 0.000130 0
697 200 872 284 0.000129 0
1263 76 1279 274 0.000129 0
932 195 1254 310 0.000129 0
760 185 788 234 0.000129 0
579 64 642 93 0.000129 0
75 64 160 73 0.000128 0
470 201 515 252 0.000127 0
848 219 891 292 0.000127 0
1043 225 1099 296 0.000125 0
664 189 671 216 0.000125 0
665 200 674 220 0.000125 0
949 193 1101 285 0.000125 0
959 439 971 460 0.000125 0
326 194 759 268 0.000124 0
877 437 911 487 0.000124 0
1128 274 1148 334 0.000124 0
472 157 949 399 0.000124 0
848 189 924 298 0.000124 0
1137 447 1143 457 0.000123 0
476 177 587 221 0.000122 0
958 377 1023 425 0.000122 0
1103 312 1115 335 0.000121 0
1214 376 1234 424 0.000121 0
1263 687 1274 703 0.000120 0
791 313 846 344 0.000119 0
775 305 849 444 0.000119 0
1215 467 1232 555 0.000119 0
702 193 870 269 0.000119 0
766 184 786 226 0.000117 0
911 207 940 249 0.000117 0
1103 310 1138 350 0.000116 0
848 179 869 231 0.000115 0
910 335 925 359 0.000115 0
1054 232 1085 298 0.000114 0
1054 486 1080 500 0.000114 0
1124 312 1149 345 0.000114 0
941 366 981 447 0.000113 0
516 171 953 369 0.000113 0
1120 194 1163 246 0.000113 0
457 194 599 278 0.000111 0
1087 212 1104 309 0.000110 0
956 367 1036 481 0.000109 0
943 342 988 399 0.000109 0
785 328 820 417 0.000108 0
550 174 575 208 0.000107 0
787 201 809 239 0.000107 0
925 331 1025 431 0.000107 0
353 189 368 200 0.000106 0
925 162 1279 396 0.000106 0
764 189 791 234 0.000105 0
1180 205 1201 226 0.000105 0
1074 330 1089 343 0.000105 0
918 342 1018 431 0.000104 0
308 64 373 236 0.000104 0
767 184 784 206 0.000104 0
991 384 1024 448 0.000104 0
318 64 367 172 0.000104 0
1264 338 1279 504 0.000103 0
329 171 910 383 0.000103 0
964 363 1024 410 0.000102 0
963 359 981 392 0.000102 0
955 353 995 394 0.000102 0
1046 484 1068 496 0.000102 0
727 221 747 274 0.000101 0
556 178 956 334 0.000100 0
948 248 1040 329 0.864648 1
554 215 600 255 0.833121 1
928 217 961 266 0.565866 1
928 215 961 266 0.529184 1
1081 228 1136 264 0.480938 1
1081 226 1136 263 0.473119 1
928 215 965 266 0.406194 1
1081 224 1136 263 0.394101 1
928 218 961 266 0.376954 1
555 217 600 256 0.352246 1
928 215 962 266 0.277370 1
1125 217 1149 249 0.165201 1
1122 216 1144 245 0.140075 1
1125 217 1148 250 0.123473 1
1124 217 1147 246 0.116540 1
1120 217 1148 250 0.098929 1
1122 216 1145 249 0.088022 1
1081 211 1136 263 0.077483 1
1121 217 1149 249 0.076524 1
1121 217 1149 251 0.071201 1
1124 218 1150 249 0.057011 1
1125 217 1151 249 0.051043 1
1123 218 1151 248 0.048207 1
1125 216 1145 248 0.042356 1
928 225 961 266 0.040659 1
20 218 72 257 0.038013 1
19 216 72 257 0.035041 1
1119 216 1145 250 0.032335 1
18 218 72 257 0.027080 1
1118 215 1142 245 0.026893 1
19 222 73 257 0.025014 1
927 214 985 267 0.017786 1
17 224 72 258 0.016757 1
1081 229 1135 263 0.015418 1
1081 204 1135 264 0.015315 1
21 215 72 254 0.014300 1
20 216 72 256 0.014020 1
928 232 960 266 0.012452 1
1081 215 1117 261 0.011386 1
48 225 73 257 0.010808 1
48 227 73 257 0.010570 1
956 212 972 241 0.009427 1
19 222 42 246 0.008370 1
927 215 963 259 0.008017 1
1114 216 1149 255 0.007548 1
1103 211 1119 232 0.007393 1
19 227 41 246 0.007250 1
952 214 972 258 0.007222 1
48 231 73 257 0.007143 1
21 228 73 257 0.006705 1
937 215 974 262 0.006576 1
18 225 41 246 0.006405 1
22 214 42 247 0.006371 1
933 211 963 263 0.006095 1
14 226 69 258 0.006018 1
1120 215 1151 247 0.005742 1
928 216 985 267 0.005268 1
48 220 73 256 0.005213 1
19 225 47 251 0.005188 1
1061 215 1088 246 0.004855 1
1081 230 1137 264 0.004844 1
18 219 42 247 0.004823 1
1081 231 1096 263 0.004514 1
1123 217 1149 253 0.004134 1
0 241 5 258 0.004057 1
1103 211 1117 231 0.004000 1
0 241 6 258 0.003817 1
949 208 972 244 0.003736 1
1064 215 1093 246 0.003734 1
1062 216 1089 248 0.003631 1
1081 232 1132 263 0.003607 1
18 214 43 246 0.003539 1
928 227 959 266 0.003477 1
1056 216 1088 248 0.003311 1
941 214 963 257 0.003307 1
1053 217 1090 249 0.003190 1
1063 219 1095 255 0.002976 1
1085 227 1148 252 0.002935 1
26 214 42 246 0.002750 1
16 224 41 248 0.002707 1
1103 209 1119 232 0.002582 1
1081 233 1094 264 0.002571 1
1060 215 1131 258 0.002498 1
22 213 54 249 0.002483 1
9 225 41 248 0.002382 1
1064 211 1087 242 0.002364 1
996 248 1040 329 0.002260 1
0 239 16 275 0.002157 1
16 225 41 246 0.002109 1
1081 230 1095 262 0.001981 1
1122 217 1178 248 0.001943 1
993 248 1040 327 0.001928 1
20 213 68 253 0.001841 1
15 222 41 247 0.001808 1
0 220 73 258 0.001786 1
1122 217 1153 254 0.001745 1
556 202 574 217 0.001735 1
78 235 112 257 0.001727 1
1059 212 1088 245 0.001702 1
77 222 114 256 0.001683 1
1107 218 1141 257 0.001677 1
78 220 116 257 0.001648 1
923 206 951 253 0.001593 1
78 236 108 257 0.001553 1
927 211 958 263 0.001426 1
78 225 116 257 0.001345 1
0 226 46 258 0.001335 1
705 219 725 234 0.001239 1
1056 217 1136 263 0.001149 1
78 235 115 258 0.001142 1
0 227 31 260 0.001036 1
999 248 1040 328 0.000999 1
47 221 100 258 0.000979 1
1121 218 1174 250 0.000942 1
916 208 945 248 0.000879 1
78 235 115 257 0.000878 1
928 215 980 267 0.000856 1
947 246 1038 306 0.000809 1
14 228 73 266 0.000800 1
1142 232 1160 247 0.000752 1
1093 242 1135 264 0.000732 1
47 220 99 257 0.000725 1
865 206 963 269 0.000696 1
458 201 605 258 0.000682 1
77 219 100 257 0.000665 1
993 248 1038 312 0.000602 1
1062 226 1089 256 0.000598 1
956 219 1020 293 0.000596 1
580 221 600 250 0.000577 1
12 226 73 277 0.000569 1
553 199 573 217 0.000537 1
555 200 591 245 0.000535 1
1080 225 1133 265 0.000528 1
946 239 1122 338 0.000521 1
48 224 98 260 0.000517 1
915 206 945 247 0.000514 1
47 231 73 263 0.000506 1
0 238 13 258 0.000505 1
948 249 1039 313 0.000468 1
953 248 1037 308 0.000464 1
459 204 603 270 0.000427 1
948 261 982 303 0.000420 1
1104 236 1136 263 0.000414 1
948 223 987 299 0.000394 1
860 255 897 286 0.000393 1
947 267 984 309 0.000387 1
867 205 963 286 0.000378 1
948 265 998 312 0.000376 1
949 264 1007 313 0.000375 1
47 216 72 245 0.000369 1
913 206 953 262 0.000367 1
1047 221 1096 253 0.000358 1
947 268 989 313 0.000356 1
1001 269 1039 329 0.000354 1
862 256 898 286 0.000352 1
863 249 899 286 0.000329 1
947 268 998 315 0.000324 1
6 212 44 248 0.000312 1
946 199 1184 272 0.000309 1
0 221 31 258 0.000308 1
950 214 985 297 0.000308 1
931 282 944 299 0.000305 1
947 270 982 312 0.000304 1
950 232 1002 303 0.000298 1
927 273 982 313 0.000291 1
996 248 1037 320 0.000285 1
1015 238 1035 250 0.000284 1
902 232 962 299 0.000269 1
555 216 597 250 0.000268 1
77 234 117 264 0.000266 1
910 280 944 301 0.000263 1
24 215 125 257 0.000263 1
901 211 976 305 0.000262 1
930 214 1039 303 0.000259 1
702 220 726 237 0.000256 1
928 281 945 311 0.000254 1
861 255 916 288 0.000253 1
48 218 98 258 0.000253 1
862 202 962 290 0.000252 1
854 254 901 285 0.000249 1
949 260 1002 305 0.000248 1
34 225 107 257 0.000241 1
554 220 600 256 0.000241 1
849 210 895 284 0.000237 1
860 259 909 288 0.000237 1
913 231 961 294 0.000236 1
859 258 902 290 0.000235 1
1012 237 1033 249 0.000233 1
1002 262 1040 328 0.000232 1
865 251 891 281 0.000229 1
910 208 960 267 0.000228 1
861 240 916 288 0.000228 1
949 267 997 317 0.000227 1
948 270 976 305 0.000224 1
867 237 890 273 0.000217 1
894 205 961 298 0.000214 1
945 243 1132 340 0.000214 1
943 216 985 296 0.000212 1
996 236 1037 258 0.000211 1
962 227 1109 304 0.000209 1
935 202 958 254 0.000209 1
947 268 992 316 0.000200 1
698 219 726 237 0.000199 1
960 175 1277 376 0.000197 1
914 280 945 312 0.000196 1
997 249 1028 302 0.000183 1
907 276 947 299 0.000182 1
17 213 43 244 0.000181 1
554 224 597 252 0.000175 1
927 230 961 272 0.000175 1
1043 278 1057 296 0.000167 1
1075 199 1146 336 0.000167 1
864 195 962 275 0.000161 1
556 217 607 255 0.000160 1
48 230 73 263 0.000158 1
948 271 967 298 0.000157 1
959 270 999 315 0.000156 1
949 252 1040 321 0.000156 1
10 224 60 282 0.000155 1
991 246 1040 299 0.000153 1
1043 278 1058 296 0.000151 1
1080 225 1137 265 0.000150 1
948 238 974 295 0.000150 1
965 269 998 312 0.000149 1
1057 227 1095 265 0.000149 1
959 255 1013 297 0.000146 1
1001 238 1037 252 0.000145 1
904 256 956 298 0.000143 1
861 257 921 291 0.000143 1
47 216 73 250 0.000143 1
918 228 964 298 0.000142 1
980 253 1002 301 0.000141 1
1003 278 1040 329 0.000140 1
542 202 715 254 0.000139 1
907 218 960 274 0.000137 1
909 280 940 297 0.000131 1
463 193 599 274 0.000129 1
528 226 600 279 0.000128 1
1114 218 1151 263 0.000128 1
930 276 961 305 0.000127 1
927 278 946 298 0.000126 1
1057 193 1130 336 0.000125 1
556 215 596 249 0.000125 1
77 235 110 263 0.000124 1
0 208 46 255 0.000124 1
926 276 989 315 0.000118 1
1004 276 1040 328 0.000118 1
945 272 988 315 0.000116 1
924 225 973 301 0.000115 1
1013 244 1062 303 0.000113 1
462 195 602 262 0.000111 1
546 220 602 279 0.000111 1
1077 217 1154 271 0.000110 1
940 146 1280 420 0.000109 1
902 225 961 297 0.000108 1
549 205 719 261 0.000107 1
992 249 1024 294 0.000105 1
83 216 95 236 0.000105 1
927 249 965 301 0.000102 1
702 216 733 252 0.000101 1
1006 282 1039 329 0.000101 1
909 275 935 297 0.000100 1
1006 197 1050 229 0.292187 2
1006 196 1051 230 0.266572 2
864 177 946 240 0.149962 2
1007 196 1051 229 0.127540 2
1168 273 1215 329 0.123533 2
1167 272 1232 329 0.066101 2
1006 197 1049 228 0.035023 2
1006 198 1040 225 0.018238 2
484 200 516 217 0.016573 2
484 199 516 217 0.014586 2
483 200 516 217 0.013871 2
1150 271 1215 330 0.012896 2
1142 272 1279 419 0.011770 2
1150 272 1279 419 0.011727 2
500 207 515 217 0.010969 2
1007 198 1034 216 0.010564 2
526 201 550 217 0.009631 2
1215 276 1231 328 0.009452 2
488 200 517 217 0.008839 2
527 198 554 218 0.008780 2
1165 274 1279 418 0.008188 2
874 197 944 243 0.007102 2
605 201 645 216 0.006388 2
875 198 944 237 0.006264 2
485 198 520 216 0.006047 2
1158 271 1279 402 0.005680 2
527 201 554 218 0.005659 2
1163 271 1279 332 0.005632 2
528 202 551 217 0.005593 2
1162 272 1280 370 0.005557 2
1162 269 1279 330 0.005346 2
606 202 643 216 0.005330 2
606 202 645 216 0.005096 2
605 202 646 216 0.005044 2
992 199 1036 231 0.004987 2
873 198 948 246 0.004918 2
1134 272 1280 419 0.004555 2
993 197 1039 227 0.004387 2
1005 199 1037 228 0.004345 2
875 198 946 240 0.004242 2
531 203 546 218 0.004045 2
1179 277 1279 419 0.004031 2
1232 272 1279 330 0.003976 2
525 199 550 218 0.003906 2
483 200 514 217 0.003882 2
1143 271 1215 333 0.003741 2
1232 271 1279 328 0.003716 2
603 201 644 216 0.003683 2
472 192 517 216 0.003501 2
605 202 642 216 0.003482 2
1215 276 1232 334 0.003423 2
963 202 1012 226 0.003405 2
1162 272 1273 364 0.003323 2
1148 270 1218 331 0.003262 2
1270 197 1279 223 0.002925 2
873 198 943 230 0.002913 2
872 199 939 245 0.002810 2
1167 255 1232 331 0.002803 2
1151 235 1218 331 0.002699 2
879 199 921 228 0.002405 2
588 183 622 200 0.002230 2
1184 276 1279 418 0.002179 2
1230 272 1279 394 0.002061 2
1169 268 1250 330 0.002037 2
1260 180 1279 234 0.002018 2
513 195 551 217 0.002013 2
1162 230 1279 297 0.002003 2
1008 195 1077 228 0.001986 2
589 183 621 200 0.001965 2
1003 196 1046 226 0.001941 2
1185 271 1231 329 0.001913 2
1263 248 1279 268 0.001904 2
1220 275 1279 416 0.001891 2
1230 274 1279 411 0.001875 2
1146 272 1255 365 0.001825 2
1260 196 1279 262 0.001822 2
1261 197 1279 237 0.001798 2
1006 205 1041 230 0.001796 2
1229 273 1279 328 0.001794 2
1231 271 1279 401 0.001720 2
1224 273 1279 328 0.001709 2
1262 248 1279 268 0.001692 2
1006 195 1073 230 0.001683 2
1183 268 1232 363 0.001665 2
879 199 907 236 0.001613 2
1248 203 1279 267 0.001587 2
846 213 881 243 0.001586 2
1084 194 1120 227 0.001537 2
1271 198 1279 238 0.001529 2
530 201 557 218 0.001497 2
1257 203 1279 267 0.001466 2
1139 271 1218 332 0.001445 2
1187 270 1231 330 0.001417 2
1261 248 1279 268 0.001391 2
1191 225 1262 255 0.001386 2
546 202 565 217 0.001357 2
1247 248 1279 268 0.001357 2
1209 275 1231 341 0.001350 2
874 198 945 229 0.001331 2
1198 274 1231 335 0.001319 2
1231 278 1279 328 0.001290 2
1231 272 1279 379 0.001279 2
985 199 1049 231 0.001273 2
484 199 515 216 0.001262 2
1230 275 1279 329 0.001253 2
1181 330 1279 421 0.001209 2
823 329 848 343 0.001201 2
962 198 1007 226 0.001201 2
1007 194 1067 227 0.001183 2
1232 265 1279 329 0.001158 2
480 176 517 217 0.001153 2
1224 176 1279 237 0.001141 2
1008 194 1045 211 0.001141 2
1262 207 1279 269 0.001139 2
884 200 906 231 0.001128 2
1037 195 1089 235 0.001099 2
694 200 720 217 0.001089 2
999 208 1033 230 0.001083 2
863 226 885 243 0.001072 2
1085 190 1121 216 0.001068 2
680 199 691 216 0.001066 2
966 213 1003 236 0.001053 2
1135 271 1243 359 0.001031 2
1018 194 1083 233 0.001031 2
995 212 1010 231 0.001015 2
695 201 722 217 0.001011 2
1229 284 1279 328 0.001010 2
1226 281 1279 329 0.000990 2
803 184 854 220 0.000989 2
1247 247 1279 268 0.000985 2
1263 249 1279 270 0.000978 2
1179 270 1231 329 0.000968 2
543 199 566 217 0.000964 2
604 202 647 217 0.000955 2
1247 212 1279 268 0.000937 2
693 200 721 216 0.000920 2
1212 279 1279 328 0.000915 2
1053 194 1092 243 0.000907 2
1255 210 1279 268 0.000875 2
1184 292 1279 423 0.000863 2
587 183 622 200 0.000859 2
1007 194 1043 217 0.000826 2
990 204 1002 227 0.000824 2
988 211 1002 230 0.000815 2
1231 286 1279 328 0.000809 2
594 201 651 217 0.000797 2
1183 333 1279 422 0.000795 2
1215 270 1279 328 0.000791 2
588 183 633 208 0.000781 2
1007 194 1074 231 0.000776 2
1247 277 1279 413 0.000760 2
604 185 619 200 0.000750 2
696 202 725 233 0.000747 2
964 204 996 224 0.000743 2
922 204 952 256 0.000742 2
589 183 624 200 0.000736 2
1182 199 1279 329 0.000701 2
1007 194 1050 226 0.000692 2
710 198 731 225 0.000687 2
466 186 516 216 0.000674 2
1155 271 1213 330 0.000668 2
1176 275 1214 285 0.000663 2
1156 328 1279 421 0.000661 2
863 217 883 242 0.000653 2
1212 277 1279 329 0.000652 2
983 198 1011 225 0.000649 2
1005 185 1098 227 0.000615 2
1231 282 1279 358 0.000614 2
1263 351 1279 394 0.000612 2
1168 273 1214 285 0.000611 2
1231 285 1279 357 0.000603 2
803 185 849 219 0.000602 2
1171 274 1213 285 0.000589 2
524 189 556 218 0.000581 2
1249 217 1266 232 0.000579 2
1120 271 1219 331 0.000579 2
1228 272 1279 328 0.000573 2
1168 273 1207 284 0.000571 2
304 191 313 199 0.000569 2
1009 185 1082 225 0.000550 2
1196 271 1232 364 0.000547 2
1262 166 1279 242 0.000543 2
1263 351 1279 403 0.000532 2
1233 272 1279 376 0.000525 2
635 380 658 396 0.000522 2
1263 350 1279 376 0.000509 2
1211 281 1279 349 0.000506 2
964 197 996 222 0.000499 2
632 377 659 396 0.000499 2
1207 175 1258 232 0.000484 2
1264 168 1279 181 0.000482 2
1263 168 1279 203 0.000470 2
1211 273 1278 329 0.000458 2
158 204 201 231 0.000457 2
1210 168 1279 198 0.000457 2
1263 351 1279 374 0.000455 2
1167 273 1210 284 0.000454 2
1230 273 1279 376 0.000447 2
1233 248 1279 271 0.000447 2
1263 168 1279 206 0.000446 2
1233 296 1279 328 0.000443 2
912 203 946 248 0.000439 2
871 200 927 245 0.000428 2
1149 271 1213 332 0.000423 2
909 201 945 241 0.000422 2
1263 348 1279 372 0.000417 2
1174 273 1205 284 0.000410 2
1263 352 1279 389 0.000408 2
1049 203 1081 238 0.000401 2
1229 289 1279 332 0.000401 2
789 233 809 239 0.000400 2
1038 193 1058 213 0.000386 2
712 204 732 233 0.000376 2
1221 166 1279 181 0.000367 2
1150 271 1210 330 0.000362 2
1263 350 1279 371 0.000358 2
1176 274 1215 323 0.000354 2
1250 196 1274 230 0.000351 2
1177 270 1232 364 0.000346 2
1242 196 1276 235 0.000345 2
874 200 907 239 0.000344 2
1167 273 1213 286 0.000341 2
1249 281 1279 372 0.000340 2
924 204 950 250 0.000340 2
1263 352 1279 402 0.000338 2
1086 176 1124 207 0.000334 2
566 180 657 216 0.000328 2
1223 176 1279 231 0.000326 2
1226 275 1279 373 0.000323 2
303 184 318 198 0.000320 2
1257 287 1279 419 0.000319 2
1102 183 1123 204 0.000318 2
998 217 1008 232 0.000315 2
1263 354 1279 406 0.000312 2
451 203 468 219 0.000312 2
909 202 942 246 0.000310 2
848 470 869 479 0.000308 2
581 184 660 216 0.000306 2
989 190 1043 222 0.000294 2
1015 188 1107 247 0.000292 2
631 371 659 396 0.000289 2
1235 283 1279 328 0.000289 2
878 178 942 202 0.000288 2
1169 273 1215 285 0.000286 2
761 200 792 236 0.000286 2
632 382 658 397 0.000277 2
386 198 398 206 0.000275 2
1169 263 1232 287 0.000275 2
909 199 941 213 0.000273 2
1213 275 1232 354 0.000273 2
523 191 548 217 0.000270 2
476 184 562 219 0.000270 2
1120 488 1135 497 0.000268 2
631 373 659 397 0.000263 2
1104 487 1117 495 0.000261 2
915 199 946 215 0.000259 2
677 200 698 232 0.000258 2
675 206 697 233 0.000258 2
1102 169 1130 203 0.000257 2
1031 186 1091 226 0.000257 2
1142 183 1201 218 0.000256 2
1244 293 1279 353 0.000255 2
0 395 16 410 0.000252 2
633 372 659 396 0.000252 2
1160 271 1219 362 0.000251 2
1201 281 1279 353 0.000250 2
1070 325 1088 338 0.000248 2
1104 487 1120 497 0.000247 2
694 184 724 219 0.000244 2
0 395 16 410 0.000237 2
965 197 1068 263 0.000237 2
763 200 792 236 0.000237 2
1263 342 1279 367 0.000229 2
1246 296 1279 328 0.000229 2
758 203 792 236 0.000226 2
1172 273 1231 288 0.000223 2
1037 311 1088 337 0.000222 2
1167 271 1216 351 0.000221 2
1214 266 1279 295 0.000219 2
692 185 722 218 0.000218 2
526 201 560 221 0.000218 2
1159 272 1214 325 0.000218 2
1209 273 1279 294 0.000217 2
595 187 659 216 0.000214 2
1242 289 1279 385 0.000214 2
1264 689 1279 704 0.000213 2
1212 272 1279 294 0.000212 2
1151 273 1214 330 0.000211 2
526 201 556 221 0.000207 2
1103 168 1131 194 0.000207 2
1263 358 1279 412 0.000206 2
1218 165 1279 182 0.000205 2
1264 292 1279 368 0.000205 2
1246 334 1279 406 0.000203 2
1164 270 1223 362 0.000199 2
864 208 882 240 0.000193 2
1205 340 1279 425 0.000191 2
1183 354 1228 422 0.000190 2
1220 254 1279 295 0.000190 2
848 470 867 479 0.000190 2
1229 285 1279 388 0.000189 2
1263 341 1279 367 0.000187 2
1064 324 1088 338 0.000187 2
1034 311 1088 339 0.000183 2
1120 488 1135 498 0.000183 2
527 173 576 218 0.000182 2
1073 184 1100 203 0.000182 2
1166 272 1207 284 0.000181 2
1114 230 1221 333 0.000180 2
1112 184 1191 219 0.000180 2
1261 313 1279 375 0.000175 2
444 165 512 223 0.000174 2
1263 687 1279 703 0.000174 2
629 369 659 397 0.000173 2
1140 276 1274 420 0.000173 2
635 382 658 397 0.000172 2
1246 331 1279 408 0.000172 2
763 195 792 236 0.000172 2
1103 487 1135 507 0.000172 2
804 186 857 226 0.000170 2
1145 271 1219 361 0.000170 2
917 180 942 201 0.000165 2
921 186 944 202 0.000163 2
666 198 692 219 0.000162 2
1183 335 1275 425 0.000161 2
1036 312 1088 338 0.000160 2
1035 310 1091 335 0.000159 2
1150 186 1180 212 0.000157 2
1246 340 1279 379 0.000156 2
761 202 791 236 0.000154 2
1263 319 1279 371 0.000153 2
1263 299 1279 328 0.000153 2
876 177 943 201 0.000153 2
1102 164 1153 196 0.000153 2
1101 169 1135 210 0.000152 2
1043 311 1091 337 0.000152 2
1007 206 1041 230 0.000151 2
1262 276 1279 328 0.000148 2
1219 272 1279 294 0.000147 2
1211 335 1276 422 0.000147 2
1205 270 1279 325 0.000147 2
1214 334 1278 421 0.000145 2
1247 342 1278 375 0.000145 2
866 201 883 237 0.000143 2
981 194 1087 262 0.000143 2
1180 327 1241 421 0.000143 2
1167 274 1230 355 0.000141 2
1104 488 1136 507 0.000140 2
744 203 786 236 0.000139 2
1204 336 1216 345 0.000138 2
630 376 658 397 0.000137 2
679 207 701 234 0.000137 2
1163 274 1215 354 0.000135 2
1139 214 1223 332 0.000134 2
1266 300 1279 330 0.000133 2
1217 323 1272 421 0.000129 2
1263 358 1279 415 0.000128 2
706 191 731 221 0.000128 2
955 186 1065 231 0.000128 2
1056 204 1107 338 0.000128 2
1183 352 1220 421 0.000125 2
1155 197 1171 214 0.000125 2
1041 316 1089 338 0.000125 2
1041 310 1096 335 0.000124 2
1261 292 1279 327 0.000123 2
1048 311 1128 346 0.000123 2
1227 279 1279 385 0.000123 2
1087 231 1104 330 0.000123 2
356 216 368 228 0.000122 2
1143 183 1200 213 0.000121 2
1182 335 1233 421 0.000121 2
1128 186 1185 221 0.000121 2
1117 184 1198 212 0.000119 2
870 178 945 220 0.000119 2
0 392 16 410 0.000119 2
1142 347 1216 414 0.000118 2
1261 276 1279 325 0.000118 2
293 178 307 199 0.000116 2
1145 195 1192 221 0.000116 2
593 202 657 226 0.000113 2
979 182 1060 219 0.000113 2
1247 336 1278 371 0.000112 2
1008 181 1066 220 0.000111 2
523 200 554 222 0.000110 2
999 223 1043 251 0.000109 2
692 180 724 223 0.000109 2
1231 335 1279 414 0.000109 2
1170 326 1244 411 0.000108 2
1003 180 1056 223 0.000108 2
1087 214 1103 324 0.000107 2
1184 273 1223 350 0.000106 2
973 181 1057 218 0.000106 2
1187 278 1232 365 0.000105 2
126 208 137 222 0.000105 2
1053 312 1140 348 0.000104 2
1117 197 1206 248 0.000103 2
1222 159 1278 182 0.000103 2
1138 329 1225 416 0.000103 2
1180 329 1250 419 0.000103 2
1210 331 1268 421 0.000101 2
446 64 492 74 0.000100 2
445 163 581 217 0.009371 5
453 165 579 217 0.006837 5
803 161 858 220 0.006685 5
449 164 581 216 0.004191 5
468 165 580 216 0.004079 5
1226 174 1279 267 0.002656 5
1212 175 1279 266 0.002582 5
1210 173 1279 267 0.002271 5
1230 171 1279 268 0.001551 5
480 172 517 217 0.001533 5
444 169 516 218 0.001427 5
866 177 941 207 0.001343 5
1210 168 1279 248 0.001324 5
457 164 582 216 0.001229 5
1210 168 1279 234 0.001066 5
1263 168 1279 266 0.000986 5
806 161 858 189 0.000809 5
1262 172 1279 237 0.000648 5
1263 167 1279 229 0.000624 5
1263 168 1279 202 0.000553 5
443 164 518 212 0.000498 5
1218 178 1279 205 0.000462 5
448 155 513 172 0.000455 5
1211 163 1279 238 0.000432 5
806 160 864 198 0.000392 5
543 160 581 190 0.000310 5
1214 168 1279 204 0.000297 5
445 156 517 187 0.000297 5
824 136 932 175 0.000274 5
447 150 527 173 0.000249 5
543 160 581 198 0.000243 5
447 152 520 172 0.000241 5
543 160 580 173 0.000224 5
829 136 938 155 0.000210 5
543 160 580 174 0.000152 5
1207 163 1259 236 0.000137 5
904 155 993 189 0.000113 5
899 156 992 187 0.000100 5
1152 274 1279 419 0.005848 6
1142 274 1279 418 0.004130 6
1145 171 1279 418 0.002226 6
1150 169 1279 416 0.002218 6
3 64 517 400 0.002099 6
1172 169 1279 269 0.001560 6
1200 170 1279 271 0.001548 6
1161 171 1279 420 0.001515 6
4 64 550 400 0.001449 6
1174 168 1279 414 0.001434 6
3 64 582 401 0.001360 6
1154 172 1279 289 0.001187 6
1171 165 1279 269 0.001138 6
2 65 360 400 0.001023 6
1188 167 1279 412 0.000964 6
1184 167 1279 270 0.000921 6
1171 175 1279 265 0.000854 6
1149 176 1279 283 0.000769 6
1206 171 1279 316 0.000760 6
0 65 73 285 0.000733 6
7 64 481 392 0.000717 6
1156 163 1279 264 0.000676 6
6 64 472 353 0.000603 6
1 65 75 244 0.000557 6
1 65 74 270 0.000532 6
1084 164 1279 419 0.000492 6
1 65 76 218 0.000436 6
4 64 342 281 0.000426 6
118 64 200 91 0.000423 6
17 64 458 246 0.000358 6
114 64 309 90 0.000349 6
1 65 85 270 0.000344 6
1 64 77 209 0.000338 6
1115 166 1278 411 0.000332 6
7 64 352 252 0.000320 6
656 136 1149 256 0.000320 6
5 64 339 261 0.000295 6
0 137 40 208 0.000291 6
2 65 81 233 0.000288 6
450 160 582 213 0.000270 6
999 265 1279 420 0.000259 6
0 64 341 270 0.000253 6
112 64 306 97 0.000248 6
0 64 185 252 0.000243 6
0 65 96 285 0.000240 6
990 270 1280 430 0.000239 6
0 65 71 253 0.000235 6
1 65 84 254 0.000226 6
0 64 218 246 0.000222 6
0 65 72 231 0.000214 6
171 64 320 103 0.000209 6
686 108 951 241 0.000207 6
0 64 345 386 0.000206 6
0 64 339 255 0.000204 6
97 64 455 240 0.000184 6
0 137 41 258 0.000180 6
665 130 1206 264 0.000179 6
23 64 500 342 0.000179 6
0 64 74 208 0.000177 6
2 64 80 213 0.000176 6
6 64 134 232 0.000167 6
0 64 236 269 0.000163 6
0 64 344 408 0.000159 6
310 64 486 302 0.000153 6
0 65 195 277 0.000150 6
126 64 318 95 0.000142 6
14 64 349 214 0.000142 6
314 64 493 241 0.000141 6
82 64 442 215 0.000137 6
152 64 444 213 0.000137 6
173 64 324 103 0.000136 6
0 64 179 261 0.000135 6
1 69 134 243 0.000134 6
7 64 334 220 0.000129 6
672 112 1086 248 0.000128 6
320 64 368 112 0.000124 6
438 141 942 251 0.000124 6
824 136 993 188 0.000121 6
173 64 321 100 0.000120 6
4 64 135 218 0.000120 6
0 77 72 297 0.000116 6
0 140 40 204 0.000111 6
573 64 673 211 0.000110 6
315 64 497 232 0.000106 6
320 64 368 114 0.000106 6
312 64 432 211 0.000106 6
1005 156 1272 254 0.000104 6
829 136 940 167 0.000103 6
826 137 994 187 0.000103 6
165 64 464 219 0.000102 6
865 177 945 239 0.272335 7
802 177 945 240 0.068426 7
865 177 944 233 0.047822 7
801 177 947 243 0.043943 7
707 152 946 240 0.036588 7
716 153 859 236 0.030999 7
717 153 858 230 0.027687 7
717 153 859 222 0.027112 7
705 159 948 242 0.026808 7
695 152 946 248 0.007962 7
866 177 943 213 0.007809 7
866 177 942 218 0.006490 7
803 161 858 220 0.005884 7
865 177 941 234 0.004828 7
803 168 857 220 0.004685 7
717 153 811 228 0.004660 7
715 155 858 240 0.004637 7
718 153 810 220 0.003215 7
680 156 954 256 0.002988 7
803 165 857 221 0.002750 7
866 177 939 227 0.002718 7
726 151 945 240 0.002692 7
713 153 809 223 0.002660 7
803 182 856 219 0.002603 7
1206 173 1279 267 0.002491 7
713 153 810 220 0.002471 7
480 172 517 216 0.002439 7
800 151 945 239 0.002409 7
719 153 808 232 0.002033 7
481 172 518 217 0.001788 7
480 171 518 217 0.001761 7
1248 176 1279 267 0.001760 7
803 184 855 219 0.001739 7
446 159 581 215 0.001657 7
866 177 943 207 0.001589 7
678 166 1017 245 0.001581 7
803 183 854 220 0.001578 7
1207 173 1279 236 0.001524 7
1006 185 1081 229 0.001315 7
803 183 854 221 0.001252 7
866 177 943 205 0.001121 7
866 177 944 228 0.001070 7
480 172 515 214 0.001061 7
723 153 845 236 0.001057 7
1212 179 1279 208 0.000987 7
452 168 518 217 0.000925 7
695 153 815 223 0.000907 7
856 177 945 243 0.000886 7
698 152 819 220 0.000874 7
1206 167 1277 225 0.000839 7
867 177 944 206 0.000833 7
865 177 942 236 0.000790 7
865 177 936 233 0.000770 7
1215 167 1279 215 0.000769 7
1183 190 1280 266 0.000671 7
844 176 929 238 0.000656 7
1190 193 1273 259 0.000654 7
841 175 933 229 0.000635 7
708 152 810 235 0.000560 7
679 143 1073 244 0.000549 7
866 177 943 203 0.000541 7
865 177 938 237 0.000519 7
481 172 515 202 0.000508 7
720 153 808 209 0.000500 7
1207 165 1278 234 0.000498 7
676 168 1024 259 0.000488 7
444 168 517 217 0.000486 7
1253 182 1279 269 0.000482 7
865 177 922 236 0.000464 7
801 140 947 237 0.000458 7
652 175 1114 273 0.000457 7
718 153 807 210 0.000450 7
496 158 949 253 0.000448 7
1211 162 1278 235 0.000440 7
866 177 931 224 0.000436 7
507 148 941 243 0.000416 7
867 177 934 205 0.000401 7
722 153 808 215 0.000396 7
651 159 1110 266 0.000391 7
864 177 945 242 0.000380 7
507 163 582 216 0.000362 7
1002 167 1094 230 0.000330 7
1004 178 1068 228 0.000320 7
484 143 944 251 0.000306 7
857 154 995 251 0.000302 7
539 170 951 274 0.000294 7
1099 164 1233 229 0.000273 7
1101 165 1238 220 0.000271 7
515 169 577 217 0.000264 7
512 159 582 199 0.000256 7
1004 177 1070 227 0.000246 7
1207 164 1268 229 0.000246 7
980 165 1080 231 0.000223 7
469 157 946 264 0.000213 7
825 139 993 221 0.000191 7
479 170 518 215 0.000188 7
545 162 582 202 0.000184 7
543 160 580 186 0.000184 7
825 137 987 237 0.000184 7
828 147 994 194 0.000180 7
694 103 960 242 0.000176 7
1000 166 1110 230 0.000174 7
789 152 854 230 0.000168 7
1099 161 1233 216 0.000163 7
808 138 953 235 0.000162 7
493 173 949 275 0.000160 7
647 184 1112 272 0.000157 7
957 167 1083 232 0.000150 7
1180 164 1237 236 0.000149 7
720 154 803 213 0.000148 7
1102 163 1243 228 0.000146 7
717 154 803 209 0.000138 7
726 153 809 217 0.000137 7
545 165 580 203 0.000136 7
649 154 819 224 0.000136 7
604 151 827 221 0.000131 7
1110 179 1238 249 0.000131 7
718 154 795 214 0.000129 7
851 155 1007 256 0.000126 7
1102 164 1154 191 0.000125 7
699 184 723 216 0.000111 7
1117 184 1213 246 0.000107 7
456 162 521 204 0.000103 7
687 91 1031 244 0.000103 7
1088 150 1103 176 0.578481 9
1008 135 1024 173 0.083149 9
1007 135 1024 174 0.063504 9
1012 136 1025 172 0.060089 9
512 152 524 184 0.054770 9
512 152 524 185 0.049630 9
512 152 524 184 0.046929 9
1007 134 1024 174 0.041820 9
512 152 526 185 0.036663 9
1008 134 1024 173 0.036375 9
512 152 524 183 0.027718 9
512 152 525 184 0.027109 9
1006 133 1024 173 0.022818 9
512 152 527 186 0.019092 9
1207 169 1215 188 0.018998 9
366 167 373 188 0.016478 9
372 167 381 184 0.015768 9
1207 169 1215 187 0.014074 9
1207 169 1215 198 0.013737 9
373 168 381 184 0.012352 9
995 139 1001 171 0.011414 9
1088 150 1103 183 0.010890 9
844 151 859 166 0.008722 9
993 138 1001 170 0.007086 9
449 157 490 171 0.006981 9
840 151 859 166 0.006550 9
512 150 524 184 0.006523 9
993 138 1001 169 0.006146 9
994 137 1001 170 0.005666 9
1089 151 1105 178 0.005515 9
840 119 860 136 0.005080 9
961 136 976 159 0.005048 9
997 137 1007 173 0.004902 9
995 135 1007 173 0.004742 9
1224 164 1232 181 0.004741 9
119 64 159 73 0.004436 9
372 167 380 185 0.004321 9
995 136 1007 173 0.004233 9
1088 132 1105 176 0.004097 9
1096 133 1105 160 0.003928 9
1233 168 1245 181 0.003889 9
995 136 1004 173 0.003853 9
996 136 1009 175 0.003817 9
119 64 153 72 0.003625 9
119 64 172 75 0.003585 9
991 125 1024 175 0.003462 9
814 149 822 159 0.003444 9
840 119 857 136 0.003422 9
1233 169 1245 181 0.003414 9
1206 169 1214 189 0.003408 9
119 64 184 75 0.003386 9
119 64 161 73 0.003264 9
1130 64 1152 72 0.003239 9
960 135 976 159 0.003180 9
841 119 855 135 0.003174 9
961 135 976 159 0.003021 9
839 151 860 166 0.002955 9
999 122 1008 135 0.002944 9
804 149 811 157 0.002924 9
1233 169 1245 181 0.002906 9
1126 64 1152 74 0.002869 9
1213 167 1224 184 0.002810 9
839 132 860 166 0.002781 9
1000 120 1008 133 0.002667 9
801 155 858 218 0.002597 9
807 160 858 188 0.002594 9
1213 167 1225 190 0.002521 9
995 131 1009 173 0.002517 9
365 167 374 189 0.002511 9
362 167 373 189 0.002421 9
965 373 980 390 0.002402 9
840 119 865 136 0.002367 9
1233 169 1244 181 0.002244 9
1080 173 1088 183 0.002239 9
965 372 979 389 0.002237 9
1134 64 1152 72 0.002233 9
372 167 381 185 0.002217 9
803 149 813 160 0.002175 9
993 135 1003 171 0.002152 9
119 64 188 77 0.002145 9
313 149 341 193 0.002103 9
841 119 864 136 0.002021 9
992 137 1005 175 0.002012 9
840 119 860 136 0.001999 9
865 440 875 455 0.001943 9
512 152 526 198 0.001910 9
224 183 231 198 0.001889 9
1087 141 1104 177 0.001883 9
120 64 177 73 0.001862 9
809 162 857 182 0.001796 9
239 177 246 187 0.001748 9
841 120 861 165 0.001720 9
980 143 993 163 0.001717 9
1054 114 1081 146 0.001714 9
982 133 991 144 0.001683 9
1087 133 1106 177 0.001672 9
1121 64 1152 75 0.001669 9
964 371 981 391 0.001617 9
808 161 857 183 0.001586 9
119 64 161 78 0.001448 9
804 160 858 195 0.001436 9
981 143 993 163 0.001430 9
121 64 182 73 0.001418 9
511 161 525 188 0.001359 9
1056 116 1066 136 0.001344 9
1055 117 1065 136 0.001331 9
1013 134 1037 174 0.001322 9
963 371 983 391 0.001321 9
802 148 811 160 0.001299 9
1032 138 1040 160 0.001298 9
118 64 160 79 0.001297 9
802 154 856 187 0.001296 9
837 143 861 166 0.001295 9
1089 148 1110 178 0.001282 9
808 161 857 180 0.001260 9
1023 147 1040 162 0.001221 9
1200 135 1208 159 0.001213 9
1065 104 1072 115 0.001198 9
1181 170 1201 216 0.001194 9
239 178 246 193 0.001188 9
840 119 861 138 0.001158 9
1053 110 1083 146 0.001149 9
119 64 163 79 0.001141 9
829 134 864 164 0.001134 9
802 157 857 222 0.001127 9
982 123 992 144 0.001125 9
1100 133 1109 167 0.001088 9
1088 150 1110 179 0.001079 9
809 160 857 182 0.001032 9
1055 111 1083 146 0.000999 9
1016 143 1030 171 0.000998 9
1126 64 1153 77 0.000989 9
851 87 859 106 0.000976 9
1190 165 1201 185 0.000971 9
122 64 182 74 0.000953 9
312 148 350 194 0.000945 9
813 144 823 158 0.000944 9
119 64 185 79 0.000939 9
1032 131 1040 160 0.000925 9
1096 129 1104 139 0.000909 9
1172 149 1182 161 0.000906 9
1224 162 1232 181 0.000902 9
810 160 857 181 0.000883 9
1098 134 1109 155 0.000876 9
1144 328 1152 344 0.000860 9
313 151 352 193 0.000840 9
214 183 224 200 0.000837 9
1200 135 1208 155 0.000830 9
975 134 991 145 0.000824 9
1054 114 1070 145 0.000822 9
809 162 858 180 0.000818 9
959 135 979 160 0.000811 9
1013 133 1035 173 0.000807 9
120 64 188 79 0.000805 9
807 161 858 193 0.000805 9
340 164 351 188 0.000800 9
360 166 375 190 0.000799 9
864 117 870 136 0.000792 9
448 156 496 171 0.000741 9
639 160 644 167 0.000734 9
1199 135 1210 188 0.000728 9
829 135 897 161 0.000717 9
1181 167 1201 217 0.000712 9
153 64 183 75 0.000711 9
1088 146 1110 176 0.000702 9
848 180 858 216 0.000683 9
1086 146 1104 252 0.000680 9
1126 64 1154 78 0.000675 9
829 135 847 151 0.000670 9
864 165 870 180 0.000668 9
257 147 265 159 0.000666 9
862 118 870 136 0.000657 9
1122 64 1154 77 0.000652 9
118 64 198 87 0.000647 9
806 161 858 189 0.000622 9
463 184 474 197 0.000621 9
809 154 859 181 0.000608 9
1183 166 1217 218 0.000605 9
991 121 1025 174 0.000604 9
983 139 1000 169 0.000597 9
839 151 861 166 0.000596 9
1212 163 1232 210 0.000592 9
1005 131 1108 175 0.000588 9
1199 167 1215 200 0.000587 9
1013 132 1104 185 0.000584 9
1050 118 1061 136 0.000583 9
962 372 980 390 0.000576 9
1057 110 1083 145 0.000568 9
974 137 991 160 0.000565 9
801 155 813 189 0.000552 9
927 146 939 168 0.000544 9
1081 124 1106 181 0.000539 9
871 136 938 153 0.000533 9
118 64 199 90 0.000525 9
313 149 351 195 0.000520 9
928 151 937 168 0.000519 9
1050 119 1059 135 0.000517 9
379 166 389 184 0.000516 9
260 145 269 159 0.000515 9
172 64 201 89 0.000509 9
1144 328 1152 344 0.000500 9
829 134 863 152 0.000496 9
859 136 938 153 0.000496 9
831 136 896 151 0.000494 9
1209 167 1229 203 0.000490 9
170 64 201 90 0.000488 9
1120 64 1149 73 0.000487 9
1054 112 1067 137 0.000484 9
1200 167 1215 187 0.000480 9
1035 134 1056 166 0.000479 9
1003 115 1101 176 0.000475 9
1205 160 1218 191 0.000474 9
1193 384 1207 405 0.000470 9
160 64 182 78 0.000468 9
801 152 813 189 0.000468 9
870 119 878 135 0.000465 9
1181 163 1218 223 0.000462 9
512 190 525 204 0.000459 9
122 64 188 80 0.000458 9
1224 160 1248 181 0.000456 9
1076 149 1102 181 0.000455 9
545 140 552 151 0.000444 9
1226 160 1248 181 0.000443 9
829 136 895 151 0.000441 9
1079 159 1091 182 0.000441 9
861 111 869 129 0.000438 9
313 136 363 195 0.000437 9
1012 130 1037 173 0.000429 9
991 117 1002 133 0.000428 9
961 137 994 166 0.000425 9
988 123 998 157 0.000423 9
174 64 201 89 0.000408 9
853 136 938 153 0.000406 9
1086 132 1130 184 0.000404 9
665 327 679 345 0.000402 9
694 177 702 200 0.000391 9
849 81 860 105 0.000385 9
1215 64 1232 90 0.000381 9
968 136 1002 169 0.000381 9
879 155 892 168 0.000377 9
887 136 937 152 0.000370 9
373 176 391 203 0.000366 9
448 64 490 73 0.000350 9
1108 148 1120 169 0.000349 9
1149 103 1185 135 0.000341 9
1072 161 1089 193 0.000340 9
1026 136 1056 168 0.000340 9
1076 147 1103 179 0.000337 9
173 64 201 90 0.000332 9
1179 161 1229 234 0.000331 9
829 136 896 151 0.000331 9
1087 124 1105 158 0.000324 9
1195 383 1206 405 0.000323 9
1073 149 1083 167 0.000322 9
843 136 939 154 0.000321 9
1191 385 1206 401 0.000315 9
849 87 859 106 0.000308 9
828 149 856 165 0.000307 9
802 144 813 158 0.000304 9
1015 146 1041 170 0.000303 9
969 125 1014 165 0.000302 9
943 131 952 146 0.000300 9
895 136 938 153 0.000299 9
944 130 951 140 0.000298 9
448 157 491 173 0.000294 9
1151 124 1162 135 0.000289 9
831 136 896 150 0.000288 9
1192 161 1202 185 0.000288 9
1032 137 1106 195 0.000286 9
842 136 939 154 0.000284 9
257 179 263 191 0.000284 9
1193 136 1217 197 0.000284 9
159 64 192 89 0.000283 9
260 143 269 159 0.000280 9
896 166 904 177 0.000278 9
1097 162 1128 208 0.000274 9
1196 133 1224 198 0.000271 9
975 372 991 392 0.000270 9
1044 111 1098 188 0.000269 9
399 85 409 96 0.000268 9
793 152 856 216 0.000266 9
818 76 849 89 0.000261 9
1052 111 1083 145 0.000260 9
371 153 383 185 0.000260 9
358 148 376 190 0.000259 9
112 64 173 75 0.000254 9
982 118 992 144 0.000250 9
868 119 880 136 0.000250 9
664 327 680 347 0.000250 9
665 327 679 347 0.000248 9
1199 132 1216 190 0.000247 9
1147 103 1186 137 0.000247 9
801 144 811 157 0.000247 9
891 136 938 152 0.000247 9
582 64 595 70 0.000246 9
448 156 490 174 0.000246 9
172 64 201 90 0.000243 9
448 64 491 72 0.000241 9
1049 115 1070 146 0.000241 9
1009 136 1057 193 0.000239 9
512 166 547 187 0.000237 9
293 176 306 198 0.000237 9
1073 150 1083 168 0.000233 9
1204 156 1230 199 0.000232 9
152 64 194 88 0.000227 9
154 64 198 89 0.000227 9
375 184 393 203 0.000227 9
825 136 916 173 0.000225 9
829 135 900 169 0.000219 9
1010 168 1064 204 0.000219 9
664 327 680 348 0.000217 9
976 374 992 392 0.000216 9
1172 145 1183 159 0.000215 9
1107 164 1154 185 0.000214 9
511 152 560 192 0.000214 9
995 130 1100 200 0.000214 9
1105 150 1118 170 0.000214 9
829 136 898 152 0.000211 9
586 117 598 134 0.000210 9
975 121 993 147 0.000206 9
841 136 935 175 0.000204 9
1010 136 1027 198 0.000202 9
311 64 432 225 0.000202 9
237 179 258 241 0.000199 9
862 137 895 149 0.000198 9
1039 136 1061 168 0.000197 9
415 64 432 96 0.000196 9
878 151 896 175 0.000194 9
807 151 855 173 0.000194 9
357 148 374 191 0.000193 9
898 136 938 152 0.000193 9
1085 145 1140 185 0.000192 9
998 125 1027 174 0.000190 9
266 211 277 232 0.000189 9
1072 151 1092 187 0.000189 9
1203 86 1214 104 0.000188 9
463 184 482 201 0.000187 9
120 64 197 88 0.000187 9
484 151 524 204 0.000186 9
894 157 906 175 0.000185 9
809 157 877 182 0.000185 9
293 176 307 198 0.000183 9
936 141 945 154 0.000182 9
1130 64 1163 73 0.000182 9
477 152 521 180 0.000179 9
378 161 408 184 0.000177 9
1071 64 1082 70 0.000177 9
1005 112 1101 175 0.000176 9
1000 136 1027 188 0.000174 9
1005 126 1106 174 0.000174 9
320 64 368 113 0.000173 9
858 136 939 177 0.000173 9
371 163 394 204 0.000172 9
1149 103 1185 136 0.000171 9
1104 164 1152 186 0.000170 9
929 146 943 167 0.000170 9
941 133 993 162 0.000168 9
1096 129 1110 157 0.000168 9
157 64 199 89 0.000165 9
693 176 704 202 0.000164 9
1032 125 1062 166 0.000161 9
339 151 371 193 0.000161 9
1103 165 1151 188 0.000161 9
1074 131 1104 180 0.000161 9
351 162 365 191 0.000161 9
861 136 939 176 0.000158 9
831 119 854 139 0.000158 9
95 168 103 176 0.000157 9
680 167 688 208 0.000157 9
240 167 247 178 0.000157 9
257 143 268 159 0.000157 9
1014 168 1062 185 0.000156 9
829 135 940 164 0.000154 9
1036 124 1063 168 0.000153 9
310 64 375 209 0.000150 9
1184 383 1206 401 0.000150 9
1069 127 1125 182 0.000149 9
467 184 483 199 0.000149 9
840 110 872 137 0.000149 9
95 150 107 177 0.000148 9
373 149 384 169 0.000147 9
1122 64 1168 85 0.000147 9
1203 87 1214 105 0.000146 9
266 209 277 232 0.000146 9
689 118 703 179 0.000146 9
256 176 266 188 0.000139 9
1004 124 1105 178 0.000138 9
326 154 354 199 0.000136 9
99 150 111 179 0.000135 9
1051 103 1071 139 0.000134 9
832 119 854 136 0.000134 9
263 279 272 296 0.000134 9
848 76 862 106 0.000133 9
1200 132 1215 169 0.000133 9
1119 64 1150 77 0.000131 9
515 173 545 197 0.000131 9
828 133 940 154 0.000131 9
212 165 224 178 0.000130 9
414 64 432 95 0.000130 9
835 115 862 138 0.000130 9
1169 148 1182 163 0.000129 9
1206 137 1230 187 0.000129 9
689 118 704 180 0.000128 9
377 159 408 186 0.000127 9
494 150 524 178 0.000127 9
808 76 850 89 0.000126 9
255 86 263 100 0.000124 9
689 119 702 166 0.000124 9
690 119 704 165 0.000123 9
1177 379 1185 392 0.000123 9
824 144 897 179 0.000123 9
1020 152 1053 170 0.000121 9
1007 167 1064 191 0.000120 9
680 167 687 189 0.000119 9
840 109 863 136 0.000118 9
1122 64 1224 84 0.000118 9
1049 109 1067 138 0.000118 9
998 125 1106 237 0.000117 9
448 156 491 175 0.000117 9
320 64 365 108 0.000117 9
104 64 198 92 0.000117 9
1072 113 1086 143 0.000116 9
584 64 638 92 0.000116 9
851 87 862 106 0.000116 9
850 136 936 151 0.000114 9
120 64 191 88 0.000113 9
519 170 546 188 0.000113 9
1052 111 1085 171 0.000112 9
1104 163 1160 204 0.000111 9
990 112 1015 171 0.000111 9
309 64 379 218 0.000111 9
841 142 898 176 0.000111 9
935 134 945 152 0.000110 9
1075 121 1105 174 0.000110 9
417 64 432 92 0.000110 9
1005 167 1068 210 0.000108 9
639 151 653 164 0.000108 9
1181 381 1207 402 0.000107 9
1103 165 1145 188 0.000107 9
827 118 879 155 0.000106 9
462 168 474 184 0.000106 9
826 136 937 154 0.000106 9
1025 124 1041 161 0.000105 9
1064 64 1153 75 0.000105 9
586 116 598 134 0.000104 9
1008 167 1071 205 0.000104 9
687 119 704 190 0.000103 9
588 64 640 92 0.000103 9
313 147 353 194 0.000102 9
807 72 873 94 0.000102 9
1203 127 1232 186 0.000102 9
320 64 366 110 0.000101 9
97 155 111 180 0.000101 9
264 179 272 197 0.000101 9
320 64 369 111 0.000100 9
1233 197 1256 232 0.160555 11
1182 191 1199 216 0.051768 11
1182 191 1199 216 0.051529 11
523 183 536 197 0.032991 11
522 183 536 197 0.020262 11
312 148 342 194 0.010154 11
518 190 526 200 0.009119 11
1182 190 1199 216 0.008329 11
522 183 536 198 0.005269 11
1233 198 1256 232 0.003161 11
1055 112 1083 146 0.002858 11
449 157 491 171 0.001981 11
1181 165 1201 218 0.001822 11
1181 176 1200 216 0.001549 11
1231 197 1256 232 0.001012 11
314 149 342 195 0.000578 11
520 181 548 207 0.000201 11
416 64 431 96 0.000199 11
1178 190 1199 216 0.000126 11
415 64 432 97 0.000122 11
