701 197 737 274 0.827725 0
1029 199 1074 330 0.713657 0
1029 199 1076 332 0.571861 0
910 189 937 262 0.560363 0
527 194 548 247 0.544072 0
527 193 548 245 0.528632 0
527 195 548 243 0.456273 0
910 189 938 260 0.411800 0
527 193 551 245 0.241446 0
453 199 465 251 0.228191 0
453 199 466 251 0.214675 0
526 195 545 244 0.175634 0
915 189 940 261 0.173925 0
1100 195 1114 223 0.142453 0
1100 194 1115 222 0.138792 0
1100 195 1116 254 0.127634 0
1100 195 1115 221 0.125105 0
1100 195 1115 251 0.120094 0
1215 194 1227 233 0.113125 0
1215 194 1227 233 0.111710 0
1100 194 1116 252 0.109701 0
1100 195 1115 253 0.103514 0
527 194 552 246 0.100466 0
1214 194 1227 234 0.100422 0
1100 195 1116 255 0.078433 0
1215 194 1226 222 0.071599 0
1100 194 1114 221 0.067806 0
1115 193 1137 250 0.064948 0
848 200 857 241 0.064194 0
1115 192 1137 251 0.063754 0
452 198 465 251 0.063251 0
1117 203 1139 249 0.063141 0
1097 194 1116 255 0.060136 0
1114 192 1141 254 0.054995 0
848 200 857 238 0.054430 0
848 200 857 223 0.054123 0
849 200 857 225 0.052730 0
453 200 465 250 0.050266 0
1097 194 1115 253 0.048937 0
1119 208 1140 253 0.048629 0
848 200 858 242 0.047740 0
448 198 466 251 0.045965 0
1215 193 1226 215 0.043773 0
1214 196 1228 235 0.043559 0
1101 194 1124 255 0.041634 0
1215 194 1226 216 0.041111 0
1098 194 1115 221 0.038974 0
913 190 945 258 0.034773 0
449 198 465 251 0.031323 0
466 198 479 251 0.030636 0
1115 192 1136 243 0.029945 0
465 198 479 251 0.029374 0
1100 194 1124 255 0.029261 0
533 192 548 218 0.028450 0
918 191 945 259 0.028058 0
1215 195 1229 234 0.027876 0
1115 192 1134 221 0.027793 0
1030 200 1070 276 0.027265 0
1098 194 1114 221 0.025672 0
1114 196 1136 256 0.025025 0
1029 199 1072 274 0.024009 0
1115 192 1135 221 0.023940 0
1117 192 1135 221 0.022850 0
919 196 935 236 0.021992 0
1215 194 1229 234 0.021458 0
535 194 558 221 0.020923 0
462 198 479 251 0.020693 0
534 193 550 219 0.019913 0
466 198 479 250 0.019176 0
461 197 479 250 0.018534 0
454 197 479 251 0.017865 0
466 198 479 250 0.015564 0
919 193 935 222 0.015337 0
1119 191 1135 221 0.015335 0
458 197 479 252 0.015308 0
1031 200 1070 272 0.015141 0
456 198 479 251 0.014568 0
467 198 479 250 0.013245 0
1029 199 1092 331 0.013008 0
1216 207 1229 234 0.012819 0
470 198 480 217 0.012387 0
848 200 865 240 0.011779 0
848 200 864 241 0.011700 0
1101 203 1131 258 0.011669 0
1087 198 1117 260 0.011237 0
1213 193 1228 262 0.010861 0
1127 210 1147 251 0.010216 0
848 200 867 241 0.009672 0
848 199 863 239 0.009602 0
1103 194 1121 222 0.009247 0
470 199 481 217 0.009181 0
246 199 260 223 0.009113 0
1113 191 1140 248 0.008849 0
1029 197 1102 325 0.008471 0
910 192 933 263 0.008229 0
1101 195 1117 223 0.008190 0
1126 211 1138 225 0.007852 0
848 200 872 242 0.007839 0
534 193 559 218 0.007493 0
246 200 261 240 0.007445 0
1210 193 1227 233 0.007183 0
525 199 535 219 0.007179 0
919 189 937 220 0.006923 0
1271 200 1279 250 0.006825 0
1127 210 1146 251 0.006781 0
1089 192 1115 261 0.006738 0
918 189 935 222 0.006594 0
850 194 871 271 0.006591 0
1112 193 1131 221 0.006392 0
526 196 559 246 0.006330 0
245 201 260 241 0.006283 0
1108 183 1153 257 0.006119 0
786 197 793 215 0.005998 0
913 189 935 249 0.005952 0
1273 201 1279 249 0.005820 0
631 202 645 230 0.005705 0
848 199 871 271 0.005693 0
786 198 793 214 0.005618 0
1116 191 1142 234 0.005521 0
1029 200 1095 336 0.005377 0
1034 199 1070 263 0.005245 0
915 213 937 261 0.005212 0
245 197 261 224 0.005077 0
245 201 261 242 0.004998 0
245 200 261 240 0.004864 0
1034 199 1071 259 0.004823 0
633 202 644 216 0.004815 0
852 194 871 277 0.004682 0
1210 193 1226 228 0.004551 0
923 199 945 229 0.004464 0
1210 190 1226 215 0.004294 0
1034 198 1072 258 0.004284 0
1215 192 1229 218 0.004246 0
848 193 871 274 0.004238 0
958 371 980 407 0.004130 0
1117 191 1142 224 0.004089 0
949 273 959 294 0.003818 0
959 371 980 408 0.003818 0
247 201 261 224 0.003700 0
1231 169 1246 203 0.003631 0
1100 210 1116 257 0.003573 0
1088 192 1095 210 0.003506 0
848 183 857 224 0.003344 0
852 198 872 271 0.003322 0
1085 189 1114 261 0.003270 0
787 198 793 215 0.003229 0
518 193 546 246 0.003186 0
247 201 261 225 0.003181 0
1035 199 1072 255 0.003059 0
1088 191 1095 205 0.003011 0
1273 202 1279 252 0.002986 0
1032 200 1071 265 0.002972 0
1231 169 1246 181 0.002967 0
631 202 644 231 0.002941 0
1036 195 1046 217 0.002889 0
469 198 480 217 0.002657 0
241 198 261 240 0.002595 0
879 198 905 242 0.002544 0
244 199 260 224 0.002528 0
858 208 873 240 0.002520 0
1208 198 1238 266 0.002517 0
864 212 873 236 0.002515 0
450 200 465 251 0.002480 0
519 195 537 225 0.002461 0
848 199 868 274 0.002405 0
950 273 959 293 0.002401 0
853 196 873 275 0.002395 0
1270 198 1279 243 0.002356 0
1210 199 1227 268 0.002354 0
958 371 979 409 0.002346 0
1232 170 1246 180 0.002298 0
632 202 645 216 0.002280 0
1231 169 1247 203 0.002272 0
375 185 387 202 0.002210 0
517 192 527 213 0.002189 0
1032 200 1074 291 0.002178 0
964 372 980 394 0.002148 0
958 372 979 408 0.002103 0
958 371 981 409 0.002060 0
474 201 485 217 0.002042 0
470 198 485 217 0.002027 0
847 192 871 281 0.002020 0
242 196 260 223 0.002005 0
1265 198 1279 266 0.001990 0
864 219 873 235 0.001985 0
517 192 524 203 0.001978 0
1072 484 1080 499 0.001930 0
453 206 465 252 0.001916 0
527 192 547 222 0.001894 0
1130 209 1144 222 0.001870 0
959 370 984 408 0.001826 0
1035 199 1071 248 0.001763 0
1210 193 1226 217 0.001735 0
853 199 871 280 0.001650 0
849 204 873 272 0.001571 0
1037 199 1047 219 0.001551 0
1120 312 1144 344 0.001544 0
694 206 705 230 0.001540 0
1267 202 1279 269 0.001459 0
876 198 908 244 0.001450 0
1261 168 1279 245 0.001436 0
1261 178 1279 228 0.001389 0
1260 183 1279 232 0.001364 0
1071 484 1081 503 0.001357 0
1130 209 1161 244 0.001344 0
911 195 931 223 0.001327 0
963 370 983 393 0.001326 0
964 371 981 391 0.001284 0
462 196 480 281 0.001282 0
877 201 905 243 0.001280 0
964 369 981 390 0.001272 0
854 206 874 280 0.001245 0
1263 200 1279 268 0.001242 0
641 690 657 703 0.001204 0
1069 207 1078 225 0.001203 0
864 440 876 455 0.001203 0
243 195 260 227 0.001161 0
957 367 982 405 0.001153 0
784 192 794 214 0.001123 0
965 373 980 389 0.001117 0
959 370 985 410 0.001098 0
964 368 985 393 0.001082 0
848 182 876 275 0.001082 0
785 197 794 232 0.001073 0
1264 204 1279 269 0.001062 0
878 200 898 239 0.001053 0
1037 203 1070 256 0.001027 0
1101 164 1147 255 0.001026 0
1230 168 1248 230 0.001020 0
1036 194 1045 214 0.001003 0
965 372 979 391 0.000998 0
1104 312 1111 327 0.000987 0
878 198 909 241 0.000981 0
1120 312 1130 342 0.000977 0
864 441 877 455 0.000954 0
243 194 259 224 0.000949 0
1186 226 1227 270 0.000938 0
639 689 655 703 0.000924 0
639 689 656 703 0.000903 0
242 200 253 222 0.000901 0
213 198 224 225 0.000898 0
957 371 978 425 0.000888 0
631 202 647 230 0.000885 0
1032 248 1075 330 0.000884 0
1014 242 1094 283 0.000880 0
1261 197 1279 231 0.000876 0
214 201 224 226 0.000840 0
863 440 878 459 0.000839 0
1261 165 1279 267 0.000835 0
692 207 705 233 0.000834 0
1055 488 1066 499 0.000828 0
1088 231 1104 270 0.000820 0
864 442 879 456 0.000813 0
242 200 259 240 0.000812 0
863 440 879 456 0.000800 0
1261 168 1279 230 0.000781 0
713 194 729 230 0.000780 0
789 331 809 344 0.000777 0
1230 168 1247 227 0.000763 0
1009 211 1055 266 0.000747 0
788 331 809 345 0.000744 0
158 205 168 224 0.000732 0
374 185 389 206 0.000716 0
864 182 943 281 0.000708 0
546 201 562 218 0.000694 0
401 195 591 262 0.000688 0
848 198 876 239 0.000683 0
1028 240 1076 288 0.000663 0
786 198 797 216 0.000650 0
215 194 224 223 0.000637 0
862 436 878 456 0.000629 0
29 219 58 253 0.000627 0
1026 240 1069 327 0.000626 0
1071 482 1080 497 0.000624 0
631 202 655 231 0.000623 0
1119 312 1130 329 0.000617 0
386 197 396 206 0.000611 0
1261 167 1279 240 0.000607 0
1207 224 1235 273 0.000599 0
789 330 810 344 0.000587 0
1071 483 1081 501 0.000569 0
241 217 252 240 0.000565 0
467 197 487 250 0.000561 0
1208 241 1227 271 0.000559 0
957 371 978 461 0.000554 0
640 688 672 703 0.000551 0
1038 200 1065 227 0.000551 0
1002 240 1009 262 0.000536 0
1263 191 1279 290 0.000534 0
387 198 396 206 0.000529 0
923 200 950 255 0.000516 0
788 330 810 344 0.000510 0
962 366 992 393 0.000504 0
788 331 810 345 0.000503 0
1089 241 1097 269 0.000490 0
1093 159 1145 255 0.000488 0
1120 326 1151 344 0.000487 0
863 440 880 475 0.000483 0
1261 107 1279 269 0.000478 0
639 680 672 703 0.000457 0
670 208 679 231 0.000457 0
496 195 540 232 0.000455 0
863 209 880 241 0.000454 0
787 197 798 232 0.000448 0
811 209 830 227 0.000446 0
1043 200 1088 254 0.000444 0
611 154 624 174 0.000435 0
1249 200 1265 232 0.000434 0
956 370 978 463 0.000434 0
612 154 624 182 0.000433 0
904 213 911 237 0.000430 0
948 359 1018 464 0.000428 0
241 201 259 248 0.000428 0
911 190 940 226 0.000427 0
457 200 555 254 0.000424 0
681 199 690 216 0.000424 0
915 473 927 486 0.000420 0
947 362 1020 463 0.000415 0
611 153 624 173 0.000411 0
916 473 927 484 0.000406 0
387 198 397 206 0.000399 0
861 179 943 288 0.000396 0
439 197 468 250 0.000395 0
670 208 681 233 0.000395 0
1020 219 1079 329 0.000394 0
1119 313 1151 344 0.000388 0
1189 359 1212 405 0.000386 0
863 440 880 477 0.000385 0
450 191 584 272 0.000385 0
1263 217 1279 274 0.000383 0
1191 376 1207 403 0.000383 0
450 194 563 254 0.000377 0
1201 210 1226 233 0.000371 0
1120 326 1152 344 0.000371 0
1175 212 1184 224 0.000368 0
1262 67 1279 271 0.000367 0
449 190 570 273 0.000365 0
681 200 691 216 0.000365 0
670 208 680 232 0.000364 0
951 214 1230 315 0.000361 0
1056 490 1066 501 0.000360 0
677 195 1243 324 0.000359 0
854 209 906 272 0.000358 0
435 199 467 251 0.000354 0
638 679 672 703 0.000353 0
456 194 480 296 0.000343 0
374 184 393 204 0.000340 0
965 369 991 392 0.000337 0
697 196 869 276 0.000336 0
1016 191 1203 266 0.000335 0
861 432 876 456 0.000333 0
1215 375 1232 436 0.000333 0
577 185 582 201 0.000332 0
1227 177 1279 371 0.000329 0
507 195 541 246 0.000329 0
449 195 566 255 0.000328 0
1263 68 1279 270 0.000327 0
862 437 880 478 0.000326 0
1212 370 1232 429 0.000325 0
1188 352 1212 400 0.000318 0
991 383 1024 461 0.000318 0
1214 379 1232 433 0.000317 0
1196 372 1212 416 0.000314 0
700 195 851 275 0.000313 0
1207 369 1230 429 0.000312 0
644 189 656 209 0.000311 0
242 194 262 226 0.000306 0
436 170 955 276 0.000305 0
350 189 358 200 0.000303 0
1188 358 1212 403 0.000299 0
974 373 991 392 0.000294 0
955 368 1024 427 0.000294 0
470 199 486 223 0.000293 0
213 200 221 225 0.000291 0
1249 198 1265 231 0.000291 0
1180 178 1263 262 0.000291 0
847 268 853 282 0.000289 0
453 193 471 219 0.000284 0
639 689 666 703 0.000283 0
1190 359 1212 397 0.000281 0
466 197 486 251 0.000277 0
1191 378 1208 408 0.000274 0
1031 259 1070 330 0.000274 0
1248 197 1268 230 0.000274 0
1215 366 1232 433 0.000271 0
805 191 855 241 0.000270 0
799 295 836 344 0.000267 0
993 385 1023 424 0.000267 0
183 197 192 207 0.000265 0
518 201 549 251 0.000265 0
1192 214 1212 229 0.000264 0
636 187 655 212 0.000263 0
1081 222 1123 272 0.000260 0
556 184 572 199 0.000260 0
1010 135 1252 282 0.000259 0
461 204 479 265 0.000258 0
995 385 1023 423 0.000256 0
398 197 612 257 0.000256 0
346 188 353 199 0.000254 0
650 199 662 217 0.000249 0
1160 376 1167 385 0.000246 0
374 184 393 203 0.000245 0
948 341 987 405 0.000245 0
878 437 890 456 0.000243 0
1027 198 1074 306 0.000241 0
801 291 832 344 0.000239 0
683 203 699 232 0.000239 0
1211 374 1232 431 0.000239 0
943 354 981 408 0.000238 0
1034 249 1065 329 0.000237 0
981 203 1085 303 0.000237 0
1054 486 1067 497 0.000236 0
833 480 840 486 0.000236 0
610 155 622 171 0.000235 0
848 459 874 479 0.000233 0
241 193 259 223 0.000228 0
956 342 992 395 0.000228 0
994 384 1024 428 0.000227 0
998 385 1023 409 0.000226 0
1199 403 1208 416 0.000224 0
784 329 815 392 0.000224 0
851 218 872 286 0.000223 0
690 198 867 276 0.000220 0
683 197 693 216 0.000220 0
1135 445 1144 461 0.000219 0
1030 169 1279 269 0.000218 0
365 178 385 201 0.000217 0
860 431 886 457 0.000214 0
914 473 928 485 0.000213 0
265 197 272 210 0.000209 0
948 365 1024 464 0.000208 0
1039 455 1048 464 0.000207 0
988 228 1012 263 0.000206 0
878 440 892 458 0.000206 0
509 197 546 249 0.000205 0
787 198 800 235 0.000201 0
1102 312 1113 327 0.000201 0
1116 188 1161 234 0.000201 0
1210 369 1224 407 0.000199 0
844 179 944 285 0.000198 0
438 200 465 236 0.000197 0
1207 254 1229 273 0.000197 0
429 223 438 231 0.000196 0
213 196 221 217 0.000195 0
1179 190 1203 230 0.000195 0
1182 167 1234 234 0.000194 0
1182 190 1203 230 0.000194 0
956 368 1021 413 0.000192 0
1188 359 1212 407 0.000192 0
956 371 1008 426 0.000192 0
992 382 1024 461 0.000191 0
791 290 849 345 0.000190 0
1045 483 1054 492 0.000190 0
902 211 913 244 0.000189 0
1205 370 1226 423 0.000188 0
943 368 981 408 0.000187 0
752 463 760 472 0.000186 0
692 172 864 278 0.000183 0
793 283 853 344 0.000183 0
920 342 995 420 0.000182 0
1118 312 1141 342 0.000180 0
632 203 654 227 0.000179 0
955 362 999 399 0.000179 0
971 198 1269 332 0.000178 0
845 200 871 283 0.000178 0
784 330 810 344 0.000178 0
956 345 986 395 0.000176 0
654 198 661 216 0.000175 0
1007 469 1016 494 0.000174 0
1076 335 1091 361 0.000172 0
798 267 860 345 0.000171 0
1009 431 1015 440 0.000170 0
956 367 977 463 0.000169 0
942 371 981 427 0.000167 0
1007 470 1018 495 0.000166 0
953 367 1023 428 0.000166 0
1028 148 1279 269 0.000166 0
447 204 575 265 0.000165 0
798 295 832 345 0.000164 0
920 342 1013 422 0.000163 0
1083 223 1144 280 0.000160 0
911 336 926 350 0.000160 0
1144 376 1152 385 0.000159 0
1135 443 1147 472 0.000157 0
705 193 730 235 0.000157 0
914 181 941 211 0.000155 0
1181 189 1208 217 0.000154 0
821 293 848 345 0.000154 0
103 252 113 280 0.000153 0
783 328 810 344 0.000153 0
963 208 1095 327 0.000153 0
953 367 1024 422 0.000153 0
1150 310 1167 351 0.000152 0
1017 367 1023 374 0.000152 0
926 373 946 453 0.000151 0
954 366 1022 421 0.000151 0
1215 377 1232 437 0.000149 0
783 198 793 235 0.000149 0
798 260 833 346 0.000149 0
692 197 879 280 0.000148 0
266 201 273 217 0.000148 0
445 184 550 318 0.000147 0
1054 486 1076 500 0.000147 0
913 474 927 487 0.000147 0
1191 192 1214 220 0.000146 0
798 259 845 346 0.000145 0
595 168 957 308 0.000145 0
991 383 1024 458 0.000145 0
950 202 1087 300 0.000145 0
921 340 998 423 0.000145 0
476 151 954 439 0.000144 0
873 214 907 246 0.000144 0
946 352 964 399 0.000143 0
685 200 735 266 0.000142 0
850 173 938 287 0.000142 0
508 155 956 429 0.000142 0
1214 368 1223 390 0.000139 0
868 222 898 250 0.000138 0
371 170 388 205 0.000138 0
354 193 869 272 0.000138 0
912 180 940 217 0.000136 0
850 469 873 479 0.000136 0
799 295 831 344 0.000136 0
1122 165 1158 226 0.000136 0
1151 313 1167 359 0.000136 0
907 330 927 349 0.000134 0
1188 358 1223 415 0.000134 0
922 344 974 413 0.000134 0
1263 222 1279 294 0.000133 0
1029 266 1066 326 0.000133 0
944 373 975 408 0.000132 0
1260 143 1279 185 0.000132 0
991 379 1025 466 0.000131 0
784 322 844 344 0.000130 0
1206 250 1232 274 0.000130 0
609 153 624 171 0.000130 0
738 175 954 290 0.000128 0
1149 314 1167 356 0.000127 0
955 369 977 465 0.000127 0
738 203 746 218 0.000127 0
665 185 671 210 0.000127 0
663 188 671 217 0.000125 0
694 195 865 277 0.000125 0
946 368 1025 478 0.000125 0
703 229 736 273 0.000123 0
1206 257 1223 273 0.000122 0
860 182 940 293 0.000122 0
1197 371 1224 421 0.000121 0
1199 503 1212 513 0.000121 0
703 233 715 274 0.000120 0
1173 344 1197 358 0.000119 0
797 171 832 237 0.000119 0
205 203 217 221 0.000119 0
926 374 945 468 0.000118 0
330 184 342 199 0.000116 0
923 344 976 415 0.000116 0
799 292 832 344 0.000115 0
919 339 1023 463 0.000115 0
1227 197 1261 262 0.000114 0
955 367 1024 465 0.000113 0
857 401 863 412 0.000113 0
989 380 1023 425 0.000112 0
1166 375 1179 393 0.000112 0
1264 139 1279 188 0.000112 0
1015 117 1198 230 0.000111 0
663 195 674 219 0.000110 0
1215 374 1232 437 0.000110 0
765 180 919 277 0.000110 0
927 370 946 458 0.000109 0
1045 484 1066 497 0.000109 0
1261 245 1279 293 0.000108 0
1005 238 1050 284 0.000108 0
880 439 896 457 0.000108 0
388 151 952 437 0.000108 0
778 301 835 345 0.000107 0
1264 364 1279 512 0.000106 0
922 341 1010 417 0.000106 0
950 337 990 399 0.000106 0
922 344 965 416 0.000106 0
692 197 707 228 0.000104 0
967 115 1217 274 0.000104 0
1151 310 1167 350 0.000104 0
423 206 468 252 0.000104 0
465 199 490 254 0.000103 0
1054 487 1079 501 0.000102 0
927 376 946 464 0.000102 0
880 440 896 457 0.000102 0
848 179 870 236 0.000102 0
958 366 1024 407 0.000102 0
959 482 970 488 0.000101 0
878 439 892 467 0.000101 0
1101 167 1234 258 0.000101 0
1131 277 1143 320 0.000100 0
1021 249 1104 340 0.840631 1
519 218 559 255 0.806182 1
518 220 559 255 0.693092 1
1115 213 1164 261 0.365956 1
1106 211 1164 261 0.347723 1
1113 219 1164 261 0.294232 1
1115 216 1164 261 0.242233 1
1112 222 1164 261 0.181023 1
1090 215 1164 262 0.099038 1
1118 213 1164 261 0.086147 1
1102 222 1163 262 0.083587 1
912 208 942 266 0.068875 1
919 224 943 260 0.066135 1
920 230 942 263 0.057814 1
911 201 941 266 0.051287 1
1108 209 1164 262 0.051189 1
1086 222 1126 261 0.047650 1
918 229 939 262 0.042168 1
1086 223 1119 260 0.041804 1
22 216 72 257 0.039802 1
920 231 942 266 0.038744 1
1086 225 1120 261 0.038533 1
923 231 942 263 0.037235 1
922 227 943 261 0.036198 1
1120 211 1162 258 0.035672 1
1097 221 1121 260 0.034083 1
1086 221 1125 261 0.033773 1
918 233 937 265 0.033102 1
912 219 942 267 0.030179 1
22 215 70 256 0.029341 1
909 209 941 267 0.029074 1
922 232 942 265 0.027439 1
22 218 72 257 0.026507 1
1101 221 1131 260 0.026262 1
1102 223 1128 260 0.023944 1
921 205 945 260 0.020809 1
1131 211 1163 253 0.020089 1
25 215 43 245 0.019084 1
906 227 940 265 0.019052 1
1092 223 1122 262 0.017355 1
1036 248 1104 339 0.017349 1
1086 223 1117 260 0.016789 1
24 215 43 246 0.016202 1
1087 217 1123 261 0.015637 1
23 216 68 255 0.015244 1
23 217 71 258 0.014654 1
23 215 43 246 0.014346 1
897 233 942 267 0.014305 1
24 214 48 247 0.013733 1
24 215 53 247 0.013527 1
1130 210 1162 251 0.012638 1
23 224 73 257 0.011558 1
20 215 44 246 0.011490 1
23 216 42 250 0.010429 1
897 235 941 268 0.010243 1
47 232 73 256 0.010214 1
47 225 74 256 0.010085 1
1116 222 1164 260 0.009883 1
1137 215 1163 249 0.009767 1
897 213 941 268 0.008475 1
21 215 43 246 0.007888 1
898 235 939 267 0.007804 1
47 234 73 256 0.007511 1
1140 223 1163 248 0.006851 1
1103 227 1126 262 0.006820 1
1135 212 1162 248 0.006646 1
523 218 559 254 0.006510 1
1037 253 1104 339 0.006320 1
1109 226 1163 262 0.006266 1
1067 212 1107 260 0.006213 1
521 217 559 255 0.005937 1
1116 227 1132 257 0.005857 1
1134 225 1164 253 0.005776 1
47 219 74 256 0.005667 1
19 217 43 246 0.005616 1
911 207 938 264 0.005600 1
1086 225 1114 266 0.005511 1
0 221 42 257 0.005218 1
1070 270 1104 340 0.004972 1
534 218 559 246 0.004755 1
1068 250 1104 338 0.004653 1
23 214 63 252 0.004583 1
47 224 74 256 0.004399 1
1104 223 1163 262 0.004157 1
1069 267 1104 339 0.004047 1
1070 231 1092 249 0.003784 1
111 237 156 263 0.003769 1
47 233 73 257 0.003557 1
1067 251 1104 338 0.003494 1
1069 264 1104 339 0.003401 1
0 226 41 260 0.003268 1
1070 275 1104 340 0.003265 1
896 194 941 268 0.003263 1
117 236 156 254 0.003124 1
23 213 44 250 0.003082 1
1042 247 1104 338 0.003064 1
1069 230 1093 250 0.003037 1
898 235 930 266 0.002780 1
528 203 557 246 0.002760 1
1130 209 1159 237 0.002719 1
949 273 959 302 0.002611 1
538 219 559 251 0.002485 1
117 237 156 260 0.002472 1
121 237 156 253 0.002333 1
1086 231 1094 260 0.002239 1
1070 232 1092 251 0.002190 1
17 211 74 258 0.002159 1
1025 247 1086 333 0.002146 1
1069 232 1092 251 0.002123 1
114 236 155 256 0.002094 1
949 273 959 295 0.002041 1
948 274 959 302 0.002010 1
1071 278 1104 340 0.001985 1
118 216 160 254 0.001963 1
949 274 960 303 0.001948 1
1022 250 1085 336 0.001857 1
113 220 160 254 0.001854 1
1030 247 1081 332 0.001839 1
1070 231 1093 259 0.001839 1
929 274 960 303 0.001729 1
1033 247 1085 331 0.001711 1
1071 273 1104 339 0.001683 1
1066 231 1093 261 0.001678 1
1032 247 1088 335 0.001567 1
930 277 960 302 0.001475 1
1033 247 1080 331 0.001474 1
1086 231 1093 261 0.001471 1
1053 248 1095 333 0.001454 1
118 216 169 254 0.001436 1
1060 247 1103 337 0.001410 1
1043 248 1084 336 0.001319 1
927 273 959 302 0.001307 1
1070 283 1105 339 0.001273 1
895 236 921 267 0.001269 1
1022 272 1084 336 0.001245 1
16 226 74 272 0.001220 1
922 207 951 261 0.001200 1
127 237 155 253 0.001147 1
863 235 927 289 0.001146 1
123 237 156 261 0.001116 1
1064 242 1104 337 0.001091 1
1144 228 1166 248 0.001078 1
928 274 959 301 0.001067 1
105 237 157 264 0.001063 1
48 219 74 256 0.001017 1
19 231 75 268 0.001014 1
896 234 933 283 0.000997 1
929 277 960 304 0.000992 1
922 218 958 263 0.000968 1
921 230 941 270 0.000958 1
1038 247 1083 325 0.000941 1
128 216 163 241 0.000903 1
1069 230 1093 269 0.000901 1
908 228 938 287 0.000886 1
124 214 156 247 0.000883 1
48 223 115 257 0.000882 1
1086 233 1095 267 0.000873 1
1043 266 1104 339 0.000869 1
110 221 156 255 0.000867 1
896 238 916 267 0.000843 1
920 229 943 270 0.000838 1
120 218 181 255 0.000768 1
1025 275 1089 338 0.000756 1
541 224 559 253 0.000733 1
901 211 970 299 0.000726 1
909 231 930 293 0.000700 1
519 229 559 255 0.000694 1
1021 271 1077 333 0.000668 1
895 235 929 267 0.000651 1
518 223 555 254 0.000650 1
47 222 114 257 0.000645 1
47 228 115 260 0.000645 1
45 232 74 265 0.000640 1
48 231 79 256 0.000640 1
1103 218 1277 265 0.000635 1
862 234 915 289 0.000628 1
1048 267 1088 337 0.000608 1
1052 278 1083 334 0.000603 1
3 221 73 272 0.000588 1
1059 230 1093 282 0.000583 1
49 217 72 238 0.000564 1
1070 304 1108 336 0.000557 1
135 218 168 240 0.000554 1
923 272 959 299 0.000551 1
122 224 193 255 0.000545 1
128 214 162 238 0.000539 1
551 202 571 217 0.000535 1
921 203 951 258 0.000528 1
1031 244 1081 321 0.000517 1
1021 248 1099 333 0.000516 1
1053 259 1081 336 0.000516 1
1021 271 1045 328 0.000509 1
1021 273 1076 334 0.000500 1
1060 251 1085 301 0.000498 1
1055 282 1085 340 0.000481 1
866 229 917 283 0.000476 1
539 232 559 255 0.000463 1
1021 273 1044 329 0.000459 1
1048 279 1104 339 0.000455 1
122 216 153 241 0.000455 1
0 211 44 255 0.000452 1
917 270 960 299 0.000449 1
1021 270 1047 328 0.000442 1
911 203 979 266 0.000427 1
1115 230 1163 262 0.000423 1
1123 213 1219 254 0.000420 1
0 227 42 266 0.000413 1
127 214 148 237 0.000409 1
904 208 977 293 0.000408 1
919 228 980 266 0.000408 1
1141 227 1166 259 0.000407 1
1029 279 1090 341 0.000406 1
1024 247 1056 315 0.000402 1
867 193 946 296 0.000401 1
132 213 167 239 0.000398 1
1023 277 1082 337 0.000393 1
1046 274 1076 334 0.000390 1
103 238 156 264 0.000384 1
120 234 190 263 0.000380 1
21 209 44 245 0.000377 1
1022 272 1055 332 0.000376 1
1063 218 1124 270 0.000367 1
1021 269 1072 332 0.000364 1
1028 244 1073 330 0.000359 1
864 260 913 289 0.000357 1
1019 272 1046 334 0.000354 1
117 229 209 263 0.000348 1
1021 271 1068 332 0.000336 1
1134 241 1163 261 0.000334 1
1097 216 1256 281 0.000333 1
854 222 911 287 0.000331 1
22 208 56 246 0.000324 1
1070 287 1104 339 0.000318 1
904 229 952 298 0.000318 1
868 263 911 288 0.000297 1
921 204 977 259 0.000295 1
1022 272 1048 333 0.000290 1
1056 301 1093 339 0.000282 1
1021 272 1043 297 0.000275 1
864 262 913 290 0.000262 1
1022 270 1059 325 0.000258 1
863 261 912 288 0.000249 1
1023 269 1075 332 0.000248 1
1026 244 1103 337 0.000248 1
1069 285 1104 339 0.000235 1
868 227 917 271 0.000235 1
1064 248 1093 307 0.000234 1
1060 248 1086 280 0.000225 1
1070 266 1105 336 0.000222 1
907 276 954 299 0.000220 1
906 271 956 299 0.000214 1
867 232 909 274 0.000214 1
1065 217 1164 267 0.000205 1
56 233 88 264 0.000201 1
1053 273 1071 322 0.000201 1
895 234 931 295 0.000197 1
1066 236 1093 279 0.000196 1
541 218 567 253 0.000192 1
925 272 962 337 0.000190 1
124 211 146 238 0.000181 1
905 221 968 307 0.000180 1
15 226 90 283 0.000178 1
1025 271 1074 330 0.000178 1
1023 276 1062 335 0.000175 1
138 240 155 264 0.000168 1
541 220 569 253 0.000167 1
919 280 959 309 0.000165 1
1023 281 1086 342 0.000160 1
4 206 43 234 0.000159 1
1011 267 1101 340 0.000155 1
926 275 954 345 0.000155 1
542 217 567 249 0.000151 1
113 220 133 241 0.000125 1
926 272 962 332 0.000120 1
52 217 73 237 0.000119 1
3 229 80 283 0.000118 1
891 264 911 289 0.000115 1
1019 283 1064 341 0.000112 1
1072 300 1106 340 0.000110 1
103 244 130 264 0.000110 1
1026 236 1124 332 0.000105 1
502 206 606 277 0.000104 1
1003 197 1045 228 0.039867 2
1002 197 1044 229 0.031391 2
1004 197 1043 228 0.030650 2
1004 197 1045 228 0.029159 2
487 198 517 217 0.020889 2
982 197 1045 229 0.020148 2
484 199 516 217 0.018802 2
485 200 516 217 0.016889 2
904 198 954 210 0.016449 2
483 198 516 217 0.015483 2
981 196 1052 251 0.013558 2
483 199 516 217 0.013428 2
983 199 1043 229 0.013270 2
984 196 1084 248 0.010871 2
982 197 1045 245 0.010773 2
988 196 1085 247 0.010318 2
487 198 518 217 0.010052 2
936 199 953 207 0.009979 2
980 197 1045 251 0.008990 2
606 201 647 216 0.008759 2
1005 197 1046 229 0.008403 2
607 202 647 216 0.008259 2
984 196 1048 234 0.008255 2
908 199 981 220 0.007767 2
982 196 1046 235 0.007231 2
1027 195 1088 220 0.006773 2
822 329 847 344 0.006552 2
913 199 983 222 0.006334 2
1030 195 1088 222 0.006321 2
983 206 1030 229 0.006313 2
995 196 1085 233 0.006091 2
909 199 981 223 0.005806 2
982 205 1012 228 0.005492 2
606 201 640 216 0.005449 2
979 201 1041 251 0.004975 2
1003 196 1085 231 0.004938 2
982 199 1030 229 0.004792 2
1263 200 1279 262 0.004617 2
1005 195 1088 229 0.004546 2
822 329 848 344 0.003934 2
980 204 1039 249 0.003920 2
983 209 1010 228 0.003821 2
982 206 999 228 0.003798 2
960 204 986 223 0.003719 2
996 204 1058 254 0.003671 2
1034 195 1078 221 0.003655 2
864 179 1011 251 0.003594 2
964 204 987 224 0.003570 2
596 201 647 215 0.003565 2
1069 197 1110 240 0.003447 2
982 208 998 228 0.003405 2
1069 214 1095 233 0.003313 2
1072 201 1096 219 0.003286 2
802 185 854 240 0.003215 2
803 185 854 238 0.003156 2
917 200 980 254 0.003150 2
930 200 982 223 0.003059 2
978 197 1045 256 0.003012 2
1262 200 1279 265 0.002868 2
912 198 984 224 0.002866 2
980 207 1017 245 0.002858 2
606 201 651 217 0.002815 2
1036 194 1093 220 0.002788 2
803 185 855 219 0.002717 2
865 176 1014 248 0.002666 2
959 203 986 238 0.002655 2
862 191 988 252 0.002578 2
966 205 990 242 0.002477 2
1069 215 1094 250 0.002460 2
482 199 515 217 0.002389 2
931 201 985 251 0.002388 2
978 207 998 245 0.002351 2
1243 199 1279 267 0.002347 2
863 187 1022 255 0.002338 2
1180 212 1279 265 0.002334 2
957 200 988 223 0.002326 2
976 210 1035 252 0.002316 2
632 202 645 216 0.002296 2
975 209 1018 252 0.002208 2
1002 197 1045 254 0.002155 2
503 197 521 216 0.002152 2
1009 193 1088 216 0.002048 2
1004 212 1023 228 0.001996 2
970 201 1034 253 0.001964 2
803 185 852 227 0.001955 2
1068 212 1094 251 0.001950 2
1003 198 1042 252 0.001894 2
971 197 1044 250 0.001884 2
1185 219 1279 266 0.001804 2
1263 351 1279 369 0.001804 2
972 209 990 241 0.001769 2
606 202 648 217 0.001753 2
990 196 1088 251 0.001736 2
1025 197 1102 255 0.001726 2
1263 350 1279 369 0.001717 2
850 214 873 242 0.001679 2
1261 211 1276 229 0.001657 2
633 200 655 216 0.001625 2
1073 197 1092 213 0.001622 2
961 201 990 223 0.001610 2
821 329 847 345 0.001605 2
848 470 871 479 0.001590 2
1073 194 1103 222 0.001558 2
878 198 910 242 0.001545 2
1001 194 1103 232 0.001534 2
972 213 997 250 0.001516 2
1049 193 1086 205 0.001488 2
1120 489 1134 496 0.001457 2
877 197 919 242 0.001435 2
863 222 882 243 0.001433 2
874 194 941 240 0.001406 2
879 198 909 239 0.001353 2
1262 201 1279 268 0.001339 2
485 200 514 216 0.001306 2
876 198 910 243 0.001296 2
916 197 969 255 0.001279 2
590 183 620 200 0.001264 2
878 198 908 241 0.001263 2
971 218 994 249 0.001251 2
631 374 658 395 0.001241 2
970 219 999 255 0.001237 2
1182 211 1276 266 0.001232 2
1006 194 1045 223 0.001196 2
1012 192 1087 218 0.001185 2
962 203 990 247 0.001180 2
1262 204 1279 268 0.001168 2
1263 349 1279 399 0.001168 2
889 187 954 209 0.001123 2
1034 198 1076 233 0.001084 2
1208 218 1279 266 0.001073 2
977 200 1005 229 0.001071 2
589 200 614 213 0.001069 2
1070 193 1086 201 0.001061 2
970 220 995 254 0.001054 2
1131 290 1279 412 0.001038 2
1104 487 1115 495 0.001017 2
972 218 1019 257 0.001008 2
1263 247 1279 268 0.001007 2
1105 488 1120 497 0.001004 2
589 195 618 213 0.000996 2
562 201 578 216 0.000983 2
879 199 908 241 0.000966 2
894 187 956 217 0.000959 2
593 195 658 216 0.000954 2
632 203 654 217 0.000936 2
803 185 853 221 0.000932 2
562 201 757 216 0.000928 2
589 183 655 216 0.000910 2
631 371 658 395 0.000908 2
630 369 658 396 0.000870 2
589 200 615 214 0.000860 2
590 184 618 200 0.000839 2
866 206 904 244 0.000838 2
589 190 658 215 0.000823 2
1242 203 1279 267 0.000815 2
802 184 856 241 0.000803 2
1224 161 1275 181 0.000786 2
454 198 479 217 0.000785 2
1120 489 1135 497 0.000784 2
1006 194 1046 225 0.000783 2
633 374 658 396 0.000765 2
878 197 920 243 0.000764 2
637 207 653 216 0.000757 2
978 185 1100 252 0.000754 2
454 197 480 217 0.000737 2
1068 211 1084 231 0.000736 2
932 202 979 254 0.000733 2
869 178 1061 248 0.000725 2
1053 292 1280 413 0.000712 2
1224 158 1248 181 0.000700 2
1248 213 1263 234 0.000689 2
848 470 871 479 0.000686 2
484 188 521 216 0.000681 2
875 198 910 243 0.000678 2
590 186 657 216 0.000669 2
862 329 880 344 0.000664 2
1063 200 1077 222 0.000645 2
1226 177 1279 232 0.000640 2
923 202 977 255 0.000634 2
612 197 658 215 0.000623 2
1232 274 1279 369 0.000617 2
1074 193 1089 202 0.000617 2
1263 344 1279 368 0.000610 2
959 204 995 254 0.000605 2
1217 178 1278 227 0.000604 2
1246 248 1279 267 0.000592 2
1216 161 1279 231 0.000584 2
631 371 658 396 0.000581 2
976 184 1046 224 0.000572 2
304 190 314 198 0.000569 2
1216 162 1278 229 0.000560 2
991 191 1045 226 0.000560 2
1241 248 1276 266 0.000553 2
863 218 881 241 0.000516 2
1006 194 1047 222 0.000500 2
1206 245 1279 291 0.000499 2
1261 168 1279 183 0.000499 2
860 330 880 344 0.000492 2
1195 200 1259 263 0.000490 2
1223 157 1277 182 0.000490 2
589 203 608 214 0.000476 2
1263 251 1279 270 0.000476 2
1126 291 1279 409 0.000475 2
1180 224 1279 294 0.000469 2
861 470 872 478 0.000466 2
1261 168 1279 181 0.000462 2
0 397 16 408 0.000452 2
1242 345 1279 368 0.000450 2
1263 354 1279 398 0.000446 2
1222 161 1279 181 0.000433 2
573 191 619 214 0.000422 2
1167 277 1279 359 0.000422 2
1064 205 1078 232 0.000421 2
970 222 995 259 0.000417 2
1245 240 1279 267 0.000413 2
546 201 572 217 0.000402 2
470 187 480 200 0.000392 2
0 397 16 409 0.000386 2
972 240 992 260 0.000386 2
813 187 1147 263 0.000378 2
1177 381 1184 392 0.000377 2
967 215 994 256 0.000376 2
562 202 575 216 0.000375 2
1263 357 1279 398 0.000369 2
993 191 1153 256 0.000369 2
820 329 848 363 0.000368 2
1264 297 1279 404 0.000351 2
589 183 624 201 0.000349 2
1233 344 1279 375 0.000348 2
1218 244 1279 291 0.000344 2
875 199 914 241 0.000343 2
1231 241 1279 370 0.000341 2
1237 345 1279 371 0.000340 2
465 186 480 200 0.000339 2
1260 168 1279 181 0.000338 2
981 198 1121 264 0.000336 2
457 186 480 201 0.000334 2
854 328 880 344 0.000332 2
1200 340 1279 411 0.000330 2
1065 293 1279 365 0.000329 2
1167 380 1179 393 0.000329 2
1168 271 1279 355 0.000328 2
1235 344 1279 369 0.000325 2
1212 339 1279 409 0.000318 2
819 329 847 362 0.000316 2
662 274 688 283 0.000314 2
980 200 1162 268 0.000314 2
1263 363 1279 399 0.000309 2
1224 199 1278 265 0.000308 2
1261 168 1279 216 0.000306 2
312 186 322 199 0.000305 2
1206 245 1279 295 0.000304 2
1223 177 1277 232 0.000301 2
809 328 848 344 0.000296 2
558 197 591 216 0.000295 2
574 182 622 213 0.000294 2
817 329 847 363 0.000293 2
803 184 858 239 0.000280 2
1069 292 1277 358 0.000269 2
900 202 1057 270 0.000267 2
1189 383 1206 400 0.000262 2
819 327 881 344 0.000260 2
1232 343 1279 377 0.000259 2
1230 343 1279 375 0.000256 2
662 273 688 283 0.000255 2
902 457 913 464 0.000252 2
560 200 584 216 0.000251 2
1122 287 1278 357 0.000249 2
1203 251 1279 293 0.000243 2
1195 341 1280 410 0.000242 2
962 181 1051 210 0.000241 2
1178 380 1203 395 0.000235 2
662 274 687 283 0.000232 2
973 251 988 261 0.000230 2
1190 385 1205 401 0.000228 2
1263 362 1279 400 0.000227 2
1263 342 1279 410 0.000226 2
818 327 882 344 0.000225 2
964 241 992 260 0.000222 2
606 201 650 231 0.000220 2
802 199 845 239 0.000220 2
1189 343 1279 411 0.000218 2
605 201 654 230 0.000212 2
294 181 306 199 0.000208 2
1263 364 1279 408 0.000207 2
577 180 622 201 0.000207 2
971 182 1052 215 0.000201 2
969 480 988 487 0.000201 2
1168 259 1261 356 0.000198 2
1241 343 1279 367 0.000197 2
860 327 880 344 0.000197 2
1131 203 1184 225 0.000195 2
1228 342 1279 405 0.000193 2
1237 344 1278 363 0.000192 2
856 327 880 344 0.000189 2
952 247 985 259 0.000188 2
1224 156 1279 182 0.000188 2
789 232 809 239 0.000186 2
821 329 848 366 0.000186 2
633 378 658 397 0.000185 2
304 185 316 198 0.000184 2
1196 357 1279 410 0.000182 2
803 325 848 344 0.000180 2
377 172 898 254 0.000180 2
864 224 892 246 0.000180 2
848 463 872 479 0.000180 2
1105 487 1136 504 0.000176 2
820 329 846 345 0.000170 2
1115 490 1136 505 0.000163 2
343 187 948 281 0.000160 2
293 177 306 198 0.000157 2
893 201 1033 266 0.000153 2
1206 263 1279 294 0.000151 2
1202 351 1279 408 0.000151 2
1202 408 1215 416 0.000149 2
831 327 881 344 0.000148 2
661 274 688 283 0.000147 2
1188 358 1226 417 0.000144 2
736 203 791 236 0.000141 2
559 199 612 216 0.000139 2
338 192 934 277 0.000137 2
479 199 517 223 0.000135 2
1187 361 1279 409 0.000133 2
1104 486 1115 495 0.000132 2
629 366 658 395 0.000132 2
1008 465 1024 472 0.000132 2
1134 334 1267 412 0.000128 2
1263 360 1279 410 0.000128 2
975 480 992 487 0.000128 2
1168 379 1208 400 0.000128 2
721 204 773 235 0.000127 2
1232 341 1269 367 0.000127 2
1227 342 1279 407 0.000127 2
1155 194 1172 212 0.000126 2
503 311 532 336 0.000125 2
0 238 67 282 0.000125 2
1234 343 1279 401 0.000124 2
588 180 650 206 0.000121 2
901 180 988 215 0.000120 2
0 397 17 419 0.000119 2
846 462 872 479 0.000119 2
620 188 658 214 0.000118 2
0 398 16 418 0.000117 2
631 371 657 397 0.000117 2
917 177 1001 211 0.000116 2
915 180 991 219 0.000115 2
947 180 995 220 0.000115 2
1037 244 1280 351 0.000113 2
973 244 999 262 0.000113 2
1056 250 1279 354 0.000113 2
1135 190 1201 231 0.000113 2
1211 340 1279 392 0.000112 2
950 245 991 262 0.000111 2
1193 361 1226 418 0.000110 2
1215 271 1231 354 0.000110 2
481 199 518 223 0.000108 2
1146 183 1190 217 0.000108 2
960 180 1009 223 0.000106 2
483 201 518 223 0.000105 2
725 203 793 237 0.000104 2
746 202 791 235 0.000104 2
1215 271 1231 360 0.000103 2
1147 182 1201 219 0.000102 2
1103 487 1128 504 0.000102 2
627 362 658 396 0.000101 2
746 204 768 220 0.000100 2
481 177 519 217 0.008566 5
480 176 517 217 0.007195 5
480 175 519 217 0.005981 5
480 175 516 217 0.005808 5
479 171 522 216 0.002599 5
459 175 518 216 0.000870 5
453 169 520 217 0.000751 5
866 177 938 203 0.000403 5
445 166 519 211 0.000378 5
470 183 517 217 0.000324 5
1184 165 1279 272 0.008691 6
1181 167 1279 273 0.008546 6
1184 222 1279 267 0.005057 6
642 278 1276 403 0.004865 6
1216 170 1279 266 0.004839 6
642 283 1277 402 0.004195 6
642 283 1277 437 0.003938 6
1216 163 1279 267 0.003803 6
1174 169 1279 272 0.003722 6
642 279 1277 444 0.003346 6
643 271 1277 413 0.003019 6
642 270 1275 400 0.002853 6
1170 283 1279 410 0.002589 6
501 151 957 242 0.002392 6
642 271 1276 458 0.002382 6
1206 158 1279 268 0.002224 6
1128 284 1279 413 0.002215 6
643 274 1277 466 0.002199 6
1162 283 1279 412 0.001915 6
436 150 954 241 0.001850 6
1176 283 1279 410 0.001637 6
509 155 958 249 0.001628 6
1154 282 1279 408 0.001602 6
1182 214 1279 292 0.001546 6
996 277 1279 409 0.001545 6
643 293 1276 470 0.001496 6
1158 264 1279 407 0.001340 6
643 125 1242 383 0.001334 6
1181 337 1279 409 0.001286 6
642 285 1274 465 0.001285 6
643 282 1275 471 0.001242 6
1204 152 1279 400 0.001194 6
1171 161 1279 402 0.001161 6
644 150 1250 376 0.001146 6
1004 153 1279 410 0.001117 6
1178 336 1279 410 0.001108 6
1063 157 1279 405 0.001102 6
1185 160 1279 402 0.001055 6
1164 158 1279 405 0.001034 6
1174 337 1279 412 0.001029 6
402 150 954 237 0.001029 6
1135 333 1279 411 0.001003 6
655 281 1279 407 0.000998 6
1183 341 1279 411 0.000955 6
645 239 1274 379 0.000941 6
1180 339 1279 411 0.000881 6
991 247 1279 408 0.000878 6
644 252 1269 371 0.000875 6
1129 159 1279 269 0.000860 6
642 263 1271 375 0.000847 6
1018 281 1279 411 0.000821 6
658 282 1279 425 0.000799 6
1194 281 1279 409 0.000791 6
640 150 1004 381 0.000790 6
641 143 1148 383 0.000785 6
1134 285 1280 412 0.000763 6
989 268 1279 405 0.000753 6
1182 320 1279 410 0.000736 6
1178 151 1279 407 0.000736 6
1220 158 1279 257 0.000712 6
1184 345 1279 411 0.000704 6
644 200 1274 402 0.000683 6
1231 281 1279 408 0.000667 6
415 156 943 262 0.000646 6
642 270 1271 445 0.000632 6
1231 279 1279 402 0.000632 6
1133 293 1279 411 0.000602 6
648 168 1244 356 0.000580 6
1136 331 1279 413 0.000559 6
653 263 1276 358 0.000548 6
1166 274 1279 367 0.000532 6
1232 275 1279 370 0.000490 6
1232 277 1279 379 0.000469 6
1232 277 1279 392 0.000452 6
1181 202 1279 295 0.000452 6
1081 294 1279 412 0.000439 6
954 277 1279 409 0.000437 6
920 280 1279 417 0.000399 6
370 148 950 240 0.000368 6
1168 236 1279 366 0.000334 6
980 142 1280 413 0.000317 6
1231 174 1279 372 0.000311 6
1232 295 1279 375 0.000279 6
644 296 1260 457 0.000263 6
653 176 1254 348 0.000261 6
714 268 1277 350 0.000260 6
373 153 949 269 0.000242 6
391 167 951 279 0.000240 6
1169 269 1279 358 0.000237 6
993 180 1278 275 0.000231 6
1056 292 1278 355 0.000224 6
640 272 967 422 0.000209 6
970 269 1278 376 0.000195 6
471 167 583 214 0.000191 6
641 271 970 456 0.000179 6
466 167 630 211 0.000169 6
1231 291 1279 367 0.000166 6
1231 290 1279 364 0.000148 6
973 160 1280 402 0.000148 6
679 298 1278 462 0.000145 6
348 169 950 282 0.000145 6
1232 300 1279 377 0.000137 6
361 146 943 226 0.000124 6
0 72 73 275 0.000122 6
1160 264 1280 424 0.000116 6
642 269 1116 457 0.000114 6
558 66 945 249 0.000114 6
582 153 831 220 0.000112 6
0 67 73 253 0.000111 6
506 64 949 252 0.000107 6
576 151 832 214 0.000102 6
801 177 950 243 0.176101 7
864 177 951 241 0.099858 7
810 177 949 242 0.081561 7
865 177 947 241 0.065866 7
705 152 858 238 0.043875 7
706 152 858 234 0.031528 7
863 178 986 245 0.030295 7
703 152 954 243 0.026437 7
865 177 935 240 0.023761 7
708 152 859 207 0.021634 7
701 155 967 244 0.019818 7
864 177 930 242 0.017207 7
865 177 941 240 0.015702 7
710 152 858 210 0.015337 7
701 150 960 244 0.013787 7
704 151 817 234 0.012224 7
1186 170 1279 268 0.011648 7
1182 166 1279 267 0.009765 7
863 181 989 247 0.009499 7
703 151 809 208 0.008640 7
864 177 949 246 0.008111 7
649 155 959 276 0.007961 7
865 177 933 235 0.006299 7
704 152 809 206 0.006225 7
802 185 855 241 0.006025 7
642 150 958 258 0.005804 7
644 153 959 273 0.005458 7
650 152 956 259 0.005163 7
1188 163 1279 266 0.004870 7
739 174 988 248 0.004821 7
848 175 988 249 0.004759 7
703 152 811 234 0.004412 7
865 177 939 234 0.004215 7
864 177 933 238 0.004113 7
688 157 964 265 0.004068 7
701 151 810 212 0.003978 7
1215 168 1279 268 0.003885 7
706 152 814 236 0.003502 7
803 160 858 219 0.002747 7
865 177 941 218 0.002657 7
866 177 946 236 0.002212 7
701 148 949 237 0.001647 7
479 172 516 217 0.001596 7
866 177 942 211 0.001388 7
802 158 858 220 0.001381 7
803 184 854 219 0.001351 7
802 182 858 241 0.001263 7
803 160 859 223 0.001244 7
731 152 810 206 0.001188 7
744 152 811 209 0.001161 7
694 150 1011 247 0.001082 7
803 178 859 229 0.001049 7
866 177 943 217 0.001041 7
784 153 858 226 0.001013 7
844 176 930 239 0.000926 7
744 152 812 216 0.000914 7
831 175 1110 255 0.000842 7
727 152 810 205 0.000789 7
725 153 797 204 0.000715 7
817 176 1121 260 0.000711 7
764 153 859 239 0.000700 7
794 177 994 259 0.000694 7
684 163 1013 259 0.000669 7
614 158 958 276 0.000617 7
718 152 807 204 0.000561 7
931 205 977 255 0.000544 7
484 164 957 276 0.000541 7
745 152 810 206 0.000508 7
865 177 930 230 0.000505 7
843 176 930 234 0.000502 7
816 179 1159 262 0.000472 7
780 153 859 218 0.000466 7
582 151 838 214 0.000422 7
866 177 940 203 0.000416 7
581 152 832 219 0.000413 7
866 177 935 207 0.000404 7
866 177 941 209 0.000390 7
863 176 1034 246 0.000384 7
920 204 977 256 0.000375 7
934 205 980 258 0.000351 7
866 177 930 209 0.000322 7
750 152 811 211 0.000310 7
801 137 946 243 0.000289 7
985 170 1090 234 0.000266 7
732 144 1110 253 0.000241 7
707 146 860 209 0.000214 7
979 182 1049 213 0.000199 7
706 142 861 208 0.000199 7
979 173 1083 232 0.000198 7
783 152 855 230 0.000197 7
720 153 791 204 0.000182 7
734 125 1166 261 0.000171 7
695 113 960 246 0.000156 7
693 120 954 245 0.000156 7
816 138 946 240 0.000145 7
709 142 862 210 0.000124 7
690 102 1030 248 0.000110 7
845 136 961 241 0.000110 7
774 152 809 218 0.000109 7
897 164 1072 226 0.000103 7
972 170 1059 232 0.000100 7
1088 150 1102 177 0.536344 9
513 152 524 183 0.216418 9
513 152 525 183 0.176085 9
513 152 525 184 0.175078 9
513 152 526 183 0.156428 9
513 152 527 184 0.119419 9
513 152 526 183 0.104233 9
1007 136 1024 174 0.089489 9
1006 136 1024 174 0.066912 9
1007 135 1025 174 0.041421 9
449 157 490 171 0.041157 9
513 153 526 186 0.036302 9
365 167 373 188 0.025297 9
1208 171 1215 187 0.018816 9
372 167 382 185 0.016793 9
832 128 862 166 0.016088 9
846 151 859 166 0.014232 9
312 149 341 194 0.013851 9
1087 150 1102 184 0.013380 9
312 149 342 195 0.013273 9
1207 170 1215 199 0.012986 9
836 128 862 166 0.012904 9
831 126 861 166 0.012808 9
838 119 862 166 0.012712 9
1207 169 1215 186 0.012314 9
512 150 525 183 0.011933 9
512 152 526 193 0.011905 9
373 167 381 185 0.011276 9
831 127 862 167 0.010863 9
846 151 859 166 0.010837 9
831 135 862 166 0.010312 9
449 157 490 171 0.010250 9
836 119 863 166 0.009367 9
1088 150 1103 184 0.009114 9
994 140 1001 173 0.008872 9
119 64 161 74 0.008571 9
1125 64 1152 74 0.008011 9
1130 64 1152 72 0.007921 9
119 64 164 75 0.007775 9
371 167 381 187 0.007620 9
993 139 1001 173 0.007576 9
864 152 880 168 0.007525 9
836 146 860 166 0.007360 9
362 167 373 188 0.007279 9
814 149 822 159 0.007245 9
993 140 1001 171 0.007187 9
118 64 176 76 0.007058 9
832 137 861 166 0.007057 9
994 138 1001 171 0.006336 9
1207 170 1214 190 0.006299 9
312 149 352 193 0.006292 9
831 120 863 167 0.006199 9
1135 166 1146 185 0.006146 9
1154 162 1168 184 0.005945 9
364 167 374 189 0.005790 9
992 138 1003 176 0.005770 9
1133 64 1152 72 0.005750 9
993 137 1004 175 0.005747 9
1154 163 1167 184 0.005198 9
994 136 1019 175 0.005178 9
995 138 1008 176 0.005149 9
1200 135 1211 153 0.004994 9
960 135 976 160 0.004913 9
239 177 247 189 0.004827 9
831 136 860 167 0.004668 9
1121 64 1152 75 0.004622 9
841 119 864 136 0.004546 9
1120 64 1150 76 0.004497 9
313 149 341 192 0.004342 9
841 119 863 136 0.004290 9
313 149 347 193 0.004204 9
994 137 1012 175 0.004173 9
369 166 382 187 0.004172 9
864 151 880 168 0.004116 9
1097 134 1104 151 0.004098 9
119 64 178 76 0.004081 9
842 141 861 166 0.004060 9
1200 135 1212 152 0.003964 9
994 136 1006 175 0.003952 9
119 64 130 72 0.003800 9
1088 133 1105 176 0.003782 9
239 177 246 190 0.003721 9
1213 167 1224 184 0.003681 9
974 138 996 168 0.003567 9
1080 175 1088 183 0.003554 9
975 139 994 163 0.003537 9
1213 167 1225 187 0.003527 9
975 140 994 163 0.003433 9
1006 133 1024 174 0.003352 9
840 119 865 136 0.003329 9
975 139 995 163 0.003325 9
1089 151 1105 179 0.003235 9
638 141 657 162 0.003192 9
1144 166 1154 185 0.003178 9
959 135 977 160 0.003105 9
813 144 822 158 0.003047 9
361 166 374 189 0.003029 9
521 183 536 199 0.003018 9
119 64 168 75 0.003012 9
1123 64 1152 77 0.002956 9
1103 164 1146 187 0.002950 9
841 119 857 136 0.002932 9
1089 150 1110 179 0.002922 9
929 157 944 183 0.002874 9
848 181 858 215 0.002872 9
839 119 864 149 0.002870 9
118 64 165 75 0.002847 9
895 157 905 172 0.002743 9
959 135 978 161 0.002698 9
909 265 928 296 0.002666 9
909 273 928 296 0.002614 9
909 270 928 296 0.002614 9
545 141 551 151 0.002597 9
1089 149 1110 177 0.002568 9
119 64 162 78 0.002568 9
995 134 1021 175 0.002515 9
1200 134 1212 155 0.002506 9
985 135 1001 173 0.002472 9
909 276 928 296 0.002465 9
840 119 861 136 0.002439 9
1120 64 1135 76 0.002427 9
1232 170 1246 181 0.002420 9
1200 134 1215 153 0.002414 9
844 151 861 166 0.002409 9
974 141 993 161 0.002396 9
975 138 1001 171 0.002370 9
698 135 705 152 0.002351 9
1107 175 1128 186 0.002310 9
587 172 593 185 0.002284 9
1153 158 1168 184 0.002274 9
831 136 846 152 0.002255 9
1128 64 1152 78 0.002249 9
862 137 896 169 0.002200 9
974 135 998 167 0.002052 9
1103 164 1148 185 0.002028 9
809 161 858 181 0.002016 9
809 161 858 180 0.002006 9
1120 64 1152 77 0.001970 9
511 190 523 204 0.001959 9
698 135 705 152 0.001943 9
1192 164 1201 185 0.001942 9
119 64 160 78 0.001923 9
1232 170 1245 181 0.001889 9
312 148 353 196 0.001876 9
1104 172 1128 188 0.001869 9
1153 163 1168 184 0.001812 9
1087 142 1103 177 0.001750 9
1000 136 1025 186 0.001744 9
1181 183 1200 216 0.001734 9
1103 169 1129 191 0.001716 9
589 176 599 185 0.001650 9
557 184 566 197 0.001643 9
831 136 855 154 0.001637 9
998 138 1008 183 0.001601 9
119 64 170 78 0.001597 9
1088 149 1110 176 0.001579 9
1051 110 1083 146 0.001572 9
1172 150 1183 162 0.001572 9
1051 111 1083 146 0.001552 9
831 136 896 169 0.001535 9
863 137 895 168 0.001529 9
861 137 938 153 0.001484 9
974 136 995 163 0.001480 9
512 152 544 191 0.001471 9
931 155 944 183 0.001458 9
860 136 938 153 0.001456 9
804 148 810 156 0.001437 9
807 148 818 160 0.001434 9
1189 165 1201 185 0.001426 9
365 167 373 186 0.001416 9
1152 163 1168 185 0.001408 9
1103 164 1144 188 0.001396 9
812 158 858 180 0.001392 9
1088 183 1097 200 0.001392 9
1016 150 1031 171 0.001382 9
1105 162 1146 189 0.001345 9
579 64 642 94 0.001318 9
1038 145 1054 169 0.001317 9
1039 153 1052 169 0.001309 9
1047 156 1056 168 0.001307 9
831 136 847 151 0.001301 9
809 162 858 181 0.001276 9
1013 136 1040 174 0.001268 9
120 64 179 78 0.001256 9
656 152 671 173 0.001248 9
1138 165 1155 185 0.001224 9
975 168 992 184 0.001217 9
580 64 631 92 0.001214 9
1052 113 1082 146 0.001214 9
1209 131 1231 173 0.001195 9
524 173 546 183 0.001190 9
249 177 256 191 0.001189 9
810 160 857 182 0.001173 9
555 173 567 196 0.001163 9
1056 152 1065 170 0.001162 9
1008 136 1028 192 0.001157 9
1086 133 1106 178 0.001144 9
896 159 905 178 0.001131 9
1208 133 1231 174 0.001125 9
889 136 937 153 0.001114 9
1023 151 1040 160 0.001103 9
312 152 324 186 0.001096 9
1086 146 1102 230 0.001095 9
513 165 547 184 0.001093 9
340 165 351 187 0.001081 9
581 64 596 86 0.001065 9
586 117 597 135 0.001058 9
878 153 894 168 0.001056 9
856 136 938 154 0.001055 9
982 129 1025 177 0.001051 9
1119 64 1135 77 0.001049 9
224 183 231 198 0.001048 9
692 119 706 153 0.001042 9
1205 125 1232 173 0.001034 9
800 154 858 203 0.001023 9
1199 134 1213 178 0.001015 9
590 64 627 92 0.001008 9
854 136 939 154 0.001002 9
810 158 858 182 0.000990 9
313 147 355 193 0.000983 9
1012 145 1049 188 0.000974 9
580 64 633 93 0.000970 9
1193 161 1201 185 0.000945 9
694 178 703 199 0.000944 9
448 156 496 171 0.000943 9
580 64 596 91 0.000942 9
165 64 176 75 0.000939 9
892 136 938 153 0.000933 9
909 268 927 296 0.000930 9
1210 125 1222 136 0.000914 9
1181 170 1200 219 0.000914 9
909 272 926 297 0.000912 9
860 137 895 150 0.000908 9
1102 171 1133 220 0.000906 9
1103 171 1129 208 0.000901 9
1063 104 1072 119 0.000900 9
1222 160 1247 249 0.000898 9
859 136 912 172 0.000893 9
485 174 495 183 0.000883 9
1100 134 1109 167 0.000883 9
638 132 657 163 0.000879 9
257 145 267 159 0.000878 9
1209 126 1232 170 0.000874 9
1054 110 1083 145 0.000873 9
592 64 626 92 0.000872 9
909 260 928 296 0.000867 9
907 136 937 152 0.000856 9
1036 136 1062 171 0.000849 9
1022 154 1041 169 0.000849 9
1052 111 1083 146 0.000847 9
446 149 534 216 0.000840 9
801 154 858 193 0.000839 9
1046 170 1057 184 0.000833 9
908 136 938 152 0.000827 9
313 148 361 196 0.000826 9
882 155 894 170 0.000821 9
119 64 180 79 0.000817 9
1103 165 1136 188 0.000817 9
589 64 640 92 0.000811 9
638 166 652 184 0.000810 9
1209 124 1231 154 0.000808 9
591 64 639 92 0.000800 9
1101 163 1152 256 0.000798 9
1211 161 1244 259 0.000793 9
657 151 671 173 0.000786 9
1209 167 1228 205 0.000780 9
1152 158 1168 185 0.000766 9
896 154 909 176 0.000765 9
1056 152 1064 167 0.000762 9
1223 158 1248 240 0.000756 9
448 157 490 173 0.000751 9
312 149 340 194 0.000743 9
513 173 546 193 0.000733 9
1011 165 1049 198 0.000730 9
567 147 580 161 0.000728 9
215 183 223 197 0.000720 9
638 131 658 163 0.000719 9
638 141 657 161 0.000718 9
655 153 671 174 0.000712 9
1073 151 1082 167 0.000706 9
1129 164 1155 213 0.000704 9
1212 159 1248 263 0.000693 9
860 136 938 165 0.000688 9
974 187 981 200 0.000683 9
519 168 548 183 0.000681 9
1088 146 1141 190 0.000681 9
596 64 625 91 0.000676 9
1224 160 1247 181 0.000675 9
337 162 352 189 0.000671 9
1042 152 1057 168 0.000669 9
312 148 365 195 0.000665 9
500 151 525 188 0.000653 9
1213 126 1232 149 0.000646 9
1055 110 1065 126 0.000644 9
928 159 944 184 0.000643 9
863 137 895 150 0.000642 9
1200 132 1221 183 0.000637 9
593 64 628 92 0.000636 9
1104 166 1141 221 0.000635 9
1051 111 1081 144 0.000633 9
1012 135 1035 173 0.000632 9
587 64 626 93 0.000630 9
1113 164 1148 215 0.000624 9
607 176 614 184 0.000624 9
449 157 490 173 0.000621 9
1055 114 1065 133 0.000621 9
833 117 863 168 0.000616 9
638 167 652 184 0.000614 9
579 64 644 95 0.000613 9
499 152 524 184 0.000608 9
807 160 858 188 0.000608 9
1213 124 1231 145 0.000605 9
807 161 859 191 0.000601 9
695 175 703 189 0.000593 9
1200 147 1220 193 0.000593 9
1199 131 1219 159 0.000591 9
1101 158 1144 189 0.000586 9
685 119 706 182 0.000584 9
684 116 707 212 0.000578 9
458 185 480 200 0.000578 9
1182 158 1224 226 0.000577 9
697 150 705 180 0.000575 9
694 126 707 180 0.000573 9
1086 133 1138 192 0.000571 9
1168 142 1173 153 0.000570 9
1096 129 1104 149 0.000569 9
655 152 671 175 0.000567 9
586 117 597 136 0.000563 9
1185 165 1201 185 0.000562 9
1082 124 1110 185 0.000560 9
257 143 269 160 0.000559 9
944 130 950 140 0.000556 9
595 64 625 92 0.000545 9
909 264 927 296 0.000542 9
160 64 177 78 0.000539 9
1045 122 1104 226 0.000534 9
1007 153 1062 185 0.000534 9
1073 150 1082 167 0.000533 9
864 165 870 178 0.000530 9
684 119 707 184 0.000520 9
637 167 657 184 0.000518 9
1224 158 1248 184 0.000514 9
1098 135 1109 154 0.000509 9
1197 148 1209 184 0.000506 9
689 119 705 155 0.000501 9
312 185 323 197 0.000500 9
1053 104 1065 124 0.000499 9
257 143 268 160 0.000498 9
1153 135 1169 160 0.000498 9
1099 171 1128 213 0.000494 9
1171 142 1183 158 0.000491 9
1010 153 1055 186 0.000488 9
1148 131 1178 183 0.000486 9
577 183 582 200 0.000485 9
1146 100 1203 181 0.000485 9
1199 168 1216 207 0.000484 9
638 160 646 169 0.000484 9
1079 166 1091 183 0.000482 9
861 136 938 175 0.000480 9
502 150 525 183 0.000479 9
978 121 992 147 0.000475 9
1056 152 1065 178 0.000475 9
829 136 939 169 0.000475 9
519 182 539 199 0.000475 9
1208 126 1223 136 0.000468 9
1151 101 1205 137 0.000464 9
802 158 859 210 0.000460 9
1113 149 1121 163 0.000457 9
590 166 601 185 0.000455 9
1034 157 1059 184 0.000454 9
1011 137 1041 166 0.000453 9
1169 119 1206 136 0.000450 9
1179 159 1237 249 0.000450 9
1052 111 1077 146 0.000448 9
689 119 705 160 0.000446 9
926 161 944 183 0.000445 9
799 117 814 136 0.000442 9
225 185 231 199 0.000442 9
313 148 360 195 0.000442 9
1149 102 1186 136 0.000442 9
655 151 671 173 0.000441 9
860 136 924 172 0.000439 9
314 151 353 197 0.000438 9
1197 168 1215 195 0.000437 9
1212 117 1224 133 0.000436 9
831 125 838 142 0.000436 9
807 160 858 194 0.000435 9
992 283 1000 295 0.000426 9
258 142 269 159 0.000421 9
1148 102 1196 147 0.000420 9
580 64 617 93 0.000419 9
512 144 524 174 0.000418 9
1086 153 1111 207 0.000409 9
1036 135 1065 171 0.000406 9
1149 102 1189 136 0.000405 9
1165 119 1206 136 0.000402 9
514 160 529 184 0.000402 9
1051 122 1105 261 0.000400 9
1010 165 1058 198 0.000398 9
1150 102 1185 133 0.000397 9
1149 103 1206 137 0.000396 9
1074 147 1102 182 0.000396 9
964 169 979 186 0.000395 9
943 130 952 146 0.000391 9
1146 131 1172 184 0.000390 9
1007 165 1064 192 0.000389 9
695 148 706 182 0.000388 9
313 149 341 189 0.000387 9
1150 102 1185 135 0.000385 9
587 167 594 185 0.000381 9
1074 145 1102 179 0.000381 9
240 164 248 178 0.000380 9
999 125 1007 136 0.000380 9
1199 165 1215 186 0.000378 9
1170 118 1204 136 0.000373 9
806 143 823 159 0.000372 9
567 144 580 161 0.000371 9
831 120 856 139 0.000367 9
1103 159 1148 186 0.000366 9
959 160 989 168 0.000363 9
682 114 706 223 0.000363 9
374 180 389 201 0.000360 9
860 136 938 152 0.000360 9
551 141 560 150 0.000360 9
967 125 1020 174 0.000358 9
837 76 849 90 0.000357 9
1149 104 1181 170 0.000355 9
1150 100 1205 137 0.000353 9
1102 153 1139 191 0.000351 9
1162 117 1206 136 0.000349 9
549 172 574 200 0.000349 9
689 118 706 153 0.000347 9
579 64 618 93 0.000347 9
1158 106 1206 137 0.000347 9
1150 133 1170 164 0.000345 9
446 146 527 172 0.000340 9
870 118 879 135 0.000340 9
1088 131 1145 194 0.000337 9
799 154 814 198 0.000331 9
801 153 812 195 0.000331 9
1006 133 1078 178 0.000331 9
248 177 256 191 0.000330 9
686 122 706 185 0.000328 9
378 166 389 184 0.000327 9
121 165 127 174 0.000325 9
575 64 597 93 0.000324 9
256 144 268 160 0.000320 9
1184 159 1202 187 0.000320 9
1206 124 1232 170 0.000319 9
1149 103 1184 132 0.000317 9
1079 134 1089 147 0.000316 9
851 88 859 106 0.000314 9
637 167 657 187 0.000309 9
520 181 549 200 0.000308 9
1050 119 1060 133 0.000308 9
962 140 994 169 0.000306 9
807 150 859 179 0.000306 9
990 115 998 132 0.000306 9
865 155 898 178 0.000305 9
553 176 573 200 0.000305 9
118 64 198 92 0.000302 9
562 181 579 201 0.000300 9
1206 150 1230 190 0.000298 9
95 152 104 170 0.000297 9
257 180 262 191 0.000295 9
1149 82 1207 136 0.000292 9
1153 135 1186 172 0.000292 9
988 122 999 168 0.000290 9
959 160 989 168 0.000286 9
958 164 983 187 0.000282 9
839 119 870 136 0.000279 9
1150 103 1183 128 0.000279 9
1050 117 1065 136 0.000278 9
798 114 833 136 0.000277 9
988 140 1005 185 0.000274 9
1147 109 1208 175 0.000272 9
313 149 327 189 0.000271 9
1149 102 1180 135 0.000270 9
926 154 944 183 0.000268 9
582 64 645 106 0.000267 9
511 152 547 189 0.000266 9
549 173 580 203 0.000266 9
512 144 525 182 0.000265 9
832 136 940 165 0.000265 9
1209 164 1235 214 0.000264 9
958 161 990 185 0.000264 9
831 136 939 168 0.000264 9
1110 157 1173 186 0.000262 9
578 64 645 104 0.000261 9
117 64 195 93 0.000258 9
1183 167 1201 214 0.000257 9
895 156 909 178 0.000256 9
1247 71 1263 97 0.000255 9
1105 152 1122 175 0.000255 9
654 154 671 175 0.000255 9
1153 96 1206 137 0.000254 9
531 168 552 182 0.000254 9
642 126 660 160 0.000253 9
974 180 990 202 0.000246 9
585 101 598 136 0.000246 9
702 158 713 182 0.000245 9
516 167 571 202 0.000245 9
1144 102 1210 227 0.000244 9
1141 121 1212 246 0.000243 9
575 64 596 91 0.000242 9
904 125 912 138 0.000241 9
1074 132 1101 178 0.000240 9
216 185 223 210 0.000240 9
450 154 517 174 0.000235 9
801 143 809 157 0.000234 9
1161 83 1188 97 0.000234 9
1074 178 1095 202 0.000234 9
839 119 870 139 0.000233 9
1043 110 1108 220 0.000232 9
1209 166 1239 220 0.000229 9
1150 103 1170 127 0.000229 9
567 145 581 161 0.000229 9
959 160 992 187 0.000227 9
1131 64 1162 73 0.000227 9
1146 99 1208 157 0.000222 9
1199 127 1232 259 0.000220 9
801 146 814 172 0.000220 9
1160 83 1190 97 0.000217 9
983 119 991 136 0.000216 9
1149 125 1171 164 0.000215 9
1131 162 1171 217 0.000213 9
871 165 897 177 0.000212 9
1045 110 1084 181 0.000211 9
969 120 995 164 0.000210 9
830 127 939 166 0.000208 9
1248 74 1259 95 0.000205 9
172 64 184 73 0.000205 9
445 157 520 185 0.000205 9
829 64 839 69 0.000205 9
1084 124 1105 173 0.000204 9
449 157 490 174 0.000203 9
215 163 223 177 0.000202 9
1072 162 1090 197 0.000201 9
895 120 906 138 0.000200 9
611 155 623 173 0.000200 9
928 143 944 183 0.000200 9
701 151 713 180 0.000199 9
1162 83 1187 97 0.000199 9
695 182 704 201 0.000198 9
449 154 490 171 0.000198 9
455 182 481 203 0.000197 9
991 116 1026 175 0.000195 9
1215 64 1232 107 0.000194 9
480 156 524 211 0.000192 9
1130 64 1156 88 0.000192 9
579 65 677 214 0.000192 9
1155 94 1208 137 0.000192 9
994 129 1083 230 0.000191 9
95 169 103 176 0.000188 9
1149 103 1175 136 0.000188 9
512 148 545 183 0.000188 9
442 143 524 172 0.000187 9
808 76 850 90 0.000185 9
1097 152 1229 239 0.000185 9
1207 112 1223 135 0.000185 9
812 77 850 91 0.000183 9
869 119 880 136 0.000183 9
1152 81 1208 136 0.000183 9
1010 133 1033 173 0.000183 9
463 146 527 173 0.000182 9
1248 76 1258 95 0.000181 9
811 152 890 182 0.000181 9
637 141 658 184 0.000180 9
624 64 639 80 0.000180 9
936 135 943 148 0.000179 9
359 152 380 189 0.000179 9
1161 83 1190 97 0.000178 9
506 151 562 203 0.000178 9
1148 132 1199 190 0.000177 9
959 119 982 162 0.000177 9
1052 119 1108 269 0.000176 9
431 171 446 194 0.000175 9
118 64 194 83 0.000175 9
1123 64 1168 87 0.000174 9
1138 97 1210 232 0.000174 9
1049 106 1070 140 0.000174 9
1122 64 1213 82 0.000174 9
664 183 671 199 0.000173 9
323 154 373 192 0.000172 9
1215 64 1232 105 0.000172 9
322 95 330 118 0.000168 9
638 123 657 164 0.000168 9
681 162 688 182 0.000168 9
651 127 661 143 0.000167 9
544 137 553 152 0.000167 9
638 80 656 105 0.000167 9
959 119 970 133 0.000166 9
1193 123 1217 148 0.000166 9
1150 102 1170 126 0.000165 9
868 64 879 72 0.000165 9
1102 147 1137 186 0.000165 9
580 64 691 220 0.000164 9
997 180 1049 217 0.000164 9
536 159 581 201 0.000163 9
624 64 640 87 0.000162 9
352 165 366 189 0.000161 9
442 144 527 170 0.000161 9
1188 142 1209 186 0.000160 9
1141 93 1223 237 0.000160 9
575 135 581 146 0.000160 9
529 172 563 203 0.000158 9
999 177 1074 220 0.000158 9
567 137 581 162 0.000158 9
578 65 671 213 0.000157 9
663 169 671 194 0.000157 9
1240 64 1264 101 0.000157 9
362 157 384 188 0.000156 9
456 160 482 190 0.000156 9
1188 132 1210 178 0.000155 9
312 64 365 198 0.000155 9
552 141 572 151 0.000154 9
799 115 817 137 0.000153 9
1116 119 1216 246 0.000153 9
963 71 976 81 0.000152 9
904 136 944 185 0.000152 9
699 163 712 187 0.000152 9
1072 148 1094 192 0.000151 9
685 139 707 188 0.000150 9
977 118 987 135 0.000149 9
783 153 857 214 0.000149 9
336 153 383 193 0.000148 9
543 158 581 202 0.000147 9
682 150 707 214 0.000147 9
1164 136 1203 187 0.000147 9
1138 118 1229 248 0.000146 9
960 121 982 136 0.000146 9
1099 162 1236 253 0.000146 9
1145 165 1192 216 0.000146 9
1024 120 1035 129 0.000145 9
1040 81 1056 106 0.000145 9
575 67 585 94 0.000145 9
1177 118 1212 157 0.000143 9
1033 110 1101 272 0.000143 9
637 133 671 173 0.000142 9
1141 132 1162 166 0.000142 9
624 167 656 186 0.000142 9
687 117 706 153 0.000141 9
112 151 128 163 0.000139 9
1187 188 1210 214 0.000138 9
1127 64 1155 88 0.000137 9
625 64 640 79 0.000137 9
93 64 135 72 0.000137 9
358 151 374 190 0.000136 9
871 159 898 177 0.000136 9
1063 64 1152 76 0.000136 9
832 131 940 161 0.000135 9
444 139 531 208 0.000135 9
1031 110 1099 272 0.000134 9
1153 123 1205 185 0.000133 9
1247 70 1263 100 0.000132 9
313 68 367 196 0.000131 9
1102 162 1239 235 0.000131 9
579 64 669 210 0.000130 9
400 84 409 96 0.000130 9
904 136 942 183 0.000129 9
1044 114 1069 155 0.000129 9
217 161 223 175 0.000128 9
697 131 712 182 0.000128 9
960 70 976 92 0.000128 9
1037 111 1075 176 0.000127 9
681 181 689 206 0.000127 9
1152 114 1208 173 0.000127 9
869 136 939 176 0.000127 9
638 79 656 105 0.000124 9
1083 124 1223 207 0.000123 9
1120 134 1232 240 0.000123 9
997 103 1024 121 0.000122 9
868 64 887 88 0.000122 9
1030 150 1067 206 0.000122 9
906 137 942 186 0.000122 9
579 64 675 219 0.000121 9
849 87 859 105 0.000120 9
902 161 994 207 0.000120 9
938 130 1013 168 0.000120 9
111 151 128 164 0.000120 9
594 165 620 185 0.000119 9
378 162 409 185 0.000118 9
937 75 975 92 0.000118 9
1045 112 1083 174 0.000118 9
1006 109 1088 183 0.000118 9
604 163 619 184 0.000117 9
1000 177 1076 220 0.000117 9
1036 128 1066 169 0.000117 9
1076 119 1089 145 0.000116 9
699 141 713 180 0.000116 9
623 167 657 192 0.000116 9
370 164 392 203 0.000116 9
1079 114 1143 202 0.000115 9
1011 129 1041 168 0.000115 9
516 147 544 175 0.000115 9
578 64 654 98 0.000114 9
807 69 874 91 0.000114 9
577 64 597 95 0.000114 9
999 112 1030 174 0.000113 9
808 77 849 90 0.000113 9
811 126 836 136 0.000112 9
312 124 372 194 0.000112 9
836 77 849 93 0.000112 9
1103 146 1139 185 0.000110 9
832 132 940 157 0.000110 9
1160 142 1195 187 0.000110 9
670 329 679 344 0.000109 9
1151 159 1198 188 0.000109 9
575 79 585 96 0.000109 9
1147 159 1202 219 0.000107 9
578 64 641 103 0.000107 9
623 64 654 91 0.000106 9
544 139 580 163 0.000106 9
1134 130 1175 187 0.000106 9
1002 104 1024 120 0.000106 9
443 135 530 180 0.000105 9
767 104 784 120 0.000105 9
629 165 672 211 0.000104 9
255 127 268 161 0.000104 9
638 80 656 105 0.000104 9
314 144 386 194 0.000103 9
1104 136 1122 169 0.000103 9
477 158 525 189 0.000101 9
1004 115 1105 246 0.000101 9
383 86 392 96 0.000101 9
445 160 491 202 0.000101 9
798 114 822 137 0.000100 9
900 262 927 297 0.000100 9
1232 198 1256 233 0.174691 11
1182 191 1199 216 0.049818 11
1182 192 1198 215 0.048113 11
324 110 366 164 0.012175 11
523 183 536 197 0.009025 11
518 190 526 200 0.003837 11
1181 182 1200 216 0.003090 11
1051 111 1083 146 0.001826 11
1234 198 1256 231 0.001233 11
1232 198 1256 230 0.001103 11
1178 190 1199 216 0.000159 11
1177 189 1199 217 0.000136 11
1178 186 1199 216 0.000117 11
1103 177 1228 238 0.000104 11
