700 198 735 275 0.791846 0
1034 199 1093 333 0.759248 0
1118 192 1143 250 0.666365 0
905 189 935 264 0.666100 0
1118 192 1143 253 0.622407 0
905 190 934 262 0.568051 0
525 198 546 247 0.522826 0
525 197 546 248 0.515134 0
526 198 547 249 0.490252 0
525 195 546 248 0.458223 0
1118 192 1148 252 0.451792 0
525 196 546 249 0.391449 0
906 190 934 268 0.351033 0
525 194 546 249 0.315664 0
525 195 552 250 0.232682 0
1100 195 1112 221 0.226209 0
1213 193 1227 233 0.219678 0
1213 192 1227 232 0.174977 0
1099 195 1112 224 0.172017 0
1099 195 1113 249 0.162209 0
525 195 552 249 0.146027 0
1099 196 1115 254 0.144447 0
1213 192 1227 232 0.139844 0
1099 195 1113 237 0.138800 0
1099 194 1113 241 0.126641 0
1099 195 1113 252 0.121290 0
848 201 857 241 0.098949 0
1096 195 1113 248 0.096060 0
848 200 857 242 0.094412 0
1214 192 1226 220 0.092496 0
848 199 857 239 0.091341 0
1035 199 1093 275 0.090118 0
1099 194 1112 221 0.087306 0
1094 194 1113 240 0.084003 0
849 199 857 226 0.080548 0
848 200 858 242 0.078127 0
848 199 857 223 0.077566 0
1214 192 1226 214 0.076587 0
1098 195 1112 221 0.075235 0
848 199 857 242 0.067695 0
1099 195 1112 222 0.067115 0
1089 194 1113 257 0.059734 0
1099 194 1120 254 0.056037 0
1089 194 1113 260 0.055509 0
1089 195 1116 256 0.055413 0
1099 196 1121 256 0.054458 0
1212 193 1228 243 0.051542 0
1098 194 1112 221 0.042579 0
1213 192 1229 234 0.041469 0
1089 194 1112 237 0.035990 0
1211 193 1228 270 0.035085 0
525 196 552 249 0.034474 0
1088 196 1113 250 0.033325 0
1210 192 1227 233 0.032847 0
1089 194 1117 260 0.029495 0
848 199 865 241 0.023663 0
1089 194 1112 224 0.023653 0
1210 192 1226 215 0.021340 0
848 199 866 242 0.020825 0
1272 201 1279 251 0.018570 0
1273 202 1279 251 0.016717 0
848 200 868 243 0.016626 0
1040 199 1092 275 0.016602 0
1210 194 1231 271 0.015774 0
848 199 864 239 0.014751 0
1273 202 1279 251 0.014192 0
452 199 465 251 0.013915 0
1039 200 1092 279 0.013829 0
525 195 555 248 0.013556 0
451 200 465 250 0.012550 0
1213 192 1229 220 0.012510 0
1209 195 1228 272 0.010589 0
912 190 933 255 0.010565 0
1038 202 1070 274 0.009883 0
520 196 545 249 0.009839 0
1118 192 1149 251 0.009352 0
449 199 465 251 0.009223 0
958 371 980 408 0.009184 0
1036 193 1049 222 0.008930 0
1208 194 1235 271 0.008854 0
1038 204 1051 228 0.008540 0
1119 192 1140 234 0.008280 0
849 195 871 270 0.008259 0
1012 202 1025 225 0.008190 0
1210 194 1226 233 0.007977 0
1113 194 1122 216 0.007948 0
848 199 870 269 0.007782 0
847 193 870 274 0.007582 0
786 197 794 215 0.007435 0
786 198 793 214 0.007145 0
1118 192 1155 248 0.007056 0
1207 212 1228 272 0.006871 0
1039 203 1052 226 0.006743 0
448 199 465 251 0.006714 0
1271 197 1279 248 0.006512 0
1118 192 1138 219 0.006451 0
1088 194 1102 220 0.006431 0
1088 192 1095 208 0.006322 0
1033 200 1087 327 0.006256 0
1035 206 1070 276 0.006163 0
906 192 932 266 0.005829 0
787 198 793 215 0.005828 0
1085 203 1120 256 0.005695 0
1267 201 1279 263 0.005665 0
961 371 980 405 0.005563 0
1207 198 1233 273 0.005414 0
631 202 645 231 0.005288 0
1207 211 1233 274 0.005199 0
958 370 981 408 0.005140 0
908 194 934 261 0.005063 0
958 371 980 408 0.005008 0
525 193 548 232 0.004846 0
851 194 871 278 0.004723 0
524 200 540 222 0.004656 0
1098 211 1118 256 0.004542 0
1032 218 1074 330 0.004483 0
1114 193 1121 210 0.004456 0
1031 228 1058 321 0.004333 0
1216 213 1229 233 0.004292 0
958 370 985 408 0.004245 0
1119 312 1132 343 0.004220 0
852 199 873 271 0.004210 0
1119 312 1129 331 0.004206 0
1232 169 1246 198 0.004194 0
848 199 867 273 0.004151 0
876 197 906 244 0.003921 0
1271 203 1279 268 0.003876 0
633 202 644 216 0.003743 0
1120 312 1132 343 0.003682 0
1041 202 1056 224 0.003605 0
1122 194 1142 235 0.003434 0
846 193 872 281 0.003422 0
864 211 873 236 0.003392 0
1232 170 1246 199 0.003372 0
1260 183 1279 231 0.003362 0
1231 169 1246 181 0.003325 0
1042 199 1091 263 0.003303 0
877 198 906 244 0.003275 0
1036 192 1046 215 0.003267 0
245 206 261 241 0.003171 0
1119 196 1153 251 0.003142 0
848 190 879 276 0.003067 0
876 197 907 244 0.002995 0
957 368 982 406 0.002905 0
949 273 959 294 0.002883 0
631 202 644 231 0.002826 0
1261 183 1279 225 0.002817 0
1232 169 1246 180 0.002782 0
1207 220 1230 273 0.002782 0
864 208 873 239 0.002781 0
1039 201 1089 284 0.002781 0
848 183 857 224 0.002778 0
958 369 986 408 0.002763 0
1261 168 1279 246 0.002748 0
1120 312 1129 338 0.002745 0
526 193 553 222 0.002738 0
535 197 554 217 0.002706 0
864 217 873 235 0.002612 0
1042 203 1058 227 0.002513 0
1114 183 1153 252 0.002504 0
962 370 984 394 0.002466 0
914 189 932 225 0.002456 0
856 211 873 243 0.002445 0
1267 204 1279 270 0.002442 0
1118 193 1140 238 0.002418 0
964 369 981 391 0.002412 0
1121 193 1147 246 0.002375 0
1259 192 1279 229 0.002360 0
849 201 874 271 0.002339 0
877 198 909 243 0.002332 0
1137 210 1164 250 0.002309 0
1232 169 1246 182 0.002250 0
964 370 984 391 0.002216 0
964 368 986 393 0.002215 0
1230 169 1248 232 0.002203 0
853 199 880 276 0.002200 0
1206 216 1232 274 0.002186 0
1136 209 1154 239 0.002183 0
965 373 980 390 0.002111 0
1219 197 1259 264 0.002039 0
950 273 959 294 0.002033 0
452 201 465 252 0.001966 0
864 439 877 455 0.001956 0
1206 230 1227 272 0.001912 0
632 202 645 216 0.001901 0
1120 312 1144 343 0.001886 0
784 192 794 214 0.001860 0
1134 207 1162 236 0.001810 0
849 199 871 239 0.001796 0
965 372 980 393 0.001779 0
1231 169 1247 223 0.001773 0
1034 203 1070 276 0.001681 0
517 192 530 216 0.001659 0
520 201 529 227 0.001653 0
1261 166 1279 266 0.001608 0
1072 485 1080 500 0.001607 0
1041 197 1057 224 0.001602 0
785 197 794 232 0.001565 0
864 441 877 455 0.001508 0
1105 196 1122 229 0.001502 0
1261 168 1279 229 0.001440 0
453 212 464 251 0.001438 0
1040 201 1078 267 0.001438 0
1223 161 1247 238 0.001397 0
851 200 872 281 0.001391 0
246 200 261 224 0.001361 0
804 185 815 211 0.001350 0
863 439 879 456 0.001345 0
470 198 480 217 0.001331 0
1248 200 1264 232 0.001329 0
1195 198 1258 265 0.001319 0
1124 217 1153 251 0.001272 0
1121 192 1145 229 0.001215 0
1076 193 1089 202 0.001184 0
640 690 657 703 0.001182 0
695 206 706 231 0.001166 0
1041 199 1092 254 0.001124 0
863 438 879 460 0.001116 0
963 367 991 393 0.001114 0
1222 159 1248 237 0.001103 0
1069 204 1093 252 0.001098 0
861 436 878 456 0.001091 0
1135 209 1153 226 0.001074 0
864 442 879 456 0.001068 0
920 206 943 252 0.001063 0
1261 167 1279 239 0.001036 0
375 185 387 202 0.001030 0
1248 210 1263 234 0.001022 0
451 198 477 251 0.001021 0
1071 485 1081 502 0.001006 0
957 370 979 427 0.000975 0
1119 312 1137 344 0.000942 0
447 200 485 251 0.000922 0
909 234 928 296 0.000921 0
1119 312 1137 342 0.000918 0
639 689 655 703 0.000905 0
241 199 262 240 0.000897 0
1248 199 1265 231 0.000897 0
639 689 656 703 0.000886 0
888 199 912 246 0.000861 0
631 202 646 231 0.000858 0
1264 209 1279 277 0.000843 0
863 209 880 241 0.000835 0
816 209 827 221 0.000833 0
963 368 988 393 0.000814 0
787 197 797 215 0.000807 0
861 433 875 456 0.000803 0
1034 200 1071 276 0.000797 0
870 186 947 272 0.000792 0
863 439 880 474 0.000785 0
611 152 625 172 0.000785 0
29 217 58 253 0.000778 0
789 330 810 344 0.000769 0
1068 214 1093 254 0.000754 0
999 384 1024 401 0.000749 0
699 198 749 277 0.000745 0
1261 143 1279 267 0.000743 0
246 199 261 226 0.000729 0
851 438 875 479 0.000728 0
789 331 810 345 0.000720 0
1185 185 1240 253 0.000719 0
863 439 879 477 0.000719 0
1248 198 1266 230 0.000715 0
967 369 991 392 0.000714 0
924 203 945 251 0.000711 0
862 437 880 478 0.000709 0
1182 188 1203 232 0.000685 0
788 330 810 344 0.000682 0
528 194 555 234 0.000676 0
1189 359 1212 404 0.000669 0
1175 212 1184 232 0.000654 0
787 197 798 231 0.000650 0
501 195 545 246 0.000647 0
703 201 734 259 0.000633 0
607 176 614 184 0.000621 0
799 295 833 344 0.000620 0
801 293 832 344 0.000610 0
611 153 625 183 0.000609 0
1019 180 1162 272 0.000608 0
1055 488 1066 499 0.000607 0
630 202 656 231 0.000606 0
611 152 624 174 0.000594 0
714 194 727 218 0.000594 0
973 372 991 392 0.000592 0
957 370 979 462 0.000584 0
852 209 883 282 0.000583 0
1151 311 1167 358 0.000571 0
915 473 927 486 0.000569 0
956 343 993 395 0.000558 0
807 193 855 241 0.000558 0
795 282 851 344 0.000558 0
1026 196 1094 275 0.000551 0
909 255 928 296 0.000546 0
640 688 672 703 0.000543 0
915 473 927 484 0.000543 0
670 208 679 230 0.000535 0
1191 382 1206 401 0.000534 0
991 383 1024 460 0.000534 0
947 342 988 406 0.000534 0
860 432 884 457 0.000532 0
910 190 937 215 0.000532 0
1151 310 1167 359 0.000531 0
1032 186 1106 276 0.000529 0
704 201 734 274 0.000526 0
956 367 1024 426 0.000525 0
510 197 537 247 0.000524 0
955 369 978 464 0.000521 0
525 195 557 249 0.000516 0
1043 203 1069 234 0.000514 0
842 175 918 285 0.000505 0
1091 226 1104 268 0.000504 0
1185 169 1233 244 0.000503 0
1160 376 1167 384 0.000500 0
1179 188 1203 242 0.000494 0
942 355 982 409 0.000491 0
938 357 1021 465 0.000488 0
795 291 849 345 0.000484 0
1188 358 1212 403 0.000483 0
693 208 705 233 0.000481 0
993 385 1023 424 0.000475 0
1230 199 1277 265 0.000475 0
1072 219 1093 251 0.000473 0
996 385 1023 421 0.000472 0
1188 217 1204 235 0.000463 0
1188 352 1212 401 0.000461 0
1262 67 1279 270 0.000460 0
1151 310 1167 354 0.000459 0
987 200 1165 272 0.000458 0
908 189 935 220 0.000454 0
670 208 681 233 0.000452 0
638 160 646 171 0.000451 0
1032 212 1083 330 0.000443 0
241 197 261 228 0.000440 0
1215 375 1232 436 0.000433 0
799 267 842 345 0.000433 0
452 199 477 252 0.000433 0
957 368 1016 409 0.000432 0
639 680 672 703 0.000432 0
1214 379 1232 434 0.000428 0
1191 212 1208 231 0.000427 0
923 343 1004 419 0.000426 0
461 171 955 274 0.000422 0
701 214 734 275 0.000421 0
1190 359 1212 398 0.000420 0
1206 369 1230 430 0.000418 0
933 360 1023 463 0.000417 0
878 436 889 457 0.000414 0
1194 375 1212 416 0.000412 0
1211 167 1234 218 0.000410 0
1212 370 1232 431 0.000409 0
670 208 680 232 0.000408 0
821 295 848 345 0.000408 0
994 384 1024 426 0.000407 0
923 342 992 418 0.000404 0
214 203 224 226 0.000404 0
1263 68 1279 270 0.000404 0
998 385 1023 408 0.000403 0
692 197 863 276 0.000398 0
991 380 1024 464 0.000395 0
1071 482 1080 499 0.000392 0
1195 192 1209 219 0.000389 0
214 199 223 224 0.000389 0
957 345 986 396 0.000381 0
697 197 860 276 0.000374 0
810 319 848 344 0.000371 0
610 153 623 174 0.000371 0
609 152 624 174 0.000369 0
845 208 871 283 0.000368 0
449 181 580 274 0.000367 0
847 268 853 282 0.000363 0
799 295 831 344 0.000362 0
701 224 734 275 0.000350 0
992 382 1024 462 0.000349 0
1182 166 1202 217 0.000349 0
1213 374 1232 433 0.000348 0
786 295 838 344 0.000345 0
799 259 840 346 0.000343 0
1210 166 1232 208 0.000341 0
1199 406 1208 416 0.000338 0
943 369 981 408 0.000337 0
1095 162 1135 231 0.000336 0
798 260 833 345 0.000336 0
878 440 890 458 0.000335 0
1188 359 1212 406 0.000334 0
373 195 606 268 0.000332 0
914 473 928 485 0.000332 0
638 679 672 703 0.000331 0
159 206 168 224 0.000330 0
923 340 998 420 0.000328 0
926 372 946 470 0.000327 0
1120 325 1151 344 0.000325 0
1001 244 1010 261 0.000324 0
923 344 974 414 0.000324 0
990 186 1140 255 0.000323 0
517 210 544 253 0.000322 0
960 342 999 394 0.000321 0
955 367 1022 417 0.000321 0
1151 310 1167 351 0.000321 0
922 341 1022 463 0.000319 0
955 366 1024 421 0.000318 0
1151 309 1168 359 0.000316 0
1019 164 1279 274 0.000315 0
512 199 542 250 0.000313 0
923 344 976 416 0.000311 0
1187 190 1207 217 0.000311 0
787 198 800 235 0.000310 0
943 348 977 404 0.000310 0
459 203 567 252 0.000310 0
1091 240 1104 271 0.000305 0
1215 366 1232 435 0.000305 0
803 185 838 218 0.000304 0
848 463 872 479 0.000303 0
1119 313 1154 344 0.000298 0
1039 455 1048 464 0.000297 0
833 480 840 486 0.000296 0
802 199 828 239 0.000296 0
242 209 256 240 0.000296 0
945 364 1024 464 0.000293 0
1135 446 1144 462 0.000290 0
902 200 919 231 0.000290 0
1120 179 1156 242 0.000289 0
860 197 1204 276 0.000288 0
956 341 993 396 0.000286 0
926 373 946 453 0.000281 0
877 437 902 478 0.000279 0
1209 369 1224 404 0.000279 0
639 689 665 703 0.000278 0
643 188 656 208 0.000276 0
1026 194 1205 268 0.000275 0
906 332 927 349 0.000275 0
922 342 990 419 0.000274 0
386 197 396 206 0.000274 0
1144 376 1152 386 0.000274 0
878 439 891 467 0.000273 0
1207 256 1223 273 0.000272 0
1120 327 1152 344 0.000272 0
1191 383 1207 402 0.000271 0
1074 334 1091 361 0.000270 0
1045 484 1054 492 0.000269 0
1188 187 1210 215 0.000268 0
924 344 963 419 0.000268 0
408 167 952 278 0.000265 0
991 384 1023 457 0.000262 0
1204 370 1226 423 0.000262 0
954 371 1020 427 0.000262 0
781 213 1234 322 0.000262 0
577 184 582 201 0.000260 0
1150 310 1167 349 0.000259 0
240 207 260 249 0.000259 0
464 200 480 250 0.000258 0
786 330 813 390 0.000257 0
680 199 690 216 0.000256 0
925 201 951 253 0.000254 0
1135 443 1147 472 0.000252 0
784 198 793 235 0.000252 0
681 201 691 216 0.000247 0
950 339 991 400 0.000246 0
635 184 655 213 0.000246 0
799 189 826 238 0.000246 0
1188 359 1221 415 0.000246 0
847 225 877 285 0.000245 0
799 259 833 347 0.000244 0
1166 375 1178 393 0.000244 0
652 199 663 217 0.000244 0
447 181 575 277 0.000243 0
1263 215 1279 295 0.000242 0
1007 470 1016 494 0.000241 0
215 194 224 222 0.000241 0
1188 358 1224 417 0.000240 0
784 330 810 344 0.000238 0
1016 367 1023 374 0.000233 0
1215 379 1232 437 0.000233 0
943 372 980 419 0.000233 0
855 470 873 479 0.000232 0
954 367 1023 425 0.000231 0
1009 431 1015 440 0.000230 0
990 381 1023 425 0.000229 0
861 432 890 458 0.000228 0
1003 131 1258 294 0.000228 0
948 246 957 254 0.000227 0
700 199 869 276 0.000225 0
1150 359 1164 399 0.000225 0
913 474 927 487 0.000223 0
801 185 816 231 0.000222 0
1051 116 1106 281 0.000220 0
1150 311 1167 347 0.000220 0
1151 361 1164 399 0.000218 0
944 374 976 408 0.000216 0
944 367 1025 472 0.000216 0
1116 190 1175 243 0.000216 0
783 328 810 344 0.000216 0
1007 471 1017 496 0.000216 0
956 341 991 396 0.000213 0
339 196 617 270 0.000213 0
924 344 965 403 0.000212 0
864 202 883 241 0.000211 0
1117 294 1154 345 0.000211 0
387 198 396 206 0.000210 0
800 166 815 233 0.000208 0
446 185 583 264 0.000208 0
1068 222 1093 258 0.000206 0
1214 369 1223 390 0.000206 0
1189 359 1225 418 0.000205 0
1054 486 1068 497 0.000205 0
1189 359 1217 411 0.000205 0
942 224 1188 313 0.000203 0
920 344 960 419 0.000202 0
611 153 624 176 0.000201 0
1151 309 1167 349 0.000201 0
543 200 557 217 0.000200 0
1107 311 1133 334 0.000196 0
924 343 969 392 0.000195 0
877 438 923 478 0.000195 0
780 299 831 345 0.000194 0
880 439 896 457 0.000193 0
800 285 852 344 0.000192 0
857 401 863 412 0.000191 0
693 199 867 277 0.000191 0
1150 348 1167 401 0.000189 0
511 201 554 251 0.000188 0
752 463 760 472 0.000187 0
985 352 991 361 0.000187 0
945 351 1026 421 0.000187 0
961 366 1024 405 0.000183 0
979 208 1053 312 0.000182 0
879 440 896 459 0.000182 0
1214 372 1234 441 0.000182 0
481 153 954 434 0.000182 0
827 192 857 235 0.000182 0
824 310 848 344 0.000181 0
862 327 881 344 0.000181 0
927 376 946 427 0.000181 0
213 203 221 224 0.000179 0
1260 145 1279 185 0.000179 0
927 372 946 443 0.000178 0
447 175 577 265 0.000178 0
927 376 947 421 0.000175 0
1013 206 1089 329 0.000174 0
1193 368 1222 421 0.000173 0
701 233 716 274 0.000173 0
956 366 977 464 0.000173 0
925 345 958 402 0.000172 0
624 182 635 199 0.000171 0
927 376 946 425 0.000171 0
682 204 697 231 0.000171 0
907 327 928 348 0.000171 0
240 206 263 253 0.000168 0
1001 247 1013 262 0.000165 0
1100 292 1143 337 0.000164 0
1012 182 1276 278 0.000164 0
463 200 479 253 0.000163 0
920 202 954 256 0.000163 0
879 315 898 345 0.000163 0
753 207 1235 309 0.000162 0
632 204 655 227 0.000161 0
1011 117 1180 297 0.000161 0
801 260 833 346 0.000160 0
512 156 957 409 0.000160 0
695 155 865 279 0.000160 0
1128 278 1144 345 0.000160 0
710 236 734 269 0.000159 0
998 376 1024 402 0.000158 0
1017 236 1057 293 0.000158 0
968 377 1023 405 0.000158 0
981 372 1023 401 0.000157 0
654 197 662 216 0.000157 0
1054 486 1075 500 0.000156 0
1131 277 1143 325 0.000156 0
605 167 958 305 0.000156 0
1022 151 1277 267 0.000155 0
926 346 957 389 0.000154 0
1174 344 1197 358 0.000154 0
923 341 1011 417 0.000153 0
1202 369 1234 433 0.000152 0
930 205 977 256 0.000152 0
1103 305 1140 345 0.000152 0
1087 227 1105 269 0.000150 0
374 188 387 207 0.000150 0
952 367 1024 465 0.000150 0
1262 139 1279 192 0.000149 0
1149 314 1168 347 0.000148 0
183 197 192 207 0.000148 0
763 182 862 275 0.000148 0
351 189 359 200 0.000146 0
1263 229 1279 295 0.000146 0
877 439 928 480 0.000145 0
1199 503 1212 513 0.000143 0
1131 277 1143 323 0.000143 0
697 200 735 276 0.000142 0
738 203 745 215 0.000141 0
1073 332 1089 356 0.000140 0
1260 243 1279 293 0.000140 0
374 184 393 204 0.000139 0
990 386 1023 425 0.000137 0
408 180 721 238 0.000137 0
996 371 1024 403 0.000137 0
927 344 974 396 0.000137 0
664 189 672 216 0.000136 0
358 194 871 273 0.000136 0
961 370 1024 453 0.000135 0
925 377 945 471 0.000134 0
968 455 976 462 0.000134 0
1260 138 1279 183 0.000134 0
664 197 674 219 0.000134 0
799 295 828 343 0.000134 0
858 327 881 343 0.000133 0
1151 321 1170 360 0.000132 0
943 380 960 406 0.000130 0
402 151 952 432 0.000129 0
959 482 970 488 0.000129 0
1073 335 1094 362 0.000129 0
445 181 556 319 0.000129 0
1072 226 1094 253 0.000129 0
980 210 1259 327 0.000128 0
941 371 982 430 0.000128 0
1184 495 1231 514 0.000127 0
921 343 959 400 0.000127 0
265 198 271 209 0.000127 0
1174 342 1203 397 0.000126 0
695 198 844 283 0.000126 0
991 381 1021 406 0.000126 0
885 340 1024 467 0.000126 0
879 316 896 345 0.000125 0
1009 453 1024 471 0.000125 0
923 344 955 418 0.000125 0
760 258 841 345 0.000124 0
948 348 963 393 0.000122 0
991 190 1002 208 0.000122 0
665 185 671 211 0.000122 0
918 205 1056 297 0.000121 0
1173 344 1193 360 0.000121 0
925 374 945 475 0.000120 0
1263 64 1279 75 0.000119 0
1185 347 1198 370 0.000119 0
1019 234 1100 333 0.000119 0
953 368 977 465 0.000118 0
1163 344 1194 359 0.000118 0
907 270 929 350 0.000118 0
1129 277 1143 327 0.000118 0
1007 452 1022 472 0.000116 0
762 174 860 276 0.000115 0
1077 221 1128 274 0.000114 0
908 327 928 348 0.000114 0
757 167 924 284 0.000114 0
1154 369 1180 396 0.000113 0
345 188 353 199 0.000112 0
891 340 1008 433 0.000112 0
848 180 869 234 0.000111 0
329 186 728 357 0.000111 0
1214 366 1225 392 0.000110 0
1147 359 1188 404 0.000110 0
925 446 934 459 0.000110 0
895 323 906 343 0.000109 0
689 204 723 254 0.000109 0
787 330 811 370 0.000108 0
343 155 949 431 0.000108 0
707 186 733 236 0.000108 0
900 324 928 349 0.000107 0
1264 333 1279 462 0.000107 0
1015 479 1025 492 0.000107 0
1090 260 1096 269 0.000106 0
923 341 1027 417 0.000106 0
1264 363 1279 488 0.000106 0
956 374 1027 482 0.000106 0
849 430 885 457 0.000106 0
1055 487 1077 501 0.000106 0
924 372 980 423 0.000105 0
991 383 1025 469 0.000105 0
1065 305 1133 400 0.000105 0
1142 317 1197 402 0.000105 0
738 200 747 215 0.000104 0
1264 64 1279 77 0.000104 0
446 177 586 309 0.000104 0
895 360 1026 479 0.000104 0
820 290 852 343 0.000103 0
926 376 947 417 0.000103 0
683 197 693 216 0.000103 0
907 453 928 483 0.000102 0
927 374 948 418 0.000102 0
837 110 1221 289 0.000102 0
908 268 938 350 0.000101 0
515 221 555 255 0.788942 1
1022 249 1111 340 0.783668 1
1102 218 1166 262 0.494377 1
1103 223 1167 262 0.479568 1
896 228 941 269 0.421537 1
1101 220 1167 262 0.389713 1
896 229 940 269 0.339112 1
1106 225 1166 262 0.286041 1
896 231 940 270 0.259137 1
1109 226 1166 262 0.208080 1
895 228 941 268 0.187629 1
1108 224 1166 262 0.140565 1
1103 211 1167 262 0.135048 1
896 224 940 269 0.104967 1
896 230 938 270 0.104874 1
1100 220 1126 259 0.067864 1
1111 227 1166 261 0.065180 1
1101 221 1127 260 0.063844 1
21 215 72 257 0.056780 1
1065 247 1111 340 0.051938 1
1100 220 1124 259 0.049032 1
1067 250 1111 340 0.046348 1
1101 220 1124 258 0.044749 1
21 217 72 257 0.038707 1
919 228 942 264 0.035531 1
896 231 936 280 0.024133 1
24 215 43 246 0.023928 1
22 216 71 258 0.023562 1
23 215 68 255 0.021274 1
23 215 43 246 0.019808 1
1089 216 1122 259 0.018823 1
1069 251 1111 340 0.018636 1
1107 210 1167 261 0.018036 1
1027 250 1111 340 0.017876 1
896 229 941 281 0.017314 1
23 215 55 247 0.016371 1
23 214 48 247 0.015879 1
896 232 939 270 0.014770 1
1101 220 1125 262 0.013955 1
20 214 44 246 0.013549 1
921 230 942 266 0.013356 1
47 225 74 256 0.012785 1
896 233 930 270 0.012679 1
910 224 933 268 0.012385 1
22 216 42 250 0.012336 1
47 231 73 256 0.012127 1
891 189 943 272 0.011627 1
21 215 43 246 0.009687 1
921 233 942 266 0.008848 1
1072 259 1111 339 0.008551 1
896 231 935 269 0.008532 1
896 234 937 270 0.008225 1
1103 229 1126 262 0.008182 1
47 233 73 256 0.008074 1
1085 218 1123 263 0.007907 1
20 216 43 246 0.007695 1
47 235 72 256 0.007465 1
47 219 74 256 0.007256 1
23 214 64 253 0.007250 1
1069 248 1111 338 0.006677 1
917 220 941 255 0.006675 1
1114 225 1166 258 0.006479 1
921 229 943 256 0.006303 1
527 222 555 254 0.006133 1
896 203 941 269 0.005544 1
919 214 943 254 0.005464 1
16 220 42 255 0.005359 1
1137 212 1165 254 0.004963 1
1138 212 1162 252 0.004930 1
47 230 73 256 0.004667 1
1033 247 1111 338 0.004564 1
1136 210 1161 251 0.004463 1
1073 274 1110 339 0.004380 1
1113 204 1163 258 0.003970 1
1025 257 1110 339 0.003849 1
1116 229 1166 260 0.003606 1
0 223 43 260 0.003547 1
1102 222 1154 260 0.003249 1
870 190 937 272 0.003166 1
896 194 944 272 0.003131 1
910 231 940 271 0.003057 1
110 237 156 263 0.002917 1
1027 250 1092 334 0.002795 1
1075 285 1111 339 0.002652 1
1028 248 1090 333 0.002539 1
117 236 156 254 0.002531 1
22 213 45 250 0.002528 1
896 237 913 270 0.002473 1
1085 217 1123 257 0.002470 1
0 220 43 255 0.002434 1
1026 271 1077 336 0.002371 1
949 274 960 302 0.002273 1
1069 254 1111 339 0.002156 1
1104 229 1166 262 0.002109 1
114 237 156 261 0.002088 1
1113 222 1133 255 0.002065 1
1024 282 1111 339 0.001993 1
928 274 960 303 0.001993 1
924 273 960 302 0.001968 1
1028 264 1085 337 0.001964 1
121 237 156 253 0.001918 1
1028 260 1088 334 0.001910 1
929 273 960 302 0.001890 1
520 216 556 255 0.001871 1
868 200 914 271 0.001811 1
118 216 160 254 0.001788 1
865 194 938 275 0.001782 1
869 231 910 271 0.001775 1
929 277 960 301 0.001755 1
949 274 960 303 0.001742 1
114 220 160 254 0.001722 1
48 219 74 256 0.001712 1
1141 230 1166 256 0.001690 1
1024 274 1098 338 0.001560 1
1027 262 1093 336 0.001522 1
113 236 153 256 0.001501 1
925 274 960 300 0.001486 1
949 274 959 295 0.001434 1
869 233 908 272 0.001426 1
1026 268 1080 338 0.001425 1
901 230 947 297 0.001391 1
947 275 960 302 0.001377 1
1043 248 1097 331 0.001363 1
868 236 907 279 0.001311 1
1028 271 1062 334 0.001296 1
118 217 169 254 0.001288 1
1067 247 1110 336 0.001246 1
522 198 555 249 0.001233 1
16 226 74 266 0.001202 1
1031 269 1069 333 0.001185 1
1076 289 1111 339 0.001176 1
851 180 921 281 0.001149 1
928 279 961 304 0.001108 1
47 223 115 257 0.001105 1
868 235 891 272 0.001088 1
19 231 74 266 0.001062 1
906 230 929 295 0.001039 1
868 205 908 271 0.001034 1
869 230 915 271 0.001022 1
1027 275 1059 333 0.001010 1
896 230 932 295 0.000964 1
48 230 75 256 0.000963 1
920 272 959 299 0.000962 1
1025 299 1077 336 0.000961 1
1143 230 1167 259 0.000954 1
1140 216 1167 253 0.000952 1
1022 290 1098 340 0.000946 1
127 237 155 253 0.000926 1
1063 249 1090 320 0.000907 1
867 231 914 286 0.000895 1
865 223 903 272 0.000895 1
121 237 156 261 0.000880 1
896 214 984 288 0.000879 1
123 215 158 247 0.000873 1
1033 245 1088 331 0.000867 1
18 211 75 257 0.000858 1
896 226 968 298 0.000847 1
1027 257 1086 329 0.000831 1
869 231 914 273 0.000794 1
920 231 943 271 0.000787 1
1017 247 1106 335 0.000784 1
133 217 161 238 0.000780 1
47 222 112 257 0.000763 1
1068 251 1092 311 0.000730 1
897 200 981 273 0.000715 1
867 245 885 273 0.000710 1
1023 278 1053 335 0.000703 1
104 237 157 264 0.000692 1
47 226 114 260 0.000689 1
1026 300 1064 335 0.000684 1
111 221 149 255 0.000678 1
120 218 177 254 0.000657 1
911 270 961 298 0.000656 1
46 232 74 264 0.000651 1
1075 287 1111 339 0.000640 1
863 253 912 288 0.000630 1
49 217 72 239 0.000626 1
6 220 73 269 0.000599 1
861 252 910 287 0.000578 1
43 217 113 257 0.000577 1
1021 283 1052 338 0.000564 1
865 257 912 289 0.000563 1
1022 271 1056 332 0.000561 1
1025 304 1054 333 0.000558 1
920 224 979 266 0.000549 1
867 261 911 290 0.000542 1
1029 284 1076 338 0.000525 1
1072 278 1110 338 0.000520 1
136 218 167 239 0.000504 1
1078 292 1111 339 0.000503 1
122 223 198 255 0.000494 1
1078 293 1112 338 0.000484 1
906 272 957 298 0.000484 1
850 183 921 276 0.000478 1
128 214 162 238 0.000470 1
905 262 970 303 0.000439 1
1045 208 1151 276 0.000427 1
453 238 463 252 0.000396 1
133 214 166 238 0.000392 1
23 209 44 246 0.000391 1
893 225 939 294 0.000390 1
1024 310 1056 336 0.000383 1
0 225 42 266 0.000382 1
1025 308 1080 339 0.000374 1
122 218 142 239 0.000373 1
1076 291 1114 337 0.000364 1
907 276 956 298 0.000361 1
126 214 151 237 0.000360 1
1022 307 1091 341 0.000357 1
0 212 44 254 0.000349 1
1072 257 1089 288 0.000346 1
1085 219 1118 264 0.000340 1
23 208 56 247 0.000338 1
864 261 912 290 0.000333 1
846 234 911 289 0.000330 1
925 274 964 335 0.000320 1
920 231 985 267 0.000317 1
1026 304 1081 340 0.000309 1
103 238 156 264 0.000303 1
1032 310 1104 339 0.000298 1
1090 305 1113 335 0.000287 1
118 233 195 263 0.000279 1
1030 311 1058 335 0.000263 1
117 228 209 263 0.000256 1
1113 231 1166 262 0.000249 1
450 221 463 251 0.000246 1
894 202 1046 293 0.000240 1
926 279 945 346 0.000240 1
536 223 558 255 0.000239 1
919 207 958 263 0.000239 1
1015 309 1049 343 0.000235 1
932 257 1116 344 0.000206 1
861 201 930 293 0.000206 1
921 281 959 309 0.000204 1
861 260 912 291 0.000195 1
926 272 964 336 0.000194 1
1071 308 1108 340 0.000183 1
56 232 85 264 0.000182 1
51 217 73 239 0.000178 1
1015 310 1084 347 0.000175 1
528 213 557 248 0.000169 1
1035 242 1118 339 0.000164 1
5 206 43 239 0.000159 1
537 220 557 250 0.000159 1
980 254 1112 389 0.000158 1
1070 244 1111 336 0.000152 1
925 279 945 346 0.000150 1
990 256 1111 339 0.000148 1
919 244 992 266 0.000145 1
887 265 911 290 0.000145 1
124 211 141 238 0.000144 1
451 203 565 261 0.000139 1
955 264 1112 355 0.000131 1
114 220 133 241 0.000130 1
1002 253 1112 381 0.000127 1
13 225 92 283 0.000126 1
896 219 1051 298 0.000124 1
513 221 539 252 0.000122 1
535 228 558 256 0.000119 1
1071 250 1091 285 0.000116 1
843 186 921 292 0.000114 1
946 274 970 303 0.000111 1
1019 299 1092 358 0.000111 1
27 207 65 245 0.000109 1
111 221 120 241 0.000108 1
1032 234 1100 336 0.000108 1
1029 216 1170 339 0.000108 1
800 259 832 343 0.000107 1
963 248 1115 340 0.000105 1
1075 252 1095 289 0.000103 1
1003 198 1049 229 0.051469 2
1004 197 1050 229 0.044832 2
1004 198 1049 229 0.040621 2
864 178 954 241 0.035378 2
1005 197 1060 228 0.018672 2
1004 198 1046 229 0.017662 2
1005 199 1044 230 0.016955 2
1004 198 1042 229 0.016720 2
919 199 953 207 0.014203 2
866 195 984 249 0.011454 2
484 199 516 217 0.010802 2
488 198 516 216 0.010199 2
984 197 1053 252 0.009683 2
1002 197 1057 255 0.009668 2
931 199 953 207 0.009607 2
980 197 1052 252 0.009071 2
868 191 976 247 0.009041 2
487 203 516 217 0.009017 2
822 329 847 344 0.008765 2
483 200 516 217 0.008547 2
606 201 647 216 0.008510 2
487 198 517 216 0.008317 2
990 197 1061 256 0.008200 2
984 198 1045 229 0.008176 2
985 196 1053 230 0.008014 2
985 197 1053 255 0.007273 2
864 178 990 248 0.007098 2
483 198 516 217 0.006775 2
983 196 1053 237 0.006351 2
982 201 1043 229 0.006239 2
979 197 1053 255 0.006192 2
482 200 516 217 0.006078 2
1263 201 1279 261 0.005843 2
822 328 848 344 0.005641 2
877 198 911 242 0.005428 2
606 201 638 216 0.005166 2
983 205 1036 229 0.004974 2
876 198 910 244 0.004932 2
1072 202 1094 221 0.003883 2
489 198 518 217 0.003819 2
877 198 915 242 0.003770 2
986 197 1054 259 0.003761 2
865 180 1036 254 0.003733 2
869 194 985 258 0.003702 2
1262 201 1279 265 0.003508 2
877 198 909 243 0.003383 2
595 200 648 215 0.003319 2
865 177 1035 250 0.003241 2
984 208 1011 228 0.003085 2
877 198 908 243 0.002985 2
1179 219 1279 265 0.002910 2
1244 200 1279 267 0.002891 2
892 187 953 207 0.002864 2
918 199 983 222 0.002817 2
1003 204 1037 231 0.002810 2
983 205 1009 228 0.002681 2
848 471 870 479 0.002652 2
912 199 981 225 0.002648 2
1003 199 1047 251 0.002607 2
980 204 1045 251 0.002596 2
1036 194 1088 223 0.002556 2
960 203 987 223 0.002539 2
1261 212 1275 227 0.002421 2
868 183 1058 255 0.002381 2
821 329 847 345 0.002372 2
606 201 649 217 0.002328 2
865 185 1048 271 0.002262 2
1136 288 1279 413 0.002215 2
1038 197 1078 224 0.002196 2
1181 216 1278 266 0.002172 2
908 197 950 250 0.002171 2
967 204 988 223 0.002143 2
1071 212 1093 234 0.002117 2
867 177 1070 250 0.002103 2
982 205 998 227 0.001986 2
982 207 997 227 0.001916 2
905 199 978 220 0.001905 2
864 176 1044 248 0.001893 2
930 200 982 223 0.001827 2
631 374 658 395 0.001825 2
632 202 645 216 0.001796 2
1040 200 1072 224 0.001794 2
1073 197 1093 218 0.001784 2
1040 199 1082 227 0.001766 2
980 205 1018 247 0.001747 2
848 471 870 479 0.001740 2
1004 211 1024 229 0.001723 2
590 183 620 200 0.001684 2
1263 349 1279 369 0.001682 2
803 184 855 218 0.001639 2
1262 201 1279 268 0.001619 2
960 203 987 240 0.001606 2
1263 351 1279 369 0.001605 2
916 199 979 254 0.001590 2
983 199 1016 228 0.001577 2
630 370 658 396 0.001514 2
608 202 647 217 0.001512 2
481 194 516 217 0.001488 2
1263 350 1279 368 0.001475 2
631 371 658 395 0.001460 2
872 198 905 244 0.001447 2
1120 489 1134 496 0.001406 2
922 198 985 223 0.001400 2
848 470 871 479 0.001374 2
1206 217 1279 266 0.001357 2
1262 204 1279 269 0.001347 2
1263 244 1279 268 0.001343 2
960 200 989 222 0.001338 2
588 187 659 215 0.001325 2
1071 196 1093 218 0.001305 2
971 206 986 233 0.001302 2
911 197 940 215 0.001296 2
1004 196 1093 232 0.001287 2
880 199 1053 258 0.001266 2
866 225 882 243 0.001257 2
977 198 1050 264 0.001251 2
633 200 655 216 0.001187 2
508 196 521 215 0.001169 2
632 374 658 396 0.001142 2
932 200 981 254 0.001130 2
589 184 656 216 0.001108 2
1263 349 1279 398 0.001085 2
977 206 998 249 0.001084 2
473 205 485 217 0.001083 2
1070 208 1091 235 0.001075 2
1241 204 1279 267 0.001052 2
803 184 855 222 0.001042 2
590 184 619 200 0.001019 2
972 210 1016 256 0.000982 2
972 248 991 260 0.000961 2
1105 488 1120 497 0.000958 2
589 186 625 213 0.000931 2
1104 487 1115 495 0.000927 2
966 200 990 222 0.000897 2
589 200 615 213 0.000883 2
885 188 954 209 0.000870 2
853 470 872 478 0.000868 2
973 251 988 261 0.000851 2
1223 160 1273 182 0.000849 2
972 210 989 246 0.000785 2
589 200 616 214 0.000783 2
971 214 996 254 0.000775 2
1000 206 1087 260 0.000765 2
1120 489 1135 497 0.000744 2
975 211 1040 257 0.000737 2
1006 193 1052 228 0.000730 2
1177 381 1184 392 0.000712 2
1245 247 1279 267 0.000711 2
632 203 654 217 0.000702 2
662 274 688 283 0.000693 2
1224 158 1248 181 0.000679 2
1070 204 1080 223 0.000670 2
304 190 314 198 0.000662 2
1240 248 1276 266 0.000651 2
970 220 997 258 0.000621 2
1219 161 1279 232 0.000619 2
1007 194 1047 218 0.000619 2
1206 245 1279 291 0.000618 2
1232 178 1279 231 0.000607 2
1223 158 1276 182 0.000601 2
591 188 659 216 0.000598 2
1232 274 1279 369 0.000594 2
1261 168 1279 209 0.000590 2
451 198 480 217 0.000586 2
978 200 1002 227 0.000583 2
1243 225 1279 268 0.000581 2
1189 383 1206 401 0.000580 2
639 207 653 216 0.000565 2
1167 380 1179 393 0.000547 2
1190 385 1205 401 0.000546 2
1219 178 1277 229 0.000545 2
1167 278 1279 359 0.000540 2
1263 251 1279 270 0.000537 2
863 215 882 241 0.000535 2
972 245 994 259 0.000532 2
1177 380 1200 394 0.000512 2
1261 168 1279 181 0.000506 2
590 184 619 200 0.000503 2
820 328 848 363 0.000502 2
895 201 1051 289 0.000483 2
1071 192 1085 201 0.000464 2
1071 216 1091 236 0.000463 2
916 198 962 254 0.000460 2
1218 162 1277 228 0.000459 2
662 274 688 283 0.000456 2
1222 160 1279 181 0.000450 2
0 397 16 408 0.000449 2
562 200 578 216 0.000438 2
1263 352 1279 398 0.000436 2
812 328 848 344 0.000435 2
1217 244 1279 291 0.000433 2
589 181 658 216 0.000429 2
1260 168 1279 181 0.000428 2
484 199 513 216 0.000428 2
1169 271 1279 354 0.000427 2
598 192 659 216 0.000427 2
1261 168 1279 214 0.000421 2
903 457 913 463 0.000413 2
470 198 874 218 0.000399 2
1160 278 1278 357 0.000396 2
662 274 687 283 0.000395 2
819 329 848 362 0.000394 2
958 246 992 260 0.000392 2
1098 292 1277 364 0.000390 2
0 397 16 409 0.000386 2
589 205 606 214 0.000385 2
1057 192 1085 204 0.000380 2
887 198 1047 285 0.000376 2
574 186 619 214 0.000375 2
1205 245 1279 295 0.000373 2
589 183 624 201 0.000364 2
817 329 848 363 0.000361 2
1241 179 1279 229 0.000357 2
986 189 1046 224 0.000352 2
0 391 16 408 0.000350 2
1007 193 1050 224 0.000350 2
1224 177 1272 232 0.000348 2
841 183 1104 272 0.000345 2
821 329 847 345 0.000338 2
965 202 991 251 0.000334 2
312 186 322 199 0.000330 2
950 248 985 258 0.000329 2
1232 343 1279 375 0.000327 2
470 198 485 217 0.000321 2
575 181 622 212 0.000321 2
1240 345 1279 368 0.000318 2
1057 291 1279 358 0.000316 2
1168 264 1269 355 0.000313 2
1202 338 1280 411 0.000308 2
1168 379 1207 400 0.000307 2
1202 252 1279 294 0.000304 2
1264 293 1279 404 0.000301 2
1232 343 1279 376 0.000295 2
588 181 655 215 0.000292 2
863 329 881 344 0.000286 2
1263 361 1279 399 0.000277 2
972 248 992 262 0.000275 2
1222 337 1279 409 0.000271 2
821 329 848 365 0.000268 2
1235 344 1279 372 0.000268 2
1242 345 1276 362 0.000268 2
470 184 517 217 0.000262 2
1217 338 1279 409 0.000260 2
969 480 988 487 0.000259 2
554 200 575 216 0.000259 2
1039 290 1279 355 0.000258 2
631 373 657 396 0.000256 2
976 300 995 321 0.000251 2
632 378 658 397 0.000249 2
938 202 977 255 0.000247 2
1202 408 1215 416 0.000246 2
862 330 879 344 0.000243 2
1178 381 1206 400 0.000243 2
1013 190 1093 220 0.000242 2
1194 338 1280 411 0.000239 2
662 274 688 283 0.000237 2
789 232 809 239 0.000234 2
576 180 622 201 0.000234 2
630 367 658 395 0.000234 2
981 184 1044 217 0.000233 2
387 198 397 206 0.000225 2
562 202 575 216 0.000222 2
1223 156 1279 182 0.000220 2
846 462 872 479 0.000218 2
1167 378 1188 392 0.000217 2
984 245 1015 263 0.000216 2
1188 342 1279 412 0.000212 2
1239 344 1275 359 0.000209 2
605 201 653 230 0.000206 2
961 248 990 261 0.000205 2
1264 333 1279 410 0.000205 2
1230 343 1279 372 0.000204 2
1263 360 1279 400 0.000204 2
685 190 1231 316 0.000198 2
1194 357 1279 410 0.000198 2
844 190 1200 275 0.000196 2
294 180 306 199 0.000196 2
606 201 650 231 0.000196 2
1008 465 1024 472 0.000189 2
976 294 996 320 0.000189 2
844 177 1189 263 0.000188 2
304 185 316 198 0.000187 2
974 182 1056 213 0.000187 2
1104 487 1136 505 0.000186 2
628 363 658 396 0.000186 2
1263 362 1279 408 0.000179 2
1230 342 1279 398 0.000178 2
1205 264 1279 294 0.000178 2
1030 191 1060 223 0.000175 2
556 196 602 216 0.000175 2
1167 380 1195 398 0.000172 2
542 198 557 217 0.000172 2
1203 348 1279 408 0.000170 2
877 439 927 477 0.000168 2
1116 491 1136 505 0.000168 2
978 182 1060 207 0.000162 2
975 480 992 487 0.000158 2
293 177 306 198 0.000153 2
1052 269 1279 353 0.000149 2
1185 359 1279 408 0.000148 2
558 200 585 216 0.000148 2
340 184 947 282 0.000144 2
1215 270 1232 362 0.000140 2
1215 270 1231 356 0.000139 2
674 208 696 233 0.000139 2
630 366 658 396 0.000138 2
1231 342 1274 363 0.000138 2
1227 341 1279 407 0.000138 2
631 377 654 397 0.000135 2
923 247 993 263 0.000135 2
349 167 912 258 0.000132 2
1184 276 1214 285 0.000132 2
662 274 688 284 0.000130 2
1215 274 1232 365 0.000127 2
1186 361 1276 420 0.000127 2
1138 339 1219 409 0.000126 2
1133 202 1186 247 0.000124 2
1210 339 1280 391 0.000124 2
341 191 929 279 0.000123 2
622 351 661 399 0.000122 2
879 480 895 487 0.000120 2
621 186 656 213 0.000119 2
0 397 17 419 0.000117 2
985 275 1059 330 0.000117 2
907 178 995 209 0.000116 2
0 398 16 418 0.000116 2
982 180 1039 208 0.000116 2
1234 343 1279 397 0.000116 2
920 179 954 208 0.000116 2
745 203 791 236 0.000116 2
1215 275 1231 354 0.000116 2
570 199 613 215 0.000114 2
913 455 927 464 0.000113 2
975 297 995 322 0.000112 2
1263 358 1279 411 0.000111 2
990 293 1031 316 0.000111 2
960 481 975 487 0.000111 2
748 202 790 235 0.000109 2
1038 248 1279 353 0.000109 2
1103 487 1129 504 0.000108 2
1158 378 1212 410 0.000108 2
975 286 1025 326 0.000108 2
1167 362 1211 397 0.000106 2
641 178 671 211 0.000106 2
716 203 776 235 0.000106 2
880 479 898 487 0.000105 2
853 471 895 481 0.000105 2
744 202 791 236 0.000104 2
1137 376 1214 410 0.000103 2
503 311 531 336 0.000103 2
918 177 1000 210 0.000102 2
854 328 879 344 0.000102 2
913 179 962 207 0.000102 2
1184 274 1214 285 0.000101 2
907 179 986 213 0.000100 2
728 203 792 237 0.000100 2
521 248 595 280 0.000100 2
480 175 517 217 0.008747 5
480 171 564 217 0.007010 5
479 174 521 217 0.005698 5
479 169 565 216 0.003438 5
480 173 519 217 0.002927 5
480 177 522 217 0.002226 5
479 172 517 217 0.001677 5
1216 157 1279 265 0.001152 5
462 169 532 217 0.000978 5
460 175 518 216 0.000477 5
445 164 516 211 0.000256 5
1183 164 1279 272 0.012297 6
1185 229 1279 266 0.011094 6
1203 167 1279 267 0.008586 6
1189 165 1279 271 0.008161 6
1183 170 1279 271 0.006522 6
1156 282 1279 408 0.005671 6
1136 284 1279 413 0.004841 6
1168 283 1279 410 0.004672 6
1218 163 1279 268 0.004121 6
643 275 1277 401 0.004030 6
1159 276 1279 408 0.003737 6
1183 226 1279 291 0.003412 6
532 151 957 243 0.003197 6
642 278 1277 434 0.002877 6
643 275 1277 440 0.002585 6
1183 202 1279 292 0.002552 6
1174 283 1279 410 0.002502 6
643 272 1277 413 0.002485 6
1159 152 1279 407 0.002263 6
463 150 955 241 0.002227 6
532 154 957 249 0.002092 6
1165 153 1279 407 0.002010 6
642 271 1275 398 0.002001 6
1172 157 1279 405 0.002001 6
642 271 1276 459 0.001987 6
1182 223 1279 293 0.001924 6
1171 146 1279 406 0.001888 6
1013 277 1279 409 0.001841 6
1164 180 1279 409 0.001633 6
1111 147 1279 410 0.001626 6
1180 336 1279 409 0.001606 6
1025 278 1279 411 0.001595 6
654 279 1279 403 0.001525 6
1137 332 1279 411 0.001494 6
1176 335 1279 410 0.001466 6
644 282 1276 473 0.001343 6
1151 335 1279 412 0.001278 6
415 150 955 235 0.001276 6
1224 203 1279 268 0.001259 6
1136 290 1279 412 0.001241 6
653 279 1279 424 0.001232 6
1186 281 1279 409 0.001201 6
1182 340 1279 411 0.001149 6
1177 338 1279 411 0.001110 6
1181 331 1279 410 0.000979 6
1160 277 1280 411 0.000970 6
641 148 1060 383 0.000964 6
643 265 1267 357 0.000952 6
1222 281 1279 409 0.000948 6
1220 158 1279 258 0.000910 6
644 145 1222 376 0.000815 6
1182 343 1279 411 0.000811 6
649 263 1274 352 0.000805 6
427 155 943 261 0.000782 6
1145 159 1279 270 0.000773 6
1166 276 1279 365 0.000771 6
640 273 1082 380 0.000771 6
1138 330 1279 414 0.000759 6
1012 248 1279 410 0.000746 6
645 252 1273 373 0.000698 6
645 164 1225 357 0.000696 6
1231 279 1279 401 0.000688 6
1169 224 1279 365 0.000682 6
642 145 1173 384 0.000674 6
1168 277 1279 361 0.000649 6
640 151 969 381 0.000633 6
1015 278 1279 417 0.000587 6
1232 276 1279 389 0.000500 6
1232 274 1279 370 0.000500 6
479 168 580 211 0.000493 6
745 277 1279 404 0.000490 6
383 149 952 240 0.000482 6
1232 277 1279 380 0.000480 6
1201 204 1279 297 0.000460 6
1002 261 1279 396 0.000460 6
1170 263 1279 357 0.000444 6
787 281 1279 418 0.000406 6
475 166 628 211 0.000381 6
657 250 1275 356 0.000378 6
1136 328 1278 411 0.000360 6
1230 216 1279 370 0.000340 6
1230 189 1279 371 0.000335 6
694 268 1278 348 0.000312 6
590 152 830 217 0.000299 6
385 152 951 269 0.000276 6
1231 295 1279 375 0.000266 6
1001 128 1280 415 0.000258 6
665 289 1278 459 0.000246 6
586 152 829 213 0.000239 6
1230 296 1279 373 0.000201 6
872 267 1279 355 0.000194 6
693 121 954 244 0.000192 6
640 272 963 421 0.000182 6
974 279 1039 323 0.000177 6
641 268 994 451 0.000177 6
567 74 945 248 0.000170 6
903 269 1122 342 0.000168 6
469 157 642 210 0.000166 6
474 164 664 211 0.000165 6
976 284 1033 326 0.000162 6
353 167 952 281 0.000160 6
1231 290 1279 361 0.000154 6
367 147 944 228 0.000151 6
978 281 1054 321 0.000139 6
519 70 949 249 0.000138 6
903 270 1115 345 0.000109 6
986 163 1280 386 0.000108 6
1223 291 1279 359 0.000105 6
1220 65 1279 269 0.000102 6
802 176 950 243 0.129143 7
865 177 950 241 0.101800 7
865 177 948 243 0.083098 7
865 177 946 241 0.063862 7
802 178 952 241 0.051330 7
702 152 953 243 0.034446 7
704 151 860 236 0.032481 7
705 152 858 239 0.030979 7
699 157 956 243 0.029092 7
701 151 948 241 0.025403 7
707 152 859 207 0.021592 7
704 151 861 224 0.018838 7
705 152 864 240 0.018786 7
865 177 940 241 0.018074 7
708 152 858 210 0.015063 7
662 153 955 276 0.013572 7
865 177 941 236 0.012883 7
704 151 829 235 0.011892 7
864 177 927 243 0.010852 7
1186 169 1279 268 0.009461 7
865 177 942 227 0.009106 7
703 151 809 207 0.008908 7
693 156 958 263 0.007791 7
864 177 993 247 0.007563 7
678 152 952 254 0.006953 7
644 152 957 272 0.006247 7
702 152 810 234 0.004799 7
728 157 858 240 0.004396 7
864 177 935 239 0.003798 7
699 151 810 211 0.003679 7
704 151 824 237 0.003651 7
1197 161 1279 266 0.003300 7
693 169 1017 247 0.003237 7
803 161 858 219 0.002902 7
803 184 855 241 0.002502 7
1182 180 1279 267 0.002410 7
1263 170 1279 264 0.002083 7
865 177 942 212 0.001961 7
802 178 856 240 0.001873 7
803 182 855 219 0.001807 7
605 151 818 208 0.001746 7
803 184 855 235 0.001674 7
864 177 924 242 0.001632 7
725 158 951 242 0.001587 7
803 184 855 218 0.001498 7
803 160 859 222 0.001477 7
803 158 858 220 0.001399 7
803 177 858 226 0.001272 7
793 174 1040 251 0.001205 7
745 152 811 209 0.001116 7
691 150 1030 246 0.000996 7
587 151 836 215 0.000952 7
866 177 940 204 0.000896 7
734 152 809 206 0.000887 7
589 151 841 213 0.000878 7
844 176 930 239 0.000793 7
727 153 795 204 0.000736 7
691 176 1035 266 0.000709 7
730 152 810 205 0.000700 7
866 177 940 206 0.000694 7
641 157 958 271 0.000687 7
687 167 1027 258 0.000686 7
802 179 857 241 0.000661 7
499 163 958 274 0.000648 7
720 152 807 204 0.000610 7
801 141 946 243 0.000539 7
808 180 1071 266 0.000537 7
865 177 933 231 0.000527 7
843 176 934 233 0.000527 7
747 152 811 215 0.000513 7
832 175 1075 259 0.000448 7
749 152 810 206 0.000435 7
649 180 1213 325 0.000387 7
923 201 977 255 0.000327 7
478 168 568 213 0.000312 7
751 152 811 210 0.000311 7
866 177 933 210 0.000301 7
699 156 812 237 0.000297 7
992 168 1080 231 0.000272 7
867 177 941 205 0.000271 7
706 146 860 209 0.000268 7
683 143 1102 252 0.000230 7
866 177 943 212 0.000206 7
723 153 789 204 0.000198 7
811 140 946 241 0.000191 7
981 170 1081 233 0.000190 7
705 140 861 208 0.000181 7
923 203 977 255 0.000173 7
989 180 1063 215 0.000168 7
590 165 662 215 0.000166 7
695 111 962 245 0.000163 7
789 147 945 239 0.000158 7
871 164 1087 243 0.000157 7
588 164 661 215 0.000156 7
587 165 654 213 0.000155 7
698 150 863 278 0.000136 7
708 142 862 210 0.000135 7
592 164 666 214 0.000135 7
982 271 1060 327 0.000119 7
848 136 959 242 0.000107 7
716 152 796 202 0.000105 7
701 130 814 209 0.000104 7
690 98 1030 248 0.000101 7
1088 150 1102 177 0.529314 9
513 152 525 183 0.211926 9
513 152 525 183 0.182572 9
513 152 525 184 0.161281 9
513 152 526 183 0.158304 9
513 152 527 184 0.118459 9
513 152 526 184 0.108350 9
1007 136 1024 174 0.092891 9
1006 136 1024 174 0.068511 9
1007 135 1025 174 0.040380 9
449 157 490 171 0.040337 9
513 153 526 186 0.034144 9
365 167 373 188 0.022895 9
1208 171 1215 188 0.019777 9
365 167 373 188 0.018923 9
312 149 342 195 0.016152 9
372 167 382 185 0.015721 9
846 151 859 166 0.015380 9
512 152 526 195 0.014499 9
512 150 525 184 0.014054 9
833 121 861 166 0.013934 9
838 119 862 166 0.012496 9
832 120 861 166 0.012378 9
1207 170 1215 198 0.012289 9
1207 169 1215 186 0.012170 9
312 149 341 193 0.012033 9
837 121 862 167 0.011599 9
373 167 381 185 0.011561 9
449 157 491 171 0.011519 9
1087 150 1102 185 0.011476 9
838 119 863 166 0.009965 9
837 119 863 166 0.009106 9
119 64 167 75 0.008135 9
119 64 161 74 0.008061 9
994 140 1001 173 0.008032 9
1125 64 1152 74 0.008028 9
993 140 1001 173 0.007948 9
1130 64 1152 72 0.007917 9
1088 150 1103 184 0.007908 9
371 167 381 187 0.007713 9
118 64 176 76 0.007319 9
831 124 862 167 0.007281 9
993 141 1001 171 0.007278 9
837 149 860 166 0.006839 9
992 138 1002 176 0.006689 9
362 167 373 188 0.006566 9
831 133 862 167 0.006485 9
365 167 374 189 0.006454 9
841 119 862 136 0.006352 9
993 138 1001 172 0.006290 9
312 149 352 193 0.006112 9
841 119 864 136 0.006107 9
834 148 860 166 0.005958 9
814 149 822 159 0.005844 9
1133 64 1152 72 0.005757 9
865 152 880 168 0.005707 9
831 120 862 167 0.005620 9
1207 170 1214 192 0.005378 9
992 137 1004 175 0.005312 9
975 137 996 169 0.005246 9
1120 64 1148 76 0.005037 9
994 136 1019 175 0.004917 9
995 138 1008 176 0.004856 9
975 139 995 165 0.004824 9
975 139 994 164 0.004717 9
313 149 341 194 0.004637 9
960 135 976 160 0.004591 9
975 138 996 165 0.004528 9
239 177 247 189 0.004494 9
1121 64 1152 75 0.004367 9
1089 151 1105 179 0.004359 9
1096 134 1104 151 0.004213 9
119 64 129 71 0.004149 9
840 119 865 136 0.004131 9
119 64 178 76 0.004078 9
368 166 382 187 0.004063 9
1200 135 1211 153 0.004040 9
975 138 1001 171 0.004026 9
994 137 1011 175 0.003965 9
994 136 1006 175 0.003774 9
1213 167 1224 184 0.003706 9
863 151 880 168 0.003664 9
909 261 928 296 0.003655 9
841 119 856 136 0.003647 9
840 119 859 136 0.003548 9
1081 174 1088 183 0.003507 9
909 278 928 296 0.003461 9
840 119 863 136 0.003456 9
960 135 976 162 0.003374 9
1213 167 1225 191 0.003373 9
909 276 928 296 0.003373 9
239 177 247 190 0.003303 9
1088 133 1105 176 0.003267 9
517 167 536 198 0.003267 9
843 150 861 166 0.003255 9
831 136 860 167 0.003240 9
1120 64 1135 76 0.003222 9
978 135 1001 174 0.003189 9
1134 166 1146 185 0.003133 9
974 140 994 162 0.003132 9
119 64 169 74 0.003128 9
909 271 928 296 0.003068 9
361 166 374 189 0.003009 9
974 134 999 168 0.002992 9
511 190 522 202 0.002988 9
1200 135 1212 153 0.002883 9
118 64 167 75 0.002878 9
1122 64 1152 77 0.002867 9
959 135 978 160 0.002839 9
1006 133 1025 174 0.002801 9
813 144 823 157 0.002647 9
1113 175 1128 188 0.002530 9
959 135 984 164 0.002519 9
895 157 905 171 0.002398 9
313 149 348 194 0.002363 9
995 134 1020 175 0.002314 9
1089 150 1110 179 0.002283 9
1089 149 1110 177 0.002262 9
517 192 524 202 0.002231 9
1154 163 1168 184 0.002211 9
545 141 551 151 0.002179 9
1128 64 1152 78 0.002172 9
698 135 705 152 0.002170 9
862 137 895 169 0.002170 9
974 135 995 164 0.002085 9
929 157 944 183 0.002064 9
119 64 163 78 0.002033 9
845 151 861 167 0.001997 9
809 161 857 180 0.001908 9
1232 170 1245 184 0.001903 9
1038 144 1054 169 0.001889 9
1120 64 1152 77 0.001876 9
848 181 858 209 0.001873 9
809 161 858 181 0.001838 9
587 172 594 185 0.001828 9
999 136 1025 186 0.001804 9
119 64 175 75 0.001747 9
1038 154 1053 169 0.001741 9
1017 155 1030 171 0.001732 9
831 136 846 152 0.001723 9
1087 143 1103 177 0.001716 9
831 125 859 158 0.001697 9
698 135 705 152 0.001674 9
1200 133 1215 154 0.001651 9
1051 111 1083 146 0.001638 9
638 139 657 163 0.001632 9
364 167 373 187 0.001625 9
1193 164 1201 185 0.001588 9
1052 109 1083 146 0.001580 9
974 139 999 168 0.001578 9
998 139 1008 183 0.001571 9
1102 172 1129 196 0.001566 9
1201 134 1212 156 0.001555 9
1046 156 1056 168 0.001528 9
119 64 175 78 0.001499 9
119 64 160 78 0.001495 9
1154 164 1167 184 0.001475 9
312 148 353 196 0.001456 9
512 152 544 191 0.001447 9
863 137 895 169 0.001446 9
312 151 324 189 0.001445 9
863 136 938 153 0.001437 9
840 136 896 169 0.001436 9
1023 151 1040 159 0.001417 9
312 152 324 187 0.001408 9
1013 136 1040 173 0.001393 9
863 137 938 153 0.001393 9
807 148 817 160 0.001391 9
638 141 657 162 0.001390 9
579 64 642 94 0.001355 9
1052 112 1082 146 0.001351 9
804 148 811 157 0.001348 9
557 184 566 197 0.001327 9
1101 170 1128 197 0.001307 9
815 156 859 180 0.001281 9
1089 149 1110 176 0.001268 9
975 135 1012 179 0.001265 9
1036 137 1062 170 0.001264 9
1172 150 1182 162 0.001262 9
1119 64 1135 77 0.001250 9
1064 104 1072 119 0.001247 9
512 166 546 184 0.001241 9
580 64 630 92 0.001235 9
638 140 657 163 0.001229 9
586 117 597 135 0.001227 9
1104 173 1130 213 0.001225 9
119 64 178 78 0.001225 9
581 64 596 88 0.001218 9
1131 164 1154 192 0.001167 9
1102 162 1147 201 0.001165 9
522 174 546 183 0.001164 9
1087 149 1101 190 0.001146 9
1006 136 1027 195 0.001132 9
1009 137 1053 191 0.001132 9
1087 134 1105 178 0.001130 9
831 136 847 152 0.001128 9
1102 164 1147 189 0.001112 9
893 136 937 152 0.001102 9
896 159 905 177 0.001102 9
977 129 1025 177 0.001100 9
589 175 599 185 0.001093 9
340 165 351 187 0.001091 9
803 156 858 199 0.001084 9
809 162 858 181 0.001083 9
580 64 596 91 0.001082 9
1056 152 1065 169 0.001064 9
555 173 567 197 0.001062 9
907 136 937 153 0.001055 9
590 64 626 92 0.001052 9
1024 155 1041 169 0.001037 9
810 159 857 182 0.001021 9
580 64 632 93 0.001020 9
1189 165 1201 185 0.001006 9
1209 136 1230 173 0.000997 9
513 173 546 185 0.000997 9
1101 163 1150 189 0.000996 9
656 152 671 173 0.000989 9
880 154 894 168 0.000976 9
854 137 939 154 0.000975 9
257 145 267 159 0.000972 9
1209 131 1231 174 0.000965 9
975 168 992 184 0.000960 9
1206 124 1232 175 0.000951 9
1102 171 1129 209 0.000943 9
448 156 495 171 0.000927 9
908 136 938 152 0.000910 9
592 64 626 92 0.000890 9
1052 111 1083 146 0.000887 9
1100 161 1149 201 0.000886 9
314 147 354 193 0.000882 9
449 156 490 173 0.000870 9
224 183 231 198 0.000869 9
313 148 359 195 0.000866 9
931 155 944 183 0.000864 9
1054 110 1083 145 0.000864 9
694 177 703 199 0.000862 9
1199 134 1213 180 0.000857 9
852 136 939 154 0.000856 9
1056 109 1065 125 0.000850 9
1087 178 1099 198 0.000842 9
882 155 894 169 0.000835 9
1041 152 1058 168 0.000827 9
862 137 895 150 0.000826 9
693 119 706 153 0.000824 9
119 64 180 79 0.000820 9
591 64 639 92 0.000808 9
867 137 896 170 0.000805 9
811 160 858 182 0.000799 9
370 167 386 197 0.000796 9
1134 165 1155 185 0.000794 9
589 64 640 92 0.000790 9
249 177 256 191 0.000761 9
1055 113 1065 132 0.000761 9
312 148 363 194 0.000758 9
164 64 176 75 0.000748 9
802 158 858 217 0.000748 9
1099 134 1109 167 0.000748 9
1193 161 1201 185 0.000746 9
1056 152 1065 167 0.000743 9
567 147 580 161 0.000736 9
1131 164 1156 224 0.000734 9
1012 135 1035 173 0.000734 9
446 150 541 213 0.000733 9
460 185 479 199 0.000720 9
1073 151 1082 167 0.000717 9
596 64 624 91 0.000716 9
908 273 927 298 0.000711 9
1209 125 1232 172 0.000711 9
859 136 938 169 0.000710 9
1210 125 1222 135 0.000705 9
1224 160 1246 181 0.000700 9
896 154 909 176 0.000699 9
1153 157 1168 184 0.000687 9
802 154 857 192 0.000680 9
1211 161 1246 257 0.000678 9
1101 170 1127 209 0.000673 9
518 168 548 184 0.000671 9
967 174 975 186 0.000671 9
339 163 352 188 0.000664 9
1102 164 1141 192 0.000664 9
449 157 490 173 0.000660 9
1209 123 1232 159 0.000657 9
971 126 1018 173 0.000656 9
588 64 626 92 0.000652 9
586 117 597 136 0.000650 9
1211 159 1249 264 0.000649 9
594 64 627 92 0.000648 9
1150 163 1168 184 0.000645 9
500 151 525 188 0.000632 9
579 64 644 94 0.000630 9
799 118 813 136 0.000628 9
1046 169 1057 184 0.000624 9
975 142 997 184 0.000620 9
657 151 671 173 0.000615 9
807 160 858 189 0.000615 9
1224 158 1249 184 0.000613 9
483 174 496 185 0.000612 9
1052 112 1070 142 0.000611 9
974 187 981 201 0.000602 9
784 154 859 220 0.000602 9
500 152 524 184 0.000599 9
257 143 269 160 0.000593 9
807 160 859 192 0.000591 9
595 64 625 91 0.000584 9
1052 110 1076 146 0.000581 9
257 143 268 160 0.000577 9
1036 135 1065 170 0.000572 9
1209 167 1229 207 0.000568 9
1053 104 1067 125 0.000567 9
992 283 999 295 0.000566 9
579 64 598 92 0.000565 9
655 153 671 174 0.000564 9
1200 131 1222 185 0.000564 9
1096 129 1104 149 0.000562 9
1201 153 1219 193 0.000544 9
976 121 994 161 0.000541 9
638 131 656 162 0.000541 9
638 166 652 184 0.000536 9
314 152 353 196 0.000534 9
1012 138 1041 164 0.000527 9
1081 123 1109 186 0.000523 9
1073 151 1082 167 0.000521 9
863 137 895 150 0.000518 9
215 183 223 197 0.000516 9
313 149 341 190 0.000514 9
1089 149 1134 187 0.000513 9
944 130 951 140 0.000512 9
1045 124 1104 197 0.000507 9
1213 125 1232 150 0.000499 9
465 194 480 216 0.000499 9
1181 158 1228 225 0.000497 9
1215 124 1231 144 0.000497 9
1199 168 1216 208 0.000496 9
312 184 323 196 0.000490 9
695 175 703 195 0.000490 9
1006 154 1062 187 0.000489 9
684 119 707 183 0.000488 9
1079 167 1090 183 0.000485 9
586 117 597 135 0.000485 9
1008 163 1060 202 0.000484 9
257 144 268 160 0.000484 9
1086 154 1109 201 0.000483 9
834 118 861 163 0.000475 9
806 160 858 201 0.000471 9
503 150 525 183 0.000469 9
258 143 268 159 0.000464 9
1196 168 1215 203 0.000463 9
697 149 705 179 0.000463 9
581 64 612 93 0.000461 9
470 188 480 201 0.000461 9
638 130 658 163 0.000451 9
696 128 707 179 0.000451 9
1008 147 1058 187 0.000450 9
1097 134 1109 155 0.000447 9
864 165 870 178 0.000447 9
160 64 177 78 0.000445 9
832 120 856 138 0.000444 9
836 76 849 90 0.000443 9
1113 164 1152 217 0.000441 9
1006 165 1065 202 0.000441 9
577 183 582 200 0.000440 9
682 115 707 214 0.000436 9
1006 166 1064 196 0.000429 9
1149 102 1186 136 0.000427 9
1197 147 1210 185 0.000422 9
684 119 707 184 0.000422 9
1179 159 1241 252 0.000421 9
831 122 850 153 0.000415 9
688 119 706 157 0.000413 9
1168 143 1173 154 0.000411 9
1151 101 1205 137 0.000410 9
801 143 809 157 0.000408 9
1102 164 1136 193 0.000407 9
884 144 908 169 0.000406 9
470 186 480 199 0.000406 9
313 149 326 189 0.000402 9
1148 102 1196 139 0.000401 9
801 147 810 161 0.000401 9
1212 117 1223 132 0.000401 9
1013 153 1061 187 0.000400 9
1184 165 1201 185 0.000399 9
1137 162 1168 188 0.000399 9
1150 102 1185 133 0.000398 9
688 118 705 168 0.000397 9
225 186 231 199 0.000395 9
636 167 658 184 0.000394 9
1074 148 1102 182 0.000392 9
1208 126 1223 136 0.000389 9
1048 121 1106 230 0.000388 9
943 130 953 146 0.000386 9
806 142 822 158 0.000385 9
865 136 935 175 0.000382 9
851 88 859 106 0.000380 9
1150 102 1185 135 0.000380 9
1074 146 1102 178 0.000379 9
1171 143 1183 158 0.000379 9
1149 102 1188 136 0.000377 9
654 152 671 180 0.000373 9
1100 162 1149 232 0.000371 9
586 167 594 185 0.000371 9
1086 132 1137 191 0.000371 9
567 144 580 161 0.000370 9
446 147 527 172 0.000369 9
575 64 597 93 0.000366 9
1198 166 1215 187 0.000365 9
1169 119 1206 136 0.000365 9
866 159 898 178 0.000363 9
870 118 880 135 0.000363 9
999 125 1007 136 0.000363 9
988 138 1006 185 0.000361 9
240 164 248 179 0.000359 9
655 151 671 173 0.000358 9
1006 133 1079 177 0.000357 9
1148 103 1206 137 0.000356 9
512 144 524 180 0.000356 9
986 122 999 171 0.000356 9
937 135 943 147 0.000350 9
589 165 603 185 0.000347 9
959 159 988 168 0.000344 9
638 167 653 185 0.000342 9
1050 119 1060 133 0.000339 9
448 154 520 175 0.000338 9
971 120 995 165 0.000335 9
840 119 870 136 0.000333 9
312 149 331 194 0.000331 9
798 114 834 137 0.000328 9
1050 116 1066 136 0.000320 9
1145 131 1186 183 0.000318 9
463 186 480 201 0.000317 9
828 135 939 170 0.000317 9
585 102 598 136 0.000317 9
257 180 262 191 0.000315 9
1154 135 1169 160 0.000315 9
956 163 985 187 0.000314 9
1102 163 1152 251 0.000312 9
1247 71 1263 96 0.000308 9
959 159 989 168 0.000306 9
896 156 909 178 0.000306 9
564 182 579 201 0.000305 9
810 77 850 91 0.000305 9
1105 165 1142 220 0.000304 9
990 115 998 132 0.000304 9
1043 111 1105 203 0.000304 9
1055 152 1065 178 0.000302 9
1145 100 1203 182 0.000299 9
681 109 707 221 0.000299 9
861 136 936 151 0.000298 9
1165 119 1206 136 0.000297 9
1207 152 1230 191 0.000296 9
895 120 905 138 0.000295 9
1149 103 1184 133 0.000295 9
904 124 912 138 0.000294 9
1170 118 1204 136 0.000292 9
1113 149 1121 163 0.000291 9
695 146 707 183 0.000285 9
807 150 858 177 0.000283 9
582 64 645 105 0.000280 9
1157 103 1206 137 0.000280 9
518 179 551 199 0.000278 9
575 64 596 91 0.000276 9
578 64 645 103 0.000275 9
514 162 529 185 0.000275 9
118 64 199 92 0.000274 9
378 166 389 184 0.000273 9
689 118 706 153 0.000272 9
1162 117 1206 136 0.000271 9
1149 102 1177 135 0.000271 9
1101 157 1143 193 0.000270 9
549 173 580 202 0.000269 9
551 141 559 151 0.000267 9
567 144 581 161 0.000264 9
1150 103 1182 128 0.000264 9
121 165 127 174 0.000258 9
1147 102 1186 172 0.000258 9
1145 131 1174 183 0.000257 9
1149 133 1170 163 0.000256 9
510 152 547 190 0.000256 9
801 155 813 193 0.000256 9
1161 83 1187 97 0.000255 9
1148 101 1206 138 0.000251 9
95 152 104 170 0.000251 9
516 167 563 200 0.000249 9
1131 64 1156 88 0.000247 9
1139 155 1169 186 0.000247 9
799 116 816 136 0.000245 9
531 168 553 185 0.000243 9
532 172 576 200 0.000243 9
926 159 944 186 0.000243 9
1049 106 1070 140 0.000243 9
686 124 707 185 0.000243 9
1044 110 1084 179 0.000241 9
1149 84 1207 136 0.000240 9
1160 83 1189 97 0.000240 9
1079 134 1089 147 0.000238 9
1158 137 1184 170 0.000238 9
1150 103 1169 126 0.000235 9
117 64 196 93 0.000235 9
1248 74 1259 94 0.000233 9
1184 159 1202 187 0.000233 9
512 144 525 182 0.000233 9
808 76 850 90 0.000232 9
832 136 940 166 0.000232 9
870 165 897 177 0.000230 9
457 183 476 201 0.000230 9
1153 96 1206 137 0.000228 9
1073 132 1101 178 0.000228 9
217 186 223 206 0.000227 9
901 262 926 297 0.000227 9
973 181 989 203 0.000225 9
801 153 812 192 0.000224 9
994 130 1091 212 0.000222 9
1040 81 1056 105 0.000222 9
1101 157 1150 189 0.000222 9
829 64 839 69 0.000221 9
248 177 256 191 0.000219 9
1195 126 1226 183 0.000219 9
1131 64 1162 73 0.000218 9
449 154 490 171 0.000218 9
924 161 944 184 0.000217 9
1084 124 1105 174 0.000217 9
1100 151 1140 198 0.000216 9
635 167 658 199 0.000216 9
451 189 471 218 0.000211 9
832 136 939 168 0.000210 9
1010 132 1033 173 0.000209 9
959 160 991 187 0.000206 9
951 160 991 186 0.000205 9
898 243 929 296 0.000205 9
803 181 854 215 0.000205 9
990 115 1027 175 0.000204 9
1244 66 1264 100 0.000203 9
983 119 991 136 0.000203 9
695 181 704 201 0.000199 9
868 64 878 72 0.000196 9
1161 83 1189 97 0.000194 9
1089 128 1144 202 0.000193 9
583 64 647 106 0.000193 9
1248 76 1258 95 0.000193 9
869 119 880 136 0.000192 9
1162 83 1186 97 0.000190 9
527 171 559 200 0.000190 9
1149 104 1169 135 0.000188 9
446 157 520 184 0.000187 9
1101 155 1174 188 0.000187 9
548 173 575 200 0.000187 9
1205 122 1232 192 0.000186 9
171 64 184 73 0.000182 9
543 159 581 202 0.000182 9
1036 128 1065 168 0.000181 9
512 148 545 183 0.000181 9
653 153 671 183 0.000181 9
537 159 581 201 0.000181 9
1128 64 1154 88 0.000180 9
645 126 660 158 0.000179 9
1150 102 1169 126 0.000179 9
1145 103 1209 208 0.000178 9
575 135 581 146 0.000177 9
216 163 223 177 0.000177 9
1124 64 1168 88 0.000177 9
567 137 581 162 0.000176 9
977 118 987 134 0.000175 9
1074 178 1094 200 0.000175 9
456 147 528 174 0.000174 9
831 124 939 168 0.000174 9
899 157 996 204 0.000173 9
959 118 984 163 0.000173 9
1207 112 1223 135 0.000170 9
1146 110 1208 176 0.000169 9
1105 152 1122 174 0.000169 9
624 64 640 84 0.000168 9
579 65 676 214 0.000166 9
1148 125 1172 164 0.000166 9
813 128 836 136 0.000164 9
914 150 945 185 0.000164 9
1036 109 1101 283 0.000164 9
359 154 380 189 0.000163 9
870 158 898 177 0.000163 9
1041 115 1069 159 0.000163 9
1247 70 1263 99 0.000162 9
461 162 476 187 0.000162 9
1123 64 1215 85 0.000162 9
1194 122 1214 140 0.000161 9
1099 160 1230 218 0.000161 9
1121 162 1179 223 0.000160 9
1062 64 1149 76 0.000160 9
575 65 587 94 0.000159 9
442 143 525 172 0.000158 9
813 151 891 182 0.000158 9
959 119 970 132 0.000158 9
1200 127 1233 264 0.000157 9
503 152 557 201 0.000156 9
663 169 671 196 0.000155 9
374 184 393 203 0.000155 9
1071 161 1091 198 0.000155 9
1024 120 1036 129 0.000154 9
1142 118 1213 230 0.000153 9
702 151 713 180 0.000153 9
1153 81 1208 136 0.000152 9
579 64 652 96 0.000152 9
95 169 103 176 0.000152 9
1156 95 1207 137 0.000151 9
322 95 330 118 0.000150 9
482 156 525 201 0.000150 9
849 88 859 105 0.000149 9
1011 127 1041 167 0.000149 9
624 167 656 191 0.000148 9
1036 113 1070 173 0.000147 9
362 157 384 188 0.000146 9
1145 132 1199 191 0.000146 9
624 64 640 88 0.000146 9
702 154 713 181 0.000146 9
442 144 528 170 0.000146 9
327 156 373 192 0.000145 9
963 71 976 80 0.000144 9
556 184 571 199 0.000143 9
95 64 134 72 0.000142 9
681 160 688 182 0.000142 9
808 77 849 90 0.000142 9
907 272 930 311 0.000141 9
577 64 597 95 0.000141 9
901 155 994 188 0.000141 9
1188 132 1209 180 0.000140 9
960 120 985 143 0.000140 9
578 65 672 213 0.000140 9
663 183 671 200 0.000139 9
638 80 656 105 0.000139 9
352 165 368 189 0.000138 9
798 114 821 137 0.000138 9
1142 132 1161 164 0.000138 9
1000 175 1070 221 0.000137 9
544 137 552 152 0.000137 9
782 152 857 219 0.000137 9
331 153 384 194 0.000136 9
1188 144 1209 186 0.000136 9
931 129 1015 171 0.000136 9
312 65 365 197 0.000134 9
580 64 687 219 0.000131 9
256 127 268 161 0.000131 9
938 77 975 92 0.000131 9
651 127 661 143 0.000129 9
118 64 196 83 0.000129 9
431 171 446 194 0.000129 9
836 77 849 93 0.000129 9
928 143 944 179 0.000128 9
1140 101 1210 213 0.000128 9
365 174 384 201 0.000127 9
1215 64 1232 105 0.000127 9
1072 148 1095 193 0.000126 9
682 150 707 213 0.000126 9
625 64 640 80 0.000126 9
585 101 599 136 0.000126 9
1006 109 1090 181 0.000125 9
833 137 939 162 0.000124 9
851 296 863 311 0.000123 9
807 69 873 91 0.000122 9
868 64 887 87 0.000122 9
767 103 784 120 0.000122 9
685 139 708 194 0.000121 9
444 138 535 205 0.000121 9
1036 183 1053 207 0.000121 9
866 64 876 71 0.000120 9
1044 112 1083 172 0.000120 9
637 132 672 175 0.000119 9
904 136 944 185 0.000119 9
880 119 896 140 0.000118 9
1039 79 1073 109 0.000117 9
637 147 658 189 0.000117 9
906 272 955 313 0.000117 9
578 64 640 101 0.000116 9
575 79 585 96 0.000116 9
991 679 1003 698 0.000116 9
358 153 374 190 0.000114 9
697 132 712 181 0.000114 9
264 215 277 232 0.000114 9
686 117 706 154 0.000114 9
313 73 367 196 0.000114 9
378 162 409 185 0.000113 9
1101 163 1231 225 0.000113 9
638 122 655 164 0.000113 9
832 129 940 163 0.000113 9
1000 113 1031 174 0.000113 9
1132 169 1198 218 0.000112 9
526 160 581 202 0.000112 9
873 136 939 176 0.000112 9
1049 105 1067 132 0.000111 9
217 161 223 175 0.000111 9
624 64 652 91 0.000111 9
901 136 941 182 0.000111 9
1171 117 1213 160 0.000110 9
681 181 689 206 0.000110 9
1102 147 1137 182 0.000109 9
1215 64 1232 107 0.000109 9
1075 117 1088 146 0.000108 9
1051 111 1083 147 0.000108 9
812 125 838 136 0.000108 9
256 131 269 160 0.000108 9
429 223 438 233 0.000107 9
670 329 679 344 0.000107 9
870 119 893 139 0.000105 9
905 136 941 186 0.000105 9
638 78 656 105 0.000105 9
592 165 621 185 0.000105 9
637 131 659 171 0.000104 9
553 141 571 151 0.000104 9
624 167 658 202 0.000104 9
371 164 392 202 0.000104 9
516 147 544 176 0.000104 9
1163 137 1204 187 0.000104 9
400 84 409 96 0.000103 9
1039 81 1056 104 0.000101 9
1151 123 1205 186 0.000101 9
1233 198 1256 233 0.068978 11
1182 191 1198 216 0.044363 11
1182 190 1199 216 0.039871 11
1182 191 1199 216 0.038736 11
324 110 366 164 0.014311 11
1236 198 1256 232 0.005806 11
523 183 536 197 0.005616 11
1232 198 1256 232 0.004133 11
1181 182 1200 217 0.003636 11
517 191 527 200 0.003153 11
1052 111 1083 146 0.001760 11
1050 111 1083 146 0.001256 11
1181 170 1200 218 0.001144 11
521 184 539 208 0.000489 11
1096 174 1224 235 0.000140 11
1178 189 1199 216 0.000138 11
1101 163 1234 224 0.000114 11
1178 185 1199 217 0.000111 11
1176 189 1199 218 0.000108 11
