688 192 721 284 0.803999 0
1091 201 1158 328 0.789516 0
1145 192 1170 254 0.737919 0
878 189 908 262 0.659147 0
878 189 908 259 0.624928 0
492 205 516 246 0.546868 0
1068 195 1089 250 0.489188 0
251 200 264 241 0.278971 0
878 190 907 259 0.260197 0
251 200 264 241 0.216315 0
251 200 265 242 0.151159 0
249 200 264 242 0.145160 0
1036 191 1051 230 0.103438 0
492 204 517 246 0.100878 0
1069 195 1088 232 0.093175 0
1036 192 1050 229 0.087036 0
1058 195 1089 252 0.076549 0
1036 191 1050 230 0.070128 0
1037 195 1051 230 0.067360 0
848 199 858 242 0.065697 0
849 199 859 243 0.063268 0
848 199 857 240 0.055671 0
1037 194 1051 230 0.055444 0
1037 200 1051 230 0.055437 0
1037 198 1051 231 0.054996 0
848 200 857 238 0.053160 0
849 199 857 228 0.045011 0
848 198 858 242 0.042531 0
438 192 450 205 0.038755 0
848 199 857 222 0.038491 0
848 199 866 263 0.036703 0
1217 193 1226 209 0.034151 0
438 192 449 205 0.033582 0
490 205 515 247 0.032313 0
848 199 866 264 0.030230 0
848 199 865 260 0.028871 0
1217 192 1226 210 0.027792 0
1217 193 1228 233 0.027617 0
488 204 517 252 0.025122 0
437 192 449 206 0.025100 0
849 198 868 265 0.023613 0
848 199 865 241 0.021966 0
1069 193 1088 222 0.021946 0
1217 193 1226 210 0.021264 0
1217 193 1227 221 0.019063 0
1274 201 1279 252 0.018598 0
849 194 868 266 0.017841 0
492 205 516 240 0.017618 0
1272 200 1279 253 0.017232 0
1274 202 1279 252 0.016477 0
438 192 452 219 0.016354 0
848 198 865 269 0.015918 0
848 195 867 274 0.015284 0
1034 193 1051 230 0.015073 0
437 192 452 218 0.014831 0
1060 196 1088 251 0.014774 0
1217 193 1227 233 0.014677 0
1113 193 1120 203 0.014297 0
1071 193 1089 222 0.014179 0
848 199 864 239 0.013489 0
437 192 453 213 0.012516 0
1217 204 1229 234 0.012479 0
1068 196 1090 256 0.012264 0
488 210 509 246 0.011781 0
1217 205 1230 234 0.010838 0
1012 201 1025 226 0.010458 0
1035 191 1050 230 0.010321 0
1035 192 1053 230 0.009817 0
1272 200 1279 252 0.009760 0
1217 193 1229 234 0.009267 0
437 192 453 225 0.009010 0
1210 193 1219 215 0.009002 0
1037 198 1053 231 0.008758 0
924 208 942 252 0.008454 0
1037 200 1053 231 0.008156 0
1068 198 1083 218 0.008017 0
1209 194 1218 214 0.007598 0
1218 213 1230 234 0.007333 0
1160 207 1175 250 0.007069 0
1159 206 1174 248 0.007040 0
1273 203 1279 267 0.006909 0
631 202 645 230 0.006886 0
1110 193 1120 208 0.006804 0
1035 191 1054 230 0.006525 0
1268 201 1279 265 0.006182 0
470 201 476 217 0.005524 0
470 199 478 216 0.005427 0
1271 197 1279 250 0.005206 0
849 200 871 242 0.004955 0
1217 193 1228 229 0.004955 0
1217 192 1229 218 0.004857 0
924 206 945 253 0.004851 0
1209 193 1220 210 0.004786 0
848 183 857 224 0.004747 0
925 207 943 253 0.004678 0
926 204 945 253 0.004457 0
242 203 252 239 0.004408 0
1038 201 1053 231 0.004385 0
1056 198 1089 257 0.004377 0
1057 196 1088 252 0.004350 0
493 195 517 234 0.004295 0
437 192 453 224 0.004291 0
1230 169 1247 230 0.004281 0
633 202 644 216 0.004234 0
1056 201 1088 249 0.004079 0
251 200 265 245 0.003998 0
1231 169 1246 181 0.003986 0
1231 169 1247 228 0.003904 0
1084 193 1094 217 0.003897 0
491 197 516 240 0.003878 0
925 206 944 253 0.003862 0
1271 204 1279 271 0.003828 0
470 201 477 216 0.003758 0
849 205 874 266 0.003755 0
631 202 644 231 0.003742 0
787 198 793 213 0.003680 0
924 208 940 252 0.003638 0
242 213 251 239 0.003623 0
1232 169 1246 180 0.003546 0
535 204 543 217 0.003532 0
1087 190 1095 213 0.003518 0
844 194 867 282 0.003514 0
786 197 794 215 0.003434 0
241 200 252 240 0.003376 0
1008 207 1025 228 0.003360 0
1266 199 1279 268 0.003337 0
242 210 251 240 0.003145 0
490 204 514 246 0.002964 0
866 180 915 269 0.002931 0
963 370 984 392 0.002816 0
1227 167 1248 234 0.002804 0
499 205 517 234 0.002703 0
1145 192 1162 225 0.002655 0
1262 200 1279 265 0.002622 0
964 370 983 391 0.002616 0
375 185 386 202 0.002575 0
434 192 449 206 0.002497 0
965 372 980 391 0.002496 0
1261 167 1279 250 0.002482 0
1148 223 1171 253 0.002424 0
241 215 251 240 0.002395 0
1261 170 1279 227 0.002375 0
1227 197 1256 234 0.002326 0
925 206 943 253 0.002276 0
1228 168 1249 233 0.002241 0
1160 206 1174 223 0.002222 0
1109 195 1119 206 0.002136 0
632 202 645 216 0.002130 0
1259 174 1279 233 0.002130 0
1261 164 1279 266 0.002099 0
1085 194 1096 221 0.002014 0
1104 192 1119 210 0.002012 0
693 190 704 206 0.002004 0
1073 196 1098 248 0.001994 0
1262 200 1279 268 0.001992 0
964 368 986 392 0.001965 0
964 370 981 390 0.001954 0
930 201 945 241 0.001950 0
1159 202 1171 222 0.001930 0
1145 191 1164 227 0.001898 0
1065 197 1083 221 0.001870 0
1072 484 1080 500 0.001828 0
1161 215 1175 250 0.001820 0
241 198 253 239 0.001804 0
1265 197 1279 279 0.001778 0
214 200 224 226 0.001696 0
858 223 875 265 0.001653 0
641 690 667 703 0.001651 0
1066 219 1079 251 0.001643 0
1265 206 1279 281 0.001639 0
1222 159 1249 234 0.001613 0
1261 168 1279 228 0.001612 0
689 190 720 238 0.001608 0
803 185 815 215 0.001546 0
882 189 907 228 0.001521 0
853 208 872 237 0.001500 0
494 187 517 220 0.001487 0
639 689 670 703 0.001469 0
959 370 981 406 0.001449 0
503 196 519 222 0.001432 0
1259 180 1279 238 0.001421 0
879 196 898 224 0.001407 0
639 690 656 703 0.001407 0
213 198 224 225 0.001399 0
1261 151 1279 264 0.001325 0
1076 179 1102 284 0.001307 0
1103 194 1120 226 0.001300 0
950 273 959 293 0.001299 0
879 195 912 262 0.001289 0
960 372 980 392 0.001281 0
493 188 515 217 0.001238 0
631 202 645 231 0.001234 0
1105 195 1119 211 0.001211 0
492 192 517 249 0.001209 0
242 216 251 240 0.001206 0
1260 167 1279 239 0.001182 0
959 372 981 401 0.001167 0
251 198 265 241 0.001160 0
863 438 878 463 0.001156 0
862 436 877 456 0.001154 0
863 436 880 478 0.001116 0
1071 484 1081 502 0.001113 0
926 212 939 253 0.001099 0
375 186 388 205 0.001097 0
1213 196 1267 262 0.001088 0
863 438 880 476 0.001074 0
877 192 951 263 0.001067 0
1207 201 1228 235 0.001058 0
855 202 866 270 0.001057 0
863 439 879 456 0.001051 0
880 189 906 228 0.001036 0
1073 195 1119 305 0.001031 0
1184 210 1206 237 0.001003 0
215 196 224 223 0.000998 0
915 454 928 483 0.000995 0
437 192 454 249 0.000965 0
1093 195 1103 212 0.000953 0
1056 207 1106 336 0.000950 0
784 192 794 212 0.000946 0
959 369 986 407 0.000945 0
784 197 794 233 0.000941 0
850 178 927 273 0.000928 0
924 205 946 253 0.000909 0
1104 202 1116 223 0.000906 0
1055 488 1066 498 0.000903 0
638 679 672 703 0.000898 0
858 437 877 479 0.000896 0
1044 278 1058 296 0.000894 0
915 473 927 486 0.000894 0
1089 185 1105 212 0.000884 0
864 442 879 456 0.000884 0
433 192 452 220 0.000876 0
465 194 477 215 0.000872 0
833 478 840 486 0.000860 0
1248 216 1264 234 0.000858 0
848 196 872 238 0.000819 0
968 368 991 392 0.000806 0
861 433 873 456 0.000802 0
916 473 928 483 0.000797 0
960 371 980 397 0.000789 0
437 192 454 250 0.000782 0
958 371 980 406 0.000780 0
816 210 826 222 0.000780 0
863 220 873 234 0.000776 0
789 331 809 345 0.000771 0
631 202 653 231 0.000753 0
1071 481 1080 498 0.000747 0
639 689 671 703 0.000743 0
916 200 949 252 0.000737 0
492 202 527 248 0.000728 0
671 208 681 233 0.000728 0
1057 215 1104 307 0.000708 0
312 185 323 198 0.000705 0
1248 200 1264 232 0.000704 0
1188 213 1213 239 0.000701 0
386 197 396 206 0.000695 0
1092 200 1104 222 0.000689 0
921 213 932 245 0.000687 0
960 370 982 393 0.000687 0
1055 196 1086 246 0.000671 0
1062 193 1089 224 0.000666 0
1135 446 1143 458 0.000643 0
878 436 889 457 0.000631 0
803 185 823 219 0.000627 0
387 198 396 206 0.000622 0
469 201 478 223 0.000616 0
1055 207 1112 354 0.000606 0
688 196 721 283 0.000604 0
690 228 714 283 0.000604 0
670 208 679 231 0.000601 0
1202 213 1246 247 0.000600 0
1036 185 1051 230 0.000598 0
213 198 221 226 0.000588 0
958 370 981 407 0.000571 0
878 439 889 465 0.000571 0
1004 200 1069 298 0.000563 0
1040 455 1048 464 0.000558 0
1193 379 1211 415 0.000544 0
1055 220 1092 296 0.000543 0
860 432 887 458 0.000542 0
476 203 485 217 0.000541 0
1089 210 1107 244 0.000539 0
854 212 869 280 0.000538 0
611 154 624 184 0.000537 0
483 205 516 249 0.000536 0
264 200 273 237 0.000533 0
374 184 389 202 0.000533 0
1068 167 1253 291 0.000532 0
807 192 855 241 0.000531 0
350 189 358 200 0.000530 0
671 208 680 232 0.000528 0
876 436 899 482 0.000525 0
1056 224 1093 295 0.000525 0
1050 214 1098 306 0.000520 0
973 370 991 392 0.000517 0
1159 199 1174 232 0.000517 0
878 439 890 461 0.000513 0
1135 443 1148 472 0.000512 0
973 369 991 392 0.000511 0
1179 207 1205 235 0.000510 0
1211 166 1246 224 0.000509 0
824 182 907 285 0.000506 0
387 198 397 206 0.000505 0
647 191 656 210 0.000505 0
913 454 928 479 0.000499 0
1116 222 1157 259 0.000495 0
1193 383 1206 400 0.000491 0
346 188 353 199 0.000490 0
1263 252 1279 271 0.000490 0
1045 483 1053 491 0.000485 0
628 202 645 218 0.000481 0
1247 197 1266 233 0.000466 0
1262 69 1279 272 0.000465 0
1230 188 1279 364 0.000462 0
1199 406 1207 415 0.000457 0
848 181 867 235 0.000451 0
516 191 527 213 0.000451 0
784 329 815 391 0.000443 0
1056 222 1101 292 0.000435 0
891 237 916 293 0.000429 0
717 211 728 233 0.000427 0
543 193 551 207 0.000425 0
913 457 928 485 0.000415 0
687 199 699 225 0.000414 0
1210 165 1235 213 0.000413 0
641 206 653 216 0.000411 0
1040 147 1232 293 0.000404 0
879 197 910 246 0.000404 0
796 294 848 344 0.000404 0
688 190 704 219 0.000403 0
786 197 797 215 0.000403 0
862 432 890 459 0.000396 0
612 153 623 177 0.000389 0
611 152 624 175 0.000386 0
1247 194 1274 230 0.000385 0
1108 183 1126 206 0.000378 0
654 191 661 214 0.000376 0
959 368 987 410 0.000375 0
1056 116 1104 276 0.000375 0
1202 365 1231 427 0.000374 0
1066 153 1278 299 0.000367 0
1263 206 1279 297 0.000365 0
803 201 825 237 0.000365 0
654 198 662 217 0.000364 0
786 197 798 233 0.000360 0
992 455 999 464 0.000358 0
1086 152 1107 214 0.000356 0
1009 431 1015 439 0.000355 0
796 292 849 344 0.000355 0
1056 490 1066 501 0.000351 0
918 214 932 245 0.000351 0
639 675 672 703 0.000348 0
1181 168 1201 217 0.000347 0
901 197 951 251 0.000346 0
958 372 980 407 0.000338 0
1055 239 1160 331 0.000335 0
862 206 913 272 0.000334 0
992 283 998 295 0.000333 0
213 197 221 222 0.000333 0
1054 205 1110 346 0.000330 0
823 464 831 472 0.000330 0
1193 360 1229 423 0.000330 0
374 184 393 204 0.000330 0
577 185 582 201 0.000329 0
183 197 192 207 0.000323 0
991 383 1024 464 0.000321 0
1149 191 1169 221 0.000321 0
799 293 846 343 0.000320 0
1000 385 1023 408 0.000314 0
1232 181 1279 371 0.000313 0
1050 227 1083 297 0.000312 0
1057 144 1270 308 0.000310 0
266 198 272 211 0.000309 0
1102 219 1152 284 0.000307 0
998 386 1023 407 0.000304 0
800 288 850 344 0.000300 0
655 197 661 216 0.000297 0
876 438 923 480 0.000294 0
1056 219 1102 297 0.000293 0
1263 71 1279 272 0.000291 0
439 161 953 283 0.000279 0
486 198 505 217 0.000279 0
681 199 690 216 0.000277 0
1201 255 1226 271 0.000275 0
1207 252 1227 271 0.000275 0
374 184 393 203 0.000275 0
607 154 623 183 0.000275 0
1189 359 1223 418 0.000274 0
1039 201 1230 294 0.000274 0
373 177 387 203 0.000272 0
821 296 848 345 0.000268 0
925 444 933 459 0.000268 0
1188 357 1225 417 0.000267 0
913 474 928 487 0.000266 0
1095 166 1125 213 0.000265 0
1020 440 1039 464 0.000264 0
331 184 343 199 0.000263 0
1068 175 1093 222 0.000262 0
1203 370 1232 427 0.000260 0
904 206 928 249 0.000259 0
1100 199 1137 234 0.000259 0
998 196 1072 302 0.000258 0
1266 147 1279 185 0.000257 0
1101 195 1131 221 0.000252 0
1260 155 1279 183 0.000251 0
835 200 865 283 0.000251 0
1190 369 1218 419 0.000248 0
242 202 264 250 0.000247 0
1016 367 1023 374 0.000246 0
1143 189 1212 243 0.000245 0
880 439 896 458 0.000244 0
1203 233 1236 273 0.000242 0
688 189 724 238 0.000242 0
1135 440 1153 473 0.000241 0
366 182 385 202 0.000240 0
457 203 466 216 0.000239 0
1007 454 1022 474 0.000237 0
800 189 826 238 0.000237 0
1040 225 1093 297 0.000237 0
1215 389 1232 433 0.000236 0
875 439 930 484 0.000235 0
801 184 816 233 0.000234 0
264 209 275 238 0.000232 0
502 204 529 248 0.000230 0
1264 64 1279 76 0.000230 0
1214 383 1232 429 0.000229 0
1090 449 1104 480 0.000225 0
991 288 1024 345 0.000225 0
1033 223 1094 296 0.000224 0
1145 199 1208 251 0.000224 0
1055 210 1120 360 0.000223 0
199 210 206 218 0.000222 0
1104 179 1126 205 0.000222 0
1215 377 1232 428 0.000222 0
879 440 896 460 0.000222 0
1210 374 1232 428 0.000220 0
1044 278 1068 296 0.000219 0
796 295 842 344 0.000216 0
631 189 656 214 0.000213 0
906 336 924 349 0.000213 0
608 153 624 181 0.000212 0
799 159 816 234 0.000210 0
1261 140 1279 183 0.000210 0
1197 364 1226 411 0.000205 0
1091 447 1104 477 0.000205 0
465 201 475 225 0.000205 0
1263 64 1279 75 0.000204 0
851 231 869 282 0.000204 0
1051 191 1069 222 0.000202 0
682 202 691 221 0.000202 0
878 189 906 261 0.000202 0
1168 211 1191 231 0.000200 0
992 381 1024 464 0.000200 0
457 200 473 218 0.000198 0
688 201 713 262 0.000196 0
1264 481 1279 698 0.000195 0
830 204 869 281 0.000191 0
665 187 671 208 0.000191 0
437 193 455 267 0.000190 0
261 206 275 237 0.000188 0
239 194 256 242 0.000187 0
960 368 992 409 0.000186 0
1051 238 1079 332 0.000186 0
900 214 926 262 0.000185 0
832 471 841 480 0.000184 0
995 384 1024 430 0.000183 0
786 199 800 235 0.000183 0
935 453 942 464 0.000183 0
1135 441 1152 473 0.000182 0
1055 487 1075 499 0.000181 0
786 330 813 390 0.000181 0
1044 481 1055 491 0.000181 0
993 385 1024 424 0.000180 0
1091 204 1158 333 0.000180 0
657 695 819 703 0.000180 0
802 285 850 344 0.000179 0
1006 292 1024 345 0.000178 0
181 196 191 208 0.000178 0
1020 440 1037 464 0.000177 0
950 246 959 254 0.000177 0
991 381 1024 466 0.000175 0
798 259 837 345 0.000174 0
665 192 672 217 0.000173 0
781 316 826 344 0.000173 0
1043 484 1065 498 0.000172 0
688 198 719 284 0.000171 0
689 222 712 282 0.000171 0
783 328 810 344 0.000171 0
206 202 216 223 0.000170 0
1072 456 1092 475 0.000170 0
798 288 852 344 0.000170 0
426 153 950 270 0.000170 0
604 154 624 184 0.000167 0
715 193 727 214 0.000167 0
1264 341 1279 504 0.000167 0
159 205 171 218 0.000166 0
1264 64 1279 74 0.000165 0
665 198 674 220 0.000163 0
957 345 994 394 0.000163 0
1023 440 1040 464 0.000163 0
620 196 728 287 0.000162 0
319 203 331 224 0.000160 0
867 201 903 256 0.000159 0
1072 456 1092 473 0.000159 0
990 286 1024 344 0.000159 0
453 185 493 274 0.000158 0
1185 381 1212 411 0.000158 0
798 263 853 344 0.000157 0
1264 302 1279 464 0.000156 0
794 249 834 348 0.000155 0
1127 444 1135 463 0.000154 0
798 283 856 344 0.000153 0
800 414 808 422 0.000153 0
610 153 624 181 0.000152 0
417 192 452 208 0.000151 0
1085 456 1098 473 0.000149 0
1075 330 1093 362 0.000148 0
688 215 708 282 0.000147 0
785 327 847 344 0.000147 0
610 168 622 186 0.000147 0
846 265 854 282 0.000146 0
669 695 812 703 0.000144 0
801 440 807 448 0.000144 0
752 464 760 472 0.000143 0
1184 381 1215 416 0.000142 0
1099 163 1162 295 0.000140 0
1182 191 1211 228 0.000140 0
992 385 1023 424 0.000140 0
1264 350 1279 514 0.000139 0
945 361 994 462 0.000139 0
1081 456 1099 476 0.000138 0
909 454 928 470 0.000138 0
929 201 1261 328 0.000138 0
799 295 835 343 0.000137 0
1042 278 1058 296 0.000137 0
1214 368 1223 389 0.000137 0
1181 186 1210 217 0.000136 0
823 308 848 344 0.000134 0
446 194 467 216 0.000134 0
689 231 711 283 0.000134 0
399 165 950 282 0.000133 0
813 185 857 238 0.000133 0
1181 172 1217 217 0.000132 0
1199 503 1212 513 0.000131 0
1043 278 1070 296 0.000130 0
1270 141 1279 171 0.000130 0
631 203 655 230 0.000129 0
255 208 274 242 0.000129 0
783 198 794 235 0.000129 0
1205 256 1229 273 0.000129 0
1011 455 1025 469 0.000128 0
1216 388 1232 437 0.000128 0
1030 234 1074 296 0.000127 0
472 201 516 245 0.000127 0
867 194 891 242 0.000126 0
799 295 832 343 0.000124 0
1147 181 1163 215 0.000123 0
1041 323 1054 334 0.000123 0
1122 205 1144 238 0.000123 0
616 195 725 285 0.000123 0
1134 437 1151 471 0.000122 0
435 216 572 255 0.000122 0
1198 366 1238 428 0.000121 0
1098 163 1223 312 0.000121 0
1014 104 1225 301 0.000121 0
312 187 325 199 0.000120 0
880 470 896 484 0.000120 0
626 686 666 703 0.000119 0
980 113 1149 320 0.000118 0
1134 438 1153 473 0.000116 0
957 369 981 427 0.000115 0
1010 479 1025 491 0.000115 0
1044 110 1096 279 0.000115 0
761 198 842 345 0.000114 0
1261 135 1279 177 0.000114 0
1135 439 1153 474 0.000114 0
1215 382 1232 437 0.000114 0
246 200 269 263 0.000113 0
1035 272 1060 296 0.000112 0
1166 376 1180 393 0.000112 0
989 285 1025 346 0.000111 0
756 254 846 346 0.000111 0
1039 181 1061 211 0.000109 0
674 198 864 282 0.000109 0
815 470 827 478 0.000106 0
1041 323 1054 334 0.000106 0
997 294 1024 345 0.000106 0
1231 458 1242 471 0.000106 0
684 198 810 284 0.000104 0
453 155 949 410 0.000102 0
1262 223 1279 295 0.000102 0
819 286 851 343 0.000102 0
1263 482 1279 701 0.000102 0
815 466 842 478 0.000102 0
890 262 918 296 0.000101 0
849 429 887 457 0.000101 0
925 440 933 456 0.000101 0
209 198 221 221 0.000100 0
906 327 927 348 0.000100 0
1087 255 1167 352 0.874362 1
485 222 522 255 0.775152 1
868 220 913 273 0.509612 1
867 221 916 273 0.479432 1
867 220 917 274 0.422173 1
1058 219 1094 262 0.416773 1
1058 220 1095 262 0.412654 1
868 220 910 272 0.201642 1
1059 221 1099 262 0.190115 1
1057 220 1092 262 0.158576 1
1142 228 1160 256 0.103325 1
1057 221 1093 262 0.101900 1
867 221 893 272 0.076798 1
867 221 894 273 0.064701 1
1141 229 1158 258 0.045139 1
1141 229 1158 256 0.044102 1
1140 228 1157 252 0.043991 1
867 221 919 283 0.034892 1
867 228 890 273 0.031079 1
1145 229 1159 257 0.029216 1
867 225 890 273 0.027953 1
868 222 894 269 0.017453 1
1132 226 1158 258 0.015597 1
21 218 72 257 0.014369 1
1147 224 1170 254 0.014041 1
1083 222 1098 248 0.013094 1
1082 221 1099 248 0.012889 1
866 226 915 289 0.012747 1
883 227 917 268 0.012260 1
1069 242 1092 262 0.012141 1
1142 221 1179 253 0.012136 1
1142 226 1175 254 0.011345 1
866 224 917 290 0.011033 1
21 216 68 254 0.010915 1
22 223 72 258 0.008855 1
21 216 72 255 0.008117 1
874 228 918 272 0.007993 1
870 223 917 291 0.007576 1
22 216 72 256 0.007301 1
871 221 896 268 0.007287 1
1056 220 1090 261 0.007261 1
21 218 72 256 0.007120 1
22 219 72 257 0.007030 1
1040 222 1090 261 0.006834 1
1133 226 1157 255 0.006665 1
20 220 72 257 0.006492 1
23 216 59 247 0.006420 1
1149 229 1169 255 0.006334 1
22 226 73 257 0.005316 1
23 222 71 258 0.005289 1
22 216 66 252 0.005234 1
23 214 51 247 0.005140 1
1127 228 1158 259 0.005079 1
1056 220 1078 259 0.004948 1
24 215 43 246 0.004937 1
865 224 911 287 0.004816 1
1079 224 1098 263 0.004596 1
23 216 42 246 0.004577 1
25 215 43 245 0.004491 1
893 224 913 263 0.004346 1
1147 215 1171 253 0.003910 1
518 232 530 249 0.003749 1
1057 219 1082 250 0.003470 1
1115 255 1160 332 0.003466 1
1115 255 1166 349 0.003443 1
1117 255 1167 351 0.003413 1
47 233 74 256 0.003393 1
868 221 919 293 0.003320 1
47 226 74 256 0.003157 1
47 235 73 256 0.002997 1
515 230 532 249 0.002973 1
1055 237 1091 262 0.002865 1
491 205 520 252 0.002830 1
23 223 41 247 0.002736 1
1115 254 1168 351 0.002696 1
872 227 919 284 0.002593 1
47 234 74 256 0.002551 1
487 215 524 251 0.002244 1
885 221 908 261 0.002229 1
22 214 65 250 0.002175 1
1115 255 1161 339 0.002108 1
1122 256 1167 352 0.002088 1
18 215 44 246 0.002069 1
866 224 917 287 0.002038 1
1089 221 1104 248 0.001982 1
889 226 919 292 0.001954 1
0 225 41 257 0.001893 1
1114 256 1154 330 0.001852 1
1087 272 1141 343 0.001805 1
1088 273 1124 343 0.001784 1
0 226 41 259 0.001709 1
14 216 43 246 0.001682 1
1087 274 1118 342 0.001677 1
1090 222 1102 248 0.001651 1
1088 275 1119 343 0.001651 1
868 257 915 291 0.001582 1
1087 274 1116 332 0.001560 1
1145 232 1158 261 0.001489 1
1131 268 1165 352 0.001473 1
1056 220 1074 244 0.001436 1
860 230 876 266 0.001370 1
0 225 42 248 0.001311 1
495 223 523 254 0.001282 1
923 273 959 298 0.001272 1
1089 222 1103 257 0.001259 1
1117 230 1159 267 0.001257 1
925 273 960 301 0.001191 1
1115 255 1161 334 0.001189 1
110 237 156 263 0.001184 1
1131 289 1167 352 0.001183 1
118 237 156 253 0.001162 1
861 231 885 271 0.001140 1
1088 272 1158 345 0.001133 1
1134 295 1166 352 0.001132 1
866 254 914 291 0.001100 1
1088 273 1113 314 0.001099 1
857 221 891 279 0.001075 1
919 273 959 297 0.001075 1
504 218 533 250 0.001061 1
949 273 959 300 0.001059 1
1133 291 1165 352 0.000991 1
113 236 156 258 0.000987 1
1088 273 1152 341 0.000966 1
48 219 73 254 0.000962 1
1134 300 1167 352 0.000908 1
1117 256 1153 328 0.000902 1
121 237 156 252 0.000879 1
519 232 534 248 0.000879 1
895 228 919 268 0.000878 1
1116 256 1150 329 0.000874 1
1133 293 1167 352 0.000868 1
895 231 920 271 0.000859 1
891 263 913 289 0.000854 1
926 278 959 298 0.000845 1
1087 274 1114 332 0.000835 1
47 224 80 257 0.000820 1
1135 305 1168 352 0.000799 1
116 237 156 258 0.000789 1
892 224 919 268 0.000764 1
1087 278 1117 343 0.000726 1
519 233 535 248 0.000724 1
1088 273 1132 339 0.000717 1
484 213 519 250 0.000694 1
1134 300 1164 352 0.000694 1
946 275 960 304 0.000685 1
1116 255 1155 321 0.000682 1
926 274 960 307 0.000664 1
1087 274 1111 308 0.000626 1
488 220 523 255 0.000621 1
1088 282 1118 343 0.000615 1
950 272 959 294 0.000598 1
1111 256 1149 330 0.000592 1
1087 280 1162 348 0.000585 1
895 229 922 289 0.000575 1
14 229 74 272 0.000557 1
920 272 959 296 0.000550 1
1154 311 1169 353 0.000544 1
1088 272 1114 304 0.000526 1
1116 256 1156 313 0.000518 1
117 218 161 253 0.000515 1
1109 257 1151 324 0.000510 1
19 231 75 270 0.000499 1
1088 275 1155 344 0.000479 1
1115 250 1158 272 0.000476 1
913 270 960 296 0.000474 1
1116 255 1161 349 0.000448 1
1088 294 1163 352 0.000424 1
868 220 885 249 0.000415 1
16 212 46 248 0.000411 1
109 222 162 254 0.000407 1
1136 308 1169 354 0.000406 1
1089 244 1135 315 0.000403 1
852 228 909 286 0.000394 1
1152 310 1169 359 0.000392 1
716 214 727 235 0.000389 1
863 259 914 291 0.000377 1
1159 312 1169 350 0.000377 1
117 218 173 254 0.000374 1
1087 274 1110 302 0.000374 1
1098 297 1166 352 0.000369 1
127 237 155 253 0.000368 1
1151 324 1197 366 0.000362 1
503 217 535 249 0.000349 1
1134 306 1164 352 0.000337 1
121 237 156 259 0.000335 1
926 279 960 308 0.000333 1
1115 253 1156 288 0.000333 1
1088 279 1154 334 0.000329 1
907 272 959 298 0.000326 1
867 203 957 293 0.000320 1
1093 248 1158 292 0.000315 1
906 268 959 297 0.000314 1
45 233 75 265 0.000303 1
1116 237 1159 288 0.000301 1
507 231 529 254 0.000301 1
1155 318 1196 361 0.000295 1
1130 309 1164 351 0.000294 1
106 237 157 264 0.000291 1
1120 255 1153 297 0.000290 1
1089 270 1116 303 0.000290 1
1158 311 1168 349 0.000290 1
1085 225 1114 307 0.000287 1
0 224 73 274 0.000287 1
47 216 71 238 0.000283 1
1117 253 1153 287 0.000283 1
1130 268 1169 350 0.000280 1
1127 228 1187 268 0.000280 1
1090 273 1115 312 0.000278 1
867 203 918 273 0.000272 1
126 216 168 240 0.000271 1
926 275 960 343 0.000256 1
12 208 43 238 0.000251 1
1114 254 1168 339 0.000251 1
930 272 960 342 0.000244 1
1089 302 1162 350 0.000243 1
1112 251 1157 275 0.000241 1
864 222 916 278 0.000233 1
1149 338 1197 376 0.000233 1
1091 237 1156 303 0.000232 1
1056 225 1113 292 0.000231 1
1089 288 1130 343 0.000218 1
1100 253 1155 308 0.000218 1
1087 250 1145 326 0.000215 1
1159 311 1168 341 0.000214 1
1159 327 1196 359 0.000211 1
15 207 58 245 0.000211 1
1115 253 1161 300 0.000210 1
907 274 959 298 0.000207 1
0 226 45 272 0.000205 1
118 220 180 254 0.000203 1
1158 336 1196 359 0.000203 1
1147 333 1196 397 0.000192 1
866 193 965 279 0.000185 1
1152 341 1197 371 0.000182 1
1091 235 1149 322 0.000181 1
1055 221 1115 300 0.000179 1
1105 258 1164 352 0.000174 1
126 215 153 238 0.000172 1
49 219 89 256 0.000171 1
1150 319 1169 365 0.000169 1
1151 341 1198 392 0.000169 1
712 215 726 241 0.000169 1
855 226 919 294 0.000166 1
126 214 165 238 0.000163 1
1053 257 1119 339 0.000163 1
1090 263 1135 326 0.000158 1
135 219 171 240 0.000157 1
1152 333 1168 364 0.000153 1
1095 275 1127 322 0.000151 1
1051 246 1119 323 0.000148 1
119 229 196 255 0.000146 1
1079 255 1164 334 0.000143 1
1082 285 1115 342 0.000140 1
1085 292 1117 345 0.000138 1
129 214 168 239 0.000136 1
1110 233 1169 294 0.000135 1
1125 255 1169 350 0.000135 1
926 281 960 340 0.000134 1
895 274 961 311 0.000128 1
1089 293 1149 340 0.000127 1
902 243 929 295 0.000124 1
456 203 533 264 0.000123 1
1089 256 1276 357 0.000122 1
1176 344 1196 359 0.000121 1
1161 330 1198 359 0.000121 1
9 209 99 258 0.000120 1
103 240 156 264 0.000118 1
477 204 518 249 0.000117 1
1092 220 1161 336 0.000115 1
1084 255 1164 349 0.000114 1
114 235 202 263 0.000107 1
57 233 95 265 0.000106 1
1149 323 1197 383 0.000105 1
14 228 90 283 0.000101 1
1002 197 1055 230 0.049428 2
1002 198 1051 230 0.041377 2
1004 198 1052 230 0.040341 2
1005 197 1057 230 0.038619 2
983 197 1053 230 0.037178 2
985 197 1055 230 0.036306 2
1002 198 1046 230 0.033067 2
1002 196 1051 230 0.032941 2
985 197 1055 231 0.028791 2
984 196 1054 230 0.020903 2
985 197 1062 252 0.018751 2
989 197 1062 253 0.017501 2
1005 198 1042 229 0.016935 2
982 197 1060 251 0.015421 2
986 199 1040 230 0.013404 2
997 198 1040 229 0.013216 2
822 329 847 344 0.012388 2
985 199 1040 229 0.012220 2
983 200 1040 229 0.010811 2
996 195 1063 253 0.009995 2
985 198 1064 256 0.009957 2
994 196 1065 258 0.007797 2
983 207 1034 229 0.007531 2
822 329 848 344 0.007251 2
982 204 1020 228 0.006623 2
861 177 953 215 0.006430 2
874 192 954 253 0.005556 2
871 194 954 213 0.005449 2
983 209 1016 229 0.005398 2
604 200 649 216 0.005236 2
820 329 848 345 0.004804 2
981 206 1042 243 0.004319 2
1005 208 1040 230 0.003967 2
1264 200 1279 260 0.003898 2
992 206 1039 231 0.003767 2
605 201 647 216 0.003659 2
981 205 1002 228 0.003630 2
964 204 987 223 0.003607 2
982 209 1000 228 0.003466 2
983 199 1021 228 0.003443 2
848 471 869 479 0.003435 2
960 204 985 223 0.003320 2
867 177 951 213 0.003238 2
974 196 1056 243 0.003087 2
978 198 1063 257 0.002948 2
607 201 647 216 0.002923 2
1005 207 1040 231 0.002816 2
981 208 1019 242 0.002795 2
932 199 953 206 0.002607 2
878 197 953 210 0.002594 2
526 203 546 218 0.002591 2
534 201 555 218 0.002502 2
917 199 953 208 0.002486 2
868 177 953 205 0.002429 2
959 203 985 225 0.002400 2
908 198 953 208 0.002358 2
818 329 848 362 0.002330 2
862 177 948 201 0.002292 2
872 197 957 244 0.002138 2
589 183 621 200 0.002121 2
986 192 1060 233 0.002082 2
632 202 645 216 0.002019 2
969 206 986 225 0.001908 2
950 203 982 223 0.001901 2
1004 214 1023 229 0.001880 2
972 201 1060 253 0.001843 2
959 200 988 223 0.001776 2
1242 198 1279 267 0.001723 2
916 200 977 254 0.001669 2
848 470 871 479 0.001647 2
920 198 980 223 0.001611 2
913 199 981 224 0.001556 2
979 208 998 245 0.001524 2
1005 202 1070 259 0.001502 2
592 195 657 216 0.001428 2
977 212 1041 250 0.001398 2
1120 489 1134 496 0.001397 2
819 329 848 363 0.001393 2
1104 488 1121 497 0.001393 2
588 184 645 215 0.001392 2
1007 193 1053 226 0.001391 2
537 203 554 217 0.001351 2
962 200 990 223 0.001351 2
1104 487 1117 495 0.001339 2
1261 210 1276 230 0.001332 2
1224 159 1274 181 0.001293 2
1263 350 1279 399 0.001288 2
642 260 1273 361 0.001251 2
912 192 982 224 0.001246 2
538 200 555 217 0.001240 2
1186 343 1279 411 0.001234 2
816 329 848 344 0.001214 2
534 208 541 218 0.001200 2
304 191 313 198 0.001178 2
848 470 872 479 0.001158 2
803 184 855 219 0.001156 2
1262 219 1279 269 0.001153 2
633 199 656 216 0.001139 2
589 185 620 213 0.001051 2
854 177 953 209 0.001046 2
977 213 1016 249 0.001045 2
1200 204 1279 265 0.001035 2
1004 198 1052 232 0.001031 2
947 201 985 228 0.000997 2
977 200 1007 228 0.000965 2
589 185 657 216 0.000937 2
1008 193 1040 220 0.000931 2
689 199 721 235 0.000924 2
470 188 480 201 0.000919 2
984 187 1043 227 0.000918 2
597 194 658 216 0.000894 2
973 216 988 241 0.000888 2
1228 201 1279 267 0.000873 2
603 199 653 217 0.000860 2
589 183 621 213 0.000856 2
815 328 848 344 0.000855 2
1219 159 1279 233 0.000839 2
1223 157 1276 182 0.000832 2
1263 349 1279 395 0.000820 2
978 195 1110 255 0.000819 2
803 185 855 232 0.000804 2
901 457 913 464 0.000788 2
1214 197 1278 264 0.000783 2
534 203 555 217 0.000777 2
707 204 728 233 0.000775 2
876 190 952 218 0.000764 2
1261 168 1279 181 0.000758 2
590 190 657 215 0.000743 2
1222 159 1279 181 0.000693 2
1261 168 1279 186 0.000661 2
312 186 322 199 0.000650 2
1260 168 1279 181 0.000647 2
1206 197 1262 259 0.000638 2
589 183 621 201 0.000637 2
1218 158 1277 233 0.000620 2
940 198 985 224 0.000617 2
589 183 654 216 0.000609 2
1178 166 1280 260 0.000602 2
1219 168 1275 232 0.000601 2
1177 380 1185 392 0.000584 2
815 328 848 362 0.000571 2
464 187 480 203 0.000564 2
1120 489 1136 497 0.000561 2
815 329 848 362 0.000557 2
631 202 653 217 0.000556 2
1263 352 1279 399 0.000555 2
870 178 1066 235 0.000550 2
1180 247 1279 293 0.000546 2
1225 157 1248 182 0.000546 2
589 199 620 214 0.000546 2
1033 195 1080 231 0.000541 2
1190 383 1206 401 0.000540 2
830 187 1171 272 0.000530 2
908 273 1116 341 0.000528 2
1227 177 1279 232 0.000522 2
542 203 559 217 0.000519 2
862 331 881 344 0.000509 2
467 189 479 215 0.000499 2
0 397 16 408 0.000498 2
588 184 627 214 0.000496 2
910 276 1114 341 0.000496 2
535 199 560 217 0.000486 2
655 176 1256 336 0.000454 2
1232 272 1279 366 0.000454 2
1261 168 1279 215 0.000452 2
962 203 991 246 0.000443 2
1167 380 1179 393 0.000427 2
1190 384 1206 401 0.000424 2
0 396 16 409 0.000423 2
1176 380 1197 394 0.000422 2
1224 156 1279 182 0.000418 2
857 330 881 344 0.000418 2
901 267 1104 326 0.000410 2
1020 193 1088 243 0.000381 2
1008 466 1024 473 0.000380 2
821 329 848 369 0.000380 2
873 177 952 207 0.000375 2
304 186 316 198 0.000368 2
877 439 928 480 0.000368 2
660 181 1270 340 0.000355 2
1232 272 1279 371 0.000348 2
983 183 1041 218 0.000347 2
1202 408 1215 415 0.000347 2
606 201 621 215 0.000345 2
1214 246 1279 287 0.000345 2
1197 338 1279 412 0.000341 2
469 186 480 201 0.000339 2
715 197 730 224 0.000324 2
812 271 1116 344 0.000319 2
1166 378 1207 399 0.000318 2
1263 349 1279 370 0.000316 2
969 480 988 487 0.000311 2
780 272 1100 346 0.000302 2
716 187 1269 337 0.000301 2
1201 338 1279 410 0.000295 2
1244 173 1279 231 0.000293 2
439 186 481 207 0.000292 2
978 182 1046 217 0.000281 2
822 328 881 344 0.000281 2
1232 239 1279 367 0.000278 2
567 182 622 214 0.000278 2
575 182 622 207 0.000275 2
1263 357 1279 400 0.000275 2
975 282 1025 346 0.000272 2
1203 252 1279 294 0.000272 2
1222 174 1267 233 0.000272 2
589 201 609 214 0.000271 2
0 391 16 406 0.000267 2
1232 276 1279 398 0.000267 2
914 178 952 205 0.000267 2
1183 340 1280 410 0.000260 2
902 279 1071 354 0.000256 2
1216 338 1279 410 0.000254 2
562 200 578 216 0.000247 2
609 189 659 215 0.000247 2
524 199 549 218 0.000245 2
515 200 530 219 0.000244 2
1166 379 1207 400 0.000240 2
833 276 1079 351 0.000238 2
481 194 788 219 0.000237 2
913 183 951 205 0.000234 2
448 185 480 204 0.000231 2
976 480 992 487 0.000230 2
820 265 1114 323 0.000224 2
977 281 1026 348 0.000224 2
915 183 953 206 0.000223 2
1228 341 1279 407 0.000222 2
294 183 306 199 0.000222 2
1104 487 1137 505 0.000222 2
1215 265 1279 320 0.000220 2
974 282 1024 344 0.000220 2
1263 350 1279 371 0.000216 2
0 391 16 406 0.000215 2
1188 358 1225 417 0.000215 2
631 377 659 396 0.000213 2
1206 267 1279 293 0.000211 2
1236 342 1279 405 0.000210 2
802 275 1082 350 0.000203 2
980 181 1036 209 0.000203 2
851 327 881 344 0.000201 2
0 400 28 422 0.000197 2
527 249 596 280 0.000196 2
552 195 575 216 0.000195 2
895 176 950 202 0.000194 2
865 192 967 288 0.000193 2
814 327 882 344 0.000192 2
973 287 1026 346 0.000191 2
0 397 25 421 0.000191 2
1126 230 1278 293 0.000190 2
0 398 17 419 0.000190 2
1215 273 1231 311 0.000182 2
907 269 1090 332 0.000180 2
580 182 622 201 0.000180 2
1263 341 1279 412 0.000177 2
1168 378 1190 392 0.000176 2
816 328 848 389 0.000176 2
470 187 494 216 0.000175 2
961 181 1015 220 0.000172 2
1236 344 1278 377 0.000170 2
972 284 1026 328 0.000166 2
441 169 542 220 0.000165 2
825 283 849 304 0.000165 2
1215 276 1231 313 0.000164 2
1237 345 1278 374 0.000164 2
845 327 881 344 0.000163 2
442 180 481 205 0.000163 2
1193 354 1279 412 0.000159 2
1212 268 1279 315 0.000158 2
985 182 1039 215 0.000156 2
1174 380 1207 400 0.000155 2
1203 343 1279 408 0.000154 2
587 180 659 214 0.000154 2
818 327 882 345 0.000153 2
1216 498 1232 512 0.000150 2
1103 487 1130 504 0.000149 2
294 177 306 198 0.000149 2
1184 356 1272 422 0.000148 2
961 179 1038 211 0.000148 2
851 471 895 482 0.000147 2
928 236 947 253 0.000146 2
0 395 31 423 0.000146 2
1232 344 1278 377 0.000145 2
817 327 882 344 0.000145 2
0 401 30 422 0.000145 2
975 297 1003 327 0.000145 2
869 201 1066 298 0.000143 2
895 480 909 487 0.000143 2
1224 342 1279 377 0.000140 2
960 291 1004 328 0.000139 2
1183 360 1277 408 0.000138 2
1144 375 1215 410 0.000137 2
1215 263 1231 311 0.000137 2
1143 363 1211 408 0.000137 2
452 212 464 222 0.000137 2
1263 356 1279 412 0.000136 2
1264 65 1279 79 0.000135 2
1230 297 1279 358 0.000135 2
958 279 1031 329 0.000135 2
959 482 970 488 0.000135 2
880 479 898 487 0.000134 2
1215 273 1231 330 0.000134 2
1158 340 1209 404 0.000133 2
832 469 849 479 0.000132 2
1216 320 1232 328 0.000131 2
1238 344 1279 377 0.000131 2
984 184 1011 213 0.000130 2
825 284 850 311 0.000129 2
1216 275 1231 311 0.000127 2
912 289 1025 326 0.000127 2
0 401 29 422 0.000126 2
633 379 658 396 0.000125 2
924 455 937 463 0.000125 2
1228 276 1279 321 0.000125 2
1240 344 1279 372 0.000124 2
952 183 992 220 0.000124 2
960 480 977 487 0.000124 2
1166 368 1211 398 0.000123 2
973 251 988 261 0.000123 2
974 281 1023 337 0.000123 2
1184 276 1214 285 0.000121 2
1157 377 1213 411 0.000121 2
679 211 691 232 0.000121 2
1213 275 1231 320 0.000120 2
1184 336 1235 409 0.000120 2
1214 366 1225 390 0.000119 2
795 263 1098 325 0.000118 2
825 284 848 305 0.000118 2
939 203 1061 295 0.000118 2
1106 489 1138 505 0.000117 2
969 275 1102 343 0.000115 2
824 282 862 312 0.000115 2
1225 241 1279 294 0.000115 2
883 243 1076 301 0.000113 2
1181 337 1280 404 0.000113 2
553 192 606 216 0.000109 2
366 180 930 282 0.000109 2
0 397 32 422 0.000109 2
630 373 658 396 0.000107 2
1230 277 1279 319 0.000106 2
763 294 850 345 0.000105 2
859 252 1085 300 0.000104 2
1194 303 1280 350 0.000104 2
897 472 917 483 0.000103 2
879 480 896 487 0.000103 2
1228 276 1279 323 0.000103 2
1183 274 1214 285 0.000103 2
1213 265 1279 294 0.000103 2
1146 180 1202 221 0.000103 2
940 290 1020 325 0.000102 2
975 277 1103 353 0.000102 2
784 326 849 387 0.000102 2
1190 375 1270 422 0.000101 2
1227 277 1279 320 0.000101 2
1189 299 1279 353 0.000101 2
1229 300 1279 368 0.000100 2
864 471 894 482 0.000100 2
1215 158 1279 266 0.006870 5
1220 161 1279 267 0.006364 5
442 179 481 205 0.000107 5
431 170 447 196 0.000104 5
1145 283 1279 409 0.011375 6
1180 160 1279 279 0.009585 6
1140 288 1279 413 0.009532 6
1176 160 1279 283 0.009093 6
1220 159 1279 265 0.008309 6
1181 161 1279 276 0.007952 6
1171 160 1279 282 0.007572 6
1176 160 1279 276 0.006887 6
1139 279 1279 409 0.006466 6
1149 280 1279 409 0.005771 6
1184 161 1279 273 0.005349 6
1155 286 1279 412 0.005038 6
1141 292 1279 411 0.004878 6
1183 296 1279 410 0.004730 6
1142 335 1279 412 0.004353 6
1128 154 1279 409 0.004213 6
640 269 980 374 0.003632 6
1153 156 1279 408 0.003306 6
1142 158 1279 408 0.003296 6
642 271 1274 390 0.003290 6
1141 301 1279 412 0.003278 6
1175 293 1279 410 0.003194 6
644 270 1275 397 0.002768 6
1148 169 1279 410 0.002723 6
1116 153 1279 408 0.002694 6
1145 335 1279 410 0.002505 6
1093 159 1279 294 0.002253 6
1182 289 1279 409 0.002131 6
645 277 1275 431 0.002070 6
1080 158 1279 288 0.001936 6
1186 338 1279 409 0.001912 6
1162 157 1279 408 0.001910 6
643 275 1274 440 0.001841 6
642 271 1275 404 0.001814 6
1221 157 1279 246 0.001704 6
640 270 1004 377 0.001665 6
1141 331 1279 412 0.001664 6
1178 168 1279 294 0.001580 6
1187 340 1279 411 0.001471 6
641 273 1273 379 0.001463 6
1178 338 1279 411 0.001392 6
1067 154 1279 286 0.001305 6
643 272 1274 460 0.001271 6
641 220 1275 365 0.001209 6
640 151 980 379 0.001168 6
641 271 1240 373 0.001028 6
642 269 1269 358 0.000989 6
1031 152 1279 412 0.000957 6
648 174 1275 376 0.000950 6
1170 267 1279 393 0.000825 6
646 290 1273 471 0.000784 6
1171 278 1279 356 0.000769 6
640 150 1075 381 0.000692 6
665 272 1277 394 0.000674 6
642 274 1262 433 0.000632 6
1169 281 1279 354 0.000630 6
650 286 1273 478 0.000626 6
642 151 1131 382 0.000609 6
1002 251 1279 414 0.000604 6
646 154 1176 380 0.000579 6
1140 336 1277 413 0.000524 6
693 123 951 239 0.000451 6
672 281 1277 418 0.000449 6
1230 275 1279 406 0.000421 6
1186 294 1279 411 0.000412 6
1230 283 1279 408 0.000389 6
640 267 969 432 0.000380 6
979 270 1280 421 0.000374 6
1179 197 1279 295 0.000362 6
1171 247 1279 359 0.000352 6
1171 256 1279 344 0.000350 6
641 266 976 454 0.000322 6
1150 253 1279 351 0.000315 6
1083 270 1279 358 0.000293 6
997 199 1278 382 0.000280 6
726 201 1275 361 0.000273 6
653 81 950 242 0.000266 6
1048 162 1279 398 0.000262 6
1141 333 1277 410 0.000256 6
969 256 1280 404 0.000238 6
1190 343 1279 425 0.000224 6
1193 342 1279 427 0.000186 6
1100 243 1278 349 0.000180 6
1075 73 1279 305 0.000167 6
937 267 1277 394 0.000154 6
1102 162 1250 251 0.000150 6
1102 65 1280 287 0.000141 6
927 278 1279 417 0.000133 6
971 271 1280 426 0.000126 6
1101 164 1243 256 0.000121 6
728 311 1276 473 0.000119 6
1190 64 1280 281 0.000115 6
642 269 966 469 0.000109 6
406 136 947 260 0.000105 6
1220 70 1279 266 0.000102 6
865 177 951 231 0.122293 7
865 177 952 229 0.112394 7
865 177 953 243 0.099689 7
802 177 955 241 0.094209 7
865 177 952 226 0.081309 7
802 177 951 238 0.081153 7
703 152 952 239 0.044569 7
864 177 975 253 0.042545 7
866 177 983 229 0.031492 7
865 177 976 241 0.031458 7
866 177 943 231 0.030829 7
866 177 942 228 0.028122 7
708 152 860 235 0.026182 7
714 152 859 237 0.025623 7
865 177 982 248 0.024371 7
864 177 952 262 0.024083 7
866 177 945 212 0.017849 7
714 152 859 207 0.017409 7
694 152 952 246 0.016595 7
710 154 859 238 0.016462 7
865 177 946 204 0.015462 7
700 157 984 243 0.013033 7
716 152 858 209 0.010776 7
701 151 967 242 0.010344 7
865 177 938 231 0.010102 7
865 177 951 204 0.009518 7
721 152 858 210 0.009494 7
867 177 986 228 0.008930 7
866 177 944 204 0.008697 7
1183 160 1279 267 0.007892 7
709 152 818 206 0.007869 7
705 152 810 206 0.007812 7
704 151 811 225 0.007478 7
866 177 943 202 0.007035 7
866 177 942 214 0.007029 7
706 152 814 235 0.006678 7
866 177 947 202 0.005620 7
865 177 1048 254 0.005478 7
641 152 960 270 0.004908 7
702 151 812 215 0.004889 7
642 150 958 245 0.004772 7
855 177 952 204 0.004009 7
708 152 811 235 0.003536 7
696 151 816 208 0.003459 7
652 154 961 287 0.003341 7
713 152 949 239 0.003185 7
922 205 976 254 0.003093 7
866 177 941 226 0.002811 7
803 160 858 220 0.002637 7
699 169 1017 250 0.002614 7
920 204 976 254 0.002199 7
862 178 1069 258 0.001720 7
523 153 959 268 0.001619 7
803 183 856 241 0.001504 7
733 153 810 206 0.001485 7
802 157 858 220 0.001463 7
747 153 810 208 0.001461 7
803 184 855 239 0.001457 7
803 180 857 220 0.001450 7
681 159 971 279 0.001422 7
537 151 955 247 0.001361 7
803 184 856 219 0.001274 7
1183 189 1279 265 0.001220 7
803 160 860 223 0.001190 7
727 153 803 205 0.001131 7
865 178 925 227 0.001071 7
695 146 1050 247 0.001035 7
845 177 937 235 0.000955 7
764 174 1073 261 0.000940 7
801 143 949 236 0.000927 7
747 152 811 215 0.000881 7
459 150 952 252 0.000853 7
802 172 861 227 0.000775 7
780 148 949 237 0.000762 7
527 159 959 283 0.000760 7
856 175 1072 267 0.000745 7
689 153 817 237 0.000734 7
841 176 939 229 0.000731 7
750 152 810 206 0.000701 7
694 165 991 275 0.000685 7
723 153 807 205 0.000665 7
740 152 809 205 0.000647 7
453 152 955 274 0.000628 7
802 177 857 240 0.000624 7
852 180 1074 274 0.000623 7
778 153 859 220 0.000591 7
803 178 1076 271 0.000563 7
648 170 1202 368 0.000480 7
698 170 1080 274 0.000433 7
750 153 811 209 0.000430 7
934 207 976 253 0.000387 7
424 147 952 261 0.000370 7
439 152 953 277 0.000347 7
878 202 975 262 0.000328 7
580 151 842 212 0.000316 7
679 131 1099 262 0.000276 7
862 197 1066 297 0.000272 7
461 161 952 276 0.000271 7
980 173 1076 233 0.000250 7
986 168 1083 235 0.000229 7
711 145 860 209 0.000219 7
694 113 958 240 0.000217 7
940 206 976 253 0.000203 7
725 153 795 204 0.000202 7
1000 181 1060 228 0.000188 7
989 182 1055 223 0.000188 7
588 180 622 201 0.000176 7
707 138 862 209 0.000168 7
592 151 825 226 0.000151 7
803 170 942 222 0.000150 7
715 142 861 209 0.000146 7
975 169 1067 232 0.000146 7
781 153 852 215 0.000132 7
862 143 1001 208 0.000130 7
702 136 814 209 0.000125 7
866 176 934 218 0.000122 7
826 142 950 232 0.000116 7
891 164 1074 222 0.000114 7
857 137 992 230 0.000113 7
759 153 810 215 0.000109 7
688 102 1042 246 0.000106 7
866 177 906 231 0.000105 7
588 177 658 213 0.000102 7
1088 150 1102 176 0.482716 9
513 152 525 183 0.243526 9
513 152 525 184 0.192479 9
513 152 525 183 0.191113 9
513 152 526 183 0.184735 9
513 152 527 184 0.145691 9
512 152 526 186 0.060735 9
1007 136 1025 174 0.056210 9
449 157 490 171 0.037742 9
1007 135 1025 174 0.021726 9
365 167 373 188 0.019712 9
846 151 859 167 0.018816 9
365 167 373 188 0.016237 9
512 150 525 183 0.013610 9
834 129 861 166 0.013136 9
1207 171 1215 190 0.013091 9
372 167 382 185 0.012383 9
835 133 861 167 0.010693 9
834 119 862 166 0.010403 9
909 271 928 296 0.010060 9
1088 150 1102 183 0.009897 9
831 131 861 166 0.009453 9
373 168 381 185 0.009396 9
1207 169 1215 194 0.009266 9
1207 169 1215 188 0.009136 9
837 150 859 166 0.008942 9
512 152 526 191 0.008320 9
239 177 247 189 0.008298 9
1126 64 1152 74 0.008015 9
837 119 863 167 0.007997 9
239 177 247 190 0.007996 9
865 152 880 168 0.007928 9
119 64 161 74 0.007717 9
312 149 342 193 0.007640 9
119 64 169 75 0.007366 9
836 119 863 167 0.007166 9
834 146 860 166 0.007095 9
1129 64 1152 73 0.007023 9
1088 150 1103 183 0.006994 9
1200 135 1211 153 0.006856 9
312 149 342 195 0.006727 9
118 64 176 76 0.006654 9
909 272 928 296 0.006648 9
910 273 928 296 0.006473 9
975 143 993 161 0.006142 9
975 141 993 163 0.006069 9
831 127 862 167 0.005930 9
975 142 993 161 0.005911 9
312 149 341 191 0.005874 9
1120 64 1144 76 0.005719 9
975 142 993 161 0.005685 9
1200 135 1212 153 0.005287 9
371 167 381 187 0.005214 9
1172 151 1183 163 0.005096 9
1133 64 1152 72 0.005068 9
864 151 880 168 0.004956 9
848 182 858 218 0.004865 9
840 119 863 136 0.004861 9
362 167 373 188 0.004464 9
312 149 352 192 0.004225 9
831 120 862 167 0.004185 9
1212 167 1225 197 0.004096 9
365 167 374 189 0.004026 9
845 151 860 167 0.003976 9
1122 64 1152 75 0.003892 9
119 64 130 72 0.003888 9
119 64 178 76 0.003864 9
993 140 1001 172 0.003817 9
1212 167 1226 192 0.003667 9
1206 170 1214 190 0.003659 9
1200 134 1211 154 0.003605 9
1096 134 1104 152 0.003548 9
831 136 860 167 0.003469 9
1081 174 1088 182 0.003445 9
831 136 861 166 0.003354 9
991 139 1001 173 0.003185 9
974 140 1001 170 0.003158 9
362 167 373 189 0.003068 9
840 119 865 136 0.003038 9
813 149 822 159 0.003009 9
975 137 1001 171 0.003003 9
313 149 345 193 0.002965 9
1089 152 1105 179 0.002935 9
992 141 1001 169 0.002883 9
1089 150 1110 179 0.002879 9
974 135 997 163 0.002859 9
119 64 170 75 0.002838 9
1120 64 1134 76 0.002791 9
1124 64 1152 77 0.002786 9
846 151 860 167 0.002780 9
895 157 905 171 0.002667 9
368 166 382 187 0.002666 9
1200 134 1214 153 0.002654 9
118 64 168 75 0.002637 9
1088 133 1105 176 0.002602 9
840 119 855 136 0.002594 9
521 183 536 198 0.002585 9
840 119 859 136 0.002550 9
889 136 937 153 0.002540 9
839 119 863 136 0.002479 9
587 173 593 185 0.002467 9
813 144 823 155 0.002390 9
312 149 351 194 0.002367 9
909 271 927 298 0.002363 9
313 149 341 194 0.002361 9
1128 64 1152 78 0.002315 9
974 135 1000 171 0.002302 9
885 137 938 153 0.002273 9
1232 170 1246 181 0.002254 9
864 439 875 455 0.002128 9
863 137 895 168 0.002100 9
991 139 1003 176 0.002099 9
864 441 876 455 0.001999 9
1232 170 1245 181 0.001996 9
831 136 846 152 0.001984 9
656 152 671 173 0.001978 9
1092 150 1110 176 0.001967 9
698 134 704 152 0.001966 9
996 138 1009 176 0.001889 9
555 173 567 195 0.001856 9
1007 134 1025 171 0.001834 9
119 64 163 78 0.001826 9
862 137 895 168 0.001812 9
119 64 175 75 0.001790 9
974 135 995 162 0.001778 9
224 183 231 197 0.001778 9
361 166 374 189 0.001743 9
249 177 256 191 0.001736 9
994 136 1019 175 0.001721 9
1121 64 1152 77 0.001704 9
977 135 1021 177 0.001687 9
557 184 567 197 0.001681 9
810 161 857 181 0.001639 9
810 161 857 180 0.001601 9
975 141 997 169 0.001589 9
995 137 1014 174 0.001581 9
1172 150 1183 163 0.001541 9
517 191 525 201 0.001510 9
119 64 160 78 0.001478 9
1050 109 1083 146 0.001478 9
893 136 937 153 0.001453 9
831 136 848 152 0.001440 9
909 268 928 296 0.001432 9
831 136 851 152 0.001422 9
1222 158 1250 235 0.001397 9
910 270 928 296 0.001396 9
512 190 521 200 0.001388 9
655 153 671 174 0.001381 9
1037 140 1056 169 0.001381 9
1051 111 1083 146 0.001379 9
1209 167 1227 209 0.001371 9
823 153 859 180 0.001361 9
1216 124 1231 144 0.001354 9
698 133 704 152 0.001333 9
119 64 177 78 0.001324 9
863 137 894 150 0.001323 9
1087 141 1103 177 0.001322 9
1089 149 1110 175 0.001303 9
1056 152 1065 169 0.001301 9
1104 165 1147 186 0.001297 9
1022 152 1040 159 0.001286 9
545 141 552 152 0.001286 9
1051 112 1082 147 0.001249 9
804 148 811 156 0.001228 9
1110 174 1129 187 0.001223 9
1154 162 1168 184 0.001211 9
449 157 491 173 0.001210 9
313 148 349 195 0.001207 9
1120 64 1135 77 0.001192 9
1038 152 1051 169 0.001180 9
908 136 938 152 0.001161 9
1210 124 1223 137 0.001158 9
1209 124 1232 151 0.001152 9
907 136 937 152 0.001146 9
695 175 703 186 0.001141 9
860 137 938 154 0.001133 9
1172 144 1183 163 0.001127 9
656 151 671 173 0.001121 9
1102 164 1149 187 0.001110 9
975 135 1010 181 0.001098 9
863 137 895 156 0.001098 9
1047 156 1056 168 0.001096 9
1213 161 1246 248 0.001091 9
1206 124 1232 166 0.001075 9
1013 138 1037 172 0.001070 9
994 136 1008 174 0.001067 9
1114 165 1147 185 0.001058 9
607 176 613 183 0.001057 9
856 136 939 154 0.001055 9
1193 164 1201 185 0.001053 9
512 152 545 189 0.001051 9
1208 132 1231 169 0.001051 9
1103 164 1148 187 0.001044 9
1056 152 1065 167 0.001042 9
960 135 979 162 0.001041 9
1208 130 1231 168 0.001033 9
257 145 267 159 0.001028 9
1083 134 1105 177 0.001027 9
1087 147 1101 190 0.001024 9
312 151 324 188 0.001020 9
312 152 324 187 0.001009 9
871 149 893 168 0.000994 9
1214 125 1232 146 0.000991 9
1064 104 1072 118 0.000982 9
896 160 905 178 0.000972 9
1200 132 1215 154 0.000966 9
448 156 496 171 0.000960 9
805 148 817 160 0.000958 9
974 188 981 201 0.000957 9
1013 137 1040 169 0.000951 9
588 176 600 185 0.000945 9
1213 158 1251 248 0.000922 9
1053 110 1083 146 0.000911 9
810 156 858 182 0.000908 9
1169 149 1183 163 0.000902 9
553 173 569 198 0.000899 9
215 183 223 196 0.000876 9
868 64 878 72 0.000873 9
586 117 597 134 0.000868 9
447 152 530 189 0.000867 9
809 161 858 181 0.000860 9
119 64 180 78 0.000859 9
1208 124 1232 167 0.000855 9
975 168 992 184 0.000853 9
836 77 848 90 0.000852 9
522 173 546 183 0.000849 9
1210 124 1232 149 0.000843 9
1036 136 1064 170 0.000834 9
1199 134 1214 180 0.000820 9
959 134 993 167 0.000816 9
1017 150 1041 170 0.000809 9
513 166 546 184 0.000808 9
502 151 525 187 0.000799 9
995 132 1023 175 0.000799 9
654 153 671 174 0.000793 9
312 149 331 192 0.000791 9
961 71 976 84 0.000791 9
364 167 373 186 0.000791 9
1046 171 1058 185 0.000779 9
1212 119 1223 133 0.000778 9
554 173 571 199 0.000777 9
851 89 859 105 0.000771 9
655 151 671 174 0.000771 9
695 180 704 198 0.000764 9
1103 164 1144 188 0.000764 9
959 135 980 162 0.000752 9
960 134 992 163 0.000751 9
638 167 655 184 0.000739 9
799 118 813 136 0.000733 9
581 64 595 73 0.000732 9
639 160 645 167 0.000729 9
580 64 596 91 0.000727 9
1049 119 1103 204 0.000727 9
811 77 849 91 0.000723 9
1042 149 1060 169 0.000721 9
500 152 524 184 0.000716 9
1073 150 1083 167 0.000714 9
1071 71 1088 97 0.000711 9
485 174 495 183 0.000708 9
1143 165 1154 185 0.000706 9
225 184 231 199 0.000705 9
579 64 641 93 0.000705 9
960 71 976 91 0.000699 9
513 173 546 186 0.000699 9
520 182 538 198 0.000696 9
859 137 907 171 0.000691 9
163 64 176 75 0.000691 9
896 153 910 177 0.000689 9
1052 111 1083 146 0.000686 9
1007 136 1027 205 0.000685 9
577 182 582 200 0.000684 9
881 154 895 170 0.000675 9
808 159 859 194 0.000665 9
691 119 705 153 0.000662 9
1071 85 1086 97 0.000660 9
972 127 1026 179 0.000654 9
634 167 658 184 0.000650 9
1103 169 1130 187 0.000647 9
580 64 629 92 0.000645 9
257 143 269 160 0.000639 9
1074 121 1108 189 0.000639 9
1100 134 1109 165 0.000636 9
1201 131 1227 185 0.000631 9
811 158 858 182 0.000622 9
807 160 858 190 0.000617 9
1109 163 1156 191 0.000613 9
589 64 626 91 0.000609 9
681 169 688 183 0.000607 9
1012 134 1039 173 0.000603 9
1008 137 1054 195 0.000602 9
973 126 1021 173 0.000598 9
1056 108 1065 125 0.000597 9
863 137 895 150 0.000596 9
1200 147 1225 195 0.000596 9
811 160 858 181 0.000594 9
975 167 992 184 0.000593 9
1095 127 1104 148 0.000584 9
807 160 858 189 0.000584 9
257 143 268 160 0.000583 9
1193 161 1201 185 0.000582 9
868 64 886 87 0.000569 9
1001 136 1024 188 0.000563 9
1051 109 1082 147 0.000562 9
1056 114 1065 130 0.000557 9
519 168 548 184 0.000557 9
1071 83 1088 97 0.000553 9
1012 133 1041 164 0.000550 9
1073 150 1082 168 0.000550 9
1247 72 1263 95 0.000547 9
448 154 524 174 0.000547 9
959 135 987 163 0.000544 9
638 168 655 184 0.000543 9
1193 384 1206 401 0.000541 9
802 157 858 216 0.000539 9
1056 118 1104 245 0.000532 9
1149 102 1186 136 0.000529 9
580 64 631 93 0.000528 9
635 167 658 184 0.000526 9
1052 105 1064 123 0.000525 9
340 165 351 185 0.000525 9
1051 110 1081 145 0.000523 9
1074 148 1102 183 0.000520 9
831 120 857 159 0.000517 9
1100 165 1129 196 0.000515 9
1079 168 1090 182 0.000512 9
839 687 848 703 0.000509 9
1167 142 1175 156 0.000508 9
697 151 705 179 0.000505 9
240 164 248 179 0.000504 9
799 153 858 207 0.000504 9
1188 165 1201 185 0.000501 9
681 160 688 182 0.000501 9
504 151 525 184 0.000499 9
1036 135 1066 170 0.000497 9
665 170 671 185 0.000496 9
380 166 389 184 0.000495 9
1248 79 1258 94 0.000495 9
864 136 938 174 0.000494 9
258 143 268 159 0.000487 9
835 118 859 143 0.000486 9
551 173 580 203 0.000484 9
1224 158 1248 194 0.000484 9
1248 74 1259 94 0.000482 9
861 137 938 158 0.000479 9
1099 135 1109 153 0.000478 9
638 138 656 164 0.000470 9
312 148 350 197 0.000462 9
257 144 268 160 0.000461 9
586 117 597 135 0.000457 9
807 159 858 198 0.000456 9
591 64 628 92 0.000448 9
1150 102 1185 136 0.000445 9
1153 157 1168 184 0.000445 9
256 180 262 191 0.000442 9
910 268 928 296 0.000439 9
1150 103 1185 133 0.000439 9
863 137 897 150 0.000439 9
160 64 177 77 0.000438 9
626 167 656 184 0.000438 9
991 115 999 131 0.000437 9
1146 99 1200 179 0.000436 9
556 184 571 199 0.000434 9
1148 101 1192 159 0.000433 9
1074 145 1102 179 0.000433 9
1208 125 1223 136 0.000433 9
586 117 597 136 0.000429 9
313 141 357 193 0.000427 9
999 162 1009 184 0.000423 9
638 134 655 163 0.000422 9
597 64 624 90 0.000421 9
999 126 1007 135 0.000415 9
1213 113 1232 144 0.000414 9
870 119 879 135 0.000413 9
664 183 671 198 0.000412 9
894 253 925 297 0.000406 9
556 178 579 201 0.000406 9
801 153 857 196 0.000406 9
959 134 983 162 0.000404 9
959 134 990 166 0.000404 9
686 119 706 183 0.000401 9
1215 64 1232 91 0.000400 9
1086 131 1136 183 0.000397 9
968 175 976 186 0.000396 9
695 128 706 179 0.000391 9
959 71 976 86 0.000391 9
976 121 994 161 0.000391 9
1149 102 1185 134 0.000388 9
1055 270 1072 330 0.000388 9
248 177 256 191 0.000388 9
1070 71 1089 96 0.000387 9
446 149 528 172 0.000385 9
1130 64 1158 88 0.000385 9
693 149 706 183 0.000382 9
1005 152 1065 188 0.000382 9
867 64 876 72 0.000381 9
808 77 849 90 0.000381 9
587 167 593 184 0.000372 9
590 165 601 185 0.000371 9
1087 181 1099 204 0.000369 9
1022 155 1063 188 0.000369 9
1149 102 1184 135 0.000363 9
1234 64 1264 97 0.000362 9
689 118 705 174 0.000360 9
1148 101 1188 173 0.000358 9
1151 163 1168 185 0.000355 9
1196 147 1210 187 0.000354 9
1086 145 1138 183 0.000352 9
832 119 855 138 0.000352 9
868 137 914 169 0.000349 9
1113 149 1121 164 0.000349 9
867 157 888 177 0.000348 9
1154 135 1168 159 0.000348 9
1161 83 1192 97 0.000348 9
845 118 870 136 0.000344 9
1128 64 1155 88 0.000342 9
798 114 834 136 0.000342 9
1172 119 1206 136 0.000340 9
1046 111 1105 210 0.000340 9
1165 119 1206 136 0.000339 9
1020 127 1040 161 0.000339 9
1196 167 1215 192 0.000339 9
689 119 705 158 0.000338 9
1177 158 1236 251 0.000338 9
805 143 823 158 0.000335 9
1147 98 1209 205 0.000332 9
1200 166 1215 187 0.000329 9
566 146 580 161 0.000328 9
586 64 641 92 0.000326 9
313 149 326 189 0.000324 9
445 156 525 183 0.000323 9
905 126 912 138 0.000322 9
1149 102 1203 138 0.000321 9
1162 83 1196 97 0.000321 9
594 64 625 91 0.000320 9
1178 119 1204 136 0.000318 9
1002 164 1069 207 0.000318 9
335 161 352 188 0.000317 9
1083 123 1105 173 0.000317 9
1055 270 1072 331 0.000315 9
1080 134 1090 149 0.000315 9
1224 158 1251 188 0.000313 9
579 64 643 94 0.000313 9
579 64 602 92 0.000312 9
1102 163 1154 197 0.000312 9
1053 148 1065 184 0.000310 9
1169 149 1184 169 0.000309 9
1103 165 1137 188 0.000308 9
974 180 990 203 0.000308 9
944 129 951 139 0.000308 9
1074 130 1102 180 0.000308 9
1005 166 1066 198 0.000307 9
681 180 689 196 0.000305 9
1049 106 1057 121 0.000305 9
1146 107 1208 174 0.000302 9
1008 164 1060 210 0.000302 9
1150 103 1185 129 0.000301 9
1044 109 1085 188 0.000301 9
799 115 815 136 0.000300 9
1150 134 1167 162 0.000300 9
842 119 870 136 0.000298 9
216 163 222 177 0.000295 9
849 89 859 105 0.000295 9
1008 148 1056 189 0.000295 9
1247 71 1263 96 0.000294 9
869 66 887 87 0.000292 9
448 156 490 174 0.000291 9
868 65 887 88 0.000289 9
1231 64 1264 97 0.000289 9
540 171 555 200 0.000287 9
118 64 199 92 0.000287 9
638 138 658 163 0.000286 9
1207 149 1230 200 0.000285 9
1146 131 1186 181 0.000284 9
594 64 622 91 0.000283 9
1150 101 1206 138 0.000283 9
801 143 809 156 0.000278 9
1195 167 1217 212 0.000278 9
1147 96 1209 180 0.000276 9
852 64 890 82 0.000276 9
512 144 525 182 0.000276 9
1147 131 1174 183 0.000272 9
829 64 839 70 0.000272 9
1100 163 1158 268 0.000270 9
575 64 597 93 0.000270 9
626 167 657 185 0.000268 9
869 69 887 87 0.000267 9
1160 116 1206 136 0.000265 9
839 686 848 703 0.000265 9
1049 105 1057 120 0.000260 9
901 271 963 311 0.000259 9
1056 270 1072 331 0.000256 9
1101 167 1130 208 0.000255 9
581 64 604 92 0.000253 9
529 169 553 197 0.000252 9
1149 100 1203 137 0.000252 9
848 87 859 105 0.000252 9
826 135 939 170 0.000251 9
511 150 558 196 0.000249 9
1123 64 1165 88 0.000249 9
1152 161 1170 188 0.000248 9
1158 112 1205 136 0.000248 9
964 120 996 165 0.000244 9
808 150 859 177 0.000244 9
1208 116 1225 135 0.000242 9
594 64 626 92 0.000241 9
117 64 197 93 0.000240 9
1160 83 1193 97 0.000239 9
120 165 127 174 0.000237 9
499 155 525 188 0.000237 9
1074 181 1095 215 0.000237 9
216 185 223 206 0.000236 9
686 120 705 181 0.000236 9
1150 103 1172 128 0.000235 9
1050 113 1067 139 0.000235 9
543 168 552 180 0.000234 9
1050 117 1064 133 0.000233 9
1183 165 1201 187 0.000233 9
900 270 937 311 0.000233 9
836 77 849 93 0.000231 9
638 137 658 164 0.000230 9
448 154 554 210 0.000229 9
1202 126 1232 250 0.000229 9
510 153 547 188 0.000228 9
684 114 707 205 0.000228 9
689 118 705 154 0.000228 9
687 142 705 182 0.000227 9
808 78 849 90 0.000226 9
625 167 656 185 0.000226 9
1089 155 1146 269 0.000224 9
1072 161 1092 191 0.000222 9
960 73 973 90 0.000222 9
833 136 940 166 0.000220 9
951 346 959 367 0.000220 9
1122 64 1222 89 0.000218 9
955 164 980 191 0.000217 9
960 70 976 106 0.000215 9
1149 102 1181 137 0.000211 9
1151 89 1208 138 0.000210 9
1006 87 1014 97 0.000209 9
95 152 104 169 0.000209 9
1146 94 1216 246 0.000208 9
1177 150 1233 236 0.000206 9
869 120 880 136 0.000205 9
1054 272 1072 330 0.000204 9
684 161 706 196 0.000203 9
1150 92 1211 144 0.000203 9
449 154 490 171 0.000202 9
959 120 970 133 0.000202 9
1149 136 1194 190 0.000201 9
1055 256 1072 330 0.000201 9
1131 64 1162 73 0.000201 9
1006 132 1084 179 0.000200 9
575 64 596 90 0.000199 9
983 118 991 133 0.000199 9
861 111 869 128 0.000199 9
800 154 812 200 0.000198 9
941 76 969 93 0.000198 9
1192 138 1201 152 0.000197 9
1036 111 1076 175 0.000196 9
313 149 341 187 0.000195 9
312 146 367 195 0.000195 9
1149 130 1172 163 0.000194 9
629 164 672 204 0.000192 9
1150 150 1169 187 0.000191 9
1100 155 1145 189 0.000191 9
1072 151 1094 189 0.000190 9
1071 71 1088 97 0.000189 9
217 161 222 175 0.000189 9
687 149 706 184 0.000189 9
1153 82 1208 137 0.000188 9
1147 161 1168 201 0.000187 9
584 64 642 93 0.000187 9
943 130 954 148 0.000186 9
856 157 886 178 0.000186 9
171 64 184 73 0.000185 9
801 153 812 197 0.000185 9
801 146 814 174 0.000184 9
585 101 598 136 0.000184 9
1186 122 1211 153 0.000184 9
1011 130 1038 169 0.000183 9
1099 162 1158 219 0.000182 9
985 117 1001 167 0.000182 9
379 162 409 184 0.000178 9
1058 64 1144 76 0.000178 9
1191 122 1217 153 0.000176 9
445 160 531 211 0.000175 9
832 136 940 167 0.000175 9
638 128 652 162 0.000175 9
998 103 1023 120 0.000175 9
798 114 819 136 0.000175 9
960 120 982 136 0.000174 9
1150 83 1207 136 0.000174 9
992 103 1026 174 0.000170 9
653 180 671 209 0.000170 9
682 110 708 217 0.000169 9
871 165 898 177 0.000169 9
834 137 939 159 0.000168 9
567 144 579 161 0.000167 9
512 144 525 182 0.000167 9
1144 95 1209 212 0.000165 9
450 148 529 176 0.000162 9
1150 102 1170 126 0.000162 9
680 152 689 181 0.000162 9
1044 110 1084 184 0.000162 9
1215 64 1232 89 0.000161 9
976 118 986 134 0.000160 9
1105 151 1121 170 0.000158 9
815 151 887 181 0.000158 9
445 142 530 193 0.000158 9
807 67 872 91 0.000158 9
1120 64 1158 88 0.000157 9
806 64 933 89 0.000157 9
1230 64 1264 101 0.000156 9
1100 156 1155 188 0.000155 9
1000 101 1028 173 0.000155 9
943 80 959 92 0.000155 9
1215 64 1232 90 0.000154 9
959 119 980 136 0.000153 9
1037 153 1064 199 0.000152 9
894 256 936 312 0.000151 9
1153 89 1210 138 0.000151 9
828 127 939 167 0.000150 9
582 64 644 102 0.000149 9
578 64 642 100 0.000149 9
875 136 938 171 0.000146 9
1183 158 1202 189 0.000146 9
519 176 551 199 0.000145 9
1263 64 1279 79 0.000144 9
96 64 135 72 0.000144 9
1048 110 1097 280 0.000143 9
551 141 560 151 0.000142 9
638 127 659 165 0.000142 9
895 120 906 139 0.000142 9
894 156 910 181 0.000141 9
498 183 516 201 0.000141 9
1037 132 1063 164 0.000141 9
866 64 921 88 0.000141 9
1229 65 1264 103 0.000140 9
553 174 572 200 0.000140 9
1071 75 1088 104 0.000140 9
1154 123 1206 181 0.000140 9
811 64 957 89 0.000140 9
1100 149 1139 191 0.000139 9
808 78 848 89 0.000139 9
657 139 671 174 0.000139 9
933 70 965 92 0.000139 9
359 152 378 189 0.000138 9
1059 75 1072 88 0.000138 9
935 70 974 93 0.000138 9
575 136 581 144 0.000138 9
1057 64 1080 71 0.000137 9
118 64 196 83 0.000134 9
95 169 103 176 0.000133 9
1049 97 1087 147 0.000133 9
1141 103 1228 257 0.000133 9
1042 118 1071 155 0.000133 9
991 114 999 124 0.000132 9
313 137 363 195 0.000131 9
1121 64 1186 92 0.000131 9
1163 139 1202 182 0.000130 9
702 162 712 182 0.000130 9
1087 127 1147 189 0.000130 9
1150 114 1207 171 0.000129 9
802 159 856 221 0.000129 9
540 161 580 198 0.000129 9
638 156 660 181 0.000128 9
1075 117 1089 151 0.000128 9
1144 89 1209 187 0.000128 9
995 103 1023 120 0.000127 9
1063 64 1085 71 0.000127 9
1230 64 1265 98 0.000126 9
371 164 392 198 0.000126 9
625 169 659 211 0.000125 9
995 102 1025 132 0.000124 9
545 158 581 197 0.000124 9
812 125 837 136 0.000123 9
702 151 712 180 0.000122 9
808 64 910 90 0.000122 9
553 174 582 201 0.000122 9
1122 64 1219 95 0.000121 9
1202 88 1216 127 0.000121 9
1088 121 1104 137 0.000121 9
1024 120 1036 130 0.000120 9
318 153 354 198 0.000120 9
575 78 583 93 0.000119 9
1001 103 1024 120 0.000119 9
1045 110 1097 234 0.000119 9
955 161 991 186 0.000118 9
255 176 264 190 0.000118 9
1000 103 1024 120 0.000118 9
1121 168 1163 224 0.000117 9
1123 64 1224 89 0.000117 9
933 70 954 89 0.000116 9
1147 77 1213 138 0.000116 9
976 141 1006 191 0.000115 9
1099 154 1180 190 0.000115 9
984 130 1091 232 0.000115 9
625 119 631 127 0.000115 9
804 64 880 90 0.000114 9
1061 109 1086 149 0.000114 9
959 158 991 169 0.000113 9
1074 331 1093 363 0.000112 9
293 176 307 198 0.000112 9
361 157 385 188 0.000112 9
894 158 997 211 0.000112 9
866 64 912 80 0.000111 9
592 160 622 185 0.000111 9
1103 64 1137 72 0.000111 9
1161 82 1192 97 0.000111 9
1156 80 1196 97 0.000110 9
1224 113 1232 127 0.000110 9
265 214 277 233 0.000110 9
1175 111 1210 138 0.000109 9
926 344 974 392 0.000109 9
959 161 992 187 0.000108 9
801 155 932 217 0.000108 9
1007 108 1086 184 0.000108 9
380 162 408 184 0.000107 9
944 81 959 93 0.000107 9
222 163 233 175 0.000107 9
352 165 365 189 0.000107 9
1185 139 1211 187 0.000107 9
832 131 939 161 0.000107 9
808 77 853 91 0.000106 9
848 74 872 89 0.000106 9
796 114 840 136 0.000106 9
999 103 1024 120 0.000104 9
224 176 249 194 0.000104 9
1026 120 1040 127 0.000104 9
960 74 976 108 0.000103 9
871 161 900 178 0.000103 9
589 150 623 185 0.000103 9
698 168 712 190 0.000102 9
512 148 546 183 0.000102 9
256 127 268 161 0.000102 9
864 64 921 88 0.000102 9
326 155 373 192 0.000102 9
1100 146 1243 241 0.000102 9
647 135 672 175 0.000101 9
899 136 939 174 0.000101 9
808 68 852 91 0.000100 9
842 75 872 89 0.000100 9
1181 190 1199 216 0.047357 11
1182 192 1198 216 0.034519 11
1230 197 1256 233 0.028516 11
1235 198 1256 233 0.015577 11
523 183 536 197 0.015447 11
1245 198 1256 232 0.011875 11
324 110 366 164 0.011240 11
1242 198 1256 232 0.007783 11
1181 182 1200 216 0.004830 11
1237 198 1256 233 0.004659 11
517 190 526 200 0.003781 11
1181 173 1200 217 0.001887 11
1052 111 1083 146 0.001596 11
1050 110 1083 146 0.001082 11
1122 174 1240 253 0.000266 11
1178 163 1239 249 0.000246 11
1178 188 1199 217 0.000236 11
1178 190 1199 217 0.000217 11
1178 192 1199 217 0.000110 11
