657 199 690 285 0.818399 0
1213 204 1279 352 0.792225 0
818 447 1179 703 0.713890 0
1018 194 1045 262 0.703429 0
828 191 856 266 0.507235 0
829 191 857 265 0.506741 0
829 191 856 263 0.490869 0
1017 194 1044 261 0.489605 0
826 191 856 264 0.444682 0
830 192 856 264 0.255130 0
256 200 269 246 0.246399 0
255 200 270 246 0.241235 0
827 190 856 261 0.214518 0
829 190 856 253 0.170915 0
255 200 270 248 0.130445 0
925 204 946 254 0.095802 0
256 200 270 245 0.095554 0
925 203 945 254 0.081186 0
830 190 855 242 0.056036 0
450 193 465 247 0.049275 0
832 196 857 261 0.048527 0
450 194 465 248 0.038723 0
833 199 866 267 0.031695 0
832 196 857 265 0.027031 0
832 190 851 224 0.024349 0
1016 196 1050 261 0.024241 0
450 193 465 249 0.024024 0
832 197 866 280 0.023971 0
450 193 465 245 0.021539 0
452 195 465 249 0.020719 0
833 190 849 223 0.020367 0
451 193 462 203 0.019912 0
831 189 855 240 0.018030 0
633 203 645 216 0.015994 0
450 193 464 239 0.015581 0
451 193 462 205 0.014983 0
451 193 463 203 0.014244 0
833 197 860 259 0.012787 0
241 195 255 238 0.012566 0
831 191 849 223 0.012325 0
810 189 855 256 0.010830 0
450 193 464 219 0.008966 0
985 207 998 228 0.008109 0
832 198 858 275 0.007494 0
242 195 255 233 0.007398 0
242 195 255 237 0.007392 0
834 200 865 243 0.007359 0
1187 191 1215 250 0.006943 0
1273 205 1279 253 0.006523 0
842 200 865 241 0.006465 0
241 196 254 239 0.006462 0
1273 205 1279 257 0.006364 0
838 200 858 241 0.006318 0
1218 226 1274 352 0.006258 0
242 195 256 239 0.006095 0
838 200 865 242 0.005974 0
632 202 645 216 0.005964 0
1187 190 1209 251 0.005816 0
1188 196 1215 251 0.005784 0
831 197 870 280 0.005496 0
482 448 959 703 0.005437 0
1036 198 1049 253 0.005371 0
256 201 269 245 0.005255 0
243 195 255 216 0.005085 0
637 449 959 704 0.004867 0
241 197 252 239 0.004717 0
1113 194 1120 202 0.004572 0
1035 196 1050 253 0.004521 0
214 197 224 229 0.004453 0
1191 203 1216 249 0.004350 0
988 208 999 229 0.004246 0
632 202 645 227 0.004156 0
1184 208 1204 255 0.004042 0
580 448 959 703 0.003739 0
840 200 865 239 0.003659 0
241 195 252 239 0.003611 0
1195 198 1216 249 0.003556 0
214 197 224 228 0.003546 0
922 216 932 241 0.003521 0
787 198 794 215 0.003378 0
982 207 1000 236 0.003354 0
214 198 225 232 0.003315 0
451 198 465 232 0.003250 0
1270 207 1279 262 0.003238 0
1185 223 1203 259 0.003226 0
822 190 852 236 0.002991 0
838 200 860 236 0.002983 0
1038 197 1054 254 0.002923 0
787 198 794 216 0.002832 0
931 203 944 253 0.002804 0
1202 199 1214 220 0.002696 0
1038 196 1053 258 0.002660 0
256 202 268 227 0.002557 0
454 451 959 703 0.002502 0
1187 219 1204 252 0.002394 0
922 211 932 241 0.002350 0
1185 186 1211 265 0.002341 0
1204 231 1260 344 0.002217 0
1187 225 1203 253 0.002179 0
921 206 935 242 0.002146 0
255 205 269 249 0.002064 0
215 195 224 228 0.001982 0
213 197 223 229 0.001890 0
787 197 794 224 0.001874 0
451 196 475 251 0.001862 0
1188 221 1203 248 0.001855 0
1186 186 1217 258 0.001807 0
471 201 480 216 0.001638 0
242 194 255 215 0.001625 0
824 575 1134 703 0.001581 0
1264 285 1279 353 0.001496 0
1205 226 1269 351 0.001495 0
1207 228 1215 248 0.001474 0
454 210 467 248 0.001401 0
1184 224 1204 263 0.001400 0
848 431 912 480 0.001354 0
1113 194 1121 207 0.001349 0
848 433 886 479 0.001343 0
1205 232 1215 249 0.001311 0
256 199 270 240 0.001309 0
1191 224 1212 250 0.001301 0
241 194 255 222 0.001254 0
453 202 466 250 0.001238 0
1200 196 1213 219 0.001218 0
375 185 386 202 0.001192 0
1261 212 1279 276 0.001187 0
1258 218 1279 282 0.001173 0
1037 196 1053 253 0.001136 0
256 198 270 224 0.001130 0
837 571 1135 703 0.001123 0
213 196 224 229 0.001061 0
822 598 1133 703 0.001056 0
396 452 958 703 0.000992 0
847 436 881 478 0.000986 0
1231 169 1245 181 0.000976 0
1195 229 1211 250 0.000968 0
1202 202 1215 219 0.000958 0
848 434 884 479 0.000938 0
659 200 689 280 0.000926 0
865 212 873 235 0.000922 0
926 205 946 254 0.000915 0
781 195 796 223 0.000909 0
1232 170 1246 180 0.000901 0
833 593 1134 703 0.000894 0
1054 221 1066 243 0.000884 0
923 202 946 253 0.000863 0
1231 169 1246 181 0.000836 0
1207 193 1227 246 0.000833 0
658 201 690 285 0.000816 0
848 431 906 479 0.000812 0
1184 218 1205 264 0.000797 0
848 430 903 479 0.000790 0
786 197 794 232 0.000778 0
519 449 959 704 0.000765 0
848 434 881 478 0.000753 0
784 193 794 215 0.000749 0
661 199 676 217 0.000722 0
1270 289 1279 317 0.000713 0
312 185 323 197 0.000710 0
215 187 224 229 0.000694 0
450 206 465 250 0.000684 0
611 449 959 703 0.000680 0
1218 221 1271 352 0.000675 0
929 472 1176 699 0.000665 0
1249 226 1277 284 0.000657 0
1246 219 1278 278 0.000650 0
912 595 1136 703 0.000635 0
848 432 895 479 0.000624 0
487 192 947 288 0.000621 0
1241 217 1277 275 0.000612 0
1262 208 1279 262 0.000591 0
521 190 951 289 0.000572 0
1088 191 1096 209 0.000569 0
787 198 796 220 0.000559 0
864 593 1135 703 0.000555 0
631 202 648 231 0.000552 0
199 212 207 226 0.000547 0
958 369 979 426 0.000546 0
865 208 873 236 0.000539 0
785 263 849 344 0.000533 0
660 200 685 242 0.000516 0
1204 198 1228 248 0.000513 0
958 369 984 415 0.000512 0
443 200 900 289 0.000509 0
1219 230 1279 334 0.000503 0
827 211 851 264 0.000501 0
844 550 1136 702 0.000491 0
787 198 797 233 0.000486 0
848 431 924 480 0.000479 0
462 191 934 284 0.000473 0
479 198 917 287 0.000471 0
922 202 974 254 0.000468 0
454 199 479 251 0.000456 0
1184 201 1221 269 0.000453 0
784 264 837 344 0.000452 0
867 569 1135 703 0.000447 0
1263 240 1279 287 0.000436 0
632 202 649 224 0.000430 0
479 184 948 283 0.000423 0
848 434 882 478 0.000419 0
958 370 977 428 0.000415 0
941 479 1176 698 0.000409 0
831 553 1134 700 0.000408 0
1217 225 1225 232 0.000401 0
1021 484 1173 696 0.000385 0
654 210 860 282 0.000384 0
785 255 836 345 0.000375 0
450 187 477 253 0.000375 0
950 246 959 254 0.000373 0
1181 189 1206 244 0.000363 0
792 252 846 345 0.000361 0
367 186 376 200 0.000360 0
849 455 909 480 0.000359 0
815 217 837 243 0.000358 0
919 583 1136 702 0.000355 0
946 479 1153 698 0.000348 0
848 427 907 480 0.000348 0
849 456 907 480 0.000345 0
426 192 919 285 0.000344 0
1236 219 1275 266 0.000339 0
1013 484 1176 697 0.000335 0
199 210 207 225 0.000327 0
847 443 911 480 0.000310 0
958 370 978 427 0.000310 0
352 190 360 200 0.000310 0
782 254 834 345 0.000309 0
958 372 977 435 0.000309 0
783 264 833 344 0.000307 0
952 598 1136 703 0.000304 0
1214 205 1279 344 0.000302 0
386 197 396 206 0.000298 0
253 199 279 248 0.000294 0
831 203 876 276 0.000291 0
518 182 952 284 0.000289 0
375 184 391 202 0.000288 0
198 212 206 225 0.000287 0
923 203 974 255 0.000284 0
329 185 343 199 0.000284 0
319 203 331 229 0.000281 0
815 273 850 345 0.000281 0
621 191 952 289 0.000280 0
1193 310 1201 327 0.000279 0
813 167 857 223 0.000277 0
952 484 1166 696 0.000277 0
789 330 811 346 0.000275 0
1207 208 1278 352 0.000273 0
815 265 850 344 0.000272 0
387 198 396 206 0.000272 0
344 188 352 199 0.000269 0
643 454 1177 704 0.000263 0
645 206 863 283 0.000262 0
924 548 1136 701 0.000262 0
825 279 849 345 0.000260 0
103 249 138 264 0.000260 0
982 482 1176 698 0.000259 0
918 204 939 250 0.000253 0
1023 484 1168 695 0.000251 0
353 198 910 296 0.000244 0
871 551 1135 701 0.000242 0
646 203 855 284 0.000241 0
487 591 610 703 0.000239 0
356 187 912 288 0.000232 0
865 441 877 455 0.000231 0
1256 206 1279 296 0.000228 0
958 369 987 412 0.000227 0
459 197 480 306 0.000224 0
577 200 694 287 0.000222 0
783 276 851 345 0.000222 0
817 643 899 703 0.000221 0
1207 186 1233 251 0.000216 0
814 327 843 344 0.000214 0
570 199 694 284 0.000213 0
931 505 1053 564 0.000209 0
1209 203 1237 251 0.000208 0
958 371 978 407 0.000207 0
845 181 857 214 0.000206 0
958 368 988 424 0.000204 0
786 326 840 344 0.000203 0
372 195 386 205 0.000203 0
784 278 841 345 0.000202 0
814 262 851 345 0.000200 0
787 198 799 234 0.000199 0
789 331 810 344 0.000199 0
821 328 848 344 0.000198 0
936 505 1052 561 0.000197 0
848 457 904 480 0.000196 0
861 434 879 456 0.000193 0
184 197 191 206 0.000193 0
216 184 232 231 0.000191 0
643 188 977 359 0.000190 0
816 645 901 703 0.000189 0
638 206 859 283 0.000188 0
1012 484 1168 694 0.000186 0
948 556 1138 698 0.000186 0
849 455 912 480 0.000183 0
957 368 1023 429 0.000183 0
486 590 622 703 0.000182 0
678 210 860 281 0.000182 0
846 432 891 480 0.000181 0
1194 214 1279 374 0.000177 0
957 373 976 430 0.000177 0
486 613 563 703 0.000175 0
848 443 985 480 0.000169 0
1024 487 1145 689 0.000169 0
777 260 832 345 0.000167 0
789 185 870 256 0.000166 0
484 603 566 704 0.000166 0
813 327 846 344 0.000165 0
254 200 271 258 0.000165 0
652 200 667 224 0.000163 0
956 368 1022 431 0.000163 0
484 603 549 704 0.000162 0
207 201 223 229 0.000161 0
992 383 1023 424 0.000160 0
689 221 703 277 0.000159 0
466 202 480 227 0.000158 0
673 200 689 219 0.000158 0
403 156 920 280 0.000158 0
1104 312 1115 328 0.000157 0
818 643 903 703 0.000156 0
1230 317 1248 352 0.000153 0
806 190 860 266 0.000152 0
661 209 686 284 0.000149 0
32 213 40 227 0.000149 0
1030 484 1178 696 0.000147 0
661 230 690 282 0.000146 0
485 614 557 703 0.000146 0
938 505 1049 555 0.000145 0
1178 234 1188 247 0.000143 0
787 327 846 344 0.000142 0
934 505 1050 558 0.000142 0
103 247 144 264 0.000141 0
485 647 528 703 0.000137 0
804 170 1277 351 0.000136 0
485 603 572 704 0.000135 0
813 223 853 346 0.000133 0
952 535 1139 696 0.000132 0
485 649 529 703 0.000132 0
482 603 547 704 0.000131 0
482 603 556 704 0.000130 0
930 504 1053 568 0.000129 0
860 434 880 457 0.000129 0
827 277 849 343 0.000127 0
1058 227 1072 333 0.000126 0
216 188 234 232 0.000125 0
826 571 1150 704 0.000124 0
375 184 393 203 0.000123 0
649 446 1171 701 0.000122 0
1021 502 1140 687 0.000121 0
566 199 693 285 0.000120 0
863 441 879 456 0.000120 0
487 612 575 704 0.000119 0
1059 226 1072 309 0.000119 0
957 368 1023 426 0.000119 0
856 435 906 480 0.000118 0
930 164 1257 262 0.000117 0
206 206 223 229 0.000116 0
488 649 530 703 0.000115 0
630 202 657 231 0.000114 0
619 458 960 704 0.000114 0
449 177 487 286 0.000113 0
454 225 466 254 0.000113 0
826 559 1123 700 0.000112 0
925 203 974 255 0.000112 0
849 433 883 476 0.000111 0
488 606 564 704 0.000111 0
654 205 794 283 0.000111 0
336 188 901 291 0.000111 0
216 183 232 230 0.000110 0
924 208 970 256 0.000110 0
459 201 479 287 0.000109 0
271 197 279 217 0.000108 0
1057 226 1074 296 0.000107 0
938 545 1135 696 0.000107 0
1038 229 1074 334 0.000107 0
103 247 138 264 0.000107 0
324 187 341 199 0.000105 0
687 211 704 278 0.000105 0
958 362 986 404 0.000103 0
486 607 555 704 0.000103 0
1116 312 1131 333 0.000103 0
820 642 897 703 0.000103 0
816 643 886 703 0.000102 0
859 431 887 459 0.000101 0
1193 272 1279 374 0.826004 1
806 222 855 280 0.602153 1
806 226 855 280 0.552393 1
1008 224 1025 263 0.329564 1
1008 219 1050 263 0.243649 1
1008 222 1048 263 0.224383 1
1007 221 1050 263 0.223423 1
1007 222 1044 263 0.213082 1
806 221 854 279 0.211604 1
1008 223 1050 263 0.159605 1
806 224 850 279 0.051734 1
1008 218 1043 263 0.043649 1
806 222 878 281 0.037346 1
1007 204 1051 263 0.026528 1
806 224 840 276 0.020262 1
1014 225 1047 262 0.015754 1
806 235 834 275 0.015550 1
806 236 844 280 0.012639 1
1007 227 1043 263 0.011023 1
1008 194 1051 263 0.009697 1
752 248 806 280 0.009319 1
1264 307 1279 379 0.008963 1
806 221 836 275 0.008938 1
751 248 790 280 0.008753 1
758 248 806 280 0.008436 1
806 243 832 276 0.008287 1
810 234 855 279 0.008168 1
1007 206 1027 263 0.008115 1
1193 294 1240 367 0.007689 1
752 248 799 280 0.007343 1
767 248 805 280 0.007227 1
1264 303 1279 379 0.006850 1
806 242 833 274 0.006660 1
1193 294 1236 367 0.006529 1
822 239 855 279 0.006494 1
766 250 806 280 0.006415 1
752 248 803 280 0.006333 1
768 248 804 280 0.006036 1
807 221 880 280 0.005804 1
1029 226 1051 259 0.005753 1
806 243 833 280 0.005652 1
1263 315 1279 379 0.005275 1
805 224 898 281 0.004866 1
1007 215 1025 264 0.004819 1
755 248 789 280 0.004737 1
1258 280 1279 365 0.004719 1
767 248 804 280 0.004547 1
990 219 1026 263 0.004267 1
1211 273 1279 353 0.004162 1
1264 314 1279 367 0.004115 1
1264 311 1279 359 0.003793 1
666 217 854 281 0.003765 1
1254 267 1279 318 0.003692 1
775 253 805 280 0.003687 1
1212 276 1279 355 0.003602 1
805 219 841 273 0.003329 1
752 251 788 280 0.002970 1
832 238 856 277 0.002934 1
770 248 787 280 0.002885 1
1253 267 1279 312 0.002796 1
1264 306 1279 352 0.002748 1
1217 274 1279 359 0.002736 1
997 226 1021 263 0.002681 1
806 221 884 290 0.002610 1
1208 271 1279 348 0.002572 1
1194 294 1234 367 0.002549 1
983 211 1024 261 0.002498 1
1014 227 1050 262 0.002433 1
1194 299 1256 367 0.002419 1
1245 262 1279 344 0.002405 1
805 221 987 287 0.002244 1
824 238 857 280 0.002229 1
1252 267 1279 292 0.002183 1
1216 288 1279 356 0.002162 1
983 218 1050 264 0.002109 1
1194 297 1238 366 0.001983 1
1264 271 1279 314 0.001923 1
808 236 855 280 0.001866 1
1019 209 1045 262 0.001828 1
1007 226 1079 264 0.001778 1
770 248 786 279 0.001777 1
1248 265 1279 299 0.001775 1
788 254 804 278 0.001741 1
1193 293 1231 363 0.001740 1
755 244 845 281 0.001617 1
1226 272 1279 354 0.001602 1
454 224 465 250 0.001540 1
1258 266 1279 312 0.001485 1
826 241 856 280 0.001460 1
804 222 975 295 0.001458 1
1238 267 1279 345 0.001458 1
767 247 807 279 0.001342 1
1193 298 1233 367 0.001280 1
1214 279 1280 355 0.001239 1
828 235 879 280 0.001237 1
771 252 809 281 0.001211 1
1263 345 1279 380 0.001192 1
973 219 1020 259 0.001180 1
1226 317 1279 354 0.001156 1
1264 338 1279 380 0.001141 1
1210 274 1280 345 0.001135 1
752 248 791 280 0.001130 1
817 238 882 280 0.001122 1
831 225 851 264 0.001103 1
1259 276 1279 313 0.001102 1
1263 280 1279 352 0.001014 1
997 241 1023 263 0.001000 1
1253 244 1279 289 0.000998 1
1236 312 1280 367 0.000986 1
1232 275 1279 349 0.000947 1
1194 300 1234 367 0.000866 1
804 224 996 298 0.000860 1
1253 266 1279 295 0.000823 1
925 271 961 342 0.000822 1
806 219 860 279 0.000821 1
839 245 891 281 0.000812 1
927 272 961 305 0.000795 1
806 235 855 280 0.000795 1
813 217 842 262 0.000756 1
829 236 880 278 0.000756 1
752 230 849 345 0.000751 1
1037 219 1056 252 0.000748 1
1195 294 1241 363 0.000736 1
924 272 960 298 0.000736 1
924 272 960 302 0.000730 1
924 272 960 296 0.000722 1
1267 282 1279 313 0.000716 1
40 234 73 256 0.000716 1
949 273 961 304 0.000711 1
752 263 787 280 0.000708 1
804 195 984 285 0.000703 1
19 231 74 257 0.000688 1
910 270 958 297 0.000687 1
830 240 881 279 0.000682 1
1194 287 1234 353 0.000677 1
926 272 961 304 0.000677 1
949 273 960 304 0.000662 1
807 238 856 301 0.000658 1
752 249 802 281 0.000657 1
751 231 854 334 0.000656 1
1196 296 1217 325 0.000634 1
47 234 73 256 0.000627 1
789 253 808 279 0.000624 1
842 244 883 277 0.000621 1
1204 248 1248 331 0.000594 1
1197 252 1241 330 0.000593 1
18 223 75 257 0.000593 1
806 239 844 296 0.000592 1
1223 313 1280 378 0.000592 1
804 220 863 340 0.000568 1
47 235 73 256 0.000564 1
957 200 1053 263 0.000548 1
662 214 857 280 0.000546 1
829 237 858 281 0.000528 1
1205 291 1277 322 0.000522 1
950 273 960 294 0.000503 1
1237 315 1279 381 0.000495 1
774 221 855 346 0.000494 1
1219 287 1280 356 0.000492 1
1204 292 1272 334 0.000472 1
1192 292 1274 374 0.000471 1
925 270 962 344 0.000467 1
1086 311 1168 347 0.000455 1
1214 283 1279 349 0.000452 1
903 268 962 344 0.000451 1
19 229 73 257 0.000450 1
920 271 960 295 0.000448 1
805 223 856 288 0.000446 1
909 270 960 300 0.000445 1
909 270 954 295 0.000435 1
1191 274 1279 422 0.000432 1
865 251 911 288 0.000430 1
854 249 907 287 0.000425 1
752 248 810 293 0.000423 1
865 249 907 287 0.000422 1
751 248 809 296 0.000421 1
922 272 960 295 0.000420 1
1215 249 1278 350 0.000414 1
1198 291 1219 318 0.000414 1
1195 291 1251 361 0.000404 1
1209 308 1279 366 0.000391 1
865 251 913 288 0.000388 1
1193 252 1238 329 0.000385 1
864 248 914 288 0.000383 1
1221 298 1279 361 0.000379 1
46 224 73 256 0.000374 1
743 194 1268 351 0.000357 1
47 235 73 256 0.000353 1
831 219 877 277 0.000352 1
1214 308 1233 352 0.000350 1
1194 307 1245 367 0.000346 1
1013 236 1071 263 0.000345 1
1193 300 1219 362 0.000337 1
1196 276 1279 423 0.000334 1
805 210 989 290 0.000328 1
1215 303 1243 352 0.000316 1
803 217 823 239 0.000315 1
1263 287 1279 418 0.000315 1
752 245 845 306 0.000308 1
1110 276 1273 372 0.000307 1
1083 312 1169 345 0.000303 1
1119 269 1274 370 0.000301 1
926 269 957 345 0.000299 1
690 190 1262 348 0.000296 1
1200 286 1251 340 0.000287 1
1087 311 1167 346 0.000282 1
950 273 960 294 0.000282 1
675 198 858 282 0.000280 1
1221 227 1279 350 0.000279 1
829 251 914 295 0.000270 1
1215 290 1280 351 0.000263 1
1212 259 1277 345 0.000255 1
805 222 865 288 0.000255 1
1193 308 1231 367 0.000251 1
797 219 945 339 0.000248 1
909 270 951 296 0.000247 1
815 237 889 282 0.000246 1
859 253 913 294 0.000245 1
1091 310 1169 347 0.000244 1
1192 299 1206 327 0.000238 1
642 210 854 283 0.000237 1
908 269 946 296 0.000236 1
1193 275 1279 376 0.000235 1
866 245 916 289 0.000232 1
1193 269 1274 362 0.000228 1
838 233 884 276 0.000223 1
868 254 912 289 0.000222 1
821 242 898 282 0.000221 1
990 243 1017 262 0.000220 1
1215 293 1267 349 0.000215 1
1215 316 1231 351 0.000210 1
1194 312 1233 367 0.000210 1
1096 311 1169 347 0.000208 1
789 251 816 278 0.000206 1
1215 226 1279 353 0.000204 1
925 271 963 341 0.000203 1
1193 303 1225 363 0.000202 1
788 215 850 240 0.000200 1
1236 333 1279 381 0.000198 1
759 249 815 295 0.000197 1
866 243 915 288 0.000195 1
1263 354 1279 383 0.000188 1
1213 293 1263 349 0.000188 1
1231 328 1248 352 0.000188 1
752 235 849 346 0.000186 1
864 254 913 292 0.000184 1
935 203 1038 263 0.000184 1
828 202 1073 299 0.000179 1
1007 221 1069 265 0.000178 1
1005 221 1098 267 0.000178 1
1084 311 1171 346 0.000173 1
1192 295 1213 328 0.000170 1
933 182 1269 270 0.000165 1
1215 298 1244 350 0.000164 1
826 278 850 344 0.000158 1
810 242 856 298 0.000158 1
1264 362 1279 382 0.000156 1
803 245 837 297 0.000156 1
771 221 1008 341 0.000155 1
804 218 990 303 0.000150 1
1143 323 1190 357 0.000143 1
866 249 892 281 0.000141 1
1103 307 1170 348 0.000135 1
909 265 950 346 0.000135 1
751 251 800 297 0.000135 1
1192 281 1277 369 0.000134 1
44 224 97 256 0.000133 1
827 278 849 344 0.000131 1
1081 312 1175 346 0.000130 1
761 220 857 278 0.000126 1
947 276 961 303 0.000121 1
1085 283 1274 368 0.000120 1
1181 262 1225 339 0.000117 1
772 254 836 298 0.000116 1
1167 264 1238 333 0.000116 1
1005 203 1082 339 0.000113 1
1193 318 1275 367 0.000112 1
783 230 836 276 0.000111 1
1225 298 1249 349 0.000106 1
1148 310 1168 353 0.000106 1
1194 333 1231 367 0.000105 1
1143 310 1168 350 0.000104 1
828 279 849 342 0.000101 1
483 200 515 217 0.055769 2
991 196 1051 251 0.050650 2
483 199 516 217 0.050340 2
694 204 728 234 0.040584 2
484 205 516 217 0.040233 2
694 203 728 234 0.038799 2
696 204 729 235 0.036729 2
692 202 728 235 0.032308 2
693 200 729 234 0.032271 2
986 195 1051 251 0.031588 2
695 202 728 234 0.028419 2
994 195 1051 254 0.025363 2
1004 200 1025 229 0.025081 2
981 197 1051 248 0.024626 2
696 200 729 234 0.022424 2
1007 199 1028 225 0.021671 2
528 196 552 218 0.021437 2
527 199 551 218 0.020608 2
489 204 516 217 0.020555 2
1004 200 1025 229 0.018530 2
981 201 1026 231 0.018351 2
606 200 647 216 0.017440 2
1004 199 1027 228 0.017185 2
980 195 1051 246 0.017080 2
696 206 729 235 0.017057 2
1008 202 1026 224 0.016708 2
528 197 553 218 0.016378 2
981 201 1025 232 0.016363 2
1013 196 1050 261 0.015710 2
530 199 551 218 0.015198 2
980 199 1029 230 0.013283 2
605 200 647 216 0.012636 2
693 202 728 234 0.012283 2
606 200 646 216 0.011691 2
525 197 550 218 0.011603 2
529 201 551 217 0.011331 2
606 201 646 216 0.011259 2
482 199 516 217 0.011237 2
876 198 954 238 0.011151 2
529 200 553 218 0.011130 2
978 196 1049 250 0.010918 2
1272 204 1279 251 0.010470 2
1271 203 1279 251 0.009796 2
876 198 953 241 0.008908 2
516 197 551 218 0.008261 2
481 198 516 217 0.007792 2
1273 205 1279 252 0.007745 2
1011 195 1051 255 0.007064 2
625 201 651 216 0.006861 2
589 184 622 201 0.006364 2
560 200 578 216 0.005828 2
877 198 954 236 0.005727 2
982 207 998 229 0.005558 2
529 200 555 218 0.005509 2
1009 194 1031 220 0.005497 2
980 198 1048 254 0.005356 2
693 205 728 235 0.005263 2
552 200 578 216 0.005245 2
874 198 953 229 0.005206 2
622 201 645 216 0.005130 2
876 199 928 243 0.004923 2
488 198 517 217 0.004918 2
1008 200 1027 231 0.004913 2
875 199 953 232 0.004876 2
1005 193 1032 229 0.004474 2
1261 207 1279 252 0.004147 2
981 201 1026 250 0.004130 2
1262 204 1279 256 0.004111 2
982 207 999 238 0.003792 2
1270 199 1279 249 0.003769 2
1050 215 1067 234 0.003645 2
1261 201 1279 242 0.003526 2
1013 198 1048 243 0.003460 2
975 208 1001 252 0.003059 2
696 199 730 234 0.002865 2
554 201 577 216 0.002775 2
971 216 999 255 0.002735 2
878 199 911 242 0.002657 2
551 200 563 216 0.002631 2
589 184 622 215 0.002522 2
560 201 577 216 0.002346 2
516 194 551 217 0.002297 2
877 198 951 225 0.002296 2
1113 216 1193 250 0.002296 2
876 199 912 243 0.002239 2
693 201 723 216 0.002198 2
979 199 1027 230 0.002106 2
971 219 995 253 0.002086 2
878 199 911 239 0.002084 2
1053 219 1066 241 0.002029 2
970 206 987 224 0.002020 2
973 218 986 242 0.001998 2
696 201 722 216 0.001969 2
554 200 578 217 0.001969 2
973 198 1034 254 0.001959 2
305 191 313 198 0.001957 2
980 208 1003 250 0.001953 2
865 220 873 235 0.001924 2
973 208 986 235 0.001874 2
559 200 587 216 0.001872 2
997 194 1048 250 0.001860 2
471 203 480 217 0.001843 2
592 191 651 217 0.001822 2
876 199 944 245 0.001810 2
970 220 996 255 0.001796 2
634 199 656 215 0.001749 2
961 206 985 224 0.001731 2
557 183 623 216 0.001715 2
719 199 730 216 0.001713 2
527 193 553 218 0.001684 2
931 200 953 206 0.001649 2
803 185 852 230 0.001616 2
551 199 567 216 0.001612 2
880 199 911 230 0.001606 2
962 204 987 248 0.001591 2
1037 195 1073 246 0.001590 2
879 199 910 235 0.001585 2
864 218 877 241 0.001576 2
865 221 881 242 0.001538 2
1259 199 1279 225 0.001536 2
1039 194 1087 245 0.001535 2
1228 199 1279 249 0.001474 2
1052 216 1084 245 0.001463 2
518 193 547 217 0.001413 2
559 201 587 216 0.001407 2
924 200 952 214 0.001384 2
549 201 561 216 0.001381 2
1043 194 1086 226 0.001330 2
877 199 954 226 0.001289 2
873 188 1053 250 0.001286 2
1067 213 1123 237 0.001282 2
1065 214 1124 248 0.001269 2
876 199 911 243 0.001262 2
1040 193 1094 244 0.001239 2
919 201 979 254 0.001220 2
878 198 913 239 0.001209 2
1103 185 1122 204 0.001203 2
1112 222 1135 247 0.001197 2
966 205 990 251 0.001189 2
1262 205 1279 259 0.001183 2
968 212 993 254 0.001176 2
312 187 322 199 0.001174 2
803 215 829 238 0.001168 2
599 188 656 216 0.001160 2
1190 274 1279 421 0.001152 2
692 208 702 234 0.001140 2
1063 215 1092 248 0.001133 2
1069 216 1092 250 0.001113 2
974 214 1008 256 0.001089 2
1113 221 1134 242 0.001064 2
526 193 551 218 0.001056 2
1017 194 1042 225 0.001055 2
962 200 1012 227 0.001030 2
1043 196 1078 231 0.001018 2
1112 221 1157 248 0.001013 2
1050 214 1075 239 0.001004 2
718 199 734 217 0.001003 2
611 190 657 215 0.000994 2
864 220 880 240 0.000988 2
589 203 614 215 0.000982 2
803 217 825 239 0.000972 2
1066 197 1127 240 0.000958 2
1064 213 1091 244 0.000930 2
1052 215 1090 248 0.000908 2
976 186 1039 230 0.000906 2
1105 221 1135 248 0.000901 2
633 203 654 216 0.000900 2
890 199 954 211 0.000892 2
968 221 994 255 0.000890 2
1045 194 1088 215 0.000877 2
1070 216 1089 247 0.000876 2
1189 286 1279 422 0.000865 2
1066 215 1092 249 0.000863 2
1237 193 1279 235 0.000849 2
927 203 981 224 0.000832 2
1070 214 1090 233 0.000822 2
875 200 915 243 0.000821 2
1065 214 1122 250 0.000818 2
1241 214 1277 255 0.000811 2
1003 194 1101 238 0.000805 2
1111 223 1134 248 0.000786 2
480 179 553 218 0.000782 2
1006 199 1086 262 0.000774 2
632 203 654 217 0.000772 2
932 203 981 252 0.000769 2
1035 194 1047 219 0.000764 2
918 199 980 228 0.000761 2
802 185 842 238 0.000758 2
865 198 912 244 0.000753 2
803 214 832 239 0.000753 2
1008 194 1086 248 0.000743 2
720 200 735 216 0.000732 2
1191 279 1280 426 0.000708 2
528 200 552 221 0.000704 2
1068 213 1122 235 0.000679 2
557 199 619 216 0.000671 2
528 200 553 221 0.000671 2
1113 221 1166 244 0.000656 2
1064 195 1114 242 0.000656 2
1112 222 1136 249 0.000653 2
707 199 736 235 0.000648 2
1103 184 1123 204 0.000635 2
712 200 777 235 0.000615 2
1225 167 1279 181 0.000609 2
804 189 850 228 0.000605 2
1065 196 1125 239 0.000597 2
578 183 622 203 0.000597 2
750 200 768 216 0.000581 2
802 215 829 238 0.000578 2
1112 222 1145 249 0.000576 2
1102 186 1123 209 0.000564 2
866 206 907 243 0.000549 2
920 203 977 254 0.000543 2
1088 214 1125 240 0.000541 2
1271 250 1279 267 0.000539 2
1086 184 1125 205 0.000536 2
750 200 768 216 0.000533 2
1063 209 1127 250 0.000527 2
1067 215 1131 250 0.000513 2
1103 184 1122 203 0.000511 2
1070 192 1087 202 0.000509 2
803 215 834 240 0.000503 2
751 200 768 218 0.000496 2
1194 351 1280 427 0.000490 2
866 198 915 242 0.000486 2
304 185 321 198 0.000482 2
910 192 987 225 0.000478 2
751 200 768 218 0.000478 2
1192 350 1279 426 0.000456 2
805 188 1070 263 0.000455 2
959 199 991 224 0.000455 2
469 201 479 217 0.000445 2
470 188 480 202 0.000441 2
1055 192 1085 205 0.000436 2
1074 193 1090 201 0.000425 2
696 209 757 235 0.000423 2
913 192 984 229 0.000420 2
727 200 770 233 0.000413 2
1111 229 1120 248 0.000409 2
1188 301 1279 422 0.000409 2
1214 167 1279 202 0.000408 2
922 200 979 224 0.000402 2
923 200 978 254 0.000400 2
1019 194 1046 227 0.000399 2
526 199 551 221 0.000397 2
703 200 777 235 0.000396 2
1225 166 1279 181 0.000370 2
692 182 729 224 0.000368 2
684 204 722 234 0.000366 2
1080 185 1124 211 0.000362 2
460 188 480 211 0.000357 2
1113 216 1134 234 0.000357 2
621 192 658 215 0.000353 2
702 201 735 235 0.000345 2
1005 198 1129 253 0.000344 2
1031 192 1088 213 0.000344 2
940 205 977 253 0.000344 2
802 190 846 238 0.000343 2
1010 191 1127 248 0.000336 2
921 204 977 255 0.000316 2
1262 167 1279 181 0.000312 2
1262 169 1279 181 0.000309 2
1220 166 1279 195 0.000302 2
1184 339 1269 424 0.000301 2
1071 197 1092 210 0.000293 2
464 190 480 216 0.000291 2
1092 193 1125 232 0.000287 2
953 183 1041 226 0.000283 2
588 180 657 214 0.000280 2
1112 215 1175 243 0.000279 2
720 201 793 236 0.000274 2
706 201 792 236 0.000273 2
650 198 664 217 0.000272 2
719 199 772 223 0.000269 2
1102 181 1142 206 0.000267 2
1225 203 1276 238 0.000266 2
457 188 481 217 0.000264 2
1115 183 1204 246 0.000260 2
1070 200 1122 233 0.000256 2
383 180 888 225 0.000254 2
747 201 768 232 0.000252 2
1187 319 1269 418 0.000236 2
0 396 16 410 0.000236 2
387 198 397 206 0.000234 2
685 197 724 216 0.000231 2
496 239 534 252 0.000229 2
1006 184 1043 220 0.000227 2
1133 184 1188 215 0.000224 2
662 189 1256 345 0.000219 2
1190 336 1270 422 0.000210 2
1188 347 1278 427 0.000207 2
924 204 977 255 0.000205 2
700 183 737 226 0.000202 2
802 184 987 288 0.000201 2
690 205 850 250 0.000199 2
1264 183 1279 237 0.000197 2
495 240 531 252 0.000196 2
1013 182 1129 247 0.000190 2
1087 187 1141 245 0.000186 2
548 192 639 218 0.000182 2
319 203 332 231 0.000182 2
294 180 308 199 0.000178 2
599 200 654 227 0.000173 2
1099 183 1143 222 0.000168 2
700 217 728 237 0.000166 2
604 200 651 226 0.000166 2
1230 205 1271 233 0.000158 2
736 202 747 216 0.000157 2
864 208 881 239 0.000157 2
689 212 728 237 0.000156 2
753 203 768 232 0.000153 2
864 198 919 241 0.000152 2
1006 183 1049 227 0.000151 2
1202 348 1269 425 0.000150 2
698 201 791 235 0.000150 2
1191 321 1271 418 0.000149 2
470 186 480 201 0.000149 2
354 192 367 200 0.000146 2
789 232 810 239 0.000144 2
486 206 516 221 0.000142 2
1106 179 1142 209 0.000142 2
699 194 798 235 0.000142 2
800 184 845 236 0.000138 2
1031 192 1064 238 0.000136 2
872 198 989 258 0.000136 2
800 189 839 238 0.000136 2
1132 184 1201 217 0.000128 2
605 180 659 214 0.000125 2
447 184 480 206 0.000124 2
728 199 762 216 0.000123 2
730 203 791 236 0.000121 2
947 206 985 256 0.000116 2
1203 350 1265 426 0.000114 2
788 232 810 239 0.000114 2
507 239 528 251 0.000113 2
869 188 973 284 0.000112 2
1118 183 1170 217 0.000112 2
311 188 325 199 0.000112 2
1206 330 1270 425 0.000112 2
526 199 569 224 0.000111 2
356 216 368 230 0.000109 2
1186 196 1278 280 0.000108 2
876 217 912 246 0.000107 2
739 202 791 236 0.000105 2
482 200 517 222 0.000104 2
865 199 883 238 0.000103 2
325 191 882 284 0.000101 2
480 174 516 217 0.010449 5
481 175 516 217 0.007942 5
479 171 574 217 0.004013 5
866 177 943 203 0.003440 5
445 169 580 217 0.002965 5
481 183 530 217 0.002886 5
482 183 559 217 0.002367 5
477 174 516 217 0.001392 5
1214 171 1279 221 0.000653 5
1212 164 1279 240 0.000597 5
445 166 541 218 0.000589 5
442 163 518 214 0.000288 5
806 160 864 210 0.000272 5
478 180 515 217 0.000265 5
467 157 626 215 0.000235 6
0 66 74 246 0.000227 6
1 65 75 241 0.000216 6
7 64 516 400 0.000146 6
0 64 79 239 0.000130 6
11 64 481 390 0.000111 6
0 66 71 237 0.000109 6
988 149 1272 246 0.000102 6
865 177 953 239 0.274638 7
865 177 950 237 0.188431 7
705 152 953 239 0.091785 7
719 152 859 235 0.081696 7
707 153 955 241 0.070731 7
805 176 955 239 0.062308 7
707 162 955 242 0.055909 7
865 177 979 245 0.045076 7
701 151 859 235 0.039574 7
867 182 978 246 0.037837 7
809 177 954 241 0.033760 7
775 161 956 241 0.031767 7
866 177 948 233 0.028425 7
866 177 951 229 0.024279 7
865 177 985 245 0.021781 7
865 177 947 237 0.021005 7
716 151 954 239 0.019181 7
866 177 942 213 0.010874 7
866 177 944 211 0.010720 7
863 178 980 247 0.010371 7
1116 183 1219 250 0.010348 7
1116 183 1213 250 0.009987 7
589 184 652 215 0.009778 7
589 184 623 203 0.009292 7
588 184 648 216 0.009043 7
590 184 622 206 0.009019 7
806 177 956 243 0.008026 7
589 184 622 202 0.007789 7
725 153 854 235 0.007304 7
802 160 858 224 0.006920 7
589 184 625 215 0.006822 7
866 177 945 206 0.006750 7
589 184 622 213 0.006593 7
587 184 651 216 0.005945 7
1209 176 1279 235 0.005903 7
695 184 729 234 0.005646 7
1213 172 1279 248 0.005500 7
697 184 730 234 0.005478 7
699 151 838 235 0.005450 7
869 197 979 248 0.005313 7
589 184 622 205 0.005190 7
1214 169 1279 243 0.005182 7
865 177 1052 247 0.005066 7
1210 175 1279 233 0.005023 7
695 170 1034 249 0.004982 7
800 153 951 238 0.004747 7
589 183 656 216 0.004546 7
1116 183 1235 250 0.004483 7
1116 183 1246 250 0.004475 7
1208 171 1279 257 0.004405 7
480 174 516 217 0.004384 7
865 177 953 242 0.004013 7
1208 174 1279 236 0.003904 7
865 177 939 234 0.003696 7
480 174 515 217 0.003581 7
1110 183 1214 250 0.003492 7
1213 171 1279 256 0.003447 7
759 153 944 239 0.003424 7
480 171 580 215 0.003345 7
861 177 953 242 0.003338 7
1204 167 1279 250 0.003336 7
477 172 576 216 0.003281 7
703 152 812 235 0.003260 7
699 152 811 235 0.003212 7
1115 170 1279 263 0.003027 7
867 177 942 204 0.002997 7
1206 175 1280 242 0.002778 7
803 185 857 231 0.002732 7
479 172 580 217 0.002662 7
475 171 587 216 0.002646 7
1213 178 1279 231 0.002627 7
1113 178 1279 258 0.002565 7
1213 178 1279 228 0.002428 7
866 177 942 201 0.002360 7
1202 172 1279 251 0.002265 7
588 184 652 217 0.002264 7
866 177 936 209 0.002248 7
867 177 945 202 0.002225 7
588 182 653 216 0.002175 7
802 185 853 238 0.002148 7
700 184 729 233 0.002105 7
802 146 952 237 0.002100 7
681 172 1060 256 0.002042 7
1116 183 1253 251 0.001995 7
700 149 1047 246 0.001966 7
701 151 848 222 0.001925 7
700 184 730 228 0.001877 7
802 185 857 225 0.001827 7
803 185 848 235 0.001787 7
589 180 653 216 0.001700 7
1216 173 1279 265 0.001693 7
672 174 965 274 0.001665 7
684 178 997 266 0.001657 7
646 154 964 261 0.001642 7
670 150 960 238 0.001613 7
868 177 944 203 0.001599 7
696 184 730 234 0.001584 7
1114 167 1279 258 0.001430 7
867 177 933 203 0.001408 7
700 184 729 221 0.001386 7
802 157 858 226 0.001381 7
685 179 1043 260 0.001358 7
1114 184 1201 247 0.001267 7
1100 163 1263 248 0.001246 7
701 184 729 214 0.001221 7
804 159 858 216 0.001181 7
1116 174 1279 281 0.001146 7
668 178 1067 266 0.001129 7
696 166 729 234 0.001080 7
478 150 952 236 0.001061 7
1115 179 1279 268 0.001060 7
1111 164 1279 259 0.001042 7
1219 178 1279 227 0.001030 7
802 158 858 218 0.001012 7
865 177 941 238 0.001012 7
824 176 938 237 0.001011 7
1115 175 1279 276 0.001001 7
702 184 728 211 0.000976 7
708 132 951 237 0.000932 7
870 177 945 203 0.000900 7
698 125 955 239 0.000887 7
522 191 551 217 0.000823 7
816 175 1061 258 0.000815 7
1181 173 1279 265 0.000812 7
475 168 624 215 0.000802 7
726 152 809 212 0.000799 7
1092 162 1238 250 0.000798 7
523 173 581 217 0.000791 7
806 160 858 214 0.000776 7
647 174 964 281 0.000768 7
751 152 860 223 0.000760 7
1215 179 1279 219 0.000697 7
956 183 1044 228 0.000688 7
1117 183 1199 226 0.000687 7
687 147 1094 253 0.000685 7
1106 164 1270 248 0.000675 7
457 150 947 235 0.000660 7
529 179 622 216 0.000633 7
1114 184 1195 247 0.000623 7
826 175 940 222 0.000622 7
565 183 623 214 0.000618 7
868 189 1048 254 0.000599 7
1118 183 1194 231 0.000576 7
665 181 1082 266 0.000573 7
553 177 622 216 0.000562 7
1232 178 1279 230 0.000561 7
688 174 729 235 0.000552 7
1116 183 1202 217 0.000505 7
555 176 581 214 0.000501 7
701 121 960 240 0.000475 7
727 152 810 222 0.000433 7
726 152 809 208 0.000430 7
1220 178 1279 224 0.000427 7
477 158 952 270 0.000424 7
1228 178 1279 229 0.000413 7
865 177 922 237 0.000407 7
868 177 952 228 0.000406 7
1118 183 1195 218 0.000400 7
646 191 1133 338 0.000395 7
1071 167 1149 248 0.000395 7
1088 160 1279 255 0.000379 7
1209 169 1279 215 0.000379 7
442 150 940 234 0.000347 7
647 188 1147 349 0.000345 7
750 152 860 199 0.000329 7
555 178 575 199 0.000326 7
1117 184 1204 216 0.000319 7
729 152 810 213 0.000307 7
1065 181 1164 249 0.000300 7
1063 189 1128 248 0.000286 7
979 183 1044 227 0.000278 7
801 158 934 218 0.000260 7
950 182 1049 220 0.000252 7
588 154 720 217 0.000248 7
651 191 1215 348 0.000243 7
847 167 1271 255 0.000242 7
644 184 959 281 0.000241 7
696 151 843 223 0.000240 7
946 172 1275 256 0.000221 7
409 150 923 234 0.000212 7
727 152 804 214 0.000210 7
967 182 1044 222 0.000209 7
877 172 1059 244 0.000207 7
460 154 948 277 0.000206 7
644 188 1105 343 0.000203 7
554 175 620 205 0.000199 7
866 176 921 203 0.000196 7
801 166 939 217 0.000195 7
452 158 934 276 0.000193 7
722 143 1195 259 0.000191 7
591 154 732 224 0.000190 7
816 174 931 225 0.000184 7
591 151 732 232 0.000181 7
369 174 865 241 0.000181 7
1069 145 1121 249 0.000181 7
718 165 861 239 0.000177 7
1112 184 1187 245 0.000174 7
952 180 1043 220 0.000170 7
1117 183 1183 227 0.000167 7
733 152 812 215 0.000163 7
727 152 809 189 0.000154 7
821 177 917 240 0.000148 7
472 156 585 215 0.000144 7
880 177 951 205 0.000142 7
749 152 859 195 0.000138 7
959 165 1055 244 0.000131 7
844 174 1273 284 0.000128 7
676 97 951 239 0.000127 7
737 152 852 219 0.000125 7
740 152 859 192 0.000125 7
971 171 1062 245 0.000123 7
811 139 954 236 0.000123 7
726 152 808 205 0.000123 7
731 152 808 185 0.000121 7
378 146 904 229 0.000121 7
732 152 809 221 0.000121 7
1097 162 1234 217 0.000121 7
475 155 630 215 0.000116 7
644 189 1032 357 0.000115 7
701 105 999 243 0.000114 7
688 150 730 234 0.000113 7
1096 163 1151 239 0.000111 7
594 151 651 212 0.000111 7
374 153 750 225 0.000111 7
1251 75 1279 260 0.000109 7
912 175 1273 290 0.000106 7
1204 174 1257 248 0.000105 7
593 155 728 217 0.000104 7
873 180 951 210 0.000104 7
587 166 623 203 0.000102 7
1088 150 1102 176 0.536114 9
513 152 524 178 0.204650 9
513 152 524 179 0.191757 9
512 152 524 178 0.160583 9
513 152 525 179 0.114261 9
512 152 525 179 0.081073 9
513 153 524 182 0.070830 9
513 152 526 183 0.032671 9
1181 190 1199 216 0.026736 9
512 151 524 179 0.025291 9
1007 136 1024 174 0.024894 9
1007 136 1022 174 0.017085 9
449 157 490 171 0.016102 9
1088 150 1102 183 0.013630 9
366 167 373 186 0.011746 9
1089 150 1105 177 0.010614 9
1006 135 1024 174 0.010577 9
1181 189 1199 217 0.010456 9
1129 64 1152 74 0.009705 9
1127 64 1152 75 0.009602 9
1217 191 1223 207 0.008930 9
1123 64 1152 75 0.006646 9
1089 150 1109 178 0.006374 9
1089 132 1106 177 0.006297 9
1207 168 1215 190 0.006141 9
1133 64 1152 73 0.006107 9
372 167 381 184 0.005971 9
1203 192 1214 208 0.005713 9
1096 133 1105 175 0.005620 9
239 177 247 191 0.005236 9
1207 168 1215 187 0.005152 9
1202 194 1214 218 0.005027 9
373 169 381 184 0.005013 9
1121 64 1151 76 0.004627 9
1127 64 1152 77 0.004615 9
1089 149 1110 178 0.004573 9
1217 192 1225 208 0.004358 9
239 177 247 190 0.004273 9
312 149 342 190 0.003948 9
1213 168 1224 184 0.003344 9
1121 64 1152 77 0.003300 9
1128 64 1152 78 0.003223 9
1213 167 1224 184 0.003187 9
312 149 341 186 0.003053 9
1207 168 1215 195 0.002963 9
513 155 525 194 0.002946 9
864 141 883 168 0.002804 9
1087 132 1105 178 0.002544 9
312 148 342 195 0.002398 9
224 183 232 197 0.002387 9
1156 164 1167 184 0.002327 9
863 136 894 168 0.002326 9
1088 130 1106 179 0.002285 9
557 183 566 198 0.002213 9
1173 151 1182 163 0.002180 9
1088 139 1103 177 0.002108 9
1184 188 1210 217 0.002095 9
119 64 128 71 0.001994 9
1090 147 1110 176 0.001970 9
371 167 380 186 0.001958 9
1120 64 1150 75 0.001902 9
1189 189 1213 219 0.001883 9
814 144 822 156 0.001864 9
555 173 567 199 0.001739 9
1099 133 1110 173 0.001718 9
362 167 373 188 0.001718 9
838 140 860 166 0.001638 9
1047 173 1055 184 0.001633 9
512 159 526 188 0.001628 9
361 167 373 188 0.001622 9
841 119 864 136 0.001586 9
1047 155 1056 172 0.001563 9
879 155 894 167 0.001558 9
512 191 521 201 0.001475 9
997 136 1009 180 0.001433 9
1202 192 1213 220 0.001417 9
119 64 177 76 0.001363 9
1181 185 1200 216 0.001339 9
871 136 938 153 0.001334 9
840 119 867 137 0.001317 9
1199 147 1206 177 0.001316 9
587 173 594 185 0.001275 9
840 119 866 136 0.001209 9
119 64 169 75 0.001189 9
861 137 938 153 0.001183 9
994 137 1001 163 0.001169 9
879 155 895 169 0.001134 9
311 148 352 198 0.001112 9
1097 133 1110 171 0.001105 9
830 136 896 168 0.001088 9
1193 164 1201 186 0.001084 9
369 166 382 186 0.001075 9
863 137 896 169 0.001064 9
119 64 161 73 0.001058 9
1088 192 1095 202 0.001055 9
994 138 1002 170 0.001050 9
992 139 1001 172 0.001036 9
814 149 823 160 0.001031 9
993 138 1001 169 0.001027 9
1046 162 1057 178 0.001002 9
365 166 376 189 0.000990 9
1054 119 1065 137 0.000962 9
883 137 938 153 0.000948 9
1080 173 1089 183 0.000942 9
448 157 491 173 0.000940 9
1200 135 1206 153 0.000935 9
1051 112 1082 146 0.000932 9
1124 166 1146 187 0.000924 9
1210 167 1226 209 0.000920 9
119 64 195 80 0.000919 9
312 148 352 196 0.000901 9
903 136 938 153 0.000895 9
517 191 524 202 0.000878 9
1119 64 1150 77 0.000875 9
1053 112 1082 146 0.000874 9
1087 147 1102 199 0.000870 9
166 64 177 75 0.000867 9
1127 166 1146 185 0.000860 9
803 148 811 156 0.000859 9
888 136 939 153 0.000840 9
805 157 858 194 0.000814 9
1189 165 1201 186 0.000812 9
832 136 896 153 0.000808 9
997 137 1009 175 0.000802 9
1232 170 1245 181 0.000797 9
862 139 884 168 0.000795 9
545 141 552 151 0.000792 9
851 89 859 105 0.000776 9
832 136 895 152 0.000774 9
312 149 348 189 0.000769 9
119 64 162 74 0.000764 9
845 136 939 154 0.000764 9
899 136 938 153 0.000763 9
249 177 257 192 0.000756 9
1021 151 1040 163 0.000743 9
1115 165 1155 212 0.000739 9
897 136 938 153 0.000736 9
553 173 580 203 0.000731 9
693 180 702 199 0.000728 9
992 138 1003 179 0.000721 9
1095 133 1108 171 0.000713 9
1087 179 1097 201 0.000706 9
555 175 580 202 0.000693 9
832 136 879 157 0.000689 9
1088 133 1124 182 0.000687 9
1204 158 1217 189 0.000672 9
830 136 895 153 0.000672 9
844 136 940 154 0.000670 9
225 183 231 199 0.000668 9
120 64 172 75 0.000661 9
834 137 860 165 0.000654 9
1198 151 1207 185 0.000651 9
614 155 624 170 0.000644 9
863 137 895 161 0.000642 9
809 161 858 185 0.000624 9
1101 164 1146 206 0.000616 9
1052 111 1083 146 0.000611 9
1176 213 1185 223 0.000609 9
831 135 897 167 0.000608 9
239 163 247 178 0.000605 9
1193 159 1202 186 0.000604 9
501 152 524 179 0.000603 9
447 156 502 171 0.000597 9
1096 130 1105 160 0.000593 9
1054 115 1066 137 0.000580 9
869 136 899 171 0.000576 9
1020 152 1040 169 0.000574 9
120 64 165 74 0.000573 9
1104 165 1147 189 0.000565 9
606 172 614 183 0.000564 9
858 137 895 152 0.000563 9
840 119 858 136 0.000555 9
995 136 1009 175 0.000554 9
831 136 862 152 0.000552 9
1089 145 1122 181 0.000542 9
511 157 548 188 0.000538 9
806 148 816 162 0.000528 9
1116 166 1143 189 0.000527 9
1045 153 1056 171 0.000519 9
1122 165 1156 216 0.000519 9
429 223 438 230 0.000518 9
1018 152 1038 171 0.000514 9
1053 113 1080 146 0.000511 9
257 146 266 159 0.000509 9
341 165 351 187 0.000508 9
512 151 542 185 0.000508 9
858 136 895 151 0.000496 9
567 147 581 161 0.000492 9
997 144 1007 184 0.000491 9
155 64 170 73 0.000488 9
995 136 1006 175 0.000481 9
1200 135 1207 152 0.000480 9
689 119 703 181 0.000472 9
863 137 894 150 0.000469 9
1112 165 1150 213 0.000466 9
162 64 177 77 0.000460 9
1003 136 1023 188 0.000456 9
688 119 701 178 0.000449 9
838 119 863 136 0.000443 9
502 151 524 184 0.000443 9
851 136 939 158 0.000439 9
831 135 890 152 0.000433 9
1196 160 1222 200 0.000433 9
1170 136 1183 162 0.000432 9
688 119 702 185 0.000423 9
821 151 859 167 0.000422 9
1156 157 1168 181 0.000422 9
537 168 553 183 0.000421 9
606 162 616 182 0.000421 9
120 64 184 79 0.000420 9
1120 165 1155 187 0.000418 9
614 152 625 171 0.000415 9
259 143 269 159 0.000414 9
1078 148 1102 181 0.000415 9
1014 128 1105 190 0.000414 9
607 154 626 184 0.000413 9
808 160 858 184 0.000412 9
993 136 1001 158 0.000411 9
1197 165 1216 190 0.000409 9
810 159 857 183 0.000409 9
848 118 870 136 0.000406 9
595 64 625 91 0.000397 9
857 136 938 175 0.000393 9
1096 155 1114 186 0.000392 9
512 150 544 178 0.000391 9
1100 165 1146 207 0.000391 9
445 153 570 205 0.000390 9
1014 141 1040 170 0.000388 9
1078 147 1102 180 0.000387 9
313 136 359 193 0.000387 9
808 161 857 181 0.000386 9
999 126 1007 136 0.000385 9
1201 165 1211 187 0.000377 9
257 180 263 191 0.000371 9
849 89 858 105 0.000369 9
118 64 201 87 0.000368 9
831 135 856 151 0.000366 9
802 155 857 189 0.000365 9
514 175 546 194 0.000365 9
976 141 992 162 0.000364 9
527 169 551 182 0.000361 9
848 87 859 105 0.000360 9
358 167 373 190 0.000358 9
850 119 869 136 0.000357 9
520 173 547 184 0.000357 9
120 64 183 78 0.000356 9
985 134 992 145 0.000347 9
172 64 201 87 0.000347 9
1107 164 1134 186 0.000344 9
119 64 164 78 0.000342 9
689 119 702 174 0.000342 9
871 166 898 177 0.000340 9
801 155 858 220 0.000337 9
1187 167 1215 213 0.000335 9
504 151 524 178 0.000327 9
171 64 184 74 0.000325 9
689 119 701 165 0.000323 9
326 157 352 189 0.000323 9
689 119 703 184 0.000321 9
614 169 626 184 0.000321 9
995 131 1017 175 0.000317 9
597 64 624 89 0.000316 9
1085 150 1108 204 0.000315 9
801 141 811 157 0.000314 9
1009 134 1040 174 0.000314 9
596 64 625 90 0.000307 9
118 64 202 91 0.000307 9
118 64 163 74 0.000307 9
529 181 554 204 0.000306 9
548 173 577 203 0.000306 9
1037 132 1061 174 0.000303 9
1050 120 1064 136 0.000296 9
260 143 269 159 0.000296 9
974 138 994 163 0.000293 9
595 64 625 90 0.000292 9
1009 134 1041 170 0.000291 9
1038 131 1064 174 0.000291 9
589 176 598 186 0.000289 9
120 64 180 78 0.000289 9
802 143 816 158 0.000288 9
119 64 166 78 0.000288 9
688 119 703 193 0.000286 9
1148 163 1189 214 0.000286 9
1210 145 1227 172 0.000285 9
1079 151 1102 182 0.000282 9
447 154 522 174 0.000280 9
855 136 937 152 0.000276 9
568 144 581 161 0.000273 9
1148 133 1184 167 0.000273 9
119 64 160 79 0.000271 9
515 151 544 174 0.000270 9
869 166 896 178 0.000270 9
1201 143 1226 188 0.000265 9
248 177 257 191 0.000263 9
1147 165 1169 185 0.000263 9
170 64 201 89 0.000262 9
1025 147 1059 180 0.000260 9
512 144 525 179 0.000259 9
590 162 602 185 0.000257 9
870 165 899 178 0.000254 9
213 183 227 213 0.000254 9
1011 167 1063 196 0.000251 9
1263 79 1279 168 0.000251 9
1219 167 1230 182 0.000249 9
1051 116 1074 147 0.000248 9
905 127 911 136 0.000246 9
810 161 857 181 0.000245 9
216 163 223 177 0.000244 9
515 169 559 205 0.000243 9
810 160 857 182 0.000243 9
697 152 704 176 0.000238 9
664 184 671 197 0.000238 9
687 120 704 202 0.000238 9
974 141 991 161 0.000237 9
1104 164 1122 181 0.000236 9
894 166 904 177 0.000236 9
519 182 553 205 0.000235 9
358 147 378 189 0.000233 9
544 162 581 204 0.000231 9
693 174 702 199 0.000228 9
162 64 202 89 0.000228 9
605 155 625 183 0.000227 9
1102 164 1139 206 0.000227 9
1205 150 1227 189 0.000226 9
831 135 862 152 0.000225 9
1168 138 1178 152 0.000225 9
547 173 578 206 0.000224 9
1184 165 1201 187 0.000223 9
448 156 490 175 0.000220 9
809 160 857 181 0.000220 9
525 151 544 172 0.000219 9
512 144 525 179 0.000216 9
449 154 490 171 0.000214 9
653 127 660 143 0.000213 9
1008 165 1061 218 0.000213 9
581 64 595 80 0.000212 9
567 142 581 161 0.000211 9
1042 134 1107 200 0.000210 9
1050 120 1059 134 0.000210 9
587 64 628 92 0.000209 9
1142 133 1185 169 0.000207 9
654 128 660 143 0.000207 9
173 64 201 87 0.000207 9
1055 151 1065 173 0.000205 9
1007 137 1043 216 0.000201 9
568 138 581 162 0.000198 9
974 143 991 160 0.000197 9
554 173 583 203 0.000197 9
221 164 232 175 0.000197 9
1084 125 1105 177 0.000197 9
1006 133 1101 180 0.000195 9
1010 162 1058 196 0.000194 9
877 149 908 177 0.000193 9
1012 165 1059 186 0.000191 9
537 162 581 203 0.000189 9
594 64 635 92 0.000188 9
964 71 976 88 0.000188 9
1038 130 1065 177 0.000187 9
1190 150 1205 187 0.000187 9
321 93 330 122 0.000187 9
944 130 952 150 0.000185 9
356 147 375 190 0.000184 9
960 71 977 91 0.000183 9
431 171 446 193 0.000182 9
688 167 697 198 0.000180 9
172 64 201 90 0.000179 9
1104 64 1122 71 0.000178 9
1178 189 1199 216 0.000177 9
1010 166 1056 190 0.000177 9
1181 167 1207 246 0.000175 9
294 176 306 197 0.000175 9
1007 165 1064 213 0.000174 9
665 188 671 200 0.000173 9
831 135 856 152 0.000171 9
697 151 704 174 0.000171 9
1055 151 1064 166 0.000171 9
256 177 265 186 0.000168 9
944 129 951 141 0.000167 9
446 150 528 172 0.000166 9
223 177 249 192 0.000164 9
1035 114 1105 198 0.000162 9
1098 162 1150 209 0.000161 9
1210 166 1233 202 0.000160 9
1104 152 1120 174 0.000159 9
1051 111 1075 145 0.000152 9
1126 163 1182 215 0.000152 9
605 151 625 183 0.000148 9
1177 164 1245 260 0.000148 9
335 155 353 199 0.000148 9
257 143 269 160 0.000148 9
1077 155 1147 247 0.000148 9
580 64 596 91 0.000147 9
588 64 631 92 0.000147 9
689 117 702 207 0.000146 9
830 135 942 165 0.000146 9
293 176 306 197 0.000146 9
687 128 705 203 0.000146 9
352 162 363 189 0.000145 9
375 184 393 202 0.000144 9
1183 156 1202 189 0.000142 9
351 156 365 191 0.000142 9
111 151 128 163 0.000142 9
586 168 595 185 0.000140 9
361 152 384 188 0.000140 9
1183 166 1202 217 0.000139 9
546 140 574 151 0.000139 9
861 111 869 119 0.000137 9
160 64 200 89 0.000136 9
1064 64 1155 75 0.000136 9
1073 150 1082 167 0.000135 9
1146 134 1183 160 0.000135 9
1264 79 1279 105 0.000134 9
1074 131 1103 180 0.000132 9
1051 113 1070 146 0.000130 9
870 119 879 135 0.000130 9
169 64 201 89 0.000126 9
983 125 994 145 0.000126 9
256 154 267 175 0.000124 9
1089 129 1140 188 0.000123 9
1108 148 1122 168 0.000123 9
379 161 409 184 0.000121 9
1167 147 1187 180 0.000120 9
869 121 880 136 0.000120 9
1115 180 1198 216 0.000117 9
1145 164 1199 188 0.000116 9
222 176 246 192 0.000115 9
530 162 581 204 0.000114 9
1096 130 1111 168 0.000114 9
1088 125 1128 187 0.000114 9
616 169 634 199 0.000113 9
239 161 248 176 0.000113 9
681 169 688 191 0.000112 9
216 161 223 176 0.000112 9
1131 64 1161 74 0.000111 9
1177 189 1199 217 0.000111 9
374 162 410 189 0.000111 9
1049 118 1067 148 0.000111 9
1063 131 1111 253 0.000110 9
550 140 576 152 0.000110 9
849 127 1227 259 0.000109 9
624 64 639 90 0.000108 9
444 157 526 184 0.000107 9
111 151 128 164 0.000106 9
813 137 897 176 0.000106 9
692 149 708 197 0.000105 9
681 180 689 198 0.000105 9
928 135 944 153 0.000104 9
833 85 843 105 0.000104 9
834 88 847 105 0.000103 9
257 149 270 181 0.000103 9
575 64 637 93 0.000102 9
885 143 912 179 0.000102 9
1207 167 1238 211 0.000101 9
830 133 941 153 0.000100 9
1126 64 1153 88 0.000100 9
1181 190 1199 216 0.035222 11
523 183 536 196 0.032613 11
523 183 536 197 0.013702 11
324 110 366 164 0.007463 11
522 183 536 198 0.006150 11
518 190 526 200 0.005577 11
312 149 342 186 0.003792 11
312 149 341 188 0.002354 11
448 157 491 171 0.001336 11
357 220 368 230 0.000143 11
