28.39 -3.58 -1.14 1.67 0.58 1.83 -0.759 0.93553 3
29.13 -5.58 -1.29 3.23 1.58 1.64 -0.859 0.59669 1
28.31 -3.56 -1.23 4.14 1.57 1.65 -0.766 0.42107 1
30.03 -2.38 -1.48 3.87 1.68 1.61 0.661 0.29184 1
14.12 -2.01 -1.58 3.98 1.63 1.53 3.021 0.11908 1
32.16 -27.09 -1.02 4.15 1.72 1.59 -1.614 0.11063 1
28.59 -3.52 -1.28 1.88 0.58 1.86 -0.933 0.05306 3
34.48 -12.59 -0.90 3.76 1.59 1.53 3.093 0.04921 1
36.05 -8.33 -1.25 3.72 1.64 1.70 -0.112 0.03918 1
18.66 2.75 0.35 4.04 1.64 1.51 -1.185 0.02672 1
28.05 -5.14 -1.18 1.82 0.46 1.74 -0.965 0.02192 3
16.20 1.98 -1.15 1.63 0.39 1.62 0.047 0.02138 3
29.50 23.63 -0.97 3.89 1.64 1.53 2.637 0.01987 1
18.37 -2.38 0.05 4.29 1.78 1.63 -1.199 0.01819 1
19.20 3.25 0.29 3.67 1.57 1.51 0.480 0.01676 1
35.27 -8.53 -1.21 3.55 1.56 1.54 1.214 0.01611 1
12.32 -3.64 -0.97 3.54 1.51 1.53 1.927 0.01603 1
44.64 -36.65 -1.32 3.91 1.62 1.51 3.086 0.00986 1
14.57 -4.27 -1.84 4.18 1.60 1.62 2.656 0.00917 1
19.17 4.50 0.44 3.79 1.57 1.47 -2.810 0.00890 1
18.27 -2.31 -0.05 4.55 1.85 1.77 -0.454 0.00679 1
24.80 1.44 -1.04 0.70 0.60 1.88 1.072 0.00670 2
28.35 -3.67 -1.12 1.84 0.51 1.78 -0.162 0.00592 3
17.46 10.77 -1.57 3.90 1.76 1.58 -0.939 0.00524 1
33.94 -15.34 -0.78 3.80 1.67 1.53 -0.404 0.00512 1
26.22 -1.95 -1.43 4.18 1.83 1.52 -0.390 0.00498 1
15.95 2.03 -1.17 1.61 0.36 1.65 0.409 0.00491 3
28.27 -5.46 -1.15 1.94 0.65 1.88 -0.969 0.00483 3
10.10 -4.36 -0.87 3.91 1.65 1.53 1.286 0.00464 1
17.11 0.70 -1.22 4.37 1.67 1.56 -1.014 0.00436 1
25.03 1.42 -1.17 3.66 1.69 1.67 0.462 0.00416 1
15.75 4.75 -0.60 3.98 1.67 1.57 1.998 0.00415 1
10.44 -0.26 -1.07 3.66 1.51 1.41 -2.099 0.00347 1
63.82 17.52 -0.66 3.91 1.62 1.54 3.152 0.00303 1
0.00 0.00 -0.56 0.00 0.00 0.00 0.047 0.00294 1
0.00 0.00 -0.56 0.00 0.00 0.00 0.047 0.00294 1
0.00 0.00 -0.56 0.00 0.00 0.00 0.047 0.00294 1
0.00 0.00 -0.56 0.00 0.00 0.00 0.047 0.00294 1
0.00 0.00 -0.56 0.00 0.00 0.00 0.047 0.00294 1
0.00 0.00 -0.56 0.00 0.00 0.00 0.047 0.00294 1
0.00 0.00 -0.56 0.00 0.00 0.00 0.047 0.00294 1
0.00 0.00 -0.56 0.00 0.00 0.00 0.047 0.00294 1
0.00 0.00 -0.56 0.00 0.00 0.00 0.047 0.00294 1
0.00 0.00 -0.56 0.00 0.00 0.00 0.047 0.00294 1
0.00 0.00 -0.56 0.00 0.00 0.00 0.047 0.00294 1
0.00 0.00 -0.56 0.00 0.00 0.00 0.047 0.00294 1
0.00 0.00 -0.56 0.00 0.00 0.00 0.047 0.00294 1
0.00 0.00 -0.56 0.00 0.00 0.00 0.047 0.00294 1
0.00 0.00 -0.56 0.00 0.00 0.00 0.047 0.00294 1
0.00 0.00 -0.56 0.00 0.00 0.00 0.047 0.00294 1
0.00 0.00 -0.56 0.00 0.00 0.00 0.047 0.00294 1
0.00 0.00 -0.56 0.00 0.00 0.00 0.047 0.00294 1
0.00 0.00 -0.56 0.00 0.00 0.00 0.047 0.00294 1
0.00 0.00 -0.56 0.00 0.00 0.00 0.047 0.00294 1
0.00 0.00 -0.56 0.00 0.00 0.00 0.047 0.00294 1
0.00 0.00 -0.56 0.00 0.00 0.00 0.047 0.00294 1
0.00 0.00 -0.56 0.00 0.00 0.00 0.047 0.00294 1
0.00 0.00 -0.56 0.00 0.00 0.00 0.047 0.00294 1
0.00 0.00 -0.56 0.00 0.00 0.00 0.047 0.00294 1
0.00 0.00 -0.56 0.00 0.00 0.00 0.047 0.00294 1
0.00 0.00 -0.56 0.00 0.00 0.00 0.047 0.00294 1
0.00 0.00 -0.56 0.00 0.00 0.00 0.047 0.00294 1
0.00 0.00 -0.56 0.00 0.00 0.00 0.047 0.00294 1
0.00 0.00 -0.56 0.00 0.00 0.00 0.047 0.00294 1
0.00 0.00 -0.56 0.00 0.00 0.00 0.047 0.00294 1
0.00 0.00 -0.56 0.00 0.00 0.00 0.047 0.00294 1
0.00 0.00 -0.56 0.00 0.00 0.00 0.047 0.00294 1
0.00 0.00 -0.56 0.00 0.00 0.00 0.047 0.00294 1
0.00 0.00 -0.56 0.00 0.00 0.00 0.047 0.00294 1
0.00 0.00 -0.56 0.00 0.00 0.00 0.047 0.00294 1
0.00 0.00 -0.56 0.00 0.00 0.00 0.047 0.00294 1
0.00 0.00 -0.56 0.00 0.00 0.00 0.047 0.00294 1
0.00 0.00 -0.56 0.00 0.00 0.00 0.047 0.00294 1
0.00 0.00 -0.56 0.00 0.00 0.00 0.047 0.00294 1
0.00 0.00 -0.56 0.00 0.00 0.00 0.047 0.00294 1
0.00 0.00 -0.56 0.00 0.00 0.00 0.047 0.00294 1
0.00 0.00 -0.56 0.00 0.00 0.00 0.047 0.00294 1
0.00 0.00 -0.56 0.00 0.00 0.00 0.047 0.00294 1
0.00 0.00 -0.56 0.00 0.00 0.00 0.047 0.00294 1
0.00 0.00 -0.56 0.00 0.00 0.00 0.047 0.00294 1
0.00 0.00 -0.56 0.00 0.00 0.00 0.047 0.00294 1
0.00 0.00 -0.56 0.00 0.00 0.00 0.047 0.00294 1
0.00 0.00 -0.56 0.00 0.00 0.00 0.047 0.00294 1
0.00 0.00 -0.56 0.00 0.00 0.00 0.047 0.00294 1
0.00 0.00 -0.56 0.00 0.00 0.00 0.047 0.00294 1
0.00 0.00 -0.56 0.00 0.00 0.00 0.047 0.00294 1
0.00 0.00 -0.56 0.00 0.00 0.00 0.047 0.00294 1
0.00 0.00 -0.56 0.00 0.00 0.00 0.047 0.00294 1
0.00 0.00 -0.56 0.00 0.00 0.00 0.047 0.00294 1
0.00 0.00 -0.56 0.00 0.00 0.00 0.047 0.00294 1
0.00 0.00 -0.56 0.00 0.00 0.00 0.047 0.00294 1
0.00 0.00 -0.56 0.00 0.00 0.00 0.047 0.00294 1
0.00 0.00 -0.56 0.00 0.00 0.00 0.047 0.00294 1
0.00 0.00 -0.56 0.00 0.00 0.00 0.047 0.00294 1
0.00 0.00 -0.56 0.00 0.00 0.00 0.047 0.00294 1
0.00 0.00 -0.56 0.00 0.00 0.00 0.047 0.00294 1
0.00 0.00 -0.56 0.00 0.00 0.00 0.047 0.00294 1
0.00 0.00 -0.56 0.00 0.00 0.00 0.047 0.00294 1
0.00 0.00 -0.56 0.00 0.00 0.00 0.047 0.00294 1
0.00 0.00 -0.56 0.00 0.00 0.00 0.047 0.00294 1
0.00 0.00 -0.56 0.00 0.00 0.00 0.047 0.00294 1
0.00 0.00 -0.56 0.00 0.00 0.00 0.047 0.00294 1
0.00 0.00 -0.56 0.00 0.00 0.00 0.047 0.00294 1
0.00 0.00 -0.56 0.00 0.00 0.00 0.047 0.00294 1
0.00 0.00 -0.56 0.00 0.00 0.00 0.047 0.00294 1
0.00 0.00 -0.56 0.00 0.00 0.00 0.047 0.00294 1
0.00 0.00 -0.56 0.00 0.00 0.00 0.047 0.00294 1
0.00 0.00 -0.56 0.00 0.00 0.00 0.047 0.00294 1
0.00 0.00 -0.56 0.00 0.00 0.00 0.047 0.00294 1
0.00 0.00 -0.56 0.00 0.00 0.00 0.047 0.00294 1
0.00 0.00 -0.56 0.00 0.00 0.00 0.047 0.00294 1
0.00 0.00 -0.56 0.00 0.00 0.00 0.047 0.00294 1
0.00 0.00 -0.56 0.00 0.00 0.00 0.047 0.00294 1
0.00 0.00 -0.56 0.00 0.00 0.00 0.047 0.00294 1
0.00 0.00 -0.56 0.00 0.00 0.00 0.047 0.00294 1
0.00 0.00 -0.56 0.00 0.00 0.00 0.047 0.00294 1
0.00 0.00 -0.56 0.00 0.00 0.00 0.047 0.00294 1
0.00 0.00 -0.56 0.00 0.00 0.00 0.047 0.00294 1
0.00 0.00 -0.56 0.00 0.00 0.00 0.047 0.00294 1
0.00 0.00 -0.56 0.00 0.00 0.00 0.047 0.00294 1
0.00 0.00 -0.56 0.00 0.00 0.00 0.047 0.00294 1
0.00 0.00 -0.56 0.00 0.00 0.00 0.047 0.00294 1
0.00 0.00 -0.56 0.00 0.00 0.00 0.047 0.00294 1
0.00 0.00 -0.56 0.00 0.00 0.00 0.047 0.00294 1
0.00 0.00 -0.56 0.00 0.00 0.00 0.047 0.00294 1
0.00 0.00 -0.56 0.00 0.00 0.00 0.047 0.00294 1
0.00 0.00 -0.56 0.00 0.00 0.00 0.047 0.00294 1
0.00 0.00 -0.56 0.00 0.00 0.00 0.047 0.00294 1
0.00 0.00 -0.56 0.00 0.00 0.00 0.047 0.00294 1
0.00 0.00 -0.56 0.00 0.00 0.00 0.047 0.00294 1
0.00 0.00 -0.56 0.00 0.00 0.00 0.047 0.00294 1
0.00 0.00 -0.56 0.00 0.00 0.00 0.047 0.00294 1
0.00 0.00 -0.56 0.00 0.00 0.00 0.047 0.00294 1
0.00 0.00 -0.56 0.00 0.00 0.00 0.047 0.00294 1
0.00 0.00 -0.56 0.00 0.00 0.00 0.047 0.00294 1
0.00 0.00 -0.56 0.00 0.00 0.00 0.047 0.00294 1
0.00 0.00 -0.56 0.00 0.00 0.00 0.047 0.00294 1
0.00 0.00 -0.56 0.00 0.00 0.00 0.047 0.00294 1
0.00 0.00 -0.56 0.00 0.00 0.00 0.047 0.00294 1
0.00 0.00 -0.56 0.00 0.00 0.00 0.047 0.00294 1
0.00 0.00 -0.56 0.00 0.00 0.00 0.047 0.00294 1
0.00 0.00 -0.56 0.00 0.00 0.00 0.047 0.00294 1
0.00 0.00 -0.56 0.00 0.00 0.00 0.047 0.00294 1
0.00 0.00 -0.56 0.00 0.00 0.00 0.047 0.00294 1
0.00 0.00 -0.56 0.00 0.00 0.00 0.047 0.00294 1
0.00 0.00 -0.56 0.00 0.00 0.00 0.047 0.00294 1
0.00 0.00 -0.56 0.00 0.00 0.00 0.047 0.00294 1
0.00 0.00 -0.56 0.00 0.00 0.00 0.047 0.00294 1
0.00 0.00 -0.56 0.00 0.00 0.00 0.047 0.00294 1
0.00 0.00 -0.56 0.00 0.00 0.00 0.047 0.00294 1
0.00 0.00 -0.56 0.00 0.00 0.00 0.047 0.00294 1
0.00 0.00 -0.56 0.00 0.00 0.00 0.047 0.00294 1
0.00 0.00 -0.56 0.00 0.00 0.00 0.047 0.00294 1
0.00 0.00 -0.56 0.00 0.00 0.00 0.047 0.00294 1
0.00 0.00 -0.56 0.00 0.00 0.00 0.047 0.00294 1
0.00 0.00 -0.56 0.00 0.00 0.00 0.047 0.00294 1
0.00 0.00 -0.56 0.00 0.00 0.00 0.047 0.00294 1
0.00 0.00 -0.56 0.00 0.00 0.00 0.047 0.00294 1
0.00 0.00 -0.56 0.00 0.00 0.00 0.047 0.00294 1
0.00 0.00 -0.56 0.00 0.00 0.00 0.047 0.00294 1
0.00 0.00 -0.56 0.00 0.00 0.00 0.047 0.00294 1
0.00 0.00 -0.56 0.00 0.00 0.00 0.047 0.00294 1
0.00 0.00 -0.56 0.00 0.00 0.00 0.047 0.00294 1
0.00 0.00 -0.56 0.00 0.00 0.00 0.047 0.00294 1
0.00 0.00 -0.56 0.00 0.00 0.00 0.047 0.00294 1
0.00 0.00 -0.56 0.00 0.00 0.00 0.047 0.00294 1
0.00 0.00 -0.56 0.00 0.00 0.00 0.047 0.00294 1
0.00 0.00 -0.56 0.00 0.00 0.00 0.047 0.00294 1
0.00 0.00 -0.56 0.00 0.00 0.00 0.047 0.00294 1
0.00 0.00 -0.56 0.00 0.00 0.00 0.047 0.00294 1
0.00 0.00 -0.56 0.00 0.00 0.00 0.047 0.00294 1
0.00 0.00 -0.56 0.00 0.00 0.00 0.047 0.00294 1
0.00 0.00 -0.56 0.00 0.00 0.00 0.047 0.00294 1
0.00 0.00 -0.56 0.00 0.00 0.00 0.047 0.00294 1
0.00 0.00 -0.56 0.00 0.00 0.00 0.047 0.00294 1
0.00 0.00 -0.56 0.00 0.00 0.00 0.047 0.00294 1
0.00 0.00 -0.56 0.00 0.00 0.00 0.047 0.00294 1
0.00 0.00 -0.56 0.00 0.00 0.00 0.047 0.00294 1
0.00 0.00 -0.56 0.00 0.00 0.00 0.047 0.00294 1
0.00 0.00 -0.56 0.00 0.00 0.00 0.047 0.00294 1
0.00 0.00 -0.56 0.00 0.00 0.00 0.047 0.00294 1
0.00 0.00 -0.56 0.00 0.00 0.00 0.047 0.00294 1
0.00 0.00 -0.56 0.00 0.00 0.00 0.047 0.00294 1
0.00 0.00 -0.56 0.00 0.00 0.00 0.047 0.00294 1
0.00 0.00 -0.56 0.00 0.00 0.00 0.047 0.00294 1
0.00 0.00 -0.56 0.00 0.00 0.00 0.047 0.00294 1
0.00 0.00 -0.56 0.00 0.00 0.00 0.047 0.00294 1
0.00 0.00 -0.56 0.00 0.00 0.00 0.047 0.00294 1
0.00 0.00 -0.56 0.00 0.00 0.00 0.047 0.00294 1
0.00 0.00 -0.56 0.00 0.00 0.00 0.047 0.00294 1
0.00 0.00 -0.56 0.00 0.00 0.00 0.047 0.00294 1
0.00 0.00 -0.56 0.00 0.00 0.00 0.047 0.00294 1
0.00 0.00 -0.56 0.00 0.00 0.00 0.047 0.00294 1
0.00 0.00 -0.56 0.00 0.00 0.00 0.047 0.00294 1
0.00 0.00 -0.56 0.00 0.00 0.00 0.047 0.00294 1
0.00 0.00 -0.56 0.00 0.00 0.00 0.047 0.00294 1
0.00 0.00 -0.56 0.00 0.00 0.00 0.047 0.00294 1
0.00 0.00 -0.56 0.00 0.00 0.00 0.047 0.00294 1
0.00 0.00 -0.56 0.00 0.00 0.00 0.047 0.00294 1
0.00 0.00 -0.56 0.00 0.00 0.00 0.047 0.00294 1
0.00 0.00 -0.56 0.00 0.00 0.00 0.047 0.00294 1
0.00 0.00 -0.56 0.00 0.00 0.00 0.047 0.00294 1
0.00 0.00 -0.56 0.00 0.00 0.00 0.047 0.00294 1
0.00 0.00 -0.56 0.00 0.00 0.00 0.047 0.00294 1
0.00 0.00 -0.56 0.00 0.00 0.00 0.047 0.00294 1
0.00 0.00 -0.56 0.00 0.00 0.00 0.047 0.00294 1
0.00 0.00 -0.56 0.00 0.00 0.00 0.047 0.00294 1
0.00 0.00 -0.56 0.00 0.00 0.00 0.047 0.00294 1
0.00 0.00 -0.56 0.00 0.00 0.00 0.047 0.00294 1
0.00 0.00 -0.56 0.00 0.00 0.00 0.047 0.00294 1
0.00 0.00 -0.56 0.00 0.00 0.00 0.047 0.00294 1
0.00 0.00 -0.56 0.00 0.00 0.00 0.047 0.00294 1
0.00 0.00 -0.56 0.00 0.00 0.00 0.047 0.00294 1
0.00 0.00 -0.56 0.00 0.00 0.00 0.047 0.00294 1
0.00 0.00 -0.56 0.00 0.00 0.00 0.047 0.00294 1
0.00 0.00 -0.56 0.00 0.00 0.00 0.047 0.00294 1
0.00 0.00 -0.56 0.00 0.00 0.00 0.047 0.00294 1
0.00 0.00 -0.56 0.00 0.00 0.00 0.047 0.00294 1
0.00 0.00 -0.56 0.00 0.00 0.00 0.047 0.00294 1
0.00 0.00 -0.56 0.00 0.00 0.00 0.047 0.00294 1
0.00 0.00 -0.56 0.00 0.00 0.00 0.047 0.00294 1
0.00 0.00 -0.56 0.00 0.00 0.00 0.047 0.00294 1
0.00 0.00 -0.56 0.00 0.00 0.00 0.047 0.00294 1
0.00 0.00 -0.56 0.00 0.00 0.00 0.047 0.00294 1
0.00 0.00 -0.56 0.00 0.00 0.00 0.047 0.00294 1
0.00 0.00 -0.56 0.00 0.00 0.00 0.047 0.00294 1
0.00 0.00 -0.56 0.00 0.00 0.00 0.047 0.00294 1
0.00 0.00 -0.56 0.00 0.00 0.00 0.047 0.00294 1
0.00 0.00 -0.56 0.00 0.00 0.00 0.047 0.00294 1
0.00 0.00 -0.56 0.00 0.00 0.00 0.047 0.00294 1
0.00 0.00 -0.56 0.00 0.00 0.00 0.047 0.00294 1
0.00 0.00 -0.56 0.00 0.00 0.00 0.047 0.00294 1
0.00 0.00 -0.56 0.00 0.00 0.00 0.047 0.00294 1
0.00 0.00 -0.56 0.00 0.00 0.00 0.047 0.00294 1
0.00 0.00 -0.56 0.00 0.00 0.00 0.047 0.00294 1
0.00 0.00 -0.56 0.00 0.00 0.00 0.047 0.00294 1
0.00 0.00 -0.56 0.00 0.00 0.00 0.047 0.00294 1
0.00 0.00 -0.56 0.00 0.00 0.00 0.047 0.00294 1
0.00 0.00 -0.56 0.00 0.00 0.00 0.047 0.00294 1
0.00 0.00 -0.56 0.00 0.00 0.00 0.047 0.00294 1
0.00 0.00 -0.56 0.00 0.00 0.00 0.047 0.00294 1
0.00 0.00 -0.56 0.00 0.00 0.00 0.047 0.00294 1
0.00 0.00 -0.56 0.00 0.00 0.00 0.047 0.00294 1
0.00 0.00 -0.56 0.00 0.00 0.00 0.047 0.00294 1
0.00 0.00 -0.56 0.00 0.00 0.00 0.047 0.00294 1
0.00 0.00 -0.56 0.00 0.00 0.00 0.047 0.00294 1
0.00 0.00 -0.56 0.00 0.00 0.00 0.047 0.00294 1
0.00 0.00 -0.56 0.00 0.00 0.00 0.047 0.00294 1
0.00 0.00 -0.56 0.00 0.00 0.00 0.047 0.00294 1
0.00 0.00 -0.56 0.00 0.00 0.00 0.047 0.00294 1
0.00 0.00 -0.56 0.00 0.00 0.00 0.047 0.00294 1
0.00 0.00 -0.56 0.00 0.00 0.00 0.047 0.00294 1
0.00 0.00 -0.56 0.00 0.00 0.00 0.047 0.00294 1
0.00 0.00 -0.56 0.00 0.00 0.00 0.047 0.00294 1
0.00 0.00 -0.56 0.00 0.00 0.00 0.047 0.00294 1
0.00 0.00 -0.56 0.00 0.00 0.00 0.047 0.00294 1
0.00 0.00 -0.56 0.00 0.00 0.00 0.047 0.00294 1
0.00 0.00 -0.56 0.00 0.00 0.00 0.047 0.00294 1
0.00 0.00 -0.56 0.00 0.00 0.00 0.047 0.00294 1
0.00 0.00 -0.56 0.00 0.00 0.00 0.047 0.00294 1
0.00 0.00 -0.56 0.00 0.00 0.00 0.047 0.00294 1
0.00 0.00 -0.56 0.00 0.00 0.00 0.047 0.00294 1
0.00 0.00 -0.56 0.00 0.00 0.00 0.047 0.00294 1
0.00 0.00 -0.56 0.00 0.00 0.00 0.047 0.00294 1
0.00 0.00 -0.56 0.00 0.00 0.00 0.047 0.00294 1
0.00 0.00 -0.56 0.00 0.00 0.00 0.047 0.00294 1
0.00 0.00 -0.56 0.00 0.00 0.00 0.047 0.00294 1
0.00 0.00 -0.56 0.00 0.00 0.00 0.047 0.00294 1
0.00 0.00 -0.56 0.00 0.00 0.00 0.047 0.00294 1
0.00 0.00 -0.56 0.00 0.00 0.00 0.047 0.00294 1
0.00 0.00 -0.56 0.00 0.00 0.00 0.047 0.00294 1
0.00 0.00 -0.56 0.00 0.00 0.00 0.047 0.00294 1
0.00 0.00 -0.56 0.00 0.00 0.00 0.047 0.00294 1
0.00 0.00 -0.56 0.00 0.00 0.00 0.047 0.00294 1
0.00 0.00 -0.56 0.00 0.00 0.00 0.047 0.00294 1
0.00 0.00 -0.56 0.00 0.00 0.00 0.047 0.00294 1
0.00 0.00 -0.56 0.00 0.00 0.00 0.047 0.00294 1
0.00 0.00 -0.56 0.00 0.00 0.00 0.047 0.00294 1
0.00 0.00 -0.56 0.00 0.00 0.00 0.047 0.00294 1
0.00 0.00 -0.56 0.00 0.00 0.00 0.047 0.00294 1
0.00 0.00 -0.56 0.00 0.00 0.00 0.047 0.00294 1
0.00 0.00 -0.56 0.00 0.00 0.00 0.047 0.00294 1
0.00 0.00 -0.56 0.00 0.00 0.00 0.047 0.00294 1
0.00 0.00 -0.56 0.00 0.00 0.00 0.047 0.00294 1
0.00 0.00 -0.56 0.00 0.00 0.00 0.047 0.00294 1
0.00 0.00 -0.56 0.00 0.00 0.00 0.047 0.00294 1
0.00 0.00 -0.56 0.00 0.00 0.00 0.047 0.00294 1
0.00 0.00 -0.56 0.00 0.00 0.00 0.047 0.00294 1
0.00 0.00 -0.56 0.00 0.00 0.00 0.047 0.00294 1
0.00 0.00 -0.56 0.00 0.00 0.00 0.047 0.00294 1
0.00 0.00 -0.56 0.00 0.00 0.00 0.047 0.00294 1
0.00 0.00 -0.56 0.00 0.00 0.00 0.047 0.00294 1
0.00 0.00 -0.56 0.00 0.00 0.00 0.047 0.00294 1
0.00 0.00 -0.56 0.00 0.00 0.00 0.047 0.00294 1
0.00 0.00 -0.56 0.00 0.00 0.00 0.047 0.00294 1
0.00 0.00 -0.56 0.00 0.00 0.00 0.047 0.00294 1
0.00 0.00 -0.56 0.00 0.00 0.00 0.047 0.00294 1
0.00 0.00 -0.56 0.00 0.00 0.00 0.047 0.00294 1
0.00 0.00 -0.56 0.00 0.00 0.00 0.047 0.00294 1
0.00 0.00 -0.56 0.00 0.00 0.00 0.047 0.00294 1
0.00 0.00 -0.56 0.00 0.00 0.00 0.047 0.00294 1
0.00 0.00 -0.56 0.00 0.00 0.00 0.047 0.00294 1
0.00 0.00 -0.56 0.00 0.00 0.00 0.047 0.00294 1
0.00 0.00 -0.56 0.00 0.00 0.00 0.047 0.00294 1
0.00 0.00 -0.56 0.00 0.00 0.00 0.047 0.00294 1
0.00 0.00 -0.56 0.00 0.00 0.00 0.047 0.00294 1
0.00 0.00 -0.56 0.00 0.00 0.00 0.047 0.00294 1
0.00 0.00 -0.56 0.00 0.00 0.00 0.047 0.00294 1
0.00 0.00 -0.56 0.00 0.00 0.00 0.047 0.00294 1
0.00 0.00 -0.56 0.00 0.00 0.00 0.047 0.00294 1
0.00 0.00 -0.56 0.00 0.00 0.00 0.047 0.00294 1
0.00 0.00 -0.56 0.00 0.00 0.00 0.047 0.00294 1
0.00 0.00 -0.56 0.00 0.00 0.00 0.047 0.00294 1
0.00 0.00 -0.56 0.00 0.00 0.00 0.047 0.00294 1
0.00 0.00 -0.56 0.00 0.00 0.00 0.047 0.00294 1
0.00 0.00 -0.56 0.00 0.00 0.00 0.047 0.00294 1
0.00 0.00 -0.56 0.00 0.00 0.00 0.047 0.00294 1
0.00 0.00 -0.56 0.00 0.00 0.00 0.047 0.00294 1
0.00 0.00 -0.56 0.00 0.00 0.00 0.047 0.00294 1
0.00 0.00 -0.56 0.00 0.00 0.00 0.047 0.00294 1
0.00 0.00 -0.56 0.00 0.00 0.00 0.047 0.00294 1
0.00 0.00 -0.56 0.00 0.00 0.00 0.047 0.00294 1
0.00 0.00 -0.56 0.00 0.00 0.00 0.047 0.00294 1
0.00 0.00 -0.56 0.00 0.00 0.00 0.047 0.00294 1
0.00 0.00 -0.56 0.00 0.00 0.00 0.047 0.00294 1
0.00 0.00 -0.56 0.00 0.00 0.00 0.047 0.00294 1
0.00 0.00 -0.56 0.00 0.00 0.00 0.047 0.00294 1
0.00 0.00 -0.56 0.00 0.00 0.00 0.047 0.00294 1
0.00 0.00 -0.56 0.00 0.00 0.00 0.047 0.00294 1
0.00 0.00 -0.56 0.00 0.00 0.00 0.047 0.00294 1
0.00 0.00 -0.56 0.00 0.00 0.00 0.047 0.00294 1
0.00 0.00 -0.56 0.00 0.00 0.00 0.047 0.00294 1
0.00 0.00 -0.56 0.00 0.00 0.00 0.047 0.00294 1
0.00 0.00 -0.56 0.00 0.00 0.00 0.047 0.00294 1
0.00 0.00 -0.56 0.00 0.00 0.00 0.047 0.00294 1
0.00 0.00 -0.56 0.00 0.00 0.00 0.047 0.00294 1
0.00 0.00 -0.56 0.00 0.00 0.00 0.047 0.00294 1
0.00 0.00 -0.56 0.00 0.00 0.00 0.047 0.00294 1
0.00 0.00 -0.56 0.00 0.00 0.00 0.047 0.00294 1
0.00 0.00 -0.56 0.00 0.00 0.00 0.047 0.00294 1
0.00 0.00 -0.56 0.00 0.00 0.00 0.047 0.00294 1
0.00 0.00 -0.56 0.00 0.00 0.00 0.047 0.00294 1
0.00 0.00 -0.56 0.00 0.00 0.00 0.047 0.00294 1
0.00 0.00 -0.56 0.00 0.00 0.00 0.047 0.00294 1
0.00 0.00 -0.56 0.00 0.00 0.00 0.047 0.00294 1
0.00 0.00 -0.56 0.00 0.00 0.00 0.047 0.00294 1
0.00 0.00 -0.56 0.00 0.00 0.00 0.047 0.00294 1
0.00 0.00 -0.56 0.00 0.00 0.00 0.047 0.00294 1
0.00 0.00 -0.56 0.00 0.00 0.00 0.047 0.00294 1
0.00 0.00 -0.56 0.00 0.00 0.00 0.047 0.00294 1
0.00 0.00 -0.56 0.00 0.00 0.00 0.047 0.00294 1
0.00 0.00 -0.56 0.00 0.00 0.00 0.047 0.00294 1
0.00 0.00 -0.56 0.00 0.00 0.00 0.047 0.00294 1
0.00 0.00 -0.56 0.00 0.00 0.00 0.047 0.00294 1
0.00 0.00 -0.56 0.00 0.00 0.00 0.047 0.00294 1
0.00 0.00 -0.56 0.00 0.00 0.00 0.047 0.00294 1
0.00 0.00 -0.56 0.00 0.00 0.00 0.047 0.00294 1
0.00 0.00 -0.56 0.00 0.00 0.00 0.047 0.00294 1
0.00 0.00 -0.56 0.00 0.00 0.00 0.047 0.00294 1
0.00 0.00 -0.56 0.00 0.00 0.00 0.047 0.00294 1
0.00 0.00 -0.56 0.00 0.00 0.00 0.047 0.00294 1
0.00 0.00 -0.56 0.00 0.00 0.00 0.047 0.00294 1
0.00 0.00 -0.56 0.00 0.00 0.00 0.047 0.00294 1
0.00 0.00 -0.56 0.00 0.00 0.00 0.047 0.00294 1
0.00 0.00 -0.56 0.00 0.00 0.00 0.047 0.00294 1
0.00 0.00 -0.56 0.00 0.00 0.00 0.047 0.00294 1
0.00 0.00 -0.56 0.00 0.00 0.00 0.047 0.00294 1
0.00 0.00 -0.56 0.00 0.00 0.00 0.047 0.00294 1
0.00 0.00 -0.56 0.00 0.00 0.00 0.047 0.00294 1
0.00 0.00 -0.56 0.00 0.00 0.00 0.047 0.00294 1
0.00 0.00 -0.56 0.00 0.00 0.00 0.047 0.00294 1
0.00 0.00 -0.56 0.00 0.00 0.00 0.047 0.00294 1
0.00 0.00 -0.56 0.00 0.00 0.00 0.047 0.00294 1
0.00 0.00 -0.56 0.00 0.00 0.00 0.047 0.00294 1
0.00 0.00 -0.56 0.00 0.00 0.00 0.047 0.00294 1
0.00 0.00 -0.56 0.00 0.00 0.00 0.047 0.00294 1
0.00 0.00 -0.56 0.00 0.00 0.00 0.047 0.00294 1
0.00 0.00 -0.56 0.00 0.00 0.00 0.047 0.00294 1
0.00 0.00 -0.56 0.00 0.00 0.00 0.047 0.00294 1
0.00 0.00 -0.56 0.00 0.00 0.00 0.047 0.00294 1
0.00 0.00 -0.56 0.00 0.00 0.00 0.047 0.00294 1
0.00 0.00 -0.56 0.00 0.00 0.00 0.047 0.00294 1
0.00 0.00 -0.56 0.00 0.00 0.00 0.047 0.00294 1
0.00 0.00 -0.56 0.00 0.00 0.00 0.047 0.00294 1
0.00 0.00 -0.56 0.00 0.00 0.00 0.047 0.00294 1
0.00 0.00 -0.56 0.00 0.00 0.00 0.047 0.00294 1
0.00 0.00 -0.56 0.00 0.00 0.00 0.047 0.00294 1
0.00 0.00 -0.56 0.00 0.00 0.00 0.047 0.00294 1
0.00 0.00 -0.56 0.00 0.00 0.00 0.047 0.00294 1
0.00 0.00 -0.56 0.00 0.00 0.00 0.047 0.00294 1
0.00 0.00 -0.56 0.00 0.00 0.00 0.047 0.00294 1
0.00 0.00 -0.56 0.00 0.00 0.00 0.047 0.00294 1
0.00 0.00 -0.56 0.00 0.00 0.00 0.047 0.00294 1
0.00 0.00 -0.56 0.00 0.00 0.00 0.047 0.00294 1
0.00 0.00 -0.56 0.00 0.00 0.00 0.047 0.00294 1
0.00 0.00 -0.56 0.00 0.00 0.00 0.047 0.00294 1
0.00 0.00 -0.56 0.00 0.00 0.00 0.047 0.00294 1
0.00 0.00 -0.56 0.00 0.00 0.00 0.047 0.00294 1
0.00 0.00 -0.56 0.00 0.00 0.00 0.047 0.00294 1
0.00 0.00 -0.56 0.00 0.00 0.00 0.047 0.00294 1
0.00 0.00 -0.56 0.00 0.00 0.00 0.047 0.00294 1
0.00 0.00 -0.56 0.00 0.00 0.00 0.047 0.00294 1
0.00 0.00 -0.56 0.00 0.00 0.00 0.047 0.00294 1
0.00 0.00 -0.56 0.00 0.00 0.00 0.047 0.00294 1
0.00 0.00 -0.56 0.00 0.00 0.00 0.047 0.00294 1
0.00 0.00 -0.56 0.00 0.00 0.00 0.047 0.00294 1
0.00 0.00 -0.56 0.00 0.00 0.00 0.047 0.00294 1
0.00 0.00 -0.56 0.00 0.00 0.00 0.047 0.00294 1
0.00 0.00 -0.56 0.00 0.00 0.00 0.047 0.00294 1
0.00 0.00 -0.56 0.00 0.00 0.00 0.047 0.00294 1
0.00 0.00 -0.56 0.00 0.00 0.00 0.047 0.00294 1
0.00 0.00 -0.56 0.00 0.00 0.00 0.047 0.00294 1
0.00 0.00 -0.56 0.00 0.00 0.00 0.047 0.00294 1
0.00 0.00 -0.56 0.00 0.00 0.00 0.047 0.00294 1
0.00 0.00 -0.56 0.00 0.00 0.00 0.047 0.00294 1
0.00 0.00 -0.56 0.00 0.00 0.00 0.047 0.00294 1
0.00 0.00 -0.56 0.00 0.00 0.00 0.047 0.00294 1
0.00 0.00 -0.56 0.00 0.00 0.00 0.047 0.00294 1
0.00 0.00 -0.56 0.00 0.00 0.00 0.047 0.00294 1
0.00 0.00 -0.56 0.00 0.00 0.00 0.047 0.00294 1
0.00 0.00 -0.56 0.00 0.00 0.00 0.047 0.00294 1
0.00 0.00 -0.56 0.00 0.00 0.00 0.047 0.00294 1
0.00 0.00 -0.56 0.00 0.00 0.00 0.047 0.00294 1
0.00 0.00 -0.56 0.00 0.00 0.00 0.047 0.00294 1
0.00 0.00 -0.56 0.00 0.00 0.00 0.047 0.00294 1
0.00 0.00 -0.56 0.00 0.00 0.00 0.047 0.00294 1
0.00 0.00 -0.56 0.00 0.00 0.00 0.047 0.00294 1
0.00 0.00 -0.56 0.00 0.00 0.00 0.047 0.00294 1
0.00 0.00 -0.56 0.00 0.00 0.00 0.047 0.00294 1
0.00 0.00 -0.56 0.00 0.00 0.00 0.047 0.00294 1
0.00 0.00 -0.56 0.00 0.00 0.00 0.047 0.00294 1
0.00 0.00 -0.56 0.00 0.00 0.00 0.047 0.00294 1
0.00 0.00 -0.56 0.00 0.00 0.00 0.047 0.00294 1
0.00 0.00 -0.56 0.00 0.00 0.00 0.047 0.00294 1
0.00 0.00 -0.56 0.00 0.00 0.00 0.047 0.00294 1
0.00 0.00 -0.56 0.00 0.00 0.00 0.047 0.00294 1
0.00 0.00 -0.56 0.00 0.00 0.00 0.047 0.00294 1
0.00 0.00 -0.56 0.00 0.00 0.00 0.047 0.00294 1
0.00 0.00 -0.56 0.00 0.00 0.00 0.047 0.00294 1
0.00 0.00 -0.56 0.00 0.00 0.00 0.047 0.00294 1
0.00 0.00 -0.56 0.00 0.00 0.00 0.047 0.00294 1
0.00 0.00 -0.56 0.00 0.00 0.00 0.047 0.00294 1
0.00 0.00 -0.56 0.00 0.00 0.00 0.047 0.00294 1
0.00 0.00 -0.56 0.00 0.00 0.00 0.047 0.00294 1
0.00 0.00 -0.56 0.00 0.00 0.00 0.047 0.00294 1
0.00 0.00 -0.56 0.00 0.00 0.00 0.047 0.00294 1
0.00 0.00 -0.56 0.00 0.00 0.00 0.047 0.00294 1
0.00 0.00 -0.56 0.00 0.00 0.00 0.047 0.00294 1
0.00 0.00 -0.56 0.00 0.00 0.00 0.047 0.00294 1
0.00 0.00 -0.56 0.00 0.00 0.00 0.047 0.00294 1
0.00 0.00 -0.56 0.00 0.00 0.00 0.047 0.00294 1
0.00 0.00 -0.56 0.00 0.00 0.00 0.047 0.00294 1
0.00 0.00 -0.56 0.00 0.00 0.00 0.047 0.00294 1
0.00 0.00 -0.56 0.00 0.00 0.00 0.047 0.00294 1
0.00 0.00 -0.56 0.00 0.00 0.00 0.047 0.00294 1
0.00 0.00 -0.56 0.00 0.00 0.00 0.047 0.00294 1
0.00 0.00 -0.56 0.00 0.00 0.00 0.047 0.00294 1
0.00 0.00 -0.56 0.00 0.00 0.00 0.047 0.00294 1
0.00 0.00 -0.56 0.00 0.00 0.00 0.047 0.00294 1
0.00 0.00 -0.56 0.00 0.00 0.00 0.047 0.00294 1
0.00 0.00 -0.56 0.00 0.00 0.00 0.047 0.00294 1
0.00 0.00 -0.56 0.00 0.00 0.00 0.047 0.00294 1
0.00 0.00 -0.56 0.00 0.00 0.00 0.047 0.00294 1
0.00 0.00 -0.56 0.00 0.00 0.00 0.047 0.00294 1
0.00 0.00 -0.56 0.00 0.00 0.00 0.047 0.00294 1
0.00 0.00 -0.56 0.00 0.00 0.00 0.047 0.00294 1
0.00 0.00 -0.56 0.00 0.00 0.00 0.047 0.00294 1
0.00 0.00 -0.56 0.00 0.00 0.00 0.047 0.00294 1
0.00 0.00 -0.56 0.00 0.00 0.00 0.047 0.00294 1
0.00 0.00 -0.56 0.00 0.00 0.00 0.047 0.00294 1
0.00 0.00 -0.56 0.00 0.00 0.00 0.047 0.00294 1
0.00 0.00 -0.56 0.00 0.00 0.00 0.047 0.00294 1
0.00 0.00 -0.56 0.00 0.00 0.00 0.047 0.00294 1
0.00 0.00 -0.56 0.00 0.00 0.00 0.047 0.00294 1
0.00 0.00 -0.56 0.00 0.00 0.00 0.047 0.00294 1
0.00 0.00 -0.56 0.00 0.00 0.00 0.047 0.00294 1
0.00 0.00 -0.56 0.00 0.00 0.00 0.047 0.00294 1
0.00 0.00 -0.56 0.00 0.00 0.00 0.047 0.00294 1
0.00 0.00 -0.56 0.00 0.00 0.00 0.047 0.00294 1
0.00 0.00 -0.56 0.00 0.00 0.00 0.047 0.00294 1
0.00 0.00 -0.56 0.00 0.00 0.00 0.047 0.00294 1
0.00 0.00 -0.56 0.00 0.00 0.00 0.047 0.00294 1
0.00 0.00 -0.56 0.00 0.00 0.00 0.047 0.00294 1
0.00 0.00 -0.56 0.00 0.00 0.00 0.047 0.00294 1
0.00 0.00 -0.56 0.00 0.00 0.00 0.047 0.00294 1
0.00 0.00 -0.56 0.00 0.00 0.00 0.047 0.00294 1
0.00 0.00 -0.56 0.00 0.00 0.00 0.047 0.00294 1
0.00 0.00 -0.56 0.00 0.00 0.00 0.047 0.00294 1
0.00 0.00 -0.56 0.00 0.00 0.00 0.047 0.00294 1
0.00 0.00 -0.56 0.00 0.00 0.00 0.047 0.00294 1
0.00 0.00 -0.56 0.00 0.00 0.00 0.047 0.00294 1
0.00 0.00 -0.56 0.00 0.00 0.00 0.047 0.00294 1
0.00 0.00 -0.56 0.00 0.00 0.00 0.047 0.00294 1
0.00 0.00 -0.56 0.00 0.00 0.00 0.047 0.00294 1
0.00 0.00 -0.56 0.00 0.00 0.00 0.047 0.00294 1
0.00 0.00 -0.56 0.00 0.00 0.00 0.047 0.00294 1
0.00 0.00 -0.56 0.00 0.00 0.00 0.047 0.00294 1
0.00 0.00 -0.56 0.00 0.00 0.00 0.047 0.00294 1
0.00 0.00 -0.56 0.00 0.00 0.00 0.047 0.00294 1
0.00 0.00 -0.56 0.00 0.00 0.00 0.047 0.00294 1
0.00 0.00 -0.56 0.00 0.00 0.00 0.047 0.00294 1
0.00 0.00 -0.56 0.00 0.00 0.00 0.047 0.00294 1
0.00 0.00 -0.56 0.00 0.00 0.00 0.047 0.00294 1
0.00 0.00 -0.56 0.00 0.00 0.00 0.047 0.00294 1
0.00 0.00 -0.56 0.00 0.00 0.00 0.047 0.00294 1
0.00 0.00 -0.56 0.00 0.00 0.00 0.047 0.00294 1
0.00 0.00 -0.56 0.00 0.00 0.00 0.047 0.00294 1
0.00 0.00 -0.56 0.00 0.00 0.00 0.047 0.00294 1
0.00 0.00 -0.56 0.00 0.00 0.00 0.047 0.00294 1
0.00 0.00 -0.56 0.00 0.00 0.00 0.047 0.00294 1
0.00 0.00 -0.56 0.00 0.00 0.00 0.047 0.00294 1
0.00 0.00 -0.56 0.00 0.00 0.00 0.047 0.00294 1
0.00 0.00 -0.56 0.00 0.00 0.00 0.047 0.00294 1
0.00 0.00 -0.56 0.00 0.00 0.00 0.047 0.00294 1
0.00 0.00 -0.56 0.00 0.00 0.00 0.047 0.00294 1
0.00 0.00 -0.56 0.00 0.00 0.00 0.047 0.00294 1
0.00 0.00 -0.56 0.00 0.00 0.00 0.047 0.00294 1
0.00 0.00 -0.56 0.00 0.00 0.00 0.047 0.00294 1
0.00 0.00 -0.56 0.00 0.00 0.00 0.047 0.00294 1
0.00 0.00 -0.56 0.00 0.00 0.00 0.047 0.00294 1
0.00 0.00 -0.56 0.00 0.00 0.00 0.047 0.00294 1
0.00 0.00 -0.56 0.00 0.00 0.00 0.047 0.00294 1
0.00 0.00 -0.56 0.00 0.00 0.00 0.047 0.00294 1
0.00 0.00 -0.56 0.00 0.00 0.00 0.047 0.00294 1
0.00 0.00 -0.56 0.00 0.00 0.00 0.047 0.00294 1
0.00 0.00 -0.56 0.00 0.00 0.00 0.047 0.00294 1
0.00 0.00 -0.56 0.00 0.00 0.00 0.047 0.00294 1
0.00 0.00 -0.56 0.00 0.00 0.00 0.047 0.00294 1
0.00 0.00 -0.56 0.00 0.00 0.00 0.047 0.00294 1
0.00 0.00 -0.56 0.00 0.00 0.00 0.047 0.00294 1
0.00 0.00 -0.56 0.00 0.00 0.00 0.047 0.00294 1
0.00 0.00 -0.56 0.00 0.00 0.00 0.047 0.00294 1
0.00 0.00 -0.56 0.00 0.00 0.00 0.047 0.00294 1
0.00 0.00 -0.56 0.00 0.00 0.00 0.047 0.00294 1
0.00 0.00 -0.56 0.00 0.00 0.00 0.047 0.00294 1
0.00 0.00 -0.56 0.00 0.00 0.00 0.047 0.00294 1
0.00 0.00 -0.56 0.00 0.00 0.00 0.047 0.00294 1
0.00 0.00 -0.56 0.00 0.00 0.00 0.047 0.00294 1
0.00 0.00 -0.56 0.00 0.00 0.00 0.047 0.00294 1
0.00 0.00 -0.56 0.00 0.00 0.00 0.047 0.00294 1
0.00 0.00 -0.56 0.00 0.00 0.00 0.047 0.00294 1
0.00 0.00 -0.56 0.00 0.00 0.00 0.047 0.00294 1
0.00 0.00 -0.56 0.00 0.00 0.00 0.047 0.00294 1
0.00 0.00 -0.56 0.00 0.00 0.00 0.047 0.00294 1
0.00 0.00 -0.56 0.00 0.00 0.00 0.047 0.00294 1
0.00 0.00 -0.56 0.00 0.00 0.00 0.047 0.00294 1
0.00 0.00 -0.56 0.00 0.00 0.00 0.047 0.00294 1
0.00 0.00 -0.56 0.00 0.00 0.00 0.047 0.00294 1
0.00 0.00 -0.56 0.00 0.00 0.00 0.047 0.00294 1
0.00 0.00 -0.56 0.00 0.00 0.00 0.047 0.00294 1
0.00 0.00 -0.56 0.00 0.00 0.00 0.047 0.00294 1
0.00 0.00 -0.56 0.00 0.00 0.00 0.047 0.00294 1
0.00 0.00 -0.56 0.00 0.00 0.00 0.047 0.00294 1
0.00 0.00 -0.56 0.00 0.00 0.00 0.047 0.00294 1
0.00 0.00 -0.56 0.00 0.00 0.00 0.047 0.00294 1
0.00 0.00 -0.56 0.00 0.00 0.00 0.047 0.00294 1
0.00 0.00 -0.56 0.00 0.00 0.00 0.047 0.00294 1
0.00 0.00 -0.56 0.00 0.00 0.00 0.047 0.00294 1
0.00 0.00 -0.56 0.00 0.00 0.00 0.047 0.00294 1
0.00 0.00 -0.56 0.00 0.00 0.00 0.047 0.00294 1
0.00 0.00 -0.56 0.00 0.00 0.00 0.047 0.00294 1
0.00 0.00 -0.56 0.00 0.00 0.00 0.047 0.00294 1
0.00 0.00 -0.56 0.00 0.00 0.00 0.047 0.00294 1
0.00 0.00 -0.56 0.00 0.00 0.00 0.047 0.00294 1
0.00 0.00 -0.56 0.00 0.00 0.00 0.047 0.00294 1
0.00 0.00 -0.56 0.00 0.00 0.00 0.047 0.00294 1
0.00 0.00 -0.56 0.00 0.00 0.00 0.047 0.00294 1
0.00 0.00 -0.56 0.00 0.00 0.00 0.047 0.00294 1
0.00 0.00 -0.56 0.00 0.00 0.00 0.047 0.00294 1
0.00 0.00 -0.56 0.00 0.00 0.00 0.047 0.00294 1
0.00 0.00 -0.56 0.00 0.00 0.00 0.047 0.00294 1
0.00 0.00 -0.56 0.00 0.00 0.00 0.047 0.00294 1
0.00 0.00 -0.56 0.00 0.00 0.00 0.047 0.00294 1
0.00 0.00 -0.56 0.00 0.00 0.00 0.047 0.00294 1
0.00 0.00 -0.56 0.00 0.00 0.00 0.047 0.00294 1
0.00 0.00 -0.56 0.00 0.00 0.00 0.047 0.00294 1
0.00 0.00 -0.56 0.00 0.00 0.00 0.047 0.00294 1
0.00 0.00 -0.56 0.00 0.00 0.00 0.047 0.00294 1
0.00 0.00 -0.56 0.00 0.00 0.00 0.047 0.00294 1
0.00 0.00 -0.56 0.00 0.00 0.00 0.047 0.00294 1
0.00 0.00 -0.56 0.00 0.00 0.00 0.047 0.00294 1
0.00 0.00 -0.56 0.00 0.00 0.00 0.047 0.00294 1
0.00 0.00 -0.56 0.00 0.00 0.00 0.047 0.00294 1
0.00 0.00 -0.56 0.00 0.00 0.00 0.047 0.00294 1
0.00 0.00 -0.56 0.00 0.00 0.00 0.047 0.00294 1
0.00 0.00 -0.56 0.00 0.00 0.00 0.047 0.00294 1
0.00 0.00 -0.56 0.00 0.00 0.00 0.047 0.00294 1
0.00 0.00 -0.56 0.00 0.00 0.00 0.047 0.00294 1
0.00 0.00 -0.56 0.00 0.00 0.00 0.047 0.00294 1
0.00 0.00 -0.56 0.00 0.00 0.00 0.047 0.00294 1
0.00 0.00 -0.56 0.00 0.00 0.00 0.047 0.00294 1
0.00 0.00 -0.56 0.00 0.00 0.00 0.047 0.00294 1
0.00 0.00 -0.56 0.00 0.00 0.00 0.047 0.00294 1
0.00 0.00 -0.56 0.00 0.00 0.00 0.047 0.00294 1
0.00 0.00 -0.56 0.00 0.00 0.00 0.047 0.00294 1
0.00 0.00 -0.56 0.00 0.00 0.00 0.047 0.00294 1
0.00 0.00 -0.56 0.00 0.00 0.00 0.047 0.00294 1
0.00 0.00 -0.56 0.00 0.00 0.00 0.047 0.00294 1
0.00 0.00 -0.56 0.00 0.00 0.00 0.047 0.00294 1
0.00 0.00 -0.56 0.00 0.00 0.00 0.047 0.00294 1
0.00 0.00 -0.56 0.00 0.00 0.00 0.047 0.00294 1
0.00 0.00 -0.56 0.00 0.00 0.00 0.047 0.00294 1
0.00 0.00 -0.56 0.00 0.00 0.00 0.047 0.00294 1
0.00 0.00 -0.56 0.00 0.00 0.00 0.047 0.00294 1
0.00 0.00 -0.56 0.00 0.00 0.00 0.047 0.00294 1
0.00 0.00 -0.56 0.00 0.00 0.00 0.047 0.00294 1
0.00 0.00 -0.56 0.00 0.00 0.00 0.047 0.00294 1
0.00 0.00 -0.56 0.00 0.00 0.00 0.047 0.00294 1
0.00 0.00 -0.56 0.00 0.00 0.00 0.047 0.00294 1
0.00 0.00 -0.56 0.00 0.00 0.00 0.047 0.00294 1
0.00 0.00 -0.56 0.00 0.00 0.00 0.047 0.00294 1
0.00 0.00 -0.56 0.00 0.00 0.00 0.047 0.00294 1
0.00 0.00 -0.56 0.00 0.00 0.00 0.047 0.00294 1
0.00 0.00 -0.56 0.00 0.00 0.00 0.047 0.00294 1
0.00 0.00 -0.56 0.00 0.00 0.00 0.047 0.00294 1
0.00 0.00 -0.56 0.00 0.00 0.00 0.047 0.00294 1
0.00 0.00 -0.56 0.00 0.00 0.00 0.047 0.00294 1
0.00 0.00 -0.56 0.00 0.00 0.00 0.047 0.00294 1
0.00 0.00 -0.56 0.00 0.00 0.00 0.047 0.00294 1
0.00 0.00 -0.56 0.00 0.00 0.00 0.047 0.00294 1
0.00 0.00 -0.56 0.00 0.00 0.00 0.047 0.00294 1
0.00 0.00 -0.56 0.00 0.00 0.00 0.047 0.00294 1
0.00 0.00 -0.56 0.00 0.00 0.00 0.047 0.00294 1
0.00 0.00 -0.56 0.00 0.00 0.00 0.047 0.00294 1
0.00 0.00 -0.56 0.00 0.00 0.00 0.047 0.00294 1
0.00 0.00 -0.56 0.00 0.00 0.00 0.047 0.00294 1
0.00 0.00 -0.56 0.00 0.00 0.00 0.047 0.00294 1
0.00 0.00 -0.56 0.00 0.00 0.00 0.047 0.00294 1
0.00 0.00 -0.56 0.00 0.00 0.00 0.047 0.00294 1
0.00 0.00 -0.56 0.00 0.00 0.00 0.047 0.00294 1
0.00 0.00 -0.56 0.00 0.00 0.00 0.047 0.00294 1
0.00 0.00 -0.56 0.00 0.00 0.00 0.047 0.00294 1
0.00 0.00 -0.56 0.00 0.00 0.00 0.047 0.00294 1
0.00 0.00 -0.56 0.00 0.00 0.00 0.047 0.00294 1
0.00 0.00 -0.56 0.00 0.00 0.00 0.047 0.00294 1
0.00 0.00 -0.56 0.00 0.00 0.00 0.047 0.00294 1
0.00 0.00 -0.56 0.00 0.00 0.00 0.047 0.00294 1
0.00 0.00 -0.56 0.00 0.00 0.00 0.047 0.00294 1
0.00 0.00 -0.56 0.00 0.00 0.00 0.047 0.00294 1
0.00 0.00 -0.56 0.00 0.00 0.00 0.047 0.00294 1
0.00 0.00 -0.56 0.00 0.00 0.00 0.047 0.00294 1
0.00 0.00 -0.56 0.00 0.00 0.00 0.047 0.00294 1
0.00 0.00 -0.56 0.00 0.00 0.00 0.047 0.00294 1
0.00 0.00 -0.56 0.00 0.00 0.00 0.047 0.00294 1
0.00 0.00 -0.56 0.00 0.00 0.00 0.047 0.00294 1
0.00 0.00 -0.56 0.00 0.00 0.00 0.047 0.00294 1
0.00 0.00 -0.56 0.00 0.00 0.00 0.047 0.00294 1
0.00 0.00 -0.56 0.00 0.00 0.00 0.047 0.00294 1
0.00 0.00 -0.56 0.00 0.00 0.00 0.047 0.00294 1
0.00 0.00 -0.56 0.00 0.00 0.00 0.047 0.00294 1
0.00 0.00 -0.56 0.00 0.00 0.00 0.047 0.00294 1
0.00 0.00 -0.56 0.00 0.00 0.00 0.047 0.00294 1
0.00 0.00 -0.56 0.00 0.00 0.00 0.047 0.00294 1
0.00 0.00 -0.56 0.00 0.00 0.00 0.047 0.00294 1
0.00 0.00 -0.56 0.00 0.00 0.00 0.047 0.00294 1
0.00 0.00 -0.56 0.00 0.00 0.00 0.047 0.00294 1
0.00 0.00 -0.56 0.00 0.00 0.00 0.047 0.00294 1
0.00 0.00 -0.56 0.00 0.00 0.00 0.047 0.00294 1
0.00 0.00 -0.56 0.00 0.00 0.00 0.047 0.00294 1
0.00 0.00 -0.56 0.00 0.00 0.00 0.047 0.00294 1
0.00 0.00 -0.56 0.00 0.00 0.00 0.047 0.00294 1
0.00 0.00 -0.56 0.00 0.00 0.00 0.047 0.00294 1
0.00 0.00 -0.56 0.00 0.00 0.00 0.047 0.00294 1
0.00 0.00 -0.56 0.00 0.00 0.00 0.047 0.00294 1
0.00 0.00 -0.56 0.00 0.00 0.00 0.047 0.00294 1
0.00 0.00 -0.56 0.00 0.00 0.00 0.047 0.00294 1
0.00 0.00 -0.56 0.00 0.00 0.00 0.047 0.00294 1
0.00 0.00 -0.56 0.00 0.00 0.00 0.047 0.00294 1
0.00 0.00 -0.56 0.00 0.00 0.00 0.047 0.00294 1
0.00 0.00 -0.56 0.00 0.00 0.00 0.047 0.00294 1
0.00 0.00 -0.56 0.00 0.00 0.00 0.047 0.00294 1
0.00 0.00 -0.56 0.00 0.00 0.00 0.047 0.00294 1
0.00 0.00 -0.56 0.00 0.00 0.00 0.047 0.00294 1
0.00 0.00 -0.56 0.00 0.00 0.00 0.047 0.00294 1
0.00 0.00 -0.56 0.00 0.00 0.00 0.047 0.00294 1
0.00 0.00 -0.56 0.00 0.00 0.00 0.047 0.00294 1
0.00 0.00 -0.56 0.00 0.00 0.00 0.047 0.00294 1
0.00 0.00 -0.56 0.00 0.00 0.00 0.047 0.00294 1
0.00 0.00 -0.56 0.00 0.00 0.00 0.047 0.00294 1
0.00 0.00 -0.56 0.00 0.00 0.00 0.047 0.00294 1
0.00 0.00 -0.56 0.00 0.00 0.00 0.047 0.00294 1
0.00 0.00 -0.56 0.00 0.00 0.00 0.047 0.00294 1
0.00 0.00 -0.56 0.00 0.00 0.00 0.047 0.00294 1
0.00 0.00 -0.56 0.00 0.00 0.00 0.047 0.00294 1
0.00 0.00 -0.56 0.00 0.00 0.00 0.047 0.00294 1
0.00 0.00 -0.56 0.00 0.00 0.00 0.047 0.00294 1
0.00 0.00 -0.56 0.00 0.00 0.00 0.047 0.00294 1
0.00 0.00 -0.56 0.00 0.00 0.00 0.047 0.00294 1
0.00 0.00 -0.56 0.00 0.00 0.00 0.047 0.00294 1
0.00 0.00 -0.56 0.00 0.00 0.00 0.047 0.00294 1
0.00 0.00 -0.56 0.00 0.00 0.00 0.047 0.00294 1
0.00 0.00 -0.56 0.00 0.00 0.00 0.047 0.00294 1
0.00 0.00 -0.56 0.00 0.00 0.00 0.047 0.00294 1
0.00 0.00 -0.56 0.00 0.00 0.00 0.047 0.00294 1
0.00 0.00 -0.56 0.00 0.00 0.00 0.047 0.00294 1
0.00 0.00 -0.56 0.00 0.00 0.00 0.047 0.00294 1
0.00 0.00 -0.56 0.00 0.00 0.00 0.047 0.00294 1
0.00 0.00 -0.56 0.00 0.00 0.00 0.047 0.00294 1
0.00 0.00 -0.56 0.00 0.00 0.00 0.047 0.00294 1
0.00 0.00 -0.56 0.00 0.00 0.00 0.047 0.00294 1
0.00 0.00 -0.56 0.00 0.00 0.00 0.047 0.00294 1
0.00 0.00 -0.56 0.00 0.00 0.00 0.047 0.00294 1
0.00 0.00 -0.56 0.00 0.00 0.00 0.047 0.00294 1
0.00 0.00 -0.56 0.00 0.00 0.00 0.047 0.00294 1
0.00 0.00 -0.56 0.00 0.00 0.00 0.047 0.00294 1
0.00 0.00 -0.56 0.00 0.00 0.00 0.047 0.00294 1
0.00 0.00 -0.56 0.00 0.00 0.00 0.047 0.00294 1
0.00 0.00 -0.56 0.00 0.00 0.00 0.047 0.00294 1
0.00 0.00 -0.56 0.00 0.00 0.00 0.047 0.00294 1
0.00 0.00 -0.56 0.00 0.00 0.00 0.047 0.00294 1
0.00 0.00 -0.56 0.00 0.00 0.00 0.047 0.00294 1
0.00 0.00 -0.56 0.00 0.00 0.00 0.047 0.00294 1
0.00 0.00 -0.56 0.00 0.00 0.00 0.047 0.00294 1
0.00 0.00 -0.56 0.00 0.00 0.00 0.047 0.00294 1
0.00 0.00 -0.56 0.00 0.00 0.00 0.047 0.00294 1
0.00 0.00 -0.56 0.00 0.00 0.00 0.047 0.00294 1
0.00 0.00 -0.56 0.00 0.00 0.00 0.047 0.00294 1
0.00 0.00 -0.56 0.00 0.00 0.00 0.047 0.00294 1
0.00 0.00 -0.56 0.00 0.00 0.00 0.047 0.00294 1
0.00 0.00 -0.56 0.00 0.00 0.00 0.047 0.00294 1
0.00 0.00 -0.56 0.00 0.00 0.00 0.047 0.00294 1
0.00 0.00 -0.56 0.00 0.00 0.00 0.047 0.00294 1
0.00 0.00 -0.56 0.00 0.00 0.00 0.047 0.00294 1
0.00 0.00 -0.56 0.00 0.00 0.00 0.047 0.00294 1
0.00 0.00 -0.56 0.00 0.00 0.00 0.047 0.00294 1
0.00 0.00 -0.56 0.00 0.00 0.00 0.047 0.00294 1
19.32 -15.73 -0.51 4.10 1.51 1.42 -3.023 0.00291 1
18.19 11.33 -0.91 0.73 0.36 1.64 1.276 0.00280 2
15.30 5.95 -0.54 4.22 1.69 1.52 1.802 0.00226 1
24.81 1.45 -1.13 1.77 0.57 1.85 0.031 0.00210 3
31.70 -2.83 -1.37 4.27 1.49 1.46 0.111 0.00202 1
15.55 0.01 -1.40 3.98 1.61 1.44 -0.223 0.00176 1
17.32 1.52 -1.23 3.74 1.58 1.50 -0.724 0.00166 1
72.04 -54.22 -0.84 3.86 1.61 1.52 -3.141 0.00155 1
25.99 -5.19 -0.59 3.96 1.80 1.68 -0.823 0.00153 1
24.62 1.46 -1.06 0.60 0.61 1.89 1.295 0.00151 2
8.25 -4.12 -1.16 3.83 1.53 1.49 2.744 0.00151 1
30.95 -1.82 -1.35 3.82 1.75 1.45 -0.093 0.00147 1
18.02 11.10 -0.77 0.79 0.57 1.76 1.271 0.00143 2
25.93 -0.72 -1.44 4.18 1.62 1.45 0.333 0.00131 1
18.12 1.52 -1.34 3.91 1.44 1.50 -0.046 0.00123 1
24.30 -18.22 -0.80 3.70 1.42 1.50 3.146 0.00122 1
12.26 4.51 -0.75 3.35 1.28 1.54 3.000 0.00120 1
19.94 -0.04 -2.39 3.64 1.47 1.51 0.076 0.00119 1
34.97 -7.99 -1.22 3.71 1.69 1.68 1.487 0.00116 1
12.82 -2.36 -0.84 3.82 1.38 1.42 -2.735 0.00109 1
14.26 -3.18 -1.61 3.99 1.55 1.54 3.112 0.00100 1
18.30 2.36 0.45 4.21 1.47 1.49 -0.861 0.00091 1
25.84 0.07 -1.42 4.38 1.86 1.45 0.416 0.00084 1
34.10 -14.58 -0.70 4.03 1.66 1.54 0.412 0.00078 1
8.31 -5.58 -1.51 3.82 1.60 1.63 2.949 0.00075 1
25.11 1.84 -1.43 3.85 1.59 1.54 -0.389 0.00074 1
30.86 -0.99 -1.25 4.36 1.70 1.47 0.288 0.00074 1
61.58 16.68 -1.35 3.68 1.47 1.54 3.000 0.00072 1
11.69 3.96 -1.11 1.81 0.61 1.74 3.313 0.00071 3
17.85 4.16 0.58 4.07 1.63 1.43 1.981 0.00050 1
8.09 -4.67 -0.60 4.33 1.92 1.69 1.689 0.00050 1
18.12 11.38 -0.69 1.69 0.63 1.79 1.143 0.00050 3
28.80 -11.35 -2.15 3.58 1.67 1.67 2.641 0.00049 1
23.71 2.56 -0.36 3.78 1.35 1.66 0.465 0.00047 1
54.04 23.31 -0.25 4.15 1.57 1.69 -2.910 0.00047 1
24.90 2.42 -1.40 4.44 1.64 1.52 -0.337 0.00045 1
33.56 -6.54 -0.54 3.71 1.52 1.59 -0.643 0.00044 1
14.45 5.18 -0.91 3.84 1.35 1.67 -1.560 0.00043 1
27.04 -1.39 1.16 4.27 1.39 1.51 -2.968 0.00042 1
23.46 2.59 -0.37 0.65 0.49 1.91 1.236 0.00041 2
29.78 -9.19 -1.56 4.26 1.62 1.45 -0.217 0.00041 1
27.59 21.04 -1.17 3.91 1.42 1.53 -2.908 0.00041 1
29.81 -10.85 0.56 4.44 1.38 1.53 3.115 0.00038 1
11.86 5.01 -0.49 3.74 1.76 1.59 2.592 0.00036 1
29.69 22.60 -0.82 4.06 1.55 1.51 3.260 0.00036 1
38.93 -15.17 -1.17 3.86 1.42 1.54 -0.369 0.00035 1
8.91 -4.00 -1.20 3.77 1.54 1.50 2.561 0.00035 1
10.98 8.30 -1.14 4.28 1.42 1.50 -2.934 0.00035 1
30.92 2.93 -1.42 4.10 1.52 1.52 2.388 0.00035 1
12.81 -2.98 -0.95 3.76 1.58 1.48 2.831 0.00034 1
16.34 -3.77 -0.84 3.94 1.66 1.54 -0.194 0.00034 1
50.50 -7.95 0.49 4.22 1.89 1.56 3.196 0.00033 1
24.53 -6.26 -1.59 3.93 1.25 1.44 -2.953 0.00031 1
12.97 -2.53 -0.97 3.54 1.32 1.50 2.588 0.00030 1
18.52 3.56 0.39 4.00 1.56 1.46 1.122 0.00030 1
16.56 12.95 -1.56 4.11 1.42 1.54 3.196 0.00029 1
11.52 3.65 -1.01 2.97 1.45 1.48 -1.333 0.00027 1
61.79 10.25 -0.08 4.17 1.58 1.56 -2.993 0.00025 1
17.33 -14.66 -0.51 4.02 1.48 1.53 -2.960 0.00024 1
35.91 -7.33 -0.99 3.86 1.54 1.49 -0.203 0.00023 1
28.38 -4.73 -1.29 3.90 1.64 1.68 -0.879 0.00023 1
15.04 12.54 -1.57 4.04 1.46 1.50 3.053 0.00023 1
28.45 -3.44 -1.27 1.64 0.51 1.87 2.733 0.00022 3
16.70 0.96 -1.27 4.21 1.51 1.48 -0.513 0.00022 1
67.60 23.31 0.36 3.71 1.99 1.75 0.131 0.00022 1
38.44 15.27 -1.26 3.88 1.52 1.53 -2.905 0.00021 1
8.73 -0.61 -0.96 4.11 1.67 1.53 -0.384 0.00021 1
58.32 10.46 0.23 4.22 1.59 1.51 -2.924 0.00020 1
12.04 -3.13 -0.98 3.81 1.75 1.40 -2.442 0.00020 1
44.14 -9.73 -1.12 3.89 1.53 1.54 3.334 0.00020 1
23.30 2.38 -0.11 0.71 0.49 1.75 1.709 0.00019 2
11.63 5.52 -0.65 4.03 1.61 1.58 1.469 0.00018 1
48.91 -7.19 -1.01 4.13 2.03 1.73 2.996 0.00017 1
26.92 11.48 -0.80 3.75 1.49 1.55 -2.909 0.00017 1
60.02 22.61 -0.41 4.28 1.65 1.52 -2.934 0.00017 1
22.03 -18.47 -0.67 3.76 1.54 1.57 -2.892 0.00017 1
28.46 -7.52 -1.42 4.15 1.91 1.53 -0.541 0.00017 1
31.06 3.71 -1.59 4.01 1.29 1.46 3.005 0.00016 1
23.80 13.59 -0.78 4.00 1.67 1.54 3.066 0.00016 1
5.92 -5.29 -1.56 4.02 1.51 1.53 -2.996 0.00015 1
40.59 16.49 -0.69 3.76 1.53 1.55 3.281 0.00015 1
73.22 24.17 -0.58 4.12 1.87 1.54 -2.728 0.00015 1
14.64 -1.58 -1.16 3.94 1.49 1.60 -2.893 0.00015 1
25.73 7.31 -1.43 3.84 1.57 1.57 3.314 0.00014 1
60.87 -25.02 -0.77 4.31 1.68 1.55 3.308 0.00014 1
26.69 -13.61 -0.13 3.93 1.48 1.58 3.251 0.00014 1
32.59 -2.30 -1.42 4.08 1.77 1.47 -0.043 0.00014 1
8.77 -5.25 -0.10 4.19 2.06 1.66 1.940 0.00014 1
22.28 -5.87 -1.47 3.94 1.54 1.55 3.328 0.00014 1
21.74 -11.04 -1.54 3.84 1.58 1.57 3.314 0.00013 1
10.14 -9.12 -1.57 3.97 1.62 1.56 3.300 0.00013 1
31.16 0.76 -1.46 3.82 1.69 1.42 -0.440 0.00012 1
31.05 3.12 -1.44 3.81 1.51 1.54 -0.048 0.00012 1
13.31 6.37 -0.41 4.19 1.68 1.53 2.224 0.00012 1
62.47 -51.34 1.49 4.42 1.71 1.55 3.278 0.00011 1
13.59 5.31 -0.61 3.30 1.68 1.68 -1.048 0.00010 1
10.78 -4.37 -0.75 4.21 1.64 1.60 2.948 0.00010 1
17.62 -3.06 -0.74 3.93 1.55 1.48 -0.361 0.00010 1
11.87 -2.04 -1.14 3.61 1.49 1.49 -2.997 0.00010 1
63.74 22.76 -0.51 4.05 1.63 1.58 -2.947 0.00009 1
30.61 2.29 -1.46 4.11 1.48 1.52 -0.711 0.00009 1
38.75 -14.66 -0.95 3.69 1.82 1.69 0.065 0.00008 1
27.07 -7.46 -1.84 4.03 1.97 1.71 -0.081 0.00007 1
29.51 -3.74 -1.32 3.76 2.06 1.68 -0.802 0.00007 1
54.16 22.20 -0.28 4.11 1.34 1.56 -0.376 0.00006 1
22.42 -1.34 -1.66 4.28 1.40 1.58 3.208 0.00005 1
49.91 -6.87 -0.53 3.56 1.85 1.70 2.895 0.00005 1
18.89 -3.12 0.22 3.93 2.14 1.62 -0.596 0.00005 1
15.30 -3.95 -1.41 3.94 1.70 1.72 3.409 0.00004 1
30.84 0.15 -1.40 4.34 1.78 1.51 0.804 0.00004 1
29.42 -3.09 -1.40 3.46 1.60 1.77 0.316 0.00004 1
30.81 21.88 -0.79 4.24 1.67 1.52 3.483 0.00004 1
12.40 -0.45 -0.91 4.18 1.77 1.63 -2.601 0.00003 1
34.20 -8.42 -1.11 1.94 0.53 1.81 -1.292 0.00002 3
9.89 -2.00 -0.91 4.14 1.53 1.52 3.346 0.00002 1
30.41 3.02 -1.64 3.60 1.67 1.42 -1.281 0.00002 1
24.20 12.93 -0.95 4.11 1.75 1.53 3.440 0.00002 1
14.31 4.54 -0.66 3.63 1.80 1.58 2.131 0.00001 1
11.93 -1.05 -1.23 3.92 1.73 1.69 3.338 0.00001 1
35.09 -8.39 -1.14 3.18 1.75 1.62 -0.035 0.00001 1
71.71 23.92 -0.46 4.07 2.18 1.78 -2.748 0.00001 1
