906 190 930 264 0.572669 0
1022 198 1045 255 0.284416 0
1147 188 1162 215 0.205064 0
786 197 796 232 0.184999 0
717 212 728 234 0.180147 0
787 185 829 271 0.154238 0
213 195 224 227 0.115310 0
1008 198 1028 238 0.100871 0
804 182 816 203 0.066267 0
555 172 569 199 0.062515 0
820 213 841 241 0.045686 0
1140 204 1162 248 0.035642 0
306 183 324 198 0.034501 0
645 199 654 214 0.030886 0
238 194 256 238 0.026922 0
693 209 702 233 0.025238 0
199 201 211 218 0.022183 0
633 202 644 217 0.019885 0
948 273 959 298 0.018333 0
331 185 343 198 0.017925 0
671 210 680 232 0.017270 0
572 181 581 200 0.016081 0
520 194 526 207 0.015902 0
512 195 520 212 0.015558 0
910 189 923 218 0.012191 0
726 208 736 234 0.011903 0
815 209 827 227 0.010877 0
999 188 1007 214 0.010266 0
985 205 1002 224 0.010057 0
973 209 984 224 0.009932 0
997 206 1006 218 0.007682 0
1218 214 1229 233 0.007300 0
222 185 231 204 0.006731 0
924 204 945 254 0.006706 0
381 183 396 205 0.006672 0
1212 192 1227 227 0.006663 0
890 202 904 241 0.006626 0
342 186 353 198 0.005493 0
1272 199 1279 242 0.004956 0
736 203 745 234 0.004894 0
350 187 358 199 0.004494 0
402 179 419 202 0.004485 0
1043 212 1053 238 0.004147 0
545 201 558 218 0.004033 0
612 152 629 174 0.003710 0
1240 202 1247 231 0.003406 0
1055 214 1071 239 0.003366 0
877 201 893 239 0.003280 0
366 165 376 187 0.002745 0
617 179 631 201 0.002628 0
847 198 856 222 0.002487 0
653 200 662 216 0.002355 0
1243 197 1264 233 0.002308 0
636 161 646 194 0.001775 0
325 235 350 254 0.001670 0
414 251 421 270 0.001645 0
690 180 703 216 0.001639 0
514 190 536 245 0.001616 0
666 186 672 226 0.001545 0
634 178 641 200 0.001540 0
175 189 182 203 0.001375 0
320 221 356 314 0.001314 0
1094 197 1101 209 0.001310 0
1192 384 1205 403 0.000993 0
1111 193 1120 207 0.000957 0
234 197 242 216 0.000931 0
1196 369 1229 421 0.000916 0
354 205 378 231 0.000868 0
960 370 981 407 0.000860 0
679 178 692 217 0.000759 0
606 158 643 195 0.000640 0
198 199 232 255 0.000636 0
407 250 415 272 0.000615 0
86 221 94 235 0.000507 0
320 238 330 277 0.000507 0
264 196 273 215 0.000458 0
354 233 369 272 0.000418 0
192 186 203 214 0.000352 0
318 202 329 225 0.000309 0
160 204 173 232 0.000309 0
802 172 851 195 0.000284 0
0 141 7 204 0.000282 0
575 279 596 343 0.000264 0
353 197 385 302 0.000223 0
247 209 272 234 0.000201 0
578 64 601 175 0.000183 0
425 230 439 246 0.000179 0
600 343 611 361 0.000162 0
1101 170 1181 241 0.000157 0
797 543 843 604 0.000152 0
846 163 869 232 0.000151 0
328 186 356 223 0.000137 0
931 181 961 206 0.000134 0
463 246 481 272 0.000128 0
457 199 479 254 0.000111 0
998 171 1053 225 0.000103 0
544 577 587 622 0.000101 0
996 222 1050 271 0.656959 1
771 228 854 279 0.366823 1
1139 222 1167 251 0.177568 1
828 211 855 241 0.051958 1
1103 219 1148 251 0.044609 1
546 199 567 217 0.032646 1
1157 230 1176 248 0.031018 1
532 201 553 218 0.018624 1
1120 219 1223 267 0.012771 1
975 229 1016 261 0.011953 1
1036 221 1070 258 0.010780 1
1142 309 1172 350 0.007991 1
934 275 959 302 0.007950 1
874 199 904 245 0.006228 1
565 201 578 217 0.004752 1
919 204 936 252 0.004398 1
1175 225 1189 247 0.003766 1
873 242 926 286 0.003208 1
1144 211 1187 225 0.002890 1
1067 220 1120 248 0.002351 1
1179 193 1199 224 0.001909 1
1173 213 1185 222 0.001415 1
908 230 924 265 0.001383 1
768 249 793 279 0.001150 1
844 197 869 233 0.001141 1
860 229 878 239 0.000997 1
1262 211 1279 260 0.000945 1
891 264 909 290 0.000920 1
573 291 597 388 0.000668 1
848 269 961 303 0.000650 1
1190 214 1226 230 0.000647 1
1006 251 1087 296 0.000507 1
913 269 929 298 0.000505 1
927 282 942 307 0.000360 1
1023 275 1049 294 0.000359 1
759 217 958 345 0.000350 1
1155 344 1181 358 0.000295 1
789 196 848 236 0.000263 1
1173 163 1201 206 0.000254 1
860 228 894 259 0.000248 1
817 258 858 290 0.000240 1
824 277 855 343 0.000137 1
1132 340 1201 377 0.000108 1
523 183 537 195 0.111698 2
480 170 531 217 0.083182 2
864 179 960 232 0.071586 2
586 184 622 215 0.066783 2
694 203 728 232 0.055992 2
449 155 521 178 0.046996 2
554 172 573 200 0.031551 2
481 174 495 197 0.027905 2
913 187 956 210 0.024816 2
602 202 651 217 0.019872 2
1256 197 1275 214 0.017925 2
521 173 558 201 0.017831 2
292 176 324 198 0.011487 2
449 156 507 176 0.011428 2
1094 211 1140 241 0.011081 2
1273 198 1279 218 0.010091 2
468 187 480 204 0.010016 2
1048 214 1070 239 0.009758 2
398 194 418 206 0.009441 2
546 160 580 177 0.008722 2
1233 181 1278 219 0.007660 2
167 204 195 218 0.007346 2
974 218 1050 266 0.007219 2
433 172 445 193 0.004829 2
1066 211 1098 233 0.004696 2
546 197 579 218 0.004557 2
924 200 946 218 0.004468 2
680 211 702 232 0.004190 2
520 192 551 218 0.003633 2
1264 169 1279 179 0.003403 2
319 220 331 232 0.003387 2
1208 371 1226 389 0.003224 2
386 197 397 206 0.003056 2
449 190 476 216 0.002945 2
878 198 905 234 0.002702 2
450 159 464 170 0.002693 2
319 199 356 256 0.002689 2
1145 184 1200 217 0.002492 2
355 208 371 229 0.002327 2
1272 234 1279 257 0.002085 2
743 201 794 236 0.001882 2
587 176 600 186 0.001831 2
352 188 370 200 0.001830 2
463 256 479 271 0.001764 2
918 201 977 253 0.001487 2
1009 201 1131 246 0.001459 2
387 176 444 205 0.001275 2
603 162 626 185 0.001197 2
1228 169 1247 182 0.001194 2
1193 369 1260 423 0.001178 2
522 169 546 179 0.001150 2
647 198 663 215 0.001148 2
1192 213 1227 231 0.001008 2
1217 196 1255 231 0.000900 2
1071 194 1097 211 0.000898 2
407 206 452 228 0.000848 2
698 184 729 209 0.000815 2
352 198 388 209 0.000765 2
831 140 906 174 0.000682 2
964 206 982 221 0.000674 2
194 226 232 253 0.000629 2
513 173 523 190 0.000622 2
431 190 448 207 0.000512 2
1263 365 1279 376 0.000446 2
574 274 605 340 0.000425 2
162 202 224 245 0.000415 2
660 184 699 226 0.000385 2
1096 179 1122 206 0.000369 2
123 225 137 236 0.000368 2
750 190 1155 309 0.000351 2
1052 193 1076 226 0.000314 2
519 150 544 176 0.000267 2
157 186 181 205 0.000266 2
792 330 847 349 0.000255 2
303 180 373 216 0.000247 2
1101 165 1152 186 0.000231 2
737 202 756 215 0.000223 2
924 176 947 198 0.000219 2
1209 165 1227 216 0.000219 2
109 222 155 249 0.000216 2
273 182 294 193 0.000212 2
1137 318 1172 357 0.000178 2
844 163 883 236 0.000168 2
431 160 470 182 0.000166 2
836 136 897 149 0.000164 2
935 200 982 214 0.000163 2
701 305 767 338 0.000151 2
496 240 531 251 0.000148 2
1266 253 1279 271 0.000128 2
1022 300 1108 347 0.000118 2
62 223 94 238 0.000117 2
95 199 109 206 0.000116 2
603 158 661 207 0.000116 2
1101 222 1140 250 0.012111 3
1217 168 1279 230 0.007981 5
831 135 936 170 0.006686 5
471 149 525 177 0.001666 5
318 199 364 309 0.000313 5
886 149 921 181 0.000255 5
1100 162 1152 186 0.000248 5
372 66 431 205 0.000123 6
586 184 627 216 0.033547 7
450 151 523 181 0.031740 7
838 176 958 237 0.025264 7
539 160 581 202 0.022011 7
686 196 729 234 0.017808 7
810 159 858 189 0.013437 7
1090 163 1158 240 0.012752 7
1218 174 1279 232 0.009302 7
694 154 809 236 0.008496 7
822 135 939 184 0.005219 7
308 199 392 328 0.001446 7
792 162 858 266 0.001439 7
1101 217 1223 266 0.001331 7
389 188 473 206 0.000940 7
542 182 731 231 0.000911 7
603 153 636 200 0.000571 7
327 172 558 283 0.000437 7
160 183 207 228 0.000333 7
409 207 452 252 0.000311 7
377 160 417 204 0.000150 7
620 164 668 211 0.000149 7
1090 150 1103 176 0.533695 9
513 151 523 175 0.145116 9
1006 136 1015 172 0.051365 9
693 185 702 203 0.025507 9
1015 151 1024 170 0.021523 9
171 64 203 91 0.017474 9
895 158 904 177 0.016198 9
1014 135 1025 153 0.013652 9
1052 109 1084 147 0.009460 9
1002 167 1008 177 0.008234 9
325 161 351 199 0.007192 9
879 154 894 172 0.007097 9
596 132 605 146 0.005757 9
808 173 816 196 0.005430 9
373 166 381 183 0.005145 9
119 64 162 78 0.005032 9
1182 163 1201 217 0.004883 9
862 165 869 178 0.004707 9
366 165 376 187 0.004379 9
239 178 246 190 0.004269 9
699 119 715 154 0.003680 9
586 118 598 137 0.003278 9
665 182 671 198 0.003072 9
1207 169 1216 197 0.002922 9
994 138 1001 163 0.002612 9
871 163 880 176 0.002500 9
681 171 689 193 0.002449 9
259 143 269 159 0.002439 9
688 169 699 182 0.002207 9
902 137 937 154 0.002175 9
1096 178 1102 196 0.002059 9
1099 133 1111 173 0.002038 9
1111 193 1120 204 0.002021 9
853 115 866 137 0.001900 9
801 150 809 159 0.001803 9
833 139 860 165 0.001689 9
595 64 625 93 0.001678 9
1079 153 1092 185 0.001650 9
156 64 172 75 0.001545 9
637 161 646 177 0.001506 9
806 148 813 159 0.001505 9
1089 181 1098 197 0.001438 9
662 169 671 188 0.001403 9
705 155 713 173 0.001375 9
581 64 596 93 0.001367 9
651 176 662 203 0.001339 9
312 152 326 198 0.001237 9
679 65 695 119 0.001198 9
805 154 822 184 0.001168 9
110 149 126 166 0.001125 9
1118 164 1150 185 0.001092 9
688 119 701 153 0.001023 9
884 138 912 154 0.000935 9
1099 167 1123 193 0.000912 9
814 164 858 181 0.000893 9
800 151 810 196 0.000892 9
1194 164 1208 187 0.000871 9
595 115 626 168 0.000862 9
836 116 853 135 0.000852 9
1227 166 1248 181 0.000786 9
700 173 712 184 0.000750 9
1105 151 1118 170 0.000743 9
183 144 199 168 0.000702 9
695 151 705 175 0.000656 9
847 179 858 198 0.000625 9
999 129 1006 137 0.000624 9
624 119 638 158 0.000607 9
625 64 640 92 0.000604 9
96 178 106 202 0.000575 9
586 168 595 185 0.000544 9
697 66 706 119 0.000535 9
863 118 871 137 0.000531 9
0 144 6 198 0.000491 9
352 156 362 194 0.000489 9
607 152 627 169 0.000481 9
813 147 822 159 0.000476 9
647 160 659 187 0.000450 9
680 122 691 155 0.000402 9
588 119 603 183 0.000395 9
703 114 715 129 0.000367 9
843 161 872 192 0.000357 9
868 124 879 137 0.000348 9
597 147 610 164 0.000338 9
710 141 718 165 0.000320 9
170 142 181 169 0.000304 9
980 143 993 160 0.000298 9
161 75 184 91 0.000277 9
580 76 600 138 0.000277 9
98 174 110 184 0.000272 9
822 116 833 129 0.000266 9
650 174 697 217 0.000259 9
340 64 362 111 0.000239 9
567 143 576 159 0.000228 9
463 206 477 260 0.000217 9
718 115 729 130 0.000207 9
256 83 266 97 0.000196 9
1072 149 1081 160 0.000196 9
322 91 332 120 0.000189 9
649 122 659 149 0.000181 9
209 66 251 86 0.000178 9
1048 158 1054 169 0.000176 9
709 82 719 112 0.000176 9
1071 170 1097 205 0.000171 9
311 118 323 156 0.000170 9
905 129 911 139 0.000164 9
577 80 585 107 0.000162 9
879 128 891 139 0.000156 9
51 184 63 206 0.000148 9
726 95 738 112 0.000147 9
637 81 658 105 0.000147 9
544 140 551 157 0.000145 9
639 120 648 142 0.000143 9
960 149 977 162 0.000139 9
415 64 438 129 0.000137 9
650 147 658 165 0.000136 9
694 65 725 146 0.000130 9
449 150 491 171 0.000125 9
96 170 107 178 0.000123 9
637 151 648 165 0.000123 9
544 112 551 134 0.000122 9
243 177 258 192 0.000121 9
227 110 266 130 0.000120 9
264 68 273 83 0.000115 9
577 64 651 166 0.000112 9
225 127 267 151 0.000110 9
974 191 982 202 0.000108 9
1146 163 1161 185 0.000101 9
100 147 128 201 0.000101 9
992 128 999 141 0.000101 9
324 110 367 163 0.150065 11
1052 109 1083 147 0.069892 11
1182 191 1200 214 0.059721 11
829 136 937 169 0.001174 11
415 64 438 120 0.000406 11
1210 164 1250 198 0.000198 11
1071 129 1088 150 0.000108 11
