531 193 570 259 0.671020 0
864 191 900 268 0.538954 0
764 196 798 268 0.535333 0
717 212 728 234 0.210126 0
306 183 324 199 0.094625 0
949 274 959 298 0.088449 0
917 190 933 223 0.072921 0
521 181 537 219 0.061592 0
555 172 570 199 0.056669 0
860 191 871 224 0.052631 0
873 191 889 223 0.034440 0
670 210 680 233 0.029590 0
212 191 223 229 0.027321 0
1106 194 1133 261 0.026567 0
330 184 343 198 0.022062 0
645 198 654 215 0.021116 0
385 198 395 206 0.020000 0
632 201 646 217 0.019613 0
1123 228 1135 251 0.019462 0
923 201 947 241 0.017720 0
1103 226 1114 258 0.016560 0
728 208 737 234 0.016541 0
512 189 521 216 0.016345 0
693 209 702 231 0.016273 0
220 187 237 234 0.015454 0
554 192 569 216 0.013799 0
733 204 745 234 0.013770 0
738 201 746 214 0.013685 0
627 180 642 201 0.012063 0
573 181 581 201 0.009933 0
895 201 905 218 0.009300 0
933 282 944 296 0.008670 0
176 198 189 221 0.008387 0
848 202 855 222 0.008247 0
1101 203 1118 232 0.008032 0
350 187 359 199 0.007796 0
1164 235 1175 247 0.006902 0
884 191 939 253 0.006458 0
812 210 824 239 0.006455 0
321 166 354 199 0.006231 0
782 197 795 223 0.005165 0
990 209 998 223 0.004759 0
539 191 551 207 0.004680 0
469 190 481 212 0.004260 0
1192 384 1206 403 0.003854 0
532 193 547 227 0.003767 0
513 165 524 191 0.003763 0
666 187 672 220 0.003759 0
1220 222 1229 233 0.003659 0
963 372 981 397 0.003574 0
775 197 786 228 0.003519 0
765 231 778 261 0.003515 0
375 182 389 203 0.003325 0
1038 205 1049 229 0.003106 0
1273 201 1279 249 0.002932 0
355 185 370 199 0.002692 0
1112 191 1120 211 0.002577 0
1178 237 1188 247 0.002464 0
926 246 942 272 0.002321 0
1203 408 1216 421 0.002145 0
529 208 538 231 0.002104 0
396 182 409 205 0.002005 0
220 182 231 198 0.001896 0
406 179 419 205 0.001612 0
690 183 702 215 0.001485 0
855 227 879 279 0.001470 0
652 200 663 215 0.001407 0
365 165 376 188 0.001288 0
240 178 246 190 0.001262 0
914 268 929 296 0.001247 0
586 175 595 186 0.001219 0
636 682 673 703 0.001198 0
1240 213 1247 231 0.001068 0
1207 369 1225 398 0.001059 0
322 230 357 317 0.000971 0
415 250 422 270 0.000955 0
462 204 480 272 0.000946 0
431 174 445 205 0.000743 0
1097 204 1105 221 0.000690 0
158 201 171 227 0.000669 0
677 180 694 217 0.000595 0
325 235 352 254 0.000495 0
247 213 256 234 0.000481 0
926 286 938 311 0.000448 0
198 197 210 216 0.000346 0
407 250 415 272 0.000332 0
641 179 659 207 0.000326 0
359 204 378 230 0.000284 0
191 186 201 215 0.000281 0
855 177 931 210 0.000280 0
320 236 330 276 0.000277 0
243 195 256 216 0.000271 0
0 146 6 204 0.000240 0
1248 208 1262 233 0.000235 0
802 184 818 211 0.000232 0
271 195 282 220 0.000211 0
1008 456 1023 466 0.000203 0
648 258 656 266 0.000197 0
636 162 653 188 0.000195 0
322 185 338 233 0.000186 0
336 186 390 220 0.000185 0
172 184 190 203 0.000173 0
578 64 602 144 0.000158 0
96 180 105 203 0.000156 0
198 212 216 226 0.000155 0
110 393 132 402 0.000155 0
925 274 962 321 0.000150 0
788 197 810 237 0.000118 0
353 195 375 310 0.000114 0
749 237 806 283 0.683329 1
869 237 891 272 0.049648 1
1116 227 1134 264 0.031319 1
872 257 907 285 0.017151 1
553 198 569 229 0.011547 1
944 278 959 302 0.011069 1
938 233 958 256 0.009014 1
889 219 910 261 0.008842 1
1144 309 1170 347 0.007171 1
851 226 940 289 0.005556 1
565 201 576 216 0.005021 1
530 249 600 401 0.004644 1
926 278 942 293 0.001749 1
907 266 929 298 0.001434 1
751 212 776 234 0.001298 1
574 291 595 364 0.001272 1
529 223 539 245 0.001248 1
1182 190 1204 227 0.000858 1
840 223 879 262 0.000765 1
888 277 914 297 0.000601 1
516 199 535 246 0.000404 1
556 221 569 251 0.000399 1
1210 193 1226 216 0.000395 1
807 256 820 275 0.000262 1
961 370 1027 400 0.000262 1
689 209 943 348 0.000247 1
1188 212 1226 230 0.000235 1
501 231 530 251 0.000201 1
17 229 40 256 0.000131 1
1141 344 1197 361 0.000100 1
833 223 855 241 0.088069 2
802 215 824 239 0.067279 2
893 218 941 266 0.065757 2
1070 220 1101 243 0.063895 2
1135 231 1174 248 0.053379 2
523 182 536 195 0.043807 2
554 172 572 199 0.041452 2
1003 235 1035 252 0.040924 2
1012 214 1025 227 0.040225 2
694 202 727 232 0.030741 2
481 175 495 198 0.027320 2
586 188 652 217 0.026922 2
480 172 517 216 0.026880 2
865 177 946 229 0.020928 2
930 200 951 216 0.020520 2
1041 238 1067 250 0.018459 2
798 230 815 239 0.017125 2
632 200 647 217 0.016395 2
519 171 565 203 0.016145 2
971 236 995 257 0.015842 2
1066 241 1091 256 0.015155 2
1025 236 1048 250 0.014254 2
974 220 1018 245 0.014058 2
1050 223 1070 246 0.013899 2
987 212 998 225 0.013818 2
1273 198 1279 211 0.012249 2
743 202 776 231 0.011675 2
294 177 324 198 0.011342 2
468 187 480 204 0.011087 2
1260 197 1277 212 0.010600 2
1116 488 1137 497 0.010574 2
449 156 490 171 0.010351 2
543 160 578 177 0.009049 2
396 200 410 205 0.008707 2
1064 225 1133 264 0.007663 2
1060 216 1072 233 0.007232 2
386 198 397 206 0.006964 2
1260 170 1279 181 0.005653 2
673 211 701 232 0.004808 2
973 221 984 235 0.004780 2
973 211 984 224 0.004677 2
561 200 579 215 0.004113 2
738 201 751 215 0.003715 2
938 233 958 256 0.003652 2
1208 370 1225 390 0.003493 2
940 211 987 258 0.002903 2
433 172 445 198 0.002772 2
1255 207 1275 229 0.002730 2
452 191 472 216 0.002414 2
1006 199 1036 215 0.002355 2
1018 211 1049 232 0.002103 2
914 256 939 274 0.002098 2
451 163 499 201 0.002071 2
1243 177 1279 199 0.002029 2
1272 236 1279 257 0.001936 2
644 195 669 215 0.001726 2
1247 481 1267 488 0.001698 2
795 330 847 347 0.001485 2
1071 207 1111 225 0.001325 2
703 303 769 336 0.001289 2
1036 205 1072 233 0.001284 2
833 143 900 173 0.001283 2
1229 169 1247 182 0.001236 2
587 176 599 186 0.001232 2
1264 364 1279 378 0.001214 2
699 184 730 208 0.001169 2
1025 308 1089 334 0.001048 2
463 251 479 271 0.001002 2
935 207 982 220 0.000967 2
356 217 370 228 0.000931 2
1254 243 1279 265 0.000897 2
319 213 331 233 0.000841 2
1245 174 1263 185 0.000803 2
1076 198 1092 209 0.000792 2
1142 215 1187 223 0.000727 2
689 178 707 216 0.000721 2
1240 195 1257 231 0.000606 2
1189 222 1227 232 0.000600 2
516 150 543 177 0.000597 2
361 194 392 206 0.000586 2
1154 183 1200 219 0.000576 2
495 241 520 251 0.000529 2
603 154 634 182 0.000526 2
322 199 354 256 0.000517 2
1103 163 1151 186 0.000513 2
384 183 402 206 0.000511 2
158 189 190 225 0.000510 2
390 175 444 205 0.000496 2
957 200 972 211 0.000467 2
197 225 237 251 0.000429 2
431 191 448 206 0.000372 2
436 204 452 219 0.000361 2
1222 221 1239 232 0.000347 2
678 196 692 215 0.000344 2
1189 382 1219 419 0.000324 2
634 162 659 206 0.000315 2
297 187 392 207 0.000314 2
1176 214 1185 222 0.000310 2
273 182 295 194 0.000290 2
354 198 386 228 0.000290 2
123 225 135 235 0.000287 2
16 226 72 254 0.000279 2
416 208 452 233 0.000271 2
432 160 468 182 0.000251 2
1167 218 1210 247 0.000235 2
978 201 996 223 0.000200 2
1135 343 1183 363 0.000191 2
477 145 526 172 0.000190 2
1189 354 1279 427 0.000188 2
838 136 897 149 0.000187 2
152 183 179 195 0.000181 2
1082 191 1133 238 0.000177 2
566 161 605 188 0.000165 2
895 269 932 311 0.000164 2
1247 347 1279 376 0.000138 2
111 222 158 246 0.000133 2
849 184 1058 287 0.000132 2
212 178 267 235 0.000120 2
1195 472 1219 482 0.000118 2
389 198 433 214 0.000116 2
413 201 433 205 0.000112 2
805 139 940 242 0.047310 5
866 177 938 204 0.005252 5
830 135 898 168 0.004641 5
1130 219 1193 248 0.004049 5
809 159 858 182 0.003285 5
1005 188 1047 228 0.001806 5
1217 167 1279 224 0.001200 5
500 149 525 181 0.000778 5
1153 184 1186 216 0.000103 5
370 65 457 206 0.000239 6
585 183 650 218 0.095230 7
1006 197 1053 230 0.067700 7
804 163 940 241 0.059595 7
546 167 580 204 0.036788 7
480 172 517 216 0.027739 7
1134 224 1176 248 0.026080 7
670 196 728 233 0.018238 7
449 152 523 181 0.014387 7
803 211 854 240 0.012310 7
915 204 986 256 0.011593 7
693 153 808 235 0.007349 7
1074 219 1223 264 0.004235 7
809 159 858 182 0.002844 7
1002 227 1066 250 0.002579 7
971 215 1008 256 0.001885 7
312 199 457 343 0.001238 7
1252 170 1279 209 0.001117 7
699 183 730 212 0.001086 7
1101 163 1154 186 0.000827 7
610 164 639 190 0.000630 7
384 177 446 205 0.000601 7
1179 167 1279 244 0.000588 7
1151 183 1197 221 0.000532 7
943 200 1135 254 0.000380 7
637 164 661 206 0.000295 7
1016 108 1102 234 0.000180 7
410 205 452 268 0.000155 7
619 64 922 235 0.000129 7
247 174 328 220 0.000107 7
1090 151 1102 178 0.514837 9
513 150 524 175 0.153017 9
1004 137 1014 174 0.059410 9
1014 137 1024 170 0.024666 9
896 164 904 177 0.014255 9
693 185 702 203 0.013612 9
1051 109 1084 147 0.011465 9
331 167 354 199 0.010302 9
879 155 894 174 0.009217 9
171 64 203 91 0.006938 9
1182 163 1201 217 0.006453 9
993 140 1000 167 0.006398 9
898 139 912 166 0.006076 9
678 65 694 120 0.005378 9
1214 190 1223 206 0.004995 9
596 128 605 143 0.004552 9
1097 175 1103 195 0.004335 9
373 166 381 183 0.004276 9
1114 163 1150 186 0.004228 9
697 121 706 153 0.004010 9
705 154 713 173 0.004008 9
694 175 701 188 0.003442 9
1192 384 1205 403 0.003369 9
1212 168 1225 194 0.002980 9
702 116 714 129 0.002875 9
835 143 860 165 0.002852 9
366 165 375 187 0.002670 9
665 183 671 208 0.002508 9
1089 177 1098 195 0.002435 9
119 64 162 76 0.002269 9
854 116 865 137 0.002231 9
586 117 598 142 0.002157 9
1216 200 1227 218 0.002078 9
862 166 869 178 0.002021 9
1001 169 1007 184 0.001884 9
838 118 853 136 0.001873 9
1160 200 1169 215 0.001865 9
870 137 931 156 0.001833 9
807 160 859 183 0.001789 9
1001 188 1008 211 0.001754 9
697 66 707 119 0.001675 9
695 151 705 174 0.001663 9
663 171 671 189 0.001660 9
1097 197 1103 210 0.001653 9
982 139 993 158 0.001434 9
1080 157 1094 184 0.001432 9
1228 167 1247 181 0.001311 9
1098 169 1121 187 0.001289 9
802 151 809 159 0.001288 9
1240 197 1248 231 0.001266 9
1120 182 1127 191 0.001262 9
259 143 269 159 0.001255 9
1088 190 1095 201 0.001232 9
613 152 626 167 0.001221 9
595 64 627 93 0.001135 9
700 173 712 183 0.001123 9
1196 164 1207 187 0.001074 9
311 151 326 198 0.001068 9
993 199 1001 215 0.000934 9
1064 206 1071 227 0.000811 9
580 64 596 93 0.000805 9
803 177 814 196 0.000787 9
680 180 688 209 0.000781 9
1154 163 1168 184 0.000721 9
1000 129 1007 137 0.000660 9
162 64 174 76 0.000655 9
586 168 595 185 0.000635 9
865 122 872 136 0.000580 9
681 166 689 184 0.000579 9
1107 151 1120 170 0.000577 9
868 124 880 137 0.000547 9
703 123 718 156 0.000542 9
680 122 691 154 0.000540 9
1097 130 1109 149 0.000525 9
569 161 580 179 0.000507 9
650 181 664 208 0.000492 9
352 157 362 197 0.000475 9
822 115 839 131 0.000470 9
319 113 364 199 0.000450 9
1099 179 1125 225 0.000415 9
710 147 719 170 0.000403 9
183 144 199 168 0.000379 9
595 115 625 167 0.000357 9
357 219 370 229 0.000357 9
639 90 657 104 0.000355 9
639 165 660 200 0.000351 9
1045 183 1061 198 0.000350 9
813 149 829 160 0.000316 9
567 143 577 161 0.000316 9
848 181 858 213 0.000302 9
719 117 729 130 0.000288 9
649 120 660 159 0.000287 9
0 146 6 193 0.000282 9
973 190 982 202 0.000264 9
726 95 739 109 0.000256 9
1221 191 1229 207 0.000244 9
687 119 707 130 0.000242 9
702 81 720 115 0.000241 9
638 160 647 175 0.000237 9
170 142 181 170 0.000224 9
322 91 332 121 0.000217 9
96 177 105 202 0.000213 9
108 149 127 168 0.000205 9
1063 192 1071 213 0.000203 9
624 64 640 92 0.000203 9
624 120 637 154 0.000198 9
875 127 893 139 0.000192 9
905 129 911 138 0.000186 9
948 181 960 207 0.000182 9
545 141 551 157 0.000182 9
582 68 605 144 0.000182 9
232 110 266 130 0.000178 9
990 183 1000 199 0.000178 9
415 64 434 135 0.000173 9
1028 149 1040 161 0.000166 9
793 110 824 122 0.000158 9
684 120 713 185 0.000154 9
637 117 653 162 0.000154 9
637 101 658 113 0.000150 9
657 168 701 207 0.000144 9
256 82 266 97 0.000143 9
1203 147 1218 178 0.000136 9
209 66 232 86 0.000134 9
338 64 363 111 0.000132 9
544 113 551 135 0.000130 9
718 149 726 159 0.000129 9
976 169 992 186 0.000126 9
982 152 994 169 0.000126 9
574 134 581 144 0.000118 9
992 128 999 139 0.000116 9
726 107 736 130 0.000115 9
1152 184 1180 215 0.000112 9
971 135 1031 175 0.000105 9
50 184 63 206 0.000105 9
97 174 110 185 0.000102 9
324 109 366 163 0.138351 11
1051 110 1084 147 0.061901 11
1182 190 1201 215 0.056790 11
415 64 436 120 0.000931 11
1224 166 1248 196 0.000220 11
750 153 790 168 0.000132 11
352 127 366 159 0.000131 11
