485 187 529 295 0.783592 0
878 189 901 232 0.308606 0
828 190 857 264 0.256482 0
973 199 992 236 0.193204 0
802 194 831 270 0.176273 0
717 212 728 234 0.155098 0
306 183 324 199 0.146159 0
212 192 222 227 0.080189 0
1123 189 1142 239 0.074853 0
786 197 794 220 0.073518 0
556 173 569 198 0.065582 0
958 214 977 254 0.047651 0
511 195 527 232 0.039131 0
948 274 959 298 0.033144 0
330 184 344 198 0.032438 0
385 198 395 206 0.030467 0
228 203 239 230 0.030010 0
670 210 680 232 0.028419 0
836 191 853 214 0.027632 0
521 182 533 212 0.023958 0
1038 198 1051 229 0.023598 0
802 183 816 219 0.022249 0
220 184 231 224 0.020326 0
573 181 581 201 0.020237 0
814 193 828 211 0.019802 0
865 207 873 220 0.019654 0
1058 214 1096 255 0.018765 0
486 214 497 245 0.016370 0
471 177 496 237 0.015815 0
632 201 646 217 0.015331 0
1079 214 1097 231 0.013417 0
1273 201 1279 253 0.013088 0
1007 211 1025 241 0.012624 0
350 187 358 199 0.012582 0
693 208 702 231 0.012105 0
693 184 702 205 0.011585 0
728 208 737 234 0.010394 0
188 198 202 225 0.009541 0
880 155 894 173 0.008862 0
738 201 746 214 0.008750 0
542 184 551 202 0.006980 0
970 190 982 212 0.005994 0
469 185 480 208 0.005889 0
935 204 945 236 0.005871 0
846 182 857 203 0.005723 0
846 196 900 272 0.005400 0
375 182 388 203 0.005178 0
1221 220 1229 233 0.005113 0
319 155 349 199 0.004673 0
1192 384 1206 406 0.003943 0
984 198 1000 221 0.003942 0
355 185 370 199 0.003756 0
863 166 870 178 0.003747 0
397 182 409 205 0.003618 0
373 166 381 184 0.003606 0
463 233 478 273 0.003263 0
666 187 672 223 0.003176 0
1087 196 1097 219 0.003050 0
1112 194 1120 203 0.002873 0
366 165 375 187 0.002809 0
870 163 887 177 0.002772 0
1061 200 1079 230 0.002650 0
587 174 596 186 0.002599 0
846 193 867 228 0.002594 0
407 178 419 205 0.002535 0
433 172 444 197 0.002473 0
322 232 357 318 0.002471 0
1147 197 1163 217 0.002449 0
604 153 636 183 0.002315 0
1215 195 1226 227 0.002273 0
1136 216 1155 233 0.002111 0
1096 171 1103 196 0.001779 0
1178 234 1188 247 0.001779 0
803 168 851 215 0.001696 0
176 188 183 204 0.001565 0
637 161 648 187 0.001555 0
1202 406 1216 421 0.001356 0
240 178 246 191 0.001356 0
513 161 524 193 0.001337 0
455 180 473 202 0.001256 0
636 682 674 703 0.001170 0
1240 210 1247 232 0.001081 0
237 213 249 233 0.001079 0
400 198 418 205 0.001007 0
183 177 242 229 0.001000 0
1195 369 1229 422 0.000906 0
961 370 981 407 0.000886 0
415 250 421 270 0.000874 0
1088 190 1095 203 0.000839 0
859 165 940 206 0.000824 0
999 189 1009 217 0.000805 0
248 212 256 233 0.000801 0
650 199 663 215 0.000789 0
581 184 620 216 0.000724 0
677 180 694 217 0.000671 0
271 195 283 224 0.000646 0
233 194 256 224 0.000633 0
365 205 380 219 0.000626 0
352 156 362 196 0.000576 0
429 222 439 231 0.000523 0
184 186 196 206 0.000455 0
736 201 752 234 0.000448 0
407 251 415 272 0.000445 0
936 166 1038 244 0.000422 0
312 148 326 194 0.000372 0
325 235 352 254 0.000370 0
295 177 341 293 0.000357 0
159 204 175 230 0.000349 0
86 222 93 234 0.000331 0
323 184 339 230 0.000305 0
320 237 330 277 0.000295 0
357 219 370 229 0.000290 0
341 186 390 219 0.000282 0
0 147 6 203 0.000269 0
525 265 541 304 0.000259 0
214 176 230 195 0.000211 0
578 64 601 148 0.000196 0
1188 227 1239 254 0.000182 0
264 188 277 210 0.000149 0
354 196 375 308 0.000148 0
1271 589 1279 636 0.000142 0
96 180 105 203 0.000137 0
757 310 769 329 0.000137 0
239 162 246 179 0.000130 0
600 343 611 357 0.000116 0
426 226 440 246 0.000110 0
261 177 271 199 0.000103 0
1048 563 1093 629 0.000102 0
781 228 853 278 0.519505 1
939 216 1001 261 0.505112 1
1110 215 1148 252 0.151660 1
546 199 568 217 0.084265 1
831 223 908 282 0.078785 1
1059 215 1095 256 0.077386 1
921 205 945 248 0.061083 1
529 202 553 218 0.053253 1
794 211 813 233 0.049873 1
929 275 959 301 0.030052 1
1000 231 1025 253 0.026250 1
1181 163 1202 216 0.022876 1
773 242 804 276 0.022830 1
871 217 897 244 0.017464 1
513 241 532 292 0.016110 1
1104 308 1170 347 0.009190 1
877 220 941 260 0.007767 1
495 253 521 295 0.006731 1
564 201 577 217 0.006714 1
527 249 600 400 0.005776 1
896 223 906 243 0.005093 1
1057 221 1073 244 0.004763 1
905 264 928 296 0.004160 1
857 223 873 272 0.002530 1
573 291 596 368 0.002339 1
512 230 538 247 0.002112 1
1140 180 1200 248 0.002055 1
1101 226 1116 250 0.001882 1
1262 222 1279 257 0.001843 1
523 264 543 303 0.001793 1
1208 189 1226 216 0.001725 1
1079 215 1223 273 0.001361 1
686 217 720 237 0.001236 1
770 200 795 236 0.000908 1
1188 210 1228 231 0.000823 1
1073 195 1094 224 0.000792 1
971 215 1096 281 0.000741 1
893 279 912 297 0.000695 1
963 371 987 393 0.000692 1
1140 343 1193 362 0.000479 1
478 202 496 248 0.000453 1
1248 206 1263 233 0.000426 1
485 183 585 296 0.000210 1
695 194 1236 393 0.000204 1
844 270 960 330 0.000187 1
853 272 901 299 0.000164 1
586 222 933 287 0.000110 1
191 229 217 255 0.000109 1
1004 196 1053 230 0.251409 2
856 177 957 246 0.171905 2
586 182 653 218 0.075012 2
523 182 536 195 0.058315 2
1137 216 1193 247 0.043697 2
1011 210 1025 228 0.029580 2
670 204 728 234 0.027014 2
824 330 847 344 0.023677 2
481 171 523 204 0.023415 2
481 174 494 194 0.020481 2
522 170 578 200 0.019922 2
939 214 1001 258 0.017557 2
787 210 921 273 0.017504 2
291 176 323 198 0.017165 2
632 200 649 216 0.015606 2
449 156 490 171 0.013678 2
1272 198 1279 230 0.013063 2
546 160 580 182 0.011176 2
916 186 956 209 0.009535 2
1258 170 1279 181 0.007740 2
396 200 410 206 0.006260 2
1272 232 1279 257 0.005528 2
1147 183 1200 220 0.004866 2
604 155 637 200 0.004769 2
1163 234 1176 247 0.004730 2
1232 176 1279 224 0.004451 2
1057 206 1095 253 0.004395 2
166 205 191 224 0.004308 2
706 302 770 329 0.004052 2
514 182 542 213 0.003563 2
716 195 729 233 0.003492 2
996 218 1036 253 0.003446 2
433 172 445 199 0.003314 2
455 146 527 184 0.003180 2
1079 210 1123 231 0.003053 2
1207 370 1225 390 0.002846 2
735 201 794 236 0.002812 2
1142 214 1189 223 0.002557 2
638 193 671 215 0.002430 2
1032 236 1072 252 0.002406 2
452 185 475 217 0.002162 2
521 168 542 181 0.002159 2
1145 198 1162 218 0.002092 2
1252 212 1277 231 0.002081 2
1217 219 1228 233 0.002061 2
466 178 483 205 0.001475 2
1042 217 1067 233 0.001374 2
1193 221 1223 232 0.001349 2
435 167 464 186 0.001267 2
1185 223 1279 266 0.001169 2
700 184 730 210 0.001071 2
684 176 706 219 0.001069 2
943 196 960 209 0.001054 2
832 141 904 172 0.001052 2
1226 167 1247 182 0.001035 2
1070 193 1083 211 0.000803 2
356 217 370 228 0.000683 2
1098 187 1120 205 0.000664 2
365 193 393 206 0.000586 2
320 196 356 255 0.000584 2
863 171 934 196 0.000583 2
384 177 445 205 0.000581 2
1069 186 1161 238 0.000535 2
1213 192 1231 225 0.000530 2
1256 250 1279 269 0.000519 2
1103 162 1152 187 0.000515 2
1038 191 1073 219 0.000497 2
1247 167 1261 181 0.000476 2
319 209 331 233 0.000475 2
1189 368 1231 422 0.000448 2
1264 366 1279 375 0.000433 2
586 162 603 186 0.000430 2
122 225 135 235 0.000356 2
1028 310 1110 333 0.000337 2
273 181 295 194 0.000334 2
296 185 394 205 0.000294 2
433 197 452 208 0.000268 2
185 174 238 224 0.000266 2
436 204 451 219 0.000250 2
354 198 385 228 0.000249 2
887 202 1216 364 0.000233 2
786 329 847 367 0.000217 2
1197 354 1265 390 0.000186 2
111 222 156 248 0.000180 2
724 318 745 336 0.000163 2
416 208 452 233 0.000155 2
1181 383 1206 408 0.000151 2
152 181 192 205 0.000141 2
521 147 546 176 0.000141 2
523 182 746 241 0.000115 2
1046 183 1063 198 0.000114 2
1137 339 1169 360 0.000114 2
813 329 921 351 0.000108 2
169 168 202 181 0.000105 2
1058 213 1094 256 0.011312 3
1000 230 1036 252 0.002892 3
936 208 1018 283 0.000109 3
804 137 946 238 0.047377 5
449 151 523 180 0.023219 5
808 159 859 202 0.017716 5
829 135 900 168 0.008759 5
1216 168 1279 227 0.003812 5
1101 162 1152 187 0.000694 5
371 64 448 205 0.000256 6
802 159 857 213 0.091336 7
585 182 653 218 0.073460 7
520 159 580 201 0.055520 7
1007 196 1052 229 0.055217 7
694 153 806 235 0.032153 7
1137 218 1191 247 0.028302 7
450 150 523 181 0.026420 7
669 185 729 233 0.025927 7
863 177 952 216 0.017732 7
449 156 490 173 0.003939 7
1214 173 1279 233 0.003628 7
1062 191 1199 252 0.002366 7
1153 183 1189 217 0.002188 7
1100 163 1153 208 0.000830 7
298 194 393 315 0.000460 7
1004 146 1105 234 0.000324 7
636 164 660 207 0.000304 7
510 177 689 287 0.000242 7
811 138 1071 252 0.000235 7
333 177 534 256 0.000234 7
383 182 452 206 0.000209 7
248 173 328 225 0.000124 7
535 64 719 223 0.000120 7
1254 164 1279 195 0.000114 7
410 205 452 269 0.000105 7
1089 151 1103 178 0.326246 9
513 150 524 177 0.131444 9
1004 137 1014 174 0.059682 9
1001 164 1009 179 0.020797 9
1015 146 1024 170 0.018283 9
1051 109 1084 146 0.013767 9
173 64 202 91 0.008640 9
693 180 702 205 0.008635 9
1014 134 1025 153 0.007960 9
896 163 904 177 0.006328 9
679 65 694 120 0.004925 9
701 107 717 128 0.004803 9
596 120 605 143 0.004770 9
994 139 1001 163 0.004548 9
697 122 706 153 0.004163 9
705 154 713 173 0.003247 9
697 72 707 119 0.003001 9
119 64 163 77 0.002591 9
1213 190 1224 209 0.002538 9
586 117 599 143 0.002367 9
895 138 925 168 0.002275 9
982 140 993 159 0.002190 9
1212 168 1225 191 0.002170 9
836 145 856 164 0.001949 9
665 182 671 211 0.001919 9
852 115 865 137 0.001769 9
1183 163 1201 191 0.001742 9
663 171 671 188 0.001648 9
891 153 906 169 0.001554 9
689 169 700 181 0.001468 9
314 152 344 198 0.001449 9
695 151 706 175 0.001446 9
1120 164 1154 185 0.001238 9
595 64 627 93 0.001229 9
259 142 269 159 0.001219 9
835 119 853 135 0.001175 9
581 64 596 93 0.001084 9
1226 166 1248 181 0.001006 9
704 125 718 156 0.001004 9
831 135 900 167 0.000932 9
879 154 896 173 0.000877 9
680 172 689 195 0.000847 9
700 173 713 183 0.000841 9
595 115 626 167 0.000829 9
801 151 808 159 0.000734 9
807 148 813 159 0.000720 9
1126 186 1142 212 0.000720 9
1089 177 1097 196 0.000710 9
162 64 174 76 0.000680 9
586 166 598 185 0.000649 9
1001 181 1009 196 0.000635 9
705 82 720 118 0.000599 9
1000 129 1007 137 0.000578 9
680 122 691 156 0.000507 9
868 123 880 137 0.000506 9
638 89 657 104 0.000465 9
624 118 637 155 0.000450 9
804 158 859 211 0.000436 9
709 144 718 166 0.000434 9
1097 129 1109 150 0.000423 9
638 164 660 203 0.000394 9
718 116 729 130 0.000386 9
1154 164 1168 184 0.000376 9
183 144 199 168 0.000347 9
649 120 660 147 0.000309 9
814 148 824 160 0.000290 9
687 119 708 130 0.000276 9
726 95 739 114 0.000261 9
0 146 6 201 0.000255 9
545 141 551 156 0.000248 9
244 110 266 129 0.000231 9
108 149 127 168 0.000224 9
877 127 891 139 0.000222 9
909 137 937 151 0.000213 9
96 177 105 202 0.000201 9
624 64 639 92 0.000200 9
1109 151 1120 168 0.000200 9
605 152 628 175 0.000200 9
170 142 181 170 0.000192 9
582 75 605 146 0.000192 9
322 91 332 123 0.000190 9
414 64 433 142 0.000180 9
566 143 576 160 0.000177 9
659 168 700 211 0.000171 9
1151 184 1182 209 0.000163 9
800 149 811 207 0.000154 9
639 120 648 144 0.000153 9
683 120 713 187 0.000152 9
865 64 872 72 0.000149 9
820 115 843 131 0.000145 9
835 77 849 93 0.000144 9
1070 140 1098 199 0.000141 9
1044 183 1061 199 0.000138 9
697 73 741 149 0.000136 9
209 66 231 86 0.000133 9
719 148 727 159 0.000133 9
648 146 657 163 0.000125 9
256 82 266 97 0.000124 9
656 66 665 91 0.000118 9
709 79 721 91 0.000115 9
725 110 736 131 0.000112 9
1262 64 1279 74 0.000108 9
338 64 363 111 0.000108 9
1198 132 1214 191 0.000108 9
635 99 658 123 0.000107 9
699 64 714 85 0.000106 9
571 121 600 177 0.000105 9
544 112 551 135 0.000105 9
715 128 734 155 0.000104 9
324 110 367 163 0.118081 11
1051 109 1084 147 0.073077 11
1182 190 1200 215 0.037420 11
891 137 937 155 0.000900 11
415 64 436 121 0.000785 11
1223 164 1253 198 0.000342 11
352 127 366 159 0.000154 11
1017 106 1087 216 0.000103 11
