501 185 526 262 0.658318 0
1001 193 1026 258 0.561305 0
785 201 831 281 0.461392 0
1020 200 1039 255 0.400451 0
691 184 721 239 0.330394 0
772 190 796 254 0.291288 0
106 417 178 611 0.083664 0
306 185 325 199 0.046077 0
212 192 224 225 0.045279 0
555 172 569 198 0.043977 0
1189 214 1205 245 0.038921 0
645 199 654 215 0.038615 0
922 204 946 253 0.038003 0
1032 197 1054 256 0.036321 0
385 198 396 206 0.034961 0
1011 187 1025 217 0.028629 0
903 659 921 696 0.027935 0
863 660 889 696 0.024599 0
633 202 646 218 0.024319 0
1217 194 1228 230 0.023851 0
963 372 980 391 0.022420 0
331 186 343 198 0.018412 0
1000 187 1010 214 0.018068 0
1181 162 1203 217 0.017194 0
865 207 877 237 0.015981 0
802 175 815 211 0.015962 0
522 181 536 200 0.014936 0
946 274 960 302 0.014816 0
1235 195 1250 231 0.013931 0
776 186 790 212 0.013556 0
571 182 581 203 0.012969 0
935 204 946 225 0.012537 0
542 188 550 202 0.012058 0
1119 312 1129 336 0.011139 0
808 202 826 238 0.009217 0
491 184 510 209 0.009112 0
1114 221 1132 252 0.008967 0
1163 233 1175 248 0.008941 0
669 209 679 232 0.008066 0
878 200 901 242 0.007766 0
136 433 177 493 0.006213 0
519 196 529 246 0.006014 0
469 189 480 208 0.005930 0
1273 200 1279 239 0.005605 0
351 187 366 199 0.005549 0
375 181 394 203 0.005272 0
1210 219 1226 249 0.005134 0
626 177 641 201 0.004692 0
992 206 1003 224 0.004573 0
1088 551 1138 594 0.004539 0
865 405 903 450 0.004469 0
608 148 626 167 0.004101 0
973 208 985 225 0.003999 0
267 380 308 414 0.003741 0
398 183 409 205 0.003375 0
237 194 255 217 0.003202 0
699 173 713 199 0.002959 0
1176 225 1188 249 0.002887 0
679 180 697 220 0.002777 0
606 173 614 183 0.002701 0
1226 203 1240 231 0.002461 0
666 189 672 218 0.002330 0
222 186 231 216 0.002152 0
908 640 952 694 0.002071 0
407 179 419 204 0.002028 0
1205 409 1215 422 0.001989 0
1224 191 1264 263 0.001931 0
1026 553 1050 590 0.001914 0
1209 168 1220 207 0.001894 0
513 147 524 175 0.001884 0
737 201 745 214 0.001590 0
231 206 248 239 0.001584 0
1157 531 1169 560 0.001414 0
1158 513 1168 538 0.001349 0
296 361 339 418 0.001344 0
342 285 373 308 0.001342 0
365 166 375 188 0.001326 0
199 204 210 219 0.001313 0
868 634 922 703 0.001169 0
897 199 916 244 0.001167 0
635 177 650 213 0.001142 0
1188 384 1217 420 0.001140 0
832 655 869 702 0.001127 0
463 224 478 272 0.001063 0
603 168 629 206 0.001060 0
323 167 349 199 0.001045 0
774 655 798 703 0.001028 0
215 185 225 200 0.000995 0
454 189 480 235 0.000981 0
1098 631 1154 704 0.000931 0
729 639 756 701 0.000841 0
586 173 595 186 0.000824 0
361 187 377 201 0.000791 0
1047 553 1077 593 0.000767 0
848 201 864 235 0.000712 0
176 188 182 205 0.000706 0
1040 182 1050 199 0.000703 0
637 161 648 188 0.000692 0
1063 204 1072 227 0.000642 0
1144 507 1152 520 0.000618 0
272 194 281 220 0.000613 0
217 251 226 264 0.000610 0
114 428 146 514 0.000593 0
848 180 858 197 0.000586 0
157 204 169 225 0.000559 0
1141 488 1163 560 0.000537 0
1127 276 1166 343 0.000475 0
681 170 690 193 0.000465 0
135 464 151 496 0.000462 0
1050 107 1083 232 0.000443 0
266 216 279 233 0.000419 0
320 206 351 258 0.000411 0
318 199 330 226 0.000373 0
1095 197 1103 209 0.000371 0
0 143 7 204 0.000346 0
1150 443 1169 476 0.000326 0
1175 345 1203 404 0.000324 0
959 616 968 628 0.000320 0
354 205 378 231 0.000298 0
22 230 41 253 0.000294 0
164 199 190 218 0.000290 0
1204 502 1217 513 0.000263 0
1070 577 1149 624 0.000256 0
150 440 307 686 0.000239 0
321 247 330 277 0.000233 0
414 250 422 270 0.000231 0
632 442 688 472 0.000215 0
164 425 225 480 0.000213 0
194 187 201 211 0.000212 0
365 343 404 429 0.000211 0
199 338 357 451 0.000188 0
1047 228 1077 295 0.000172 0
789 330 818 366 0.000165 0
735 674 746 702 0.000165 0
305 183 378 209 0.000162 0
1224 346 1266 400 0.000149 0
895 691 957 703 0.000147 0
847 161 924 236 0.000144 0
747 665 773 703 0.000144 0
95 178 107 204 0.000143 0
1148 552 1171 610 0.000140 0
718 695 731 703 0.000136 0
978 185 1007 221 0.000134 0
818 329 847 352 0.000129 0
354 217 372 282 0.000129 0
1148 493 1160 506 0.000127 0
1189 496 1199 507 0.000122 0
1015 583 1034 596 0.000121 0
85 224 94 235 0.000116 0
855 408 880 430 0.000114 0
638 693 667 703 0.000108 0
424 294 446 310 0.000104 0
742 267 774 327 0.000102 0
669 209 728 258 0.733830 1
769 238 846 289 0.322657 1
770 254 796 281 0.166433 1
974 221 1019 269 0.142553 1
546 200 569 217 0.140073 1
774 222 795 264 0.051903 1
928 274 960 307 0.036711 1
534 203 551 218 0.033442 1
740 203 771 233 0.030239 1
669 231 690 256 0.028369 1
1102 279 1187 362 0.028033 1
820 264 860 312 0.027338 1
1015 223 1037 258 0.026003 1
669 209 681 233 0.025772 1
1142 309 1172 352 0.020925 1
767 213 780 235 0.020335 1
1031 251 1054 265 0.019688 1
561 196 579 216 0.018360 1
1181 162 1203 217 0.018339 1
632 201 652 219 0.016742 1
716 212 728 234 0.016682 1
866 252 961 303 0.012739 1
961 372 982 394 0.011299 1
1188 211 1205 246 0.010635 1
1033 224 1071 265 0.010053 1
834 219 880 243 0.008909 1
869 200 903 245 0.006909 1
886 263 914 295 0.004881 1
1140 341 1188 361 0.004850 1
521 235 536 247 0.004436 1
816 236 836 267 0.003772 1
1105 311 1129 342 0.003275 1
978 203 995 226 0.003101 1
760 267 779 281 0.003066 1
1056 220 1093 247 0.002983 1
674 199 698 233 0.002836 1
869 252 896 285 0.002626 1
736 201 746 221 0.002589 1
912 269 930 300 0.002451 1
641 201 682 230 0.002009 1
912 208 1003 256 0.001904 1
831 210 937 266 0.001627 1
646 198 663 216 0.001594 1
702 205 796 250 0.001564 1
546 247 956 386 0.001075 1
1022 309 1133 350 0.001046 1
838 249 876 285 0.001026 1
899 213 912 245 0.000954 1
999 381 1027 401 0.000943 1
1177 344 1196 362 0.000943 1
752 265 791 300 0.000935 1
999 253 1064 294 0.000874 1
1142 340 1221 416 0.000648 1
822 229 854 247 0.000647 1
1196 203 1224 234 0.000640 1
652 248 1030 408 0.000488 1
690 225 703 273 0.000461 1
1112 168 1205 248 0.000450 1
842 275 900 314 0.000429 1
8 228 43 260 0.000404 1
1042 275 1061 295 0.000383 1
1027 277 1043 295 0.000370 1
1172 212 1190 223 0.000328 1
162 553 284 688 0.000326 1
712 304 768 332 0.000299 1
1246 347 1269 382 0.000293 1
533 197 743 241 0.000237 1
1074 329 1104 357 0.000238 1
664 262 792 332 0.000229 1
902 271 962 397 0.000229 1
521 197 546 246 0.000208 1
894 283 911 304 0.000206 1
932 363 986 414 0.000165 1
927 213 1230 310 0.000163 1
586 232 730 277 0.000158 1
472 197 507 222 0.000117 1
107 288 638 695 0.148906 2
865 177 954 236 0.058496 2
523 182 536 197 0.056600 2
480 175 495 199 0.055815 2
483 170 537 201 0.043823 2
632 434 710 473 0.040635 2
586 184 647 217 0.024655 2
832 225 854 242 0.022646 2
549 172 579 200 0.018847 2
1255 197 1279 227 0.018358 2
448 154 522 180 0.016132 2
487 188 509 216 0.013725 2
467 187 480 204 0.013171 2
1067 215 1122 240 0.012454 2
1136 231 1174 249 0.012280 2
1019 217 1060 253 0.008472 2
920 191 956 211 0.008061 2
192 226 228 252 0.007467 2
1102 231 1121 251 0.007433 2
396 199 409 206 0.007178 2
543 160 580 180 0.006868 2
306 182 324 198 0.006577 2
1247 235 1279 268 0.005726 2
971 216 999 253 0.005070 2
1011 184 1034 203 0.004709 2
1263 170 1279 181 0.004117 2
453 203 465 217 0.004050 2
973 206 984 223 0.003927 2
1049 215 1071 242 0.003893 2
826 329 847 344 0.003607 2
1237 195 1257 231 0.003594 2
1116 220 1130 237 0.003429 2
158 205 198 221 0.003412 2
1186 233 1225 263 0.003260 2
449 156 489 171 0.003219 2
647 695 666 703 0.002963 2
1272 208 1279 261 0.002947 2
878 199 899 235 0.002785 2
474 191 603 271 0.002700 2
1252 170 1279 209 0.002673 2
443 179 480 214 0.002582 2
356 217 370 228 0.002514 2
645 692 718 703 0.002453 2
325 234 352 254 0.002451 2
933 199 958 245 0.002417 2
510 151 524 175 0.002273 2
319 215 331 232 0.002062 2
1070 205 1101 224 0.001804 2
521 168 562 196 0.001594 2
1253 214 1266 232 0.001573 2
1204 231 1221 247 0.001525 2
433 172 446 200 0.001502 2
105 507 147 589 0.001421 2
1208 369 1227 397 0.001361 2
786 210 878 245 0.001331 2
709 302 769 332 0.001319 2
1175 344 1276 418 0.001219 2
538 188 566 218 0.001204 2
77 235 116 256 0.001173 2
22 226 73 254 0.001140 2
363 195 394 206 0.001076 2
776 536 800 544 0.001014 2
977 201 998 225 0.000990 2
880 218 942 255 0.000975 2
993 437 1017 446 0.000938 2
113 223 136 236 0.000900 2
1187 204 1279 266 0.000868 2
463 250 479 271 0.000854 2
437 205 452 219 0.000838 2
1072 196 1094 210 0.000837 2
354 198 384 228 0.000766 2
801 179 850 223 0.000713 2
1241 170 1264 184 0.000690 2
432 197 459 211 0.000671 2
296 191 392 209 0.000665 2
959 200 976 210 0.000617 2
633 458 659 473 0.000574 2
388 178 439 205 0.000541 2
1251 347 1279 372 0.000530 2
441 164 466 181 0.000493 2
1043 196 1075 226 0.000482 2
643 188 665 217 0.000476 2
517 148 562 178 0.000461 2
120 236 162 255 0.000450 2
1117 215 1183 239 0.000450 2
1187 381 1225 419 0.000414 2
316 198 392 303 0.000396 2
95 200 110 207 0.000391 2
830 163 858 180 0.000349 2
575 277 594 294 0.000343 2
791 329 848 362 0.000331 2
531 246 601 267 0.000330 2
1082 187 1096 203 0.000299 2
1262 363 1279 385 0.000272 2
646 166 663 196 0.000250 2
1094 186 1120 207 0.000233 2
210 285 430 325 0.000229 2
1044 551 1136 595 0.000214 2
272 182 294 193 0.000202 2
972 190 1095 260 0.000200 2
703 184 729 207 0.000199 2
1045 554 1172 703 0.000197 2
37 432 118 454 0.000188 2
910 175 949 200 0.000179 2
3 418 180 576 0.000176 2
159 188 181 205 0.000172 2
658 167 699 201 0.000170 2
162 232 209 262 0.000166 2
212 237 246 262 0.000164 2
103 250 154 266 0.000156 2
414 292 769 360 0.000155 2
416 208 452 233 0.000154 2
297 199 332 262 0.000151 2
240 194 256 214 0.000148 2
1213 497 1234 509 0.000148 2
279 176 317 198 0.000143 2
966 188 984 205 0.000135 2
1150 182 1201 221 0.000128 2
50 226 183 260 0.000127 2
625 430 912 496 0.000127 2
68 224 95 237 0.000125 2
34 402 141 431 0.000123 2
452 284 604 300 0.000123 2
829 136 904 152 0.000122 2
1048 184 1064 200 0.000122 2
1147 493 1170 552 0.000121 2
165 432 215 479 0.000120 2
119 399 140 408 0.000117 2
311 163 365 199 0.000115 2
1248 481 1276 489 0.000112 2
1120 520 1133 526 0.000111 2
352 293 442 309 0.000108 2
1021 308 1097 334 0.000107 2
106 464 272 646 0.000107 2
586 161 607 186 0.000104 2
332 185 357 242 0.000104 2
464 125 532 156 0.000103 2
205 246 223 263 0.000102 2
105 406 287 690 0.006385 3
831 135 935 176 0.023425 5
810 159 858 186 0.004250 5
321 291 925 490 0.348956 6
105 289 638 694 0.137958 6
641 289 1188 703 0.119513 6
68 196 620 365 0.000287 6
391 212 901 333 0.000201 6
106 287 638 695 0.150246 7
805 171 950 239 0.138741 7
719 152 859 233 0.045275 7
450 151 523 186 0.024142 7
1102 184 1188 248 0.021682 7
515 156 582 200 0.009515 7
327 201 460 300 0.009330 7
1189 165 1279 229 0.004486 7
810 160 858 185 0.004192 7
1066 207 1131 241 0.003168 7
132 201 633 340 0.001371 7
1102 163 1155 185 0.000693 7
667 186 734 242 0.000258 7
575 163 672 219 0.000171 7
108 452 282 657 0.000160 7
923 162 993 207 0.000156 7
376 160 417 204 0.000114 7
455 125 533 148 0.000110 7
1088 150 1102 178 0.402837 9
513 150 523 173 0.104195 9
1215 192 1227 219 0.042730 9
1005 135 1015 171 0.028345 9
1051 109 1084 147 0.022364 9
1235 196 1248 231 0.016073 9
168 64 203 91 0.008020 9
335 165 352 199 0.006284 9
895 155 906 172 0.006185 9
1014 135 1024 153 0.006134 9
315 152 343 196 0.005176 9
259 143 269 159 0.005059 9
1016 153 1024 170 0.004422 9
1208 169 1218 199 0.004368 9
119 64 162 76 0.003938 9
595 123 605 145 0.003471 9
595 142 626 164 0.003255 9
878 155 893 174 0.003156 9
366 165 375 187 0.003054 9
1111 164 1152 186 0.002922 9
374 165 381 184 0.002547 9
449 159 464 171 0.002466 9
862 165 869 179 0.001855 9
1110 192 1120 205 0.001706 9
1226 161 1249 182 0.001661 9
1002 168 1008 177 0.001637 9
1191 384 1205 405 0.001606 9
586 117 599 141 0.001495 9
852 116 865 137 0.001413 9
1096 175 1104 198 0.001316 9
1154 163 1167 183 0.001301 9
998 133 1008 172 0.001252 9
239 174 246 191 0.001228 9
1217 164 1235 208 0.001109 9
891 137 938 175 0.001086 9
833 137 861 165 0.001053 9
844 142 900 175 0.000897 9
595 64 625 93 0.000850 9
1080 167 1092 185 0.000833 9
595 116 626 150 0.000791 9
581 64 596 94 0.000761 9
837 116 854 135 0.000727 9
1183 161 1201 189 0.000724 9
683 66 696 120 0.000718 9
697 66 706 121 0.000662 9
352 156 362 195 0.000651 9
184 144 199 168 0.000642 9
163 64 174 76 0.000611 9
681 162 690 187 0.000587 9
694 119 709 153 0.000585 9
832 122 843 134 0.000580 9
999 130 1006 136 0.000577 9
664 171 671 188 0.000566 9
696 151 705 175 0.000550 9
589 175 599 185 0.000543 9
170 142 181 171 0.000479 9
832 150 844 163 0.000462 9
545 141 552 156 0.000460 9
684 169 701 198 0.000456 9
704 155 712 174 0.000442 9
0 144 6 203 0.000431 9
742 151 752 161 0.000413 9
1085 175 1098 198 0.000401 9
993 141 1001 163 0.000396 9
637 83 658 106 0.000383 9
701 119 712 129 0.000380 9
1096 154 1115 206 0.000366 9
1097 129 1109 152 0.000334 9
429 222 439 231 0.000316 9
1050 182 1063 198 0.000310 9
568 149 578 162 0.000302 9
640 162 660 194 0.000288 9
870 121 880 137 0.000288 9
109 148 127 167 0.000274 9
870 405 903 444 0.000268 9
322 98 329 117 0.000267 9
717 151 729 158 0.000263 9
807 164 858 208 0.000256 9
624 64 640 92 0.000251 9
420 216 442 247 0.000249 9
1067 139 1098 204 0.000240 9
415 64 434 127 0.000238 9
623 131 633 151 0.000234 9
808 150 814 159 0.000225 9
98 173 110 183 0.000218 9
521 134 544 174 0.000215 9
335 64 363 111 0.000197 9
221 107 269 130 0.000197 9
974 190 982 202 0.000189 9
230 124 268 151 0.000180 9
680 121 691 174 0.000177 9
1048 165 1056 179 0.000173 9
648 119 660 150 0.000170 9
700 64 714 85 0.000168 9
512 135 527 152 0.000166 9
577 86 585 107 0.000150 9
846 160 871 207 0.000149 9
715 136 739 157 0.000146 9
1017 149 1041 167 0.000142 9
800 150 810 159 0.000135 9
247 177 258 192 0.000134 9
209 67 221 86 0.000124 9
449 150 491 172 0.000121 9
638 117 652 164 0.000119 9
726 96 738 114 0.000102 9
324 110 366 163 0.101606 11
1051 108 1083 147 0.050104 11
1181 190 1200 215 0.026743 11
415 64 434 119 0.000752 11
582 64 633 95 0.000304 11
352 127 365 158 0.000125 11
