705 195 737 273 0.765779 0
1027 199 1072 323 0.569389 0
1121 212 1137 247 0.304803 0
911 187 943 263 0.152216 0
527 195 560 246 0.087815 0
1102 195 1115 221 0.060546 0
555 172 569 199 0.053458 0
991 210 997 224 0.039249 0
692 184 705 232 0.032930 0
522 182 536 200 0.032426 0
645 199 654 214 0.030031 0
1102 215 1115 249 0.027682 0
214 194 224 226 0.026252 0
1133 212 1145 233 0.023586 0
670 209 681 233 0.021407 0
865 207 876 235 0.020943 0
386 197 395 206 0.019353 0
1213 197 1226 225 0.018671 0
1115 207 1127 224 0.017986 0
245 207 261 240 0.016154 0
573 181 581 200 0.015079 0
518 196 531 238 0.014714 0
306 184 325 198 0.014320 0
633 202 645 217 0.014285 0
948 273 960 299 0.013228 0
519 192 527 207 0.012007 0
1165 234 1175 247 0.011960 0
1037 199 1058 222 0.011507 0
785 197 793 214 0.009670 0
973 209 983 223 0.009293 0
513 194 520 209 0.007287 0
738 201 745 213 0.006243 0
997 206 1006 220 0.006008 0
539 189 550 201 0.005815 0
1178 232 1188 247 0.005722 0
1194 384 1205 402 0.005199 0
864 441 876 455 0.004796 0
1110 193 1119 210 0.004756 0
222 185 231 205 0.004399 0
1002 238 1026 255 0.004326 0
1206 368 1227 415 0.004183 0
1000 193 1007 213 0.003950 0
1218 214 1229 233 0.003830 0
374 171 391 203 0.003695 0
919 183 938 206 0.003621 0
1055 487 1066 497 0.003572 0
666 187 672 230 0.003268 0
890 202 904 239 0.003075 0
704 226 715 271 0.003050 0
1071 482 1080 493 0.002390 0
1273 207 1279 255 0.002253 0
653 201 662 216 0.002222 0
873 203 893 235 0.002104 0
1203 408 1215 421 0.002080 0
1053 224 1068 258 0.002064 0
397 185 409 205 0.002007 0
587 171 594 185 0.001877 0
975 214 1023 247 0.001874 0
330 186 343 199 0.001778 0
408 178 419 205 0.001740 0
325 235 351 254 0.001540 0
880 155 895 174 0.001531 0
863 165 869 178 0.001416 0
352 188 363 199 0.001372 0
341 187 353 198 0.001318 0
1241 205 1248 232 0.001241 0
718 193 730 215 0.001223 0
638 161 652 206 0.001128 0
415 250 422 270 0.001068 0
574 300 594 371 0.001055 0
175 187 182 203 0.001037 0
86 221 94 235 0.000998 0
264 202 276 233 0.000992 0
466 197 482 217 0.000870 0
1055 202 1071 235 0.000850 0
901 202 912 240 0.000846 0
1025 222 1044 263 0.000764 0
679 180 693 218 0.000749 0
117 393 129 402 0.000577 0
320 232 357 323 0.000555 0
630 180 641 201 0.000545 0
354 205 377 231 0.000481 0
1090 197 1098 211 0.000477 0
1119 188 1133 218 0.000466 0
694 171 711 202 0.000455 0
847 201 864 239 0.000384 0
962 370 981 407 0.000358 0
769 197 794 234 0.000350 0
802 170 817 207 0.000349 0
453 199 480 250 0.000348 0
1247 202 1260 233 0.000341 0
408 250 415 272 0.000337 0
210 203 264 263 0.000289 0
1076 234 1096 267 0.000283 0
218 253 226 263 0.000257 0
0 375 17 398 0.000257 0
952 184 959 206 0.000248 0
1186 393 1215 421 0.000235 0
685 204 713 275 0.000219 0
654 542 719 611 0.000213 0
1039 185 1049 200 0.000209 0
262 195 272 211 0.000207 0
194 187 201 211 0.000187 0
577 278 592 295 0.000175 0
833 164 859 236 0.000175 0
321 240 330 276 0.000171 0
847 156 916 240 0.000166 0
859 147 887 176 0.000160 0
1272 407 1279 418 0.000147 0
856 217 875 268 0.000143 0
195 175 231 221 0.000128 0
1050 108 1084 221 0.000118 0
608 158 624 186 0.000118 0
0 152 7 203 0.000109 0
344 192 378 290 0.000109 0
384 196 412 216 0.000107 0
199 203 213 218 0.000103 0
1022 244 1103 337 0.716207 1
528 211 560 253 0.223080 1
919 210 944 262 0.110747 1
1108 229 1125 261 0.099662 1
1118 228 1163 257 0.041717 1
497 235 537 254 0.029899 1
1021 259 1048 301 0.025425 1
1143 309 1171 350 0.023122 1
1102 217 1115 253 0.021186 1
1181 183 1202 215 0.012139 1
1069 230 1090 249 0.010632 1
927 274 959 302 0.009939 1
689 207 706 234 0.006647 1
632 201 649 217 0.005958 1
535 198 559 217 0.004864 1
1190 214 1224 231 0.002368 1
480 243 602 282 0.002314 1
1011 236 1033 257 0.001431 1
1074 232 1118 264 0.001398 1
884 204 906 244 0.001385 1
964 371 986 393 0.001327 1
894 196 958 303 0.001089 1
674 203 695 230 0.000897 1
551 193 577 215 0.000852 1
1144 337 1195 359 0.000762 1
1078 288 1103 331 0.000685 1
1174 213 1187 223 0.000684 1
575 298 595 349 0.000684 1
902 202 918 244 0.000671 1
1065 249 1086 298 0.000618 1
1141 183 1200 238 0.000601 1
1172 219 1197 247 0.000528 1
1024 308 1061 334 0.000478 1
921 224 1233 450 0.000429 1
805 261 831 282 0.000403 1
864 245 909 287 0.000369 1
1091 307 1193 384 0.000277 1
893 262 906 286 0.000276 1
445 192 560 254 0.000254 1
532 258 599 400 0.000237 1
766 251 803 282 0.000205 1
896 279 932 314 0.000195 1
897 237 916 269 0.000184 1
789 329 847 361 0.000144 1
1167 344 1212 402 0.000140 1
1095 301 1114 331 0.000124 1
18 230 39 256 0.000123 1
180 228 241 259 0.000114 1
947 371 1029 428 0.000106 1
1099 225 1165 258 0.110284 2
1008 212 1025 226 0.046570 2
523 183 536 198 0.035245 2
1005 234 1028 253 0.027769 2
480 171 526 217 0.026611 2
1023 198 1044 224 0.024189 2
481 174 494 194 0.023696 2
826 329 846 343 0.021649 2
593 201 653 217 0.018996 2
633 201 646 216 0.014127 2
1068 223 1112 253 0.013697 2
465 186 480 203 0.011489 2
1144 228 1174 248 0.011019 2
1256 195 1276 227 0.010246 2
587 184 619 203 0.009822 2
543 160 580 201 0.008939 2
864 180 941 261 0.007534 2
449 156 521 177 0.006465 2
832 220 855 241 0.006379 2
1270 196 1279 219 0.005906 2
1120 488 1137 496 0.005456 2
396 199 409 206 0.004631 2
1069 215 1103 231 0.004456 2
495 195 516 214 0.004313 2
305 177 324 198 0.004273 2
1104 486 1126 496 0.003518 2
1191 214 1224 231 0.003459 2
938 200 953 209 0.003101 2
975 216 1027 250 0.002965 2
449 157 489 175 0.002662 2
293 176 310 198 0.002096 2
916 202 980 255 0.001879 2
433 172 446 195 0.001828 2
701 302 768 334 0.001694 2
645 198 664 215 0.001407 2
477 197 489 217 0.001276 2
1259 169 1279 184 0.001072 2
1210 369 1226 389 0.000994 2
1086 207 1100 223 0.000928 2
123 224 135 235 0.000880 2
326 235 352 255 0.000833 2
721 198 735 219 0.000796 2
738 201 749 214 0.000739 2
353 188 370 200 0.000730 2
1130 209 1159 236 0.000719 2
868 177 936 198 0.000709 2
355 215 371 229 0.000687 2
353 195 389 222 0.000673 2
1271 230 1279 265 0.000667 2
319 210 331 233 0.000658 2
450 168 502 208 0.000627 2
965 206 982 221 0.000626 2
464 260 479 272 0.000610 2
192 393 213 400 0.000597 2
373 195 393 206 0.000476 2
1151 183 1196 218 0.000462 2
1242 197 1256 231 0.000458 2
574 275 605 342 0.000440 2
878 197 900 233 0.000436 2
398 175 446 205 0.000435 2
739 201 772 226 0.000418 2
1026 198 1128 270 0.000410 2
1072 198 1093 210 0.000401 2
1186 226 1228 256 0.000389 2
1224 216 1239 232 0.000379 2
664 185 695 231 0.000360 2
381 181 407 206 0.000359 2
802 206 833 239 0.000348 2
1258 254 1279 270 0.000339 2
431 191 446 206 0.000332 2
1196 367 1229 422 0.000321 2
328 203 372 232 0.000314 2
616 179 640 202 0.000310 2
1230 170 1247 182 0.000254 2
223 214 253 239 0.000240 2
856 136 904 176 0.000236 2
112 222 124 237 0.000234 2
1264 366 1279 376 0.000212 2
1225 168 1270 223 0.000209 2
1078 191 1093 202 0.000179 2
408 201 431 205 0.000164 2
596 170 616 187 0.000164 2
1035 189 1063 222 0.000163 2
199 224 244 257 0.000160 2
916 187 953 210 0.000155 2
95 200 111 206 0.000154 2
19 225 63 241 0.000151 2
968 237 1277 368 0.000143 2
416 203 453 241 0.000137 2
788 328 847 366 0.000116 2
1261 348 1279 361 0.000113 2
273 181 295 193 0.000113 2
218 251 241 264 0.000106 2
1164 330 1278 421 0.000101 2
801 136 940 243 0.278997 5
542 158 581 202 0.048602 5
449 152 523 181 0.011211 5
829 135 900 168 0.004033 5
1255 170 1279 210 0.000828 5
585 180 633 217 0.000730 5
494 168 675 222 0.000374 5
298 199 387 323 0.000201 5
549 160 918 224 0.000140 6
801 137 939 242 0.447770 7
542 159 581 201 0.047555 7
480 172 525 217 0.021842 7
802 183 854 239 0.014545 7
717 153 806 234 0.014095 7
443 152 519 184 0.006643 7
510 176 551 201 0.005649 7
808 159 858 189 0.002131 7
1181 166 1279 259 0.001972 7
827 135 906 174 0.001780 7
1253 170 1279 228 0.001297 7
1003 190 1048 225 0.001026 7
586 181 653 218 0.000976 7
933 205 978 251 0.000801 7
877 197 902 235 0.000781 7
1091 184 1192 255 0.000727 7
1153 183 1185 220 0.000558 7
311 198 392 332 0.000551 7
466 198 561 256 0.000518 7
1102 163 1155 185 0.000515 7
391 182 478 206 0.000181 7
848 160 869 239 0.000169 7
660 168 709 227 0.000151 7
585 152 955 354 0.000101 7
1089 150 1102 177 0.469246 9
513 150 524 179 0.237806 9
452 199 468 251 0.045706 9
312 147 351 199 0.024895 9
1005 136 1015 173 0.020902 9
450 159 464 170 0.015321 9
693 179 702 203 0.014134 9
895 156 905 173 0.011067 9
372 166 381 185 0.010294 9
1212 192 1225 215 0.008299 9
1002 169 1009 181 0.006787 9
596 118 606 146 0.005746 9
169 64 203 91 0.005551 9
637 161 649 185 0.004520 9
1154 162 1168 184 0.003649 9
648 163 659 183 0.003265 9
517 177 535 199 0.003104 9
1208 170 1216 187 0.003101 9
598 116 626 162 0.002944 9
1188 163 1201 186 0.002912 9
595 64 624 93 0.002892 9
1050 109 1084 147 0.002501 9
589 174 598 185 0.002471 9
1001 175 1008 197 0.002429 9
665 181 671 199 0.002393 9
1136 164 1154 185 0.002322 9
586 118 598 143 0.002203 9
450 181 481 216 0.002200 9
1015 154 1023 170 0.002183 9
893 137 938 175 0.002074 9
119 64 162 77 0.002073 9
448 157 491 180 0.001904 9
637 123 652 163 0.001879 9
1096 177 1104 194 0.001866 9
697 122 706 152 0.001825 9
1015 135 1025 146 0.001735 9
586 168 593 184 0.001658 9
259 143 269 159 0.001657 9
701 172 712 185 0.001652 9
693 170 702 182 0.001620 9
651 179 661 203 0.001609 9
835 77 850 93 0.001534 9
702 116 715 129 0.001448 9
609 152 625 165 0.001418 9
356 218 370 230 0.001399 9
851 116 865 137 0.001369 9
1211 168 1225 200 0.001242 9
581 64 596 93 0.001229 9
834 138 860 165 0.001229 9
110 149 127 166 0.001200 9
1089 182 1098 194 0.001190 9
1098 165 1111 185 0.001172 9
1097 131 1108 148 0.001029 9
705 156 713 174 0.001010 9
1081 171 1091 185 0.001002 9
361 165 375 189 0.000996 9
240 177 246 190 0.000935 9
649 124 659 161 0.000903 9
1089 190 1095 201 0.000890 9
838 117 852 135 0.000888 9
521 169 539 179 0.000873 9
662 169 671 189 0.000825 9
463 226 477 251 0.000721 9
727 94 738 107 0.000678 9
680 178 689 212 0.000675 9
1197 164 1208 186 0.000668 9
1237 197 1251 231 0.000659 9
568 149 579 161 0.000643 9
606 174 616 185 0.000632 9
351 155 362 194 0.000619 9
489 150 525 205 0.000564 9
162 64 175 76 0.000564 9
680 160 692 187 0.000527 9
878 152 899 176 0.000481 9
624 119 636 154 0.000473 9
522 146 543 176 0.000465 9
698 82 717 128 0.000461 9
183 143 199 168 0.000449 9
1230 168 1247 180 0.000441 9
695 150 706 177 0.000429 9
993 143 1000 163 0.000424 9
96 178 105 202 0.000422 9
171 145 182 169 0.000410 9
679 64 696 120 0.000375 9
1103 151 1119 171 0.000367 9
434 165 467 197 0.000355 9
716 154 727 182 0.000343 9
624 64 644 92 0.000315 9
1123 185 1138 201 0.000309 9
993 168 1003 179 0.000307 9
682 120 702 154 0.000293 9
1224 191 1231 211 0.000288 9
828 162 858 180 0.000285 9
951 182 959 207 0.000248 9
319 204 330 231 0.000243 9
688 119 708 130 0.000225 9
832 124 843 134 0.000210 9
580 64 663 165 0.000206 9
639 84 659 104 0.000197 9
680 147 691 169 0.000188 9
256 83 266 97 0.000187 9
1221 165 1231 186 0.000186 9
319 200 361 254 0.000185 9
717 152 726 161 0.000183 9
544 141 551 156 0.000180 9
98 173 109 184 0.000174 9
415 64 437 128 0.000172 9
664 148 671 169 0.000163 9
566 124 599 173 0.000163 9
257 179 264 191 0.000161 9
990 180 1003 210 0.000159 9
463 251 478 271 0.000145 9
223 125 268 150 0.000138 9
254 112 265 129 0.000135 9
719 115 730 130 0.000128 9
340 64 364 111 0.000120 9
753 140 761 153 0.000114 9
660 167 700 201 0.000110 9
553 143 573 159 0.000107 9
805 166 837 189 0.000103 9
324 109 366 164 0.109196 11
1181 191 1199 214 0.041240 11
1050 109 1083 148 0.017809 11
320 199 356 254 0.000549 11
415 64 438 124 0.000250 11
900 137 939 153 0.000215 11
1225 167 1247 202 0.000171 11
352 127 366 158 0.000123 11
