638 201 671 285 0.813681 0
989 200 1012 253 0.387853 0
786 198 822 274 0.184830 0
804 185 818 220 0.121293 0
1120 312 1128 332 0.090539 0
715 211 727 234 0.071906 0
785 197 797 234 0.062297 0
633 202 642 218 0.059419 0
807 206 824 241 0.050672 0
213 194 224 227 0.044787 0
555 171 569 199 0.041996 0
865 207 874 235 0.040205 0
693 215 703 236 0.033354 0
948 273 960 298 0.030357 0
727 206 738 234 0.029284 0
922 205 945 254 0.029037 0
1106 229 1120 249 0.026572 0
260 200 274 243 0.024079 0
1204 408 1215 421 0.021583 0
797 204 810 238 0.020277 0
573 183 581 201 0.020048 0
307 185 324 198 0.018930 0
1166 237 1175 248 0.017242 0
668 208 679 231 0.015775 0
1039 208 1050 230 0.015635 0
692 184 702 219 0.013966 0
520 193 526 208 0.013499 0
385 196 395 206 0.013360 0
865 444 876 455 0.012277 0
641 198 655 217 0.011451 0
512 193 520 209 0.010970 0
1214 191 1225 218 0.010401 0
587 171 595 186 0.007569 0
545 203 556 218 0.007110 0
604 170 626 185 0.006473 0
844 206 871 237 0.006402 0
330 185 343 198 0.006214 0
737 202 743 216 0.005992 0
374 180 391 203 0.005857 0
1215 214 1227 233 0.005609 0
973 210 984 224 0.005353 0
963 372 981 399 0.005174 0
521 183 533 205 0.005164 0
221 183 231 220 0.005130 0
985 204 997 224 0.004942 0
338 186 353 198 0.004275 0
864 166 869 178 0.004104 0
368 166 376 187 0.004018 0
878 201 892 232 0.003838 0
848 200 857 219 0.003794 0
1182 241 1206 261 0.003552 0
889 203 904 244 0.002870 0
654 200 667 221 0.002746 0
352 188 361 198 0.002739 0
870 160 898 177 0.002725 0
398 186 412 205 0.002054 0
515 192 531 247 0.001984 0
680 206 694 222 0.001842 0
633 199 647 264 0.001774 0
1192 384 1204 401 0.001731 0
666 190 672 223 0.001430 0
582 176 603 214 0.001352 0
590 166 612 186 0.001272 0
561 191 581 216 0.001216 0
321 227 357 321 0.001176 0
1209 369 1225 393 0.001129 0
1216 408 1223 423 0.001018 0
431 177 444 204 0.000992 0
913 268 928 296 0.000988 0
242 199 264 239 0.000928 0
86 219 94 235 0.000892 0
1241 217 1247 230 0.000786 0
900 202 912 244 0.000779 0
638 183 649 202 0.000714 0
573 291 596 391 0.000645 0
1046 482 1054 491 0.000552 0
1104 309 1145 336 0.000494 0
325 234 352 255 0.000455 0
0 144 7 204 0.000434 0
354 204 377 230 0.000367 0
414 181 429 204 0.000361 0
200 200 216 222 0.000304 0
449 201 479 257 0.000295 0
172 186 184 209 0.000282 0
1143 309 1171 350 0.000240 0
186 175 229 227 0.000233 0
194 187 200 208 0.000228 0
319 204 330 224 0.000222 0
875 250 889 279 0.000221 0
950 182 960 206 0.000220 0
733 322 745 335 0.000207 0
260 190 272 210 0.000203 0
321 237 331 277 0.000203 0
358 146 375 190 0.000197 0
408 251 415 272 0.000192 0
414 250 421 269 0.000187 0
240 177 247 191 0.000184 0
599 338 611 355 0.000178 0
756 309 769 332 0.000174 0
579 277 592 292 0.000149 0
464 243 478 272 0.000146 0
924 272 968 322 0.000138 0
0 375 16 398 0.000135 0
1130 276 1139 298 0.000116 0
971 221 1029 263 0.223389 1
772 225 822 278 0.213955 1
806 246 834 282 0.017315 1
547 200 561 217 0.015284 1
533 203 552 218 0.012603 1
1010 216 1024 245 0.006591 1
1181 167 1203 215 0.003594 1
944 276 959 302 0.003489 1
561 200 579 215 0.003376 1
972 239 991 262 0.003018 1
1144 309 1171 348 0.002104 1
999 241 1036 258 0.001515 1
775 200 793 236 0.001165 1
931 283 947 304 0.001098 1
1206 169 1226 217 0.000666 1
867 246 911 285 0.000603 1
771 187 954 287 0.000587 1
678 252 901 351 0.000469 1
823 261 857 282 0.000453 1
575 300 595 347 0.000422 1
258 209 282 245 0.000405 1
913 269 930 313 0.000381 1
605 196 835 286 0.000296 1
896 286 914 311 0.000264 1
725 255 962 355 0.000212 1
914 272 986 300 0.000208 1
751 262 782 279 0.000206 1
1119 183 1202 247 0.000190 1
641 254 669 283 0.000175 1
847 266 856 281 0.000140 1
959 374 1027 399 0.000140 1
510 233 537 247 0.000130 1
888 215 1051 302 0.000116 1
727 263 828 289 0.000106 1
1104 487 1137 498 0.182854 2
825 329 847 343 0.092614 2
523 183 536 195 0.067190 2
1069 219 1118 243 0.053054 2
1023 210 1040 229 0.035793 2
480 173 519 217 0.034072 2
1138 235 1171 249 0.034017 2
823 218 855 241 0.030919 2
1051 218 1070 232 0.028309 2
585 184 622 216 0.022452 2
464 185 481 205 0.022282 2
993 196 1060 230 0.020260 2
1102 232 1120 249 0.020114 2
695 202 728 231 0.019024 2
449 156 489 171 0.018781 2
481 174 494 194 0.018718 2
1181 234 1218 252 0.017340 2
633 202 645 218 0.016538 2
1012 215 1025 230 0.016143 2
866 178 966 248 0.014656 2
1217 220 1227 233 0.011982 2
549 161 580 182 0.009122 2
397 198 412 206 0.008637 2
448 196 479 216 0.007148 2
1111 225 1138 247 0.006931 2
291 176 322 198 0.006722 2
1178 239 1191 249 0.006700 2
1040 228 1062 243 0.006662 2
1269 254 1279 267 0.005934 2
553 171 567 199 0.005772 2
1210 369 1224 387 0.005520 2
914 189 956 208 0.004571 2
1272 197 1279 226 0.004543 2
386 198 397 206 0.004391 2
1259 213 1271 226 0.004244 2
973 208 984 223 0.004150 2
678 212 698 232 0.003696 2
519 183 550 210 0.003639 2
936 199 954 208 0.003564 2
604 157 634 186 0.003514 2
1038 199 1051 230 0.003496 2
495 238 530 251 0.003373 2
433 172 445 194 0.003235 2
1260 170 1279 181 0.002819 2
971 216 985 237 0.002788 2
113 224 136 236 0.002749 2
1121 218 1225 251 0.002571 2
1238 243 1278 263 0.002493 2
744 202 771 233 0.002410 2
431 173 481 208 0.002152 2
1191 214 1230 232 0.002127 2
352 197 389 210 0.002069 2
1263 367 1279 379 0.002065 2
1252 198 1270 218 0.002061 2
920 199 949 250 0.002036 2
463 252 479 271 0.001945 2
353 190 373 200 0.001915 2
1269 193 1279 204 0.001899 2
1192 384 1205 401 0.001811 2
355 216 370 229 0.001803 2
564 171 583 201 0.001800 2
522 170 548 182 0.001787 2
1213 248 1225 257 0.001744 2
326 235 351 254 0.001664 2
616 188 653 218 0.001619 2
1006 223 1040 252 0.001582 2
17 225 68 252 0.001469 2
1071 207 1112 224 0.001451 2
447 162 465 182 0.001287 2
1225 221 1238 230 0.001247 2
860 176 933 194 0.001228 2
1245 481 1265 486 0.001224 2
1274 234 1279 253 0.001186 2
1260 181 1279 210 0.001092 2
1127 214 1189 223 0.001026 2
611 176 634 199 0.001012 2
319 209 331 232 0.000952 2
1231 171 1247 182 0.000947 2
1243 197 1256 230 0.000939 2
379 181 407 206 0.000896 2
586 162 606 186 0.000839 2
413 201 433 205 0.000819 2
1026 244 1039 258 0.000810 2
1055 229 1094 256 0.000790 2
831 139 901 171 0.000767 2
326 198 371 248 0.000736 2
1223 179 1279 231 0.000647 2
514 176 524 192 0.000636 2
1176 214 1187 222 0.000611 2
876 198 909 236 0.000610 2
430 195 449 206 0.000590 2
1022 307 1083 333 0.000577 2
1177 253 1279 273 0.000492 2
208 239 229 254 0.000458 2
1238 167 1266 181 0.000447 2
1145 333 1176 353 0.000436 2
944 206 980 221 0.000428 2
434 203 453 218 0.000417 2
1202 405 1217 421 0.000391 2
1205 225 1273 254 0.000333 2
1075 197 1095 210 0.000323 2
501 148 525 176 0.000318 2
167 223 231 254 0.000316 2
853 439 878 456 0.000309 2
274 182 294 193 0.000308 2
574 277 604 337 0.000307 2
411 177 426 203 0.000260 2
77 236 115 256 0.000245 2
521 148 546 175 0.000221 2
107 233 158 256 0.000196 2
1100 192 1120 207 0.000192 2
992 457 1006 464 0.000183 2
308 156 371 199 0.000171 2
819 329 921 348 0.000169 2
62 225 93 237 0.000147 2
1157 184 1199 216 0.000145 2
1061 197 1074 221 0.000139 2
999 381 1029 399 0.000139 2
1194 362 1279 424 0.000127 2
786 329 847 368 0.000125 2
1177 379 1187 391 0.000124 2
412 205 452 234 0.000121 2
907 176 930 185 0.000118 2
192 248 223 263 0.000102 2
969 219 1031 259 0.071788 3
650 195 1258 395 0.000172 3
852 214 1056 292 0.000113 3
809 136 951 243 0.067698 5
1120 218 1196 249 0.015534 5
449 153 521 179 0.012151 5
829 135 900 168 0.006027 5
811 159 858 183 0.001525 5
1181 171 1279 230 0.001319 5
1251 170 1279 199 0.000683 5
1120 183 1186 218 0.000168 5
1056 218 1265 281 0.000163 6
369 64 456 205 0.000137 6
1197 162 1279 226 0.000124 6
810 157 949 240 0.203019 7
586 183 645 217 0.078182 7
480 173 526 217 0.056835 7
1120 219 1189 249 0.046855 7
521 160 580 201 0.041737 7
697 151 853 236 0.041073 7
692 184 732 232 0.016832 7
1009 196 1069 230 0.008424 7
449 156 489 173 0.006411 7
1062 221 1122 249 0.005483 7
1064 186 1219 254 0.005049 7
810 158 858 190 0.002822 7
798 185 827 241 0.002351 7
295 198 392 327 0.002294 7
1182 166 1279 245 0.001466 7
594 161 731 226 0.000881 7
428 175 482 211 0.000878 7
383 177 444 205 0.000858 7
1265 183 1279 241 0.000656 7
1105 163 1155 185 0.000563 7
448 127 530 179 0.000459 7
1122 205 1191 223 0.000407 7
1088 208 1148 235 0.000366 7
532 188 934 273 0.000356 7
1182 231 1279 265 0.000354 7
1149 186 1178 215 0.000289 7
749 166 1113 323 0.000205 7
303 180 391 219 0.000179 7
389 204 542 308 0.000178 7
664 185 703 231 0.000177 7
526 69 677 217 0.000105 7
513 151 524 174 0.179905 9
1088 150 1103 178 0.152312 9
693 185 702 203 0.046046 9
1006 136 1015 173 0.020401 9
313 151 343 197 0.016231 9
1002 169 1009 179 0.014704 9
879 155 894 173 0.013359 9
595 64 637 93 0.012271 9
1207 169 1216 200 0.009945 9
1051 109 1084 146 0.008633 9
1215 193 1225 218 0.008444 9
372 166 381 184 0.006505 9
171 64 203 91 0.006312 9
896 155 906 172 0.006071 9
596 118 605 147 0.005653 9
1182 163 1202 216 0.005408 9
1125 164 1152 186 0.004263 9
698 122 714 154 0.004253 9
586 117 599 143 0.004099 9
1111 192 1120 205 0.003992 9
705 154 713 174 0.003934 9
1193 384 1205 401 0.003750 9
1242 198 1248 227 0.003639 9
329 182 345 198 0.003477 9
586 168 595 185 0.003208 9
1014 135 1025 145 0.002459 9
663 171 671 187 0.002404 9
581 64 596 93 0.002292 9
596 116 625 165 0.002234 9
665 179 671 208 0.002205 9
704 173 712 183 0.002039 9
692 170 702 181 0.001892 9
680 180 689 204 0.001740 9
880 137 939 169 0.001675 9
1098 130 1106 149 0.001441 9
834 142 860 165 0.001409 9
1015 152 1023 170 0.001353 9
754 137 762 153 0.001319 9
647 180 659 198 0.001270 9
701 118 713 130 0.001265 9
853 115 865 137 0.001202 9
1154 165 1169 184 0.001166 9
118 64 155 78 0.001146 9
694 151 706 176 0.001121 9
678 65 694 119 0.001102 9
1001 179 1009 195 0.001035 9
257 144 268 159 0.001018 9
356 219 370 229 0.001011 9
716 155 726 174 0.000980 9
681 161 690 186 0.000928 9
637 162 649 187 0.000927 9
1200 165 1210 190 0.000848 9
1089 177 1098 195 0.000839 9
862 166 871 182 0.000831 9
1095 173 1104 202 0.000825 9
609 152 625 167 0.000821 9
307 178 326 198 0.000786 9
1095 198 1102 208 0.000785 9
999 129 1006 136 0.000784 9
1211 166 1237 208 0.000781 9
685 119 700 153 0.000780 9
568 148 579 162 0.000778 9
1230 169 1247 181 0.000764 9
1223 166 1230 184 0.000702 9
1088 190 1094 201 0.000699 9
624 64 639 82 0.000594 9
697 69 708 119 0.000516 9
165 64 175 76 0.000501 9
1089 197 1097 210 0.000486 9
334 159 360 198 0.000463 9
823 162 858 185 0.000455 9
952 182 960 205 0.000446 9
848 181 858 199 0.000407 9
998 130 1008 166 0.000401 9
96 181 105 202 0.000376 9
463 238 478 271 0.000373 9
1080 170 1096 185 0.000353 9
0 143 6 201 0.000332 9
680 136 691 168 0.000310 9
583 132 603 185 0.000310 9
108 149 128 167 0.000308 9
183 144 199 168 0.000296 9
580 64 655 163 0.000293 9
989 181 1000 203 0.000287 9
687 152 695 179 0.000276 9
624 119 636 157 0.000269 9
647 121 660 162 0.000259 9
1098 168 1128 206 0.000256 9
1226 196 1255 230 0.000241 9
522 147 543 174 0.000240 9
869 124 880 137 0.000238 9
449 150 491 171 0.000226 9
658 174 701 221 0.000224 9
993 140 1001 167 0.000223 9
862 120 871 136 0.000215 9
1028 150 1040 161 0.000205 9
828 119 846 134 0.000201 9
805 147 814 159 0.000187 9
302 174 382 210 0.000180 9
544 112 551 131 0.000170 9
577 82 585 107 0.000166 9
640 83 658 105 0.000164 9
1039 185 1048 196 0.000164 9
637 118 651 163 0.000153 9
1105 154 1129 176 0.000147 9
1207 148 1228 172 0.000144 9
256 83 265 97 0.000134 9
239 171 248 190 0.000127 9
912 136 939 148 0.000117 9
1047 175 1056 187 0.000115 9
665 168 685 191 0.000113 9
1047 166 1056 177 0.000112 9
1044 181 1058 199 0.000108 9
97 172 108 184 0.000107 9
1123 185 1140 203 0.000107 9
171 144 186 170 0.000106 9
544 140 552 159 0.000104 9
324 109 366 164 0.104280 11
1051 108 1084 147 0.028094 11
1181 191 1201 215 0.027350 11
416 64 433 99 0.000426 11
358 146 372 163 0.000150 11
