1167 202 1242 349 0.815110 0
662 200 703 286 0.813054 0
1033 197 1058 251 0.332037 0
1175 189 1200 231 0.126502 0
399 618 465 703 0.119525 0
717 213 727 234 0.069284 0
948 273 960 298 0.063239 0
555 172 570 199 0.056667 0
386 197 395 206 0.028056 0
572 181 581 201 0.026547 0
521 193 527 208 0.020470 0
645 199 654 214 0.020323 0
878 155 894 174 0.019295 0
1215 215 1230 234 0.019219 0
213 191 224 226 0.019153 0
691 210 702 231 0.018757 0
633 202 644 217 0.017805 0
726 206 737 234 0.017730 0
1213 222 1239 263 0.016359 0
253 208 266 241 0.016037 0
306 183 324 198 0.015691 0
1171 225 1188 254 0.015212 0
235 618 305 703 0.013585 0
204 460 228 519 0.012784 0
738 201 745 213 0.011945 0
513 195 520 210 0.010060 0
461 202 483 254 0.009802 0
863 166 870 177 0.008905 0
368 165 376 187 0.008780 0
895 157 905 177 0.008047 0
631 187 638 203 0.007903 0
542 186 551 202 0.007429 0
973 209 983 224 0.006519 0
785 197 793 213 0.006333 0
1216 200 1226 214 0.006210 0
1016 205 1024 223 0.006196 0
988 208 997 223 0.005942 0
470 192 482 218 0.005799 0
330 186 343 198 0.005354 0
860 201 871 234 0.005173 0
588 172 598 185 0.005081 0
1241 197 1249 231 0.005027 0
515 193 533 246 0.004690 0
1056 212 1072 251 0.004180 0
321 227 356 319 0.003590 0
521 183 545 211 0.003551 0
303 694 356 703 0.003254 0
413 692 424 703 0.003182 0
1273 204 1279 251 0.003176 0
375 180 391 202 0.003033 0
342 186 354 198 0.003004 0
351 187 358 198 0.002790 0
1207 205 1221 231 0.002772 0
413 687 458 703 0.002530 0
623 180 633 200 0.002498 0
688 233 704 280 0.002489 0
913 269 927 296 0.002419 0
878 207 891 234 0.002391 0
187 472 207 517 0.002171 0
1195 384 1205 403 0.002141 0
298 664 311 674 0.002102 0
841 214 856 251 0.002053 0
1105 221 1133 248 0.001999 0
278 693 305 703 0.001984 0
221 184 231 218 0.001945 0
545 202 558 218 0.001877 0
1038 184 1051 209 0.001771 0
666 187 671 201 0.001676 0
1001 186 1008 212 0.001607 0
326 235 352 255 0.001567 0
670 200 681 215 0.001532 0
238 619 261 650 0.001531 0
0 373 326 703 0.001475 0
652 200 662 215 0.001402 0
1196 189 1208 204 0.001383 0
91 408 145 448 0.001345 0
1000 206 1011 222 0.001312 0
401 648 434 682 0.001260 0
803 181 814 204 0.001019 0
575 309 594 351 0.001013 0
396 185 409 205 0.000995 0
1209 188 1219 201 0.000953 0
438 629 459 670 0.000919 0
1065 205 1072 225 0.000879 0
690 184 703 211 0.000829 0
448 695 465 703 0.000754 0
1183 168 1200 197 0.000746 0
453 224 466 254 0.000725 0
606 155 626 186 0.000679 0
1088 149 1109 208 0.000676 0
1060 238 1077 292 0.000669 0
172 390 236 521 0.000668 0
827 223 843 240 0.000646 0
163 430 189 460 0.000585 0
414 250 421 270 0.000576 0
756 205 773 233 0.000543 0
404 180 419 205 0.000527 0
899 199 913 243 0.000516 0
1208 164 1228 225 0.000510 0
320 238 330 277 0.000447 0
848 179 858 192 0.000446 0
85 221 94 235 0.000436 0
255 197 271 212 0.000430 0
1044 192 1066 221 0.000413 0
265 213 278 236 0.000402 0
353 185 375 199 0.000399 0
839 170 872 238 0.000331 0
807 171 817 186 0.000327 0
0 155 7 204 0.000321 0
408 250 415 272 0.000302 0
354 205 377 230 0.000284 0
634 182 650 205 0.000280 0
240 178 246 191 0.000240 0
240 209 256 238 0.000239 0
915 208 943 254 0.000218 0
803 182 843 236 0.000213 0
848 158 872 190 0.000206 0
923 272 965 323 0.000204 0
344 189 381 309 0.000200 0
63 389 127 511 0.000189 0
600 343 611 356 0.000177 0
837 143 898 175 0.000172 0
95 189 106 207 0.000169 0
952 183 960 206 0.000164 0
926 369 997 429 0.000159 0
216 250 228 264 0.000157 0
162 186 183 209 0.000155 0
100 381 192 479 0.000151 0
18 376 54 400 0.000150 0
963 369 980 407 0.000143 0
578 64 599 154 0.000140 0
281 662 308 681 0.000139 0
194 187 201 206 0.000132 0
254 646 274 665 0.000127 0
627 683 676 703 0.000126 0
414 182 426 204 0.000117 0
229 513 479 701 0.000111 0
296 196 336 300 0.000108 0
1107 270 1252 370 0.736167 1
825 236 874 281 0.108568 1
1158 286 1187 334 0.050070 1
1218 288 1252 356 0.019105 1
1039 220 1070 261 0.014998 1
709 213 726 234 0.013683 1
551 200 574 217 0.013121 1
1192 270 1228 342 0.008998 1
534 203 548 218 0.007646 1
945 276 959 303 0.006908 1
544 202 555 218 0.006122 1
837 203 871 238 0.006064 1
1015 237 1041 261 0.005285 1
632 201 649 217 0.004438 1
1104 310 1133 332 0.004220 1
662 247 700 285 0.003056 1
878 259 907 286 0.002471 1
839 232 855 258 0.002007 1
824 189 949 284 0.001874 1
931 282 951 304 0.001861 1
862 240 882 279 0.001792 1
900 263 925 295 0.001182 1
1022 309 1134 340 0.001108 1
1176 313 1198 361 0.000897 1
1056 238 1079 278 0.000834 1
774 236 912 338 0.000709 1
869 212 887 237 0.000636 1
808 244 837 279 0.000559 1
576 300 595 347 0.000458 1
1131 300 1172 348 0.000347 1
1195 355 1228 388 0.000318 1
784 255 818 281 0.000272 1
1227 250 1246 267 0.000240 1
658 273 681 285 0.000179 1
1211 339 1249 369 0.000169 1
1164 338 1180 358 0.000152 1
886 267 960 331 0.000112 1
523 182 536 195 0.084755 2
480 172 532 214 0.035197 2
306 694 356 703 0.035132 2
1137 231 1175 247 0.028851 2
481 174 498 199 0.026490 2
586 184 622 216 0.024159 2
522 173 580 200 0.023244 2
483 201 516 217 0.021570 2
1001 237 1029 262 0.018366 2
698 205 732 233 0.017459 2
1269 196 1279 233 0.016455 2
1095 214 1130 248 0.014138 2
542 160 580 179 0.011664 2
973 219 1026 249 0.011535 2
1003 215 1024 229 0.010920 2
449 156 489 171 0.010044 2
1075 221 1114 232 0.009650 2
857 177 947 233 0.006928 2
471 196 491 217 0.006147 2
1240 179 1279 229 0.006012 2
522 170 549 184 0.005708 2
396 199 410 206 0.005592 2
632 200 648 215 0.005426 2
433 171 445 193 0.004876 2
305 178 324 198 0.004721 2
513 178 527 198 0.004664 2
970 241 995 259 0.004128 2
1065 237 1084 253 0.004105 2
1260 170 1279 182 0.004022 2
801 212 846 239 0.003815 2
1204 197 1225 221 0.003720 2
912 180 954 209 0.003540 2
466 186 480 210 0.003471 2
496 185 515 208 0.003178 2
1023 206 1036 219 0.002911 2
325 235 352 254 0.002514 2
545 196 592 219 0.002388 2
190 393 222 405 0.002356 2
936 243 958 255 0.002202 2
743 201 769 215 0.002044 2
451 197 475 220 0.002020 2
118 224 135 236 0.001662 2
355 217 370 229 0.001364 2
1023 231 1125 255 0.001358 2
648 198 663 215 0.001228 2
1232 171 1247 181 0.001224 2
830 137 910 172 0.001162 2
435 167 465 183 0.001147 2
604 172 627 186 0.001092 2
934 198 954 207 0.001065 2
925 205 976 254 0.000974 2
464 258 479 271 0.000947 2
933 204 945 221 0.000908 2
1272 229 1279 257 0.000863 2
440 167 487 217 0.000860 2
342 196 393 207 0.000852 2
326 198 373 253 0.000809 2
1229 197 1252 232 0.000747 2
353 189 374 200 0.000687 2
495 241 524 251 0.000633 2
319 210 331 239 0.000583 2
264 689 304 703 0.000552 2
1241 167 1264 181 0.000513 2
436 203 452 219 0.000508 2
1086 196 1098 210 0.000457 2
924 240 941 254 0.000445 2
758 202 789 235 0.000435 2
64 414 97 441 0.000421 2
575 283 606 345 0.000421 2
426 197 451 208 0.000397 2
471 144 527 176 0.000384 2
359 204 381 220 0.000382 2
404 175 444 205 0.000337 2
693 225 720 237 0.000326 2
1005 200 1017 214 0.000322 2
960 206 982 221 0.000300 2
382 181 408 206 0.000266 2
1152 183 1191 209 0.000260 2
1095 187 1121 209 0.000242 2
208 240 230 255 0.000223 2
848 136 893 147 0.000217 2
517 148 545 177 0.000214 2
1077 190 1093 204 0.000207 2
289 176 311 197 0.000207 2
419 205 454 251 0.000202 2
1123 192 1202 248 0.000186 2
136 473 208 518 0.000184 2
586 162 604 186 0.000182 2
725 205 760 234 0.000167 2
307 148 370 199 0.000158 2
413 201 433 205 0.000150 2
1175 175 1221 205 0.000144 2
85 223 145 255 0.000138 2
909 177 930 186 0.000137 2
1026 188 1127 238 0.000137 2
274 182 294 193 0.000136 2
782 113 799 120 0.000132 2
19 225 63 241 0.000127 2
851 194 1245 354 0.000119 2
1004 187 1054 217 0.000105 2
1153 207 1170 216 0.000102 2
1265 365 1279 375 0.000101 2
1197 363 1280 423 0.000100 2
532 249 599 398 0.000331 3
525 161 580 200 0.052109 5
829 135 937 175 0.023138 5
449 153 522 181 0.022413 5
1219 169 1280 230 0.006741 5
544 186 652 219 0.003219 5
303 198 388 257 0.000133 5
1140 184 1183 219 0.000133 5
1164 185 1280 336 0.000107 5
399 64 680 205 0.000107 5
2 373 443 703 0.009289 6
64 372 236 516 0.006494 6
126 464 228 565 0.000139 6
800 137 942 248 0.366696 7
521 160 581 201 0.059224 7
586 183 649 217 0.028142 7
803 166 853 226 0.024980 7
1113 182 1203 248 0.016796 7
443 152 520 183 0.014376 7
1219 173 1279 231 0.008869 7
828 135 902 168 0.007445 7
692 185 733 230 0.006924 7
693 152 805 227 0.006001 7
896 179 979 256 0.005785 7
810 160 856 181 0.004308 7
457 170 521 210 0.003523 7
1071 207 1135 243 0.002240 7
311 199 392 331 0.002209 7
744 201 794 237 0.001405 7
991 195 1070 256 0.001119 7
878 197 902 235 0.000612 7
386 176 450 206 0.000399 7
792 170 1179 302 0.000373 7
387 201 535 309 0.000363 7
1110 162 1155 184 0.000302 7
1077 159 1156 225 0.000195 7
452 204 488 258 0.000193 7
692 176 704 216 0.000167 7
304 169 390 227 0.000121 7
482 183 685 279 0.000109 7
388 193 417 206 0.000107 7
606 65 876 239 0.000102 7
514 151 524 175 0.102432 9
1090 150 1104 176 0.059857 9
312 149 344 197 0.024519 9
1006 136 1015 173 0.012865 9
694 186 702 201 0.011478 9
450 159 464 170 0.008703 9
596 126 605 145 0.006223 9
1208 169 1215 198 0.005733 9
372 165 381 184 0.005674 9
1002 168 1008 180 0.004821 9
463 210 479 253 0.004740 9
694 176 702 186 0.004446 9
328 182 344 198 0.004434 9
1051 110 1084 146 0.004294 9
169 64 203 91 0.003443 9
666 184 671 201 0.003331 9
1110 192 1120 205 0.003288 9
611 153 625 165 0.003287 9
1126 165 1150 185 0.002859 9
453 222 466 252 0.002820 9
586 169 593 184 0.002700 9
705 155 713 175 0.002545 9
1154 161 1168 183 0.002438 9
587 118 598 143 0.002405 9
1097 130 1107 149 0.002011 9
1096 197 1102 208 0.001959 9
1014 136 1025 146 0.001885 9
1015 154 1023 169 0.001671 9
664 170 671 187 0.001669 9
595 64 635 93 0.001657 9
1189 163 1201 187 0.001655 9
756 135 765 153 0.001565 9
1231 168 1247 181 0.001451 9
1001 178 1009 208 0.001439 9
257 144 268 159 0.001417 9
703 173 713 183 0.001412 9
608 121 625 157 0.001365 9
1225 165 1231 180 0.001330 9
357 219 370 229 0.001155 9
120 64 162 77 0.001104 9
882 151 906 171 0.000972 9
1096 175 1105 206 0.000923 9
835 145 853 164 0.000899 9
581 64 596 93 0.000889 9
1214 187 1225 215 0.000881 9
699 124 715 154 0.000768 9
646 164 660 187 0.000619 9
681 164 690 186 0.000614 9
698 84 716 126 0.000607 9
96 182 105 205 0.000579 9
165 64 175 76 0.000577 9
1089 180 1098 194 0.000571 9
694 151 705 177 0.000564 9
717 153 727 171 0.000562 9
1213 166 1232 201 0.000536 9
652 181 663 200 0.000506 9
678 66 692 126 0.000500 9
568 149 579 162 0.000491 9
183 144 198 168 0.000488 9
334 157 359 199 0.000488 9
1106 152 1118 171 0.000487 9
853 115 866 136 0.000471 9
638 161 646 172 0.000455 9
680 178 687 201 0.000427 9
1000 129 1007 136 0.000423 9
701 118 714 129 0.000404 9
110 149 127 166 0.000374 9
1150 126 1160 136 0.000372 9
1080 171 1092 184 0.000354 9
624 128 634 155 0.000328 9
830 163 858 186 0.000320 9
1098 167 1122 206 0.000307 9
883 137 939 155 0.000297 9
869 125 880 137 0.000293 9
1087 189 1096 203 0.000281 9
449 150 490 171 0.000271 9
998 130 1009 174 0.000251 9
865 124 872 136 0.000239 9
686 118 706 153 0.000238 9
990 181 1001 211 0.000229 9
597 148 616 164 0.000223 9
649 123 660 160 0.000217 9
698 69 710 100 0.000210 9
578 79 586 108 0.000207 9
1027 150 1041 161 0.000199 9
686 151 695 188 0.000194 9
680 149 690 168 0.000179 9
952 182 960 205 0.000178 9
993 140 1001 168 0.000178 9
306 109 380 341 0.000174 9
637 118 652 163 0.000171 9
171 144 182 169 0.000167 9
319 204 331 232 0.000160 9
256 83 265 97 0.000158 9
0 147 6 197 0.000154 9
164 468 228 569 0.000151 9
835 77 849 94 0.000150 9
96 169 106 178 0.000149 9
574 135 581 144 0.000127 9
680 123 690 153 0.000120 9
637 85 659 104 0.000119 9
51 184 63 206 0.000117 9
239 176 247 190 0.000116 9
585 134 610 185 0.000103 9
341 64 363 111 0.000102 9
663 167 693 204 0.000101 9
324 110 367 164 0.077234 11
1051 109 1084 147 0.044598 11
415 64 441 123 0.000241 11
886 137 938 154 0.000216 11
352 126 366 159 0.000121 11
358 146 372 164 0.000119 11
