631 201 658 284 0.824011 0
772 193 808 280 0.516176 0
976 199 1000 255 0.410380 0
261 197 276 244 0.222444 0
213 192 224 228 0.097860 0
670 210 680 232 0.074881 0
715 211 727 234 0.056770 0
1119 311 1128 332 0.054875 0
948 273 960 297 0.053202 0
865 207 874 234 0.050503 0
922 204 945 254 0.048667 0
693 211 702 234 0.043121 0
307 184 324 198 0.028503 0
555 172 569 199 0.027536 0
727 207 738 234 0.024829 0
995 218 1012 250 0.020774 0
383 192 397 206 0.020199 0
1107 228 1120 249 0.018466 0
811 209 824 238 0.016897 0
221 183 232 225 0.016359 0
573 183 581 201 0.015661 0
985 189 1001 214 0.015107 0
1162 237 1175 249 0.014995 0
1039 204 1050 230 0.014438 0
1203 408 1215 422 0.014318 0
521 193 526 208 0.013135 0
999 196 1008 219 0.011619 0
1009 210 1025 248 0.011320 0
654 199 668 230 0.010705 0
330 185 343 198 0.010561 0
513 193 520 209 0.010226 0
241 194 256 238 0.009629 0
666 196 673 229 0.007879 0
693 184 702 221 0.007629 0
368 165 376 187 0.007575 0
645 199 657 215 0.007436 0
774 209 794 232 0.007250 0
632 201 639 214 0.006914 0
469 187 482 217 0.006426 0
394 197 409 206 0.006361 0
545 203 556 218 0.005921 0
848 200 860 234 0.005514 0
788 194 802 209 0.005398 0
863 166 869 178 0.005317 0
870 160 895 177 0.005077 0
737 202 743 217 0.004932 0
1223 224 1232 234 0.004603 0
521 183 533 205 0.004542 0
352 188 360 198 0.003643 0
1062 225 1072 251 0.003438 0
878 201 892 233 0.003253 0
963 372 981 398 0.003212 0
371 172 388 198 0.003115 0
888 202 904 244 0.002895 0
323 157 343 197 0.002687 0
586 171 594 186 0.002619 0
407 179 418 205 0.002539 0
408 198 417 205 0.002445 0
515 192 532 247 0.001718 0
604 164 627 185 0.001617 0
1208 169 1220 210 0.001409 0
321 225 357 320 0.001362 0
680 206 694 227 0.001354 0
1192 384 1204 401 0.001337 0
1273 202 1279 254 0.001301 0
211 179 251 247 0.001297 0
970 206 982 221 0.001220 0
1209 369 1225 392 0.001073 0
900 203 911 243 0.000845 0
1244 197 1256 228 0.000790 0
1217 213 1227 231 0.000783 0
455 193 480 261 0.000758 0
894 265 904 286 0.000736 0
848 185 857 208 0.000732 0
1212 196 1227 217 0.000726 0
199 199 216 223 0.000710 0
913 268 928 296 0.000700 0
240 177 246 190 0.000675 0
431 177 444 205 0.000663 0
85 221 94 235 0.000662 0
574 295 595 359 0.000645 0
354 203 378 230 0.000592 0
325 234 352 255 0.000587 0
1213 408 1223 424 0.000568 0
940 207 961 255 0.000564 0
194 187 200 211 0.000530 0
0 145 7 204 0.000497 0
173 187 183 207 0.000486 0
803 167 814 202 0.000474 0
1241 220 1246 230 0.000385 0
1088 150 1108 198 0.000333 0
1147 321 1174 353 0.000325 0
319 203 329 224 0.000268 0
321 235 331 277 0.000258 0
464 240 478 272 0.000252 0
414 250 421 269 0.000236 0
221 178 240 193 0.000215 0
593 224 882 289 0.000199 0
268 189 281 210 0.000197 0
1268 255 1279 268 0.000195 0
1230 195 1250 230 0.000183 0
408 250 416 272 0.000158 0
948 182 960 206 0.000156 0
1023 279 1032 295 0.000154 0
228 196 299 268 0.000151 0
239 162 247 180 0.000151 0
0 375 16 398 0.000139 0
837 210 885 260 0.000132 0
947 370 991 425 0.000129 0
80 542 166 647 0.000126 0
757 309 769 332 0.000126 0
579 277 592 292 0.000107 0
181 186 192 207 0.000101 0
599 338 611 355 0.000100 0
758 234 815 283 0.617080 1
962 220 992 263 0.179006 1
984 222 1006 253 0.115679 1
1002 220 1027 250 0.027213 1
1181 184 1202 215 0.017181 1
549 199 574 217 0.011567 1
533 203 551 218 0.009900 1
796 242 811 270 0.008219 1
633 242 654 282 0.005341 1
943 277 959 302 0.004073 1
1143 309 1171 349 0.002660 1
773 236 784 258 0.002477 1
945 238 970 255 0.002114 1
756 187 949 274 0.002055 1
783 203 806 239 0.001557 1
761 208 790 233 0.001158 1
905 211 944 253 0.000933 1
808 262 834 282 0.000863 1
1206 186 1226 215 0.000799 1
888 225 1019 297 0.000571 1
927 286 940 309 0.000537 1
633 276 656 289 0.000482 1
884 262 903 286 0.000474 1
575 301 595 347 0.000425 1
1181 179 1229 249 0.000404 1
1119 182 1200 248 0.000374 1
911 269 929 300 0.000330 1
618 194 817 284 0.000295 1
752 248 775 280 0.000240 1
871 250 890 284 0.000215 1
532 267 598 401 0.000181 1
744 272 768 302 0.000179 1
960 372 1027 398 0.000133 1
510 233 537 247 0.000105 1
1104 487 1137 498 0.171749 2
523 183 536 195 0.071375 2
480 173 530 217 0.069390 2
1010 205 1041 229 0.068519 2
825 329 847 343 0.066280 2
586 183 637 216 0.040897 2
1069 219 1119 240 0.033912 2
1051 218 1070 232 0.026809 2
831 220 855 241 0.024920 2
806 210 824 239 0.018751 2
465 185 481 206 0.018339 2
449 156 489 171 0.018004 2
481 174 494 194 0.017948 2
656 220 671 231 0.016846 2
694 203 728 231 0.015486 2
1136 233 1174 249 0.014926 2
868 178 954 239 0.014772 2
1180 234 1223 254 0.012445 2
1102 231 1120 249 0.012045 2
291 176 321 198 0.011860 2
544 160 579 181 0.009785 2
521 171 554 196 0.008827 2
1272 197 1279 213 0.008285 2
1261 196 1275 213 0.006205 2
999 212 1026 250 0.006023 2
1178 236 1189 249 0.005468 2
553 171 568 199 0.005376 2
1037 197 1051 230 0.005088 2
520 187 556 218 0.004576 2
920 199 954 208 0.004559 2
433 171 445 189 0.004207 2
470 196 493 218 0.004039 2
1109 220 1132 242 0.003899 2
1122 228 1149 247 0.003791 2
1038 226 1062 244 0.003760 2
618 177 637 202 0.003657 2
452 202 468 216 0.003577 2
1260 170 1279 182 0.003527 2
431 179 480 215 0.003443 2
1217 222 1226 233 0.003363 2
677 211 698 232 0.003261 2
1272 252 1279 266 0.003233 2
1210 369 1224 387 0.003226 2
495 238 530 251 0.003198 2
114 224 136 236 0.003099 2
513 179 531 204 0.002654 2
1212 248 1225 257 0.002653 2
605 159 635 182 0.002153 2
355 217 370 228 0.002027 2
735 203 774 234 0.002005 2
1250 481 1265 487 0.001936 2
1259 247 1279 258 0.001732 2
354 198 387 228 0.001701 2
353 189 372 199 0.001592 2
463 252 479 271 0.001528 2
1071 207 1112 224 0.001499 2
378 181 406 206 0.001437 2
1244 179 1279 218 0.001372 2
321 200 353 255 0.001324 2
1267 194 1279 247 0.001299 2
319 210 331 233 0.001284 2
446 162 474 189 0.001239 2
859 176 933 194 0.001142 2
1230 170 1247 182 0.001084 2
912 180 953 204 0.001048 2
587 162 612 185 0.001021 2
411 173 446 203 0.001014 2
17 225 69 253 0.000987 2
1192 384 1205 401 0.000977 2
633 204 658 241 0.000957 2
1127 214 1189 224 0.000797 2
1057 228 1093 256 0.000741 2
274 182 294 194 0.000696 2
1225 228 1237 239 0.000638 2
831 139 903 172 0.000638 2
1247 239 1262 252 0.000624 2
933 201 954 249 0.000599 2
1201 233 1265 261 0.000579 2
433 199 458 211 0.000533 2
496 147 525 176 0.000532 2
1175 214 1187 222 0.000493 2
1250 216 1266 231 0.000493 2
953 213 1199 255 0.000478 2
1183 220 1221 238 0.000477 2
1089 196 1097 210 0.000461 2
1026 244 1039 257 0.000453 2
877 197 904 232 0.000442 2
1079 191 1093 203 0.000413 2
950 207 981 228 0.000388 2
574 276 605 338 0.000360 2
209 239 229 254 0.000352 2
1247 218 1276 254 0.000345 2
450 202 476 247 0.000310 2
638 191 652 206 0.000302 2
167 223 229 254 0.000295 2
1070 196 1091 212 0.000283 2
1246 198 1257 230 0.000279 2
411 203 452 225 0.000265 2
411 201 431 205 0.000263 2
968 201 988 214 0.000244 2
703 304 767 337 0.000238 2
1023 307 1080 334 0.000235 2
1153 184 1200 216 0.000230 2
521 148 544 175 0.000229 2
1219 208 1245 231 0.000213 2
58 224 107 247 0.000211 2
1099 192 1120 207 0.000200 2
309 159 368 199 0.000194 2
1201 405 1218 421 0.000186 2
1149 208 1179 218 0.000182 2
1057 196 1077 223 0.000180 2
107 232 158 256 0.000180 2
1100 165 1147 203 0.000167 2
819 329 922 348 0.000165 2
461 259 544 273 0.000155 2
999 189 1017 213 0.000151 2
1197 187 1234 231 0.000139 2
947 281 984 303 0.000120 2
906 177 930 185 0.000116 2
168 173 231 222 0.000103 2
1021 280 1036 296 0.000101 2
730 320 746 335 0.000101 2
957 220 1014 258 0.004862 3
657 199 1253 384 0.000192 3
449 153 523 180 0.012137 5
830 135 938 174 0.011901 5
810 159 858 184 0.001543 5
698 184 730 205 0.000451 5
525 141 581 202 0.000375 5
1120 186 1198 248 0.000337 5
1101 164 1152 186 0.000219 5
449 124 534 160 0.000160 6
368 64 457 205 0.000151 6
806 140 952 240 0.113640 7
1010 196 1066 230 0.057846 7
726 150 859 249 0.056937 7
586 183 629 216 0.052395 7
522 160 580 202 0.036766 7
1120 219 1187 249 0.034619 7
480 173 516 216 0.026154 7
1060 183 1212 252 0.010166 7
692 184 732 232 0.009271 7
456 150 524 183 0.008456 7
800 181 854 240 0.008003 7
1059 210 1122 239 0.003943 7
810 159 857 182 0.002405 7
1182 165 1279 246 0.001939 7
716 198 729 225 0.001303 7
306 198 391 327 0.000882 7
524 180 736 229 0.000830 7
1102 163 1155 185 0.000720 7
1123 193 1190 222 0.000686 7
1252 170 1279 227 0.000454 7
604 159 667 208 0.000343 7
378 183 479 207 0.000337 7
802 209 1227 362 0.000210 7
664 185 703 231 0.000184 7
592 64 936 236 0.000167 7
1006 107 1126 233 0.000148 7
230 174 327 239 0.000122 7
409 206 453 254 0.000120 7
513 151 524 174 0.160058 9
1088 150 1103 178 0.104069 9
693 185 701 202 0.046371 9
1005 134 1015 174 0.019541 9
313 151 343 197 0.019205 9
1002 169 1009 179 0.018986 9
1051 109 1084 146 0.013683 9
693 176 701 188 0.010837 9
879 155 894 174 0.009888 9
1208 169 1216 198 0.007913 9
372 166 381 184 0.007322 9
595 64 638 93 0.006463 9
895 155 906 172 0.005696 9
169 64 203 91 0.005035 9
1182 163 1202 216 0.004993 9
596 119 605 147 0.004971 9
705 154 713 174 0.004229 9
699 123 714 154 0.003661 9
586 117 598 143 0.003598 9
1125 164 1152 186 0.003421 9
1111 192 1120 205 0.003242 9
663 171 671 187 0.003212 9
704 172 713 183 0.003089 9
586 167 595 185 0.002872 9
1213 189 1224 208 0.002854 9
1193 384 1205 401 0.002626 9
651 178 662 198 0.002309 9
680 180 688 199 0.002087 9
637 162 648 187 0.001731 9
1098 130 1108 149 0.001488 9
834 141 860 165 0.001474 9
881 137 939 170 0.001458 9
257 144 268 159 0.001384 9
716 155 727 175 0.001376 9
666 191 672 222 0.001351 9
1014 135 1024 145 0.001329 9
1154 165 1169 184 0.001304 9
581 64 596 93 0.001254 9
119 64 162 77 0.001252 9
853 115 865 137 0.001178 9
809 170 815 185 0.001155 9
694 151 706 176 0.001149 9
681 163 690 185 0.001091 9
596 116 625 166 0.001063 9
700 118 713 130 0.001036 9
1221 215 1230 232 0.001020 9
1015 153 1023 170 0.000989 9
1200 164 1209 187 0.000935 9
356 219 370 229 0.000857 9
862 166 870 182 0.000854 9
807 160 860 187 0.000850 9
685 119 700 153 0.000839 9
678 65 694 118 0.000728 9
756 135 765 153 0.000695 9
1230 168 1247 181 0.000622 9
1089 176 1098 195 0.000618 9
999 129 1007 136 0.000611 9
1095 171 1105 204 0.000594 9
568 148 579 162 0.000575 9
165 64 175 76 0.000555 9
1095 198 1102 208 0.000516 9
464 205 477 265 0.000510 9
610 152 625 167 0.000498 9
1088 190 1094 202 0.000459 9
849 181 858 197 0.000459 9
1224 165 1231 182 0.000445 9
998 130 1008 175 0.000445 9
333 160 359 198 0.000442 9
624 64 639 78 0.000388 9
680 142 691 164 0.000386 9
1210 166 1235 208 0.000373 9
697 70 708 120 0.000369 9
0 143 6 200 0.000336 9
1080 171 1095 185 0.000331 9
96 181 105 202 0.000329 9
952 183 960 204 0.000321 9
1222 187 1230 206 0.000314 9
638 181 648 199 0.000307 9
1231 188 1244 203 0.000298 9
183 144 199 168 0.000292 9
657 172 701 222 0.000291 9
579 64 648 156 0.000284 9
1240 197 1253 229 0.000271 9
608 168 641 203 0.000268 9
449 150 491 171 0.000261 9
108 149 128 167 0.000258 9
686 151 695 181 0.000254 9
582 130 604 186 0.000251 9
869 124 880 137 0.000237 9
647 120 660 162 0.000237 9
522 147 543 174 0.000231 9
994 136 1002 169 0.000223 9
801 154 813 206 0.000217 9
833 116 858 135 0.000186 9
1098 166 1131 206 0.000176 9
624 119 637 159 0.000173 9
637 82 658 105 0.000170 9
862 120 872 137 0.000165 9
1207 148 1228 172 0.000155 9
844 146 894 177 0.000152 9
577 83 585 107 0.000151 9
665 167 687 190 0.000137 9
638 118 651 163 0.000131 9
256 83 265 97 0.000130 9
1029 150 1040 160 0.000124 9
596 148 614 163 0.000118 9
923 141 938 164 0.000114 9
825 122 838 135 0.000112 9
990 174 1009 196 0.000112 9
171 144 186 170 0.000111 9
544 112 551 131 0.000111 9
1039 184 1048 197 0.000106 9
575 78 600 142 0.000102 9
324 109 366 164 0.131158 11
1181 189 1200 215 0.051866 11
1051 109 1084 147 0.023507 11
416 64 433 99 0.000651 11
359 146 372 163 0.000179 11
