865 192 898 267 0.752788 0
1098 193 1123 259 0.683391 0
922 191 951 252 0.659115 0
773 196 802 279 0.594069 0
528 193 566 281 0.545464 0
178 198 190 227 0.404141 0
718 210 728 235 0.181651 0
222 201 236 238 0.158484 0
1037 196 1050 229 0.143490 0
847 201 857 239 0.034863 0
471 201 479 217 0.028112 0
1271 200 1279 248 0.023358 0
897 204 906 216 0.022852 0
890 203 907 239 0.022528 0
1015 202 1025 224 0.011704 0
633 202 644 216 0.011575 0
862 438 879 478 0.009504 0
603 150 633 182 0.008955 0
1231 197 1257 234 0.008643 0
949 272 960 295 0.007991 0
814 210 827 238 0.006322 0
1159 199 1168 216 0.005688 0
1216 211 1229 233 0.005194 0
517 191 524 202 0.004640 0
243 196 255 215 0.004585 0
517 191 529 239 0.004382 0
965 373 979 391 0.004380 0
1252 199 1262 229 0.003886 0
162 205 171 229 0.003791 0
375 186 386 201 0.003769 0
999 384 1022 401 0.003677 0
867 192 881 219 0.003539 0
198 210 206 224 0.003333 0
367 208 374 217 0.002512 0
1110 191 1127 217 0.002329 0
509 198 517 216 0.002169 0
914 472 928 487 0.001965 0
693 207 703 230 0.001929 0
644 208 653 216 0.001853 0
527 200 540 240 0.001820 0
670 208 679 229 0.001732 0
681 200 690 216 0.001628 0
1247 200 1279 268 0.001484 0
786 330 816 391 0.001469 0
1216 193 1226 214 0.001409 0
213 202 220 226 0.001345 0
1060 210 1083 244 0.001344 0
566 202 575 216 0.001307 0
1181 167 1201 217 0.001198 0
832 470 840 487 0.001094 0
459 202 469 217 0.001070 0
464 201 478 247 0.001065 0
351 190 357 200 0.000973 0
1072 486 1080 500 0.000970 0
963 344 992 393 0.000877 0
990 384 1024 458 0.000865 0
625 180 645 203 0.000810 0
848 463 869 479 0.000768 0
1088 186 1096 206 0.000746 0
1119 312 1132 344 0.000734 0
877 438 902 486 0.000690 0
799 440 816 472 0.000640 0
830 64 839 69 0.000629 0
980 211 998 252 0.000627 0
311 185 323 198 0.000594 0
879 437 888 458 0.000533 0
386 198 396 206 0.000508 0
543 198 564 227 0.000507 0
654 197 662 217 0.000505 0
1199 374 1208 413 0.000498 0
346 188 353 199 0.000489 0
1076 188 1092 204 0.000484 0
925 343 960 388 0.000483 0
1066 64 1151 75 0.000480 0
991 455 999 463 0.000462 0
1208 168 1229 222 0.000449 0
1056 488 1066 498 0.000449 0
894 430 904 458 0.000447 0
738 202 745 214 0.000438 0
1064 127 1111 272 0.000419 0
1134 192 1182 226 0.000393 0
921 176 1189 253 0.000376 0
930 278 944 296 0.000365 0
1136 446 1143 457 0.000357 0
266 197 272 211 0.000353 0
1076 332 1088 343 0.000348 0
319 203 330 221 0.000347 0
1127 443 1134 468 0.000340 0
856 283 862 295 0.000330 0
1263 254 1278 270 0.000321 0
1046 483 1054 489 0.000317 0
766 256 846 345 0.000316 0
982 351 992 376 0.000310 0
241 212 252 240 0.000299 0
333 180 915 285 0.000296 0
1160 329 1167 347 0.000287 0
1027 279 1038 294 0.000265 0
329 185 342 199 0.000257 0
1264 64 1279 75 0.000251 0
950 344 960 366 0.000244 0
907 336 925 363 0.000243 0
750 455 764 473 0.000238 0
1190 497 1200 504 0.000231 0
955 365 979 423 0.000223 0
914 340 1009 429 0.000218 0
789 328 819 344 0.000217 0
1248 423 1255 432 0.000215 0
763 64 1155 116 0.000215 0
846 269 854 280 0.000214 0
1010 454 1024 470 0.000211 0
896 473 907 484 0.000205 0
903 64 968 119 0.000200 0
1066 191 1081 210 0.000192 0
0 190 5 205 0.000176 0
578 64 655 99 0.000174 0
846 258 908 298 0.000172 0
978 351 1024 404 0.000170 0
172 184 223 229 0.000162 0
1145 329 1153 344 0.000159 0
1104 312 1111 325 0.000157 0
912 455 927 466 0.000155 0
845 422 871 469 0.000152 0
894 278 913 296 0.000151 0
1119 199 1137 231 0.000149 0
453 187 492 297 0.000141 0
1209 368 1224 406 0.000139 0
624 64 639 78 0.000138 0
578 64 676 214 0.000138 0
1145 276 1168 356 0.000137 0
927 405 943 450 0.000137 0
438 212 444 218 0.000136 0
1216 402 1232 432 0.000134 0
31 214 40 228 0.000131 0
835 401 931 480 0.000128 0
496 64 553 135 0.000124 0
1215 64 1232 105 0.000124 0
442 173 553 290 0.000122 0
1271 157 1279 181 0.000122 0
575 77 585 101 0.000119 0
995 64 1055 167 0.000116 0
1199 502 1210 513 0.000116 0
664 199 674 218 0.000115 0
1041 279 1056 319 0.000114 0
752 64 769 72 0.000114 0
1010 216 1094 335 0.000113 0
1132 273 1147 344 0.000112 0
817 459 832 473 0.000111 0
684 64 781 119 0.000110 0
400 184 409 202 0.000110 0
1166 328 1175 340 0.000106 0
1135 328 1145 360 0.000106 0
1264 78 1279 173 0.000105 0
1183 498 1207 511 0.000105 0
957 66 1009 171 0.000104 0
1167 380 1179 392 0.000103 0
924 442 936 459 0.000103 0
926 231 968 293 0.000103 0
1263 310 1279 514 0.000102 0
755 233 805 283 0.534823 1
922 218 965 262 0.478204 1
1097 218 1132 265 0.461322 1
866 221 936 275 0.294333 1
914 253 935 277 0.013626 1
885 222 900 264 0.010770 1
867 239 886 271 0.008124 1
891 215 928 243 0.001556 1
766 223 784 262 0.001248 1
788 249 822 280 0.001222 1
1093 226 1106 264 0.001080 1
1087 224 1097 248 0.001019 1
907 267 944 297 0.000978 1
931 273 960 304 0.000799 1
808 255 818 274 0.000742 1
634 208 809 284 0.000424 1
873 256 919 291 0.000391 1
854 261 1039 310 0.000360 1
220 210 241 263 0.000206 1
955 234 990 261 0.000173 1
1120 217 1137 232 0.000111 1
768 227 853 353 0.000109 1
1006 198 1055 230 0.049959 2
821 329 848 344 0.021535 2
600 199 653 216 0.013536 2
484 199 516 217 0.012758 2
1104 487 1120 495 0.006324 2
1153 270 1279 416 0.006181 2
972 205 994 224 0.005073 2
1258 208 1275 228 0.003195 2
1001 235 1024 254 0.002532 2
1119 488 1135 497 0.002530 2
990 203 1013 226 0.002426 2
1162 270 1215 334 0.002176 2
304 191 313 198 0.002148 2
311 187 323 199 0.001855 2
695 203 724 232 0.001849 2
1071 201 1095 240 0.001593 2
562 201 578 216 0.001223 2
949 204 987 241 0.001166 2
637 206 654 217 0.001127 2
1262 168 1279 181 0.000820 2
558 185 627 216 0.000785 2
387 199 397 206 0.000722 2
1215 168 1279 194 0.000624 2
454 202 465 218 0.000574 2
1180 212 1279 294 0.000528 2
669 184 1262 277 0.000525 2
1263 363 1279 408 0.000474 2
1185 275 1214 285 0.000473 2
1262 237 1279 270 0.000451 2
803 186 855 241 0.000412 2
1221 502 1232 512 0.000376 2
673 208 698 233 0.000371 2
944 199 971 210 0.000367 2
826 280 848 299 0.000357 2
976 221 1002 256 0.000348 2
1150 471 1168 479 0.000322 2
1263 342 1279 373 0.000308 2
1053 193 1078 229 0.000299 2
1094 495 1104 505 0.000279 2
782 328 848 367 0.000268 2
666 454 687 464 0.000260 2
1243 293 1279 376 0.000252 2
247 680 273 703 0.000246 2
862 333 884 343 0.000237 2
1008 465 1024 472 0.000217 2
903 457 913 463 0.000216 2
663 198 692 219 0.000208 2
922 455 938 463 0.000204 2
293 179 307 199 0.000194 2
1056 491 1073 501 0.000187 2
471 188 480 203 0.000183 2
1202 365 1224 411 0.000181 2
511 344 520 349 0.000175 2
1118 199 1171 219 0.000173 2
661 274 688 283 0.000158 2
880 475 897 486 0.000154 2
1071 327 1087 341 0.000150 2
854 252 911 297 0.000146 2
634 378 657 396 0.000140 2
1111 502 1120 509 0.000131 2
1142 340 1198 360 0.000126 2
542 430 565 439 0.000123 2
971 251 988 261 0.000122 2
396 183 910 225 0.000118 2
1215 276 1231 327 0.000117 2
895 472 922 485 0.000116 2
1122 499 1136 508 0.000116 2
1025 314 1055 332 0.000115 2
831 467 871 482 0.000108 2
1042 519 1067 529 0.000103 2
1207 269 1279 315 0.000101 2
480 172 517 217 0.022303 5
866 177 938 216 0.011696 5
1182 172 1279 266 0.005483 5
803 159 857 234 0.002141 5
1262 169 1279 203 0.000542 5
1209 166 1232 226 0.000291 5
1263 78 1279 272 0.000165 5
641 263 1276 466 0.008177 6
1180 168 1279 272 0.004416 6
1145 258 1279 413 0.000845 6
475 162 653 215 0.000651 6
1 65 73 237 0.000557 6
679 183 1257 280 0.000482 6
772 64 984 120 0.000201 6
990 408 1272 473 0.000132 6
702 151 860 233 0.053774 7
866 177 941 258 0.049946 7
1180 168 1279 265 0.004890 7
588 183 655 216 0.002677 7
700 184 729 230 0.001484 7
803 185 854 241 0.001181 7
1259 173 1279 236 0.000491 7
646 201 1131 318 0.000352 7
588 153 753 233 0.000110 7
984 140 1068 235 0.000110 7
1088 150 1102 176 0.549061 9
1088 230 1106 273 0.125403 9
512 151 524 181 0.082887 9
1006 135 1024 174 0.051473 9
365 167 373 188 0.033381 9
373 168 381 184 0.030644 9
449 157 490 171 0.013973 9
979 141 993 167 0.012414 9
998 136 1011 178 0.012273 9
995 138 1001 169 0.010790 9
119 64 160 76 0.008363 9
239 178 246 191 0.007779 9
1181 190 1199 216 0.007525 9
312 149 341 194 0.007215 9
1125 64 1151 75 0.007130 9
965 373 979 391 0.006682 9
1207 167 1215 192 0.006101 9
910 272 928 296 0.004840 9
845 151 859 166 0.004600 9
1132 165 1146 185 0.004475 9
1213 167 1224 185 0.003642 9
895 155 907 175 0.003451 9
1096 132 1106 155 0.003248 9
557 184 566 197 0.002983 9
804 156 857 192 0.002821 9
844 119 856 135 0.002495 9
1200 136 1212 152 0.002425 9
1061 183 1106 290 0.001963 9
587 172 592 184 0.001927 9
959 135 987 163 0.001861 9
992 282 998 299 0.001846 9
222 183 231 191 0.001842 9
1188 165 1201 185 0.001840 9
804 148 813 160 0.001730 9
1052 111 1083 146 0.001669 9
1023 126 1041 161 0.001649 9
832 136 904 166 0.001612 9
1154 162 1168 184 0.001487 9
163 64 181 75 0.001474 9
1230 168 1246 181 0.001375 9
545 141 551 151 0.001352 9
511 178 524 194 0.001257 9
215 183 225 191 0.001225 9
1080 170 1090 183 0.001109 9
257 146 266 159 0.001100 9
698 134 704 152 0.001062 9
864 165 870 182 0.001040 9
681 167 687 181 0.000989 9
990 679 1010 703 0.000976 9
959 160 986 168 0.000965 9
1048 170 1056 183 0.000955 9
879 155 891 168 0.000930 9
1143 166 1153 186 0.000913 9
1050 120 1061 135 0.000907 9
1172 150 1182 162 0.000870 9
908 137 937 152 0.000834 9
999 125 1006 136 0.000801 9
1199 383 1209 415 0.000764 9
463 184 477 201 0.000737 9
1171 141 1183 152 0.000729 9
1078 135 1090 148 0.000697 9
597 134 605 142 0.000693 9
988 124 997 158 0.000683 9
1224 166 1232 181 0.000658 9
1005 129 1104 186 0.000651 9
586 117 597 132 0.000645 9
653 128 660 143 0.000639 9
1199 134 1219 196 0.000628 9
1102 166 1132 187 0.000577 9
657 152 671 174 0.000575 9
905 126 912 137 0.000541 9
1073 149 1082 168 0.000495 9
861 111 869 118 0.000488 9
1180 160 1230 223 0.000486 9
688 119 702 179 0.000484 9
1215 64 1232 105 0.000468 9
171 64 201 89 0.000439 9
951 345 960 373 0.000436 9
963 171 977 187 0.000436 9
928 159 994 201 0.000424 9
595 64 625 90 0.000408 9
1107 148 1120 168 0.000404 9
870 118 879 135 0.000399 9
1086 133 1137 183 0.000383 9
999 175 1007 192 0.000379 9
697 151 705 177 0.000374 9
515 167 546 183 0.000374 9
1209 131 1233 169 0.000365 9
1127 165 1156 215 0.000358 9
1045 155 1058 168 0.000354 9
960 344 967 360 0.000341 9
590 175 599 186 0.000337 9
958 337 989 392 0.000334 9
863 118 871 136 0.000303 9
975 188 981 200 0.000303 9
831 136 853 153 0.000293 9
1055 166 1063 187 0.000288 9
1248 345 1262 362 0.000275 9
549 141 564 150 0.000273 9
544 168 552 176 0.000273 9
942 130 955 150 0.000273 9
944 129 952 137 0.000269 9
508 167 581 204 0.000253 9
121 164 128 174 0.000252 9
964 124 982 136 0.000250 9
1063 105 1074 130 0.000234 9
544 160 580 183 0.000232 9
429 223 438 230 0.000226 9
990 121 997 133 0.000224 9
511 144 524 153 0.000224 9
832 117 842 135 0.000221 9
801 153 815 191 0.000220 9
340 165 351 189 0.000217 9
1041 129 1063 160 0.000216 9
1056 154 1064 167 0.000215 9
581 64 595 71 0.000214 9
321 92 330 116 0.000210 9
1147 101 1189 159 0.000203 9
265 216 275 232 0.000199 9
1051 183 1062 197 0.000199 9
663 118 670 142 0.000198 9
255 111 267 129 0.000185 9
1086 182 1098 203 0.000171 9
713 133 720 155 0.000167 9
493 144 516 152 0.000164 9
215 164 224 177 0.000161 9
257 180 262 191 0.000160 9
1217 156 1250 189 0.000155 9
248 178 256 191 0.000153 9
1176 213 1186 222 0.000153 9
813 141 823 157 0.000151 9
1167 135 1207 188 0.000149 9
680 173 689 213 0.000146 9
1264 79 1279 120 0.000143 9
1111 130 1127 159 0.000142 9
432 171 445 194 0.000142 9
218 183 233 212 0.000141 9
1135 327 1146 347 0.000141 9
991 280 1007 329 0.000138 9
656 162 692 213 0.000134 9
992 171 1002 200 0.000131 9
963 71 976 86 0.000130 9
694 180 703 207 0.000129 9
1072 154 1091 193 0.000129 9
1166 115 1203 136 0.000122 9
575 136 581 143 0.000121 9
95 169 104 176 0.000121 9
1151 126 1160 135 0.000121 9
663 183 671 203 0.000119 9
1134 135 1156 155 0.000118 9
1037 182 1062 212 0.000118 9
240 166 248 178 0.000117 9
911 132 1208 264 0.000115 9
671 329 679 344 0.000114 9
625 116 631 129 0.000113 9
576 65 671 213 0.000112 9
1122 137 1182 190 0.000110 9
680 143 689 163 0.000108 9
376 161 409 185 0.000106 9
939 151 962 170 0.000106 9
587 156 632 190 0.000105 9
373 149 382 164 0.000104 9
870 164 880 178 0.000101 9
1181 191 1199 216 0.027362 11
523 183 536 197 0.018964 11
325 110 366 164 0.011919 11
312 149 341 194 0.005837 11
517 190 526 200 0.004362 11
449 157 491 171 0.001240 11
46 64 72 121 0.000834 11
