1124 202 1150 255 0.636385 0
749 198 780 272 0.553198 0
539 187 575 278 0.382937 0
877 191 923 264 0.370124 0
844 185 857 266 0.219099 0
872 192 895 223 0.157990 0
1105 194 1115 217 0.069704 0
1036 194 1050 229 0.068070 0
718 210 728 235 0.042974 0
1167 200 1176 222 0.036585 0
895 191 911 220 0.036524 0
222 200 235 238 0.025163 0
1112 196 1118 213 0.010574 0
1098 198 1107 216 0.009860 0
632 202 644 216 0.009810 0
787 198 793 213 0.009564 0
1101 216 1120 253 0.007192 0
864 211 874 233 0.007082 0
470 203 478 217 0.006344 0
1142 208 1150 225 0.005958 0
863 213 883 268 0.005806 0
1216 189 1228 233 0.005682 0
937 203 944 215 0.005466 0
1264 193 1279 223 0.004771 0
612 150 635 169 0.004712 0
913 202 934 251 0.003285 0
1231 168 1246 181 0.002735 0
1089 198 1096 211 0.002507 0
693 207 703 231 0.002091 0
926 202 945 238 0.001963 0
862 438 880 479 0.001929 0
1251 202 1264 232 0.001858 0
814 209 826 222 0.001640 0
244 196 255 214 0.001456 0
1072 480 1081 503 0.001387 0
515 192 526 208 0.001333 0
641 206 654 216 0.001331 0
1060 211 1086 243 0.001207 0
681 199 690 216 0.001121 0
1090 189 1107 239 0.001118 0
964 373 980 391 0.001068 0
751 452 768 472 0.001018 0
848 467 865 479 0.000911 0
915 473 927 487 0.000848 0
992 457 998 464 0.000757 0
670 208 679 231 0.000744 0
1013 456 1024 466 0.000672 0
597 150 643 201 0.000614 0
459 202 469 216 0.000602 0
653 194 663 217 0.000594 0
375 185 386 202 0.000585 0
776 197 790 217 0.000571 0
956 175 1190 259 0.000528 0
1056 488 1066 496 0.000477 0
216 197 224 225 0.000438 0
1136 447 1143 458 0.000428 0
1166 186 1194 221 0.000409 0
786 197 800 236 0.000405 0
840 224 903 296 0.000398 0
785 330 812 390 0.000383 0
848 433 933 487 0.000375 0
526 232 538 251 0.000363 0
1259 207 1279 265 0.000355 0
1187 212 1206 235 0.000345 0
948 345 963 390 0.000322 0
1057 202 1111 295 0.000319 0
1000 386 1023 408 0.000309 0
1219 167 1266 227 0.000308 0
799 439 816 473 0.000292 0
1127 445 1134 459 0.000288 0
266 196 272 211 0.000264 0
796 186 833 236 0.000244 0
956 371 979 433 0.000242 0
1094 496 1104 507 0.000238 0
1197 383 1206 401 0.000234 0
879 439 904 457 0.000231 0
660 189 672 217 0.000197 0
832 470 840 486 0.000193 0
626 200 666 233 0.000188 0
1025 277 1039 295 0.000165 0
764 267 852 345 0.000162 0
1040 279 1057 310 0.000160 0
1180 344 1195 358 0.000159 0
973 189 983 202 0.000158 0
925 446 935 459 0.000142 0
1214 395 1230 427 0.000142 0
183 197 190 214 0.000142 0
1040 455 1048 464 0.000142 0
232 191 256 242 0.000141 0
743 150 752 157 0.000141 0
331 179 859 277 0.000139 0
1200 406 1214 415 0.000139 0
513 196 530 247 0.000136 0
1076 332 1088 360 0.000134 0
351 191 358 199 0.000129 0
159 201 177 227 0.000129 0
955 348 991 392 0.000123 0
583 64 643 167 0.000121 0
989 351 1004 385 0.000119 0
575 78 584 97 0.000117 0
1263 276 1279 510 0.000115 0
911 454 932 484 0.000115 0
708 201 759 235 0.000114 0
630 378 658 396 0.000110 0
320 203 330 219 0.000105 0
1234 407 1256 428 0.000102 0
1121 230 1154 263 0.777994 1
737 225 774 288 0.396404 1
879 214 934 276 0.346079 1
1102 217 1120 253 0.120898 1
845 223 890 271 0.015514 1
876 239 896 276 0.007800 1
761 246 811 283 0.007519 1
1067 215 1098 245 0.006899 1
916 203 961 270 0.006307 1
891 248 910 288 0.003568 1
920 250 960 304 0.002836 1
921 238 934 261 0.002389 1
1089 217 1106 278 0.001223 1
946 277 960 305 0.001092 1
909 259 928 296 0.000728 1
546 254 576 280 0.000246 1
741 222 759 243 0.000191 1
1099 221 1236 265 0.000146 1
1149 231 1161 247 0.000110 1
984 198 1051 230 0.301458 2
484 199 516 217 0.040817 2
528 201 545 217 0.038064 2
865 177 982 251 0.025921 2
622 195 655 213 0.017259 2
1009 198 1036 210 0.013002 2
693 204 728 235 0.007379 2
1071 201 1101 230 0.006828 2
591 183 622 201 0.006187 2
965 204 987 222 0.006054 2
1261 194 1279 224 0.005914 2
921 197 954 207 0.005232 2
821 328 848 344 0.004970 2
981 205 1001 227 0.004061 2
1063 196 1090 212 0.002997 2
1104 487 1116 495 0.002379 2
1003 234 1025 249 0.002248 2
304 191 313 198 0.002235 2
1120 489 1135 497 0.001997 2
1225 167 1279 181 0.001643 2
589 200 629 215 0.001453 2
311 187 323 199 0.001102 2
1159 200 1176 222 0.001028 2
475 204 487 217 0.000979 2
680 199 690 215 0.000883 2
970 221 996 253 0.000853 2
1165 272 1279 418 0.000840 2
1223 175 1279 232 0.000834 2
803 185 853 225 0.000745 2
293 178 309 198 0.000732 2
842 222 1217 253 0.000725 2
623 182 646 200 0.000689 2
1052 212 1067 230 0.000686 2
674 209 700 234 0.000650 2
158 204 177 228 0.000599 2
631 379 658 396 0.000594 2
827 264 857 281 0.000568 2
491 181 553 222 0.000532 2
539 201 571 223 0.000443 2
651 186 670 216 0.000425 2
921 202 957 242 0.000417 2
1165 270 1212 329 0.000384 2
598 158 659 210 0.000361 2
911 237 960 272 0.000321 2
1183 218 1275 256 0.000315 2
443 183 823 220 0.000299 2
457 203 465 216 0.000290 2
1264 291 1279 413 0.000287 2
599 463 608 471 0.000283 2
1260 249 1279 268 0.000267 2
470 188 480 203 0.000262 2
0 395 16 410 0.000251 2
1263 279 1279 295 0.000237 2
982 248 993 256 0.000228 2
666 453 688 464 0.000225 2
902 457 913 463 0.000219 2
1029 482 1068 497 0.000212 2
1136 183 1195 223 0.000212 2
1168 256 1279 294 0.000210 2
1177 380 1184 392 0.000210 2
1222 503 1232 511 0.000206 2
126 204 138 217 0.000206 2
1197 372 1259 426 0.000200 2
1180 273 1200 282 0.000190 2
989 248 1007 261 0.000183 2
827 282 852 299 0.000180 2
555 179 578 202 0.000179 2
387 198 397 206 0.000177 2
495 239 534 252 0.000176 2
972 252 988 262 0.000160 2
832 476 840 486 0.000159 2
880 440 904 456 0.000150 2
329 180 642 278 0.000146 2
1005 182 1080 209 0.000131 2
743 196 821 281 0.000118 2
1203 408 1216 416 0.000117 2
921 455 937 463 0.000115 2
1179 494 1239 513 0.000111 2
704 116 1252 253 0.000107 2
946 205 1047 285 0.000101 2
1184 166 1279 267 0.007541 5
480 173 517 217 0.006265 5
866 177 937 221 0.001507 5
1209 165 1237 231 0.000753 5
444 156 525 186 0.000109 5
642 270 1277 400 0.010133 6
1182 165 1279 272 0.007111 6
1167 274 1279 419 0.000755 6
8 64 518 385 0.000501 6
596 70 951 237 0.000491 6
967 277 1214 335 0.000451 6
1 65 74 251 0.000366 6
470 153 646 213 0.000202 6
578 64 673 207 0.000163 6
1102 168 1237 219 0.000123 6
118 64 201 91 0.000102 6
865 177 954 222 0.171158 7
699 151 957 238 0.048596 7
703 152 859 236 0.029540 7
1184 168 1279 268 0.006684 7
591 183 622 201 0.003264 7
802 171 857 221 0.001998 7
589 150 646 202 0.000708 7
602 151 746 234 0.000621 7
835 203 963 283 0.000462 7
723 216 1240 305 0.000305 7
483 168 632 219 0.000264 7
700 184 729 225 0.000217 7
1010 182 1065 228 0.000181 7
433 153 944 288 0.000170 7
1089 150 1103 176 0.534785 9
512 151 524 183 0.164815 9
1181 189 1199 216 0.027084 9
1008 136 1024 173 0.026250 9
366 167 374 188 0.024586 9
845 182 858 218 0.016643 9
839 151 858 165 0.014100 9
995 140 1001 167 0.013815 9
373 167 381 185 0.013743 9
119 64 160 74 0.009835 9
1207 168 1215 195 0.007701 9
449 157 490 171 0.007402 9
313 149 340 194 0.006588 9
511 190 523 204 0.006514 9
1130 64 1151 72 0.006163 9
587 173 592 185 0.005153 9
965 72 976 90 0.004375 9
809 161 857 180 0.004182 9
1097 133 1104 151 0.004169 9
1213 167 1224 189 0.004050 9
999 137 1010 177 0.003636 9
804 148 811 157 0.003282 9
522 183 537 197 0.003149 9
1055 111 1083 144 0.002923 9
1232 169 1246 181 0.002663 9
239 177 247 189 0.002653 9
984 140 994 159 0.002597 9
943 80 960 93 0.002388 9
864 440 877 455 0.002294 9
1120 64 1134 74 0.002192 9
1088 196 1104 279 0.002044 9
1080 174 1089 182 0.002015 9
655 151 671 174 0.001981 9
1050 120 1061 135 0.001957 9
813 150 825 161 0.001850 9
830 135 897 167 0.001727 9
842 119 857 135 0.001690 9
556 183 568 200 0.001677 9
1192 164 1201 184 0.001664 9
801 155 811 184 0.001439 9
1216 191 1223 204 0.001390 9
1000 125 1006 134 0.001335 9
862 112 869 118 0.001318 9
1154 165 1167 184 0.001276 9
1064 105 1072 118 0.001224 9
832 118 839 135 0.001219 9
586 117 598 135 0.001189 9
1007 70 1017 88 0.001129 9
257 147 265 159 0.001093 9
1200 136 1208 153 0.001072 9
1224 165 1232 181 0.001058 9
165 64 177 76 0.000962 9
1023 151 1040 159 0.000935 9
689 119 705 152 0.000880 9
862 116 870 136 0.000809 9
532 170 574 208 0.000774 9
905 127 912 137 0.000717 9
1112 104 1120 120 0.000683 9
879 156 892 168 0.000679 9
884 136 937 153 0.000671 9
1104 105 1111 119 0.000658 9
863 165 870 180 0.000648 9
1000 167 1007 184 0.000637 9
521 171 547 184 0.000633 9
581 64 595 71 0.000617 9
1172 149 1182 162 0.000593 9
1116 164 1155 209 0.000577 9
1215 64 1232 89 0.000563 9
1180 160 1228 228 0.000527 9
447 152 542 196 0.000507 9
1087 183 1098 203 0.000478 9
831 135 853 152 0.000474 9
1107 152 1118 169 0.000470 9
1272 692 1279 704 0.000458 9
1070 64 1078 69 0.000452 9
1073 150 1082 166 0.000452 9
463 185 478 202 0.000451 9
545 141 552 151 0.000447 9
960 136 983 162 0.000444 9
1196 151 1211 189 0.000442 9
851 89 859 106 0.000440 9
694 177 703 200 0.000438 9
322 92 331 118 0.000435 9
1196 384 1207 403 0.000432 9
593 64 639 92 0.000422 9
1025 122 1104 196 0.000410 9
1087 134 1132 186 0.000398 9
223 183 231 191 0.000374 9
680 166 688 183 0.000363 9
680 149 689 166 0.000353 9
1263 79 1279 104 0.000349 9
1018 96 1041 165 0.000344 9
1047 158 1056 168 0.000340 9
1115 176 1129 186 0.000332 9
215 183 224 191 0.000318 9
400 84 410 96 0.000310 9
894 155 907 176 0.000306 9
869 166 898 178 0.000299 9
117 64 198 92 0.000291 9
1264 695 1273 703 0.000289 9
991 282 998 294 0.000286 9
335 161 350 194 0.000280 9
697 142 706 174 0.000271 9
579 64 596 92 0.000257 9
1065 64 1148 75 0.000254 9
833 173 935 232 0.000246 9
1022 155 1058 169 0.000246 9
1055 64 1063 72 0.000243 9
959 159 990 168 0.000237 9
644 152 697 214 0.000224 9
983 123 993 142 0.000216 9
681 124 690 152 0.000215 9
826 119 833 134 0.000215 9
870 119 879 135 0.000213 9
589 176 604 191 0.000211 9
606 150 669 182 0.000200 9
1184 379 1215 416 0.000194 9
633 166 659 188 0.000187 9
895 120 904 137 0.000178 9
999 180 1007 193 0.000175 9
975 166 992 184 0.000172 9
255 111 266 129 0.000167 9
625 118 631 129 0.000163 9
1207 146 1227 178 0.000157 9
683 167 700 212 0.000152 9
651 127 662 144 0.000147 9
1072 152 1091 196 0.000145 9
678 64 692 69 0.000145 9
257 180 263 191 0.000142 9
969 123 982 136 0.000142 9
637 135 660 165 0.000141 9
568 162 581 181 0.000138 9
1008 166 1065 207 0.000136 9
549 141 565 151 0.000134 9
1056 154 1064 167 0.000132 9
1077 333 1089 364 0.000132 9
960 64 1015 96 0.000128 9
375 184 392 201 0.000128 9
624 64 639 78 0.000126 9
1039 123 1063 166 0.000126 9
352 166 365 189 0.000124 9
1079 135 1092 146 0.000123 9
1126 157 1135 167 0.000123 9
320 64 364 110 0.000122 9
703 161 712 179 0.000122 9
678 89 712 228 0.000121 9
1218 109 1232 136 0.000119 9
659 120 671 148 0.000117 9
926 71 934 88 0.000113 9
679 64 703 111 0.000112 9
592 69 652 167 0.000111 9
704 79 721 94 0.000110 9
1130 183 1196 218 0.000109 9
240 165 248 177 0.000107 9
1161 138 1186 173 0.000106 9
1233 197 1256 233 0.120825 11
312 149 340 194 0.030481 11
523 183 536 197 0.028846 11
325 110 366 164 0.023449 11
1182 190 1199 216 0.014533 11
1055 112 1082 145 0.009112 11
517 191 526 200 0.007009 11
448 157 491 171 0.001355 11
320 64 359 102 0.000153 11
