1015 190 1045 261 0.790643 0
766 187 789 269 0.777398 0
495 187 516 257 0.681111 0
663 191 691 254 0.575095 0
819 201 852 274 0.543415 0
1173 182 1200 242 0.466136 0
235 202 249 240 0.332939 0
1004 200 1018 248 0.182963 0
677 192 694 216 0.047007 0
645 192 658 214 0.034111 0
471 199 480 217 0.031916 0
246 196 256 214 0.027447 0
848 200 857 223 0.022697 0
718 212 728 234 0.010273 0
1228 197 1256 260 0.009314 0
633 202 644 216 0.009126 0
213 200 225 238 0.007977 0
1216 190 1228 234 0.006559 0
845 198 865 279 0.006122 0
273 199 284 232 0.005833 0
512 192 524 247 0.005203 0
786 197 795 212 0.004801 0
517 191 525 201 0.004620 0
1273 200 1279 251 0.003998 0
936 202 944 216 0.003396 0
637 185 647 207 0.002947 0
1264 695 1279 703 0.002668 0
1038 214 1052 250 0.002582 0
691 206 704 232 0.002467 0
1113 194 1120 203 0.002409 0
541 195 552 217 0.002041 0
311 186 323 199 0.001966 0
387 199 396 206 0.001588 0
553 194 572 216 0.001575 0
1016 192 1027 220 0.001495 0
577 185 581 202 0.001366 0
533 202 545 217 0.001269 0
266 196 273 215 0.001033 0
558 184 566 197 0.000990 0
375 185 386 201 0.000940 0
981 201 1005 235 0.000914 0
873 201 907 243 0.000897 0
1209 168 1221 205 0.000890 0
325 190 338 199 0.000818 0
815 213 829 244 0.000817 0
319 204 331 227 0.000795 0
866 208 874 231 0.000688 0
184 198 191 207 0.000684 0
660 203 673 225 0.000680 0
462 183 480 269 0.000624 0
640 190 817 269 0.000538 0
1263 488 1279 526 0.000530 0
613 191 628 207 0.000514 0
438 212 443 218 0.000500 0
352 192 363 200 0.000478 0
926 202 946 247 0.000472 0
1224 167 1238 181 0.000466 0
767 189 778 217 0.000444 0
1025 190 1040 216 0.000434 0
346 188 353 199 0.000409 0
942 465 975 500 0.000348 0
571 191 584 216 0.000306 0
1183 167 1199 186 0.000297 0
22 216 42 255 0.000297 0
1262 169 1279 201 0.000291 0
434 186 538 271 0.000279 0
265 209 276 232 0.000249 0
1046 228 1073 264 0.000238 0
1263 77 1279 264 0.000223 0
1088 187 1097 209 0.000221 0
199 207 208 222 0.000219 0
909 182 1081 257 0.000219 0
969 457 1014 492 0.000217 0
1195 383 1206 400 0.000216 0
33 214 41 228 0.000215 0
1213 214 1237 267 0.000205 0
785 198 802 239 0.000205 0
321 185 758 296 0.000202 0
105 242 130 264 0.000189 0
400 184 410 203 0.000186 0
1164 165 1265 256 0.000185 0
457 202 465 216 0.000171 0
1178 696 1191 703 0.000167 0
1274 156 1279 178 0.000166 0
949 246 958 254 0.000163 0
671 184 679 203 0.000141 0
233 193 292 239 0.000129 0
76 64 169 74 0.000126 0
716 132 1258 270 0.000121 0
1231 677 1261 703 0.000120 0
1120 312 1130 341 0.000120 0
1167 379 1180 394 0.000112 0
174 201 188 215 0.000111 0
950 273 959 293 0.000108 0
430 224 438 231 0.000107 0
216 180 235 213 0.000107 0
1156 682 1190 703 0.000103 0
1165 214 1199 253 0.691005 1
647 216 701 256 0.605574 1
984 223 1031 266 0.417790 1
798 257 830 281 0.030573 1
1041 232 1054 260 0.007432 1
703 209 728 235 0.007432 1
816 249 860 280 0.006156 1
1018 222 1047 261 0.004511 1
1068 215 1093 244 0.002440 1
847 254 857 280 0.001828 1
1161 194 1280 258 0.001215 1
846 208 865 280 0.001046 1
521 231 538 247 0.000745 1
1043 215 1077 260 0.000586 1
559 201 575 216 0.000504 1
972 216 1001 251 0.000497 1
762 233 841 282 0.000493 1
1207 212 1229 238 0.000314 1
845 260 897 282 0.000290 1
1055 252 1065 264 0.000285 1
528 204 706 275 0.000262 1
750 205 836 285 0.000216 1
975 241 991 255 0.000214 1
42 234 73 256 0.000208 1
1192 216 1209 241 0.000207 1
1134 226 1176 250 0.000197 1
640 264 983 306 0.000145 1
854 196 1045 269 0.000125 1
376 644 447 703 0.000101 1
313 306 639 702 0.926543 2
320 305 959 481 0.439038 2
642 300 1279 438 0.034233 2
605 201 645 216 0.017724 2
323 296 958 324 0.015947 2
1271 199 1279 240 0.011455 2
982 207 1000 236 0.010204 2
696 202 728 234 0.009642 2
972 208 987 242 0.004303 2
1246 199 1279 267 0.002806 2
1070 215 1092 244 0.002447 2
372 585 513 703 0.002426 2
1155 673 1278 703 0.002060 2
589 191 618 213 0.002010 2
1098 221 1125 248 0.001668 2
471 189 480 204 0.001646 2
1038 207 1051 216 0.001633 2
527 198 548 217 0.001611 2
1102 196 1121 209 0.001057 2
905 201 986 247 0.000981 2
1219 179 1279 214 0.000944 2
551 199 572 216 0.000903 2
305 191 314 198 0.000886 2
1043 214 1066 235 0.000870 2
1069 195 1089 211 0.000773 2
343 163 957 320 0.000768 2
1109 215 1153 229 0.000703 2
1249 216 1267 235 0.000656 2
6 339 597 441 0.000636 2
1119 184 1194 221 0.000618 2
1264 691 1279 703 0.000563 2
1008 196 1085 250 0.000519 2
1083 185 1096 198 0.000500 2
483 203 499 217 0.000488 2
1263 168 1279 183 0.000395 2
948 457 1015 494 0.000380 2
319 203 331 231 0.000352 2
1214 232 1226 261 0.000349 2
1263 350 1279 375 0.000346 2
931 200 954 206 0.000326 2
492 184 760 220 0.000280 2
407 664 449 703 0.000257 2
869 200 929 243 0.000248 2
1124 488 1279 528 0.000243 2
174 205 189 216 0.000241 2
712 199 776 235 0.000231 2
293 178 307 199 0.000228 2
444 183 481 208 0.000221 2
525 205 706 256 0.000202 2
1067 196 1129 236 0.000193 2
353 192 367 200 0.000181 2
1215 440 1231 461 0.000180 2
1090 170 1122 208 0.000169 2
1263 489 1279 517 0.000166 2
356 217 368 228 0.000138 2
799 178 979 291 0.000128 2
649 272 995 341 0.000127 2
802 199 825 238 0.000126 2
865 211 883 242 0.000120 2
481 173 519 201 0.000117 2
0 397 30 421 0.000116 2
874 179 949 208 0.000108 2
353 317 393 345 0.000100 2
480 171 575 212 0.004700 5
1217 167 1279 236 0.003653 5
804 161 859 226 0.000858 5
783 163 1271 263 0.000162 5
640 301 1278 446 0.095248 6
480 172 578 208 0.006754 6
7 66 528 404 0.004963 6
1114 168 1279 264 0.001482 6
1 65 71 264 0.000779 6
586 151 846 222 0.000352 6
640 266 983 307 0.000347 6
864 191 1077 262 0.000262 6
865 177 953 240 0.206263 7
710 152 860 237 0.022761 7
1216 175 1279 266 0.006155 7
2 67 599 405 0.004934 7
480 171 576 209 0.002791 7
1114 174 1243 248 0.001953 7
402 162 955 309 0.001287 7
686 176 1248 265 0.001025 7
701 184 730 225 0.000299 7
1094 164 1157 217 0.000189 7
6 281 604 684 0.000114 7
1089 150 1103 176 0.560087 9
512 152 524 179 0.307531 9
239 177 247 190 0.040561 9
1013 137 1024 169 0.026597 9
449 157 490 171 0.026108 9
366 167 374 186 0.021160 9
373 168 381 183 0.015860 9
312 149 341 193 0.013724 9
587 172 593 185 0.011906 9
658 153 671 174 0.010228 9
119 64 129 71 0.009942 9
995 138 1002 171 0.009547 9
1225 165 1232 180 0.009278 9
1233 167 1245 181 0.008128 9
1207 169 1215 197 0.007494 9
222 183 231 193 0.007301 9
1125 64 1153 75 0.006941 9
118 64 180 75 0.006888 9
215 183 224 191 0.004407 9
839 151 859 166 0.003545 9
639 160 645 167 0.003104 9
217 166 226 179 0.002746 9
605 172 615 184 0.002458 9
448 64 463 72 0.002399 9
581 64 595 71 0.002388 9
1096 134 1107 167 0.002264 9
681 169 688 184 0.002166 9
840 119 865 136 0.002115 9
1211 167 1225 200 0.002034 9
222 168 232 176 0.002005 9
1053 112 1082 146 0.001628 9
1263 170 1275 181 0.001517 9
808 162 858 181 0.001506 9
610 150 626 168 0.001449 9
1200 136 1215 152 0.001253 9
595 64 624 91 0.001182 9
587 165 622 186 0.001157 9
1050 120 1059 135 0.001111 9
259 167 271 179 0.001107 9
653 127 660 143 0.001096 9
257 149 265 161 0.001091 9
1080 172 1089 183 0.001049 9
1200 150 1210 172 0.000960 9
1154 164 1168 184 0.000942 9
361 148 374 167 0.000936 9
803 149 813 159 0.000922 9
573 164 581 177 0.000918 9
861 137 938 153 0.000858 9
340 164 351 188 0.000855 9
999 125 1007 135 0.000837 9
543 168 552 177 0.000788 9
698 136 704 152 0.000772 9
451 151 574 198 0.000752 9
169 64 184 73 0.000724 9
1185 166 1200 185 0.000711 9
974 188 981 200 0.000696 9
540 182 555 201 0.000691 9
638 163 650 183 0.000659 9
596 146 610 164 0.000656 9
240 162 248 177 0.000643 9
650 161 659 175 0.000627 9
552 173 567 197 0.000620 9
639 152 650 166 0.000608 9
401 86 408 96 0.000587 9
834 135 881 166 0.000584 9
256 174 264 183 0.000552 9
1264 79 1279 109 0.000548 9
1004 130 1105 182 0.000541 9
111 151 127 164 0.000509 9
514 176 544 196 0.000496 9
687 170 694 185 0.000476 9
248 177 257 191 0.000469 9
257 179 263 191 0.000444 9
1221 166 1277 183 0.000439 9
79 64 134 72 0.000426 9
170 64 200 90 0.000416 9
480 173 520 197 0.000387 9
701 64 721 99 0.000380 9
904 127 912 138 0.000377 9
1148 102 1185 136 0.000376 9
687 77 699 119 0.000366 9
624 180 635 198 0.000357 9
878 153 895 170 0.000356 9
374 184 392 201 0.000354 9
621 64 640 92 0.000339 9
1105 151 1118 171 0.000334 9
687 120 703 179 0.000319 9
635 152 675 202 0.000311 9
598 91 625 144 0.000306 9
811 150 841 161 0.000306 9
870 119 879 135 0.000302 9
209 167 219 177 0.000300 9
697 151 706 176 0.000284 9
294 177 307 198 0.000278 9
687 94 693 109 0.000277 9
1073 135 1098 178 0.000263 9
864 165 870 180 0.000261 9
95 152 104 172 0.000257 9
1048 156 1056 167 0.000257 9
559 64 578 85 0.000256 9
998 138 1008 183 0.000252 9
231 161 241 176 0.000252 9
573 64 597 91 0.000250 9
95 168 103 176 0.000248 9
1055 152 1064 165 0.000246 9
545 141 552 151 0.000238 9
663 183 671 203 0.000231 9
371 148 385 171 0.000229 9
533 190 546 203 0.000229 9
896 167 904 177 0.000226 9
807 142 1245 245 0.000214 9
586 117 597 133 0.000212 9
712 64 776 72 0.000207 9
981 139 994 166 0.000206 9
311 65 433 209 0.000196 9
431 171 445 194 0.000193 9
247 161 257 173 0.000186 9
1019 145 1040 162 0.000185 9
663 119 671 148 0.000181 9
577 65 672 213 0.000171 9
863 76 871 88 0.000157 9
1103 164 1178 186 0.000156 9
1062 104 1073 119 0.000155 9
1202 86 1215 121 0.000149 9
1072 148 1083 168 0.000148 9
659 166 691 193 0.000148 9
976 168 992 184 0.000147 9
1023 87 1041 122 0.000144 9
693 176 704 190 0.000142 9
451 165 484 195 0.000136 9
209 180 229 199 0.000134 9
400 184 410 203 0.000132 9
989 117 1028 174 0.000132 9
1171 148 1183 163 0.000131 9
351 162 366 189 0.000129 9
1122 64 1227 84 0.000128 9
566 145 578 161 0.000124 9
702 134 730 154 0.000121 9
1054 103 1064 130 0.000118 9
1188 138 1201 152 0.000117 9
680 95 692 120 0.000115 9
801 156 816 188 0.000106 9
256 64 273 82 0.000105 9
523 183 536 197 0.030248 11
1231 198 1256 233 0.022454 11
324 110 366 164 0.021863 11
1054 113 1082 146 0.008956 11
517 191 527 200 0.005222 11
