753 189 785 271 0.755175 0
1026 191 1053 262 0.706165 0
489 188 512 258 0.682643 0
652 190 678 253 0.601628 0
991 190 1017 262 0.569004 0
836 198 881 280 0.421190 0
237 203 250 240 0.372446 0
1165 196 1185 243 0.259785 0
471 200 479 217 0.053574 0
782 197 795 237 0.033339 0
247 197 255 215 0.021458 0
718 212 728 235 0.014415 0
648 192 656 211 0.010900 0
683 193 693 215 0.010729 0
633 202 644 216 0.009559 0
273 199 284 232 0.008745 0
213 201 225 237 0.008001 0
1047 212 1080 264 0.007879 0
517 191 525 201 0.007248 0
681 197 704 237 0.005374 0
1178 216 1189 243 0.004174 0
510 196 518 216 0.003526 0
1227 198 1257 260 0.003249 0
541 196 552 218 0.003233 0
1216 191 1228 233 0.003030 0
387 199 396 206 0.002995 0
1042 203 1057 239 0.002915 0
311 186 323 199 0.002849 0
820 215 842 240 0.002588 0
839 230 854 254 0.002565 0
265 197 277 232 0.002175 0
1113 194 1120 203 0.002093 0
375 185 386 201 0.001959 0
480 202 490 217 0.001694 0
460 203 467 215 0.001581 0
637 188 650 211 0.001551 0
439 212 443 218 0.001546 0
936 202 943 216 0.001525 0
1177 185 1200 216 0.001475 0
466 199 479 258 0.001473 0
515 194 529 244 0.001394 0
492 457 551 536 0.001387 0
1272 201 1279 268 0.001368 0
576 185 581 202 0.001363 0
1262 170 1276 181 0.001295 0
325 189 339 199 0.001286 0
533 202 543 218 0.001281 0
845 183 857 224 0.001237 0
305 191 314 199 0.001223 0
888 201 903 236 0.001166 0
610 152 624 168 0.001099 0
464 202 474 216 0.001013 0
612 192 795 269 0.001005 0
553 196 572 216 0.001004 0
1209 169 1218 200 0.000913 0
670 193 682 218 0.000897 0
346 189 353 199 0.000863 0
184 198 191 206 0.000787 0
352 192 363 200 0.000779 0
557 184 569 200 0.000706 0
319 204 331 224 0.000677 0
1249 219 1266 235 0.000635 0
1193 212 1206 231 0.000561 0
621 695 655 703 0.000530 0
400 184 409 203 0.000512 0
972 168 992 211 0.000481 0
664 184 671 197 0.000473 0
1206 212 1230 254 0.000468 0
1221 167 1242 186 0.000464 0
199 208 207 222 0.000462 0
33 214 40 228 0.000391 0
567 184 579 214 0.000360 0
866 207 876 232 0.000355 0
878 206 890 233 0.000303 0
24 215 42 255 0.000292 0
949 246 958 254 0.000258 0
606 632 673 703 0.000250 0
1119 312 1130 332 0.000235 0
924 202 946 248 0.000226 0
1057 198 1078 230 0.000214 0
454 443 524 650 0.000213 0
1088 188 1097 209 0.000207 0
1274 156 1279 175 0.000207 0
761 190 776 224 0.000206 0
193 200 263 244 0.000197 0
476 186 594 263 0.000183 0
325 165 352 199 0.000182 0
0 64 19 205 0.000168 0
367 207 377 218 0.000164 0
1178 164 1224 254 0.000155 0
866 176 1075 259 0.000153 0
216 180 233 204 0.000138 0
102 252 114 299 0.000138 0
522 495 551 526 0.000132 0
103 253 113 264 0.000130 0
861 226 890 255 0.000122 0
391 199 409 206 0.000120 0
426 149 947 437 0.000119 0
74 64 171 75 0.000118 0
67 171 73 183 0.000118 0
577 682 655 703 0.000117 0
587 695 611 703 0.000117 0
509 668 555 703 0.000116 0
796 189 831 238 0.000106 0
105 244 130 264 0.000104 0
633 216 686 257 0.844136 1
976 226 1020 264 0.661140 1
819 241 904 285 0.406716 1
1022 219 1080 267 0.308458 1
1158 215 1190 253 0.191446 1
815 261 848 302 0.007862 1
1065 234 1080 264 0.005444 1
700 210 727 235 0.005006 1
1021 238 1040 267 0.004654 1
691 208 704 236 0.003459 1
897 269 961 304 0.002952 1
1008 229 1030 253 0.002130 1
675 211 696 238 0.001384 1
1066 213 1090 249 0.001069 1
973 209 991 254 0.000977 1
950 273 960 293 0.000768 1
863 237 886 247 0.000655 1
521 232 536 246 0.000593 1
560 201 574 216 0.000494 1
1127 225 1170 249 0.000456 1
619 203 814 263 0.000332 1
533 606 674 703 0.000327 1
851 204 1032 271 0.000293 1
894 264 920 290 0.000269 1
787 258 802 281 0.000233 1
44 235 73 256 0.000193 1
1167 343 1198 368 0.000182 1
549 681 657 703 0.000146 1
575 287 598 344 0.000106 1
457 305 958 703 0.925287 2
640 301 1279 418 0.446940 2
865 177 953 238 0.142964 2
606 202 644 216 0.023325 2
642 295 1270 326 0.018320 2
1271 199 1279 240 0.009954 2
1248 200 1279 266 0.007001 2
588 185 620 213 0.002411 2
570 295 960 368 0.002269 2
700 197 727 233 0.001989 2
981 206 1001 247 0.001953 2
1264 350 1279 410 0.001820 2
1072 215 1090 231 0.001727 2
471 189 480 202 0.001620 2
528 200 547 217 0.001413 2
1072 217 1120 247 0.001214 2
480 173 514 199 0.000972 2
7 337 625 459 0.000943 2
644 181 1203 318 0.000930 2
1114 221 1156 247 0.000875 2
1213 198 1259 259 0.000861 2
1102 197 1121 209 0.000828 2
1113 216 1143 228 0.000828 2
551 199 570 216 0.000707 2
1218 179 1279 207 0.000671 2
304 184 322 198 0.000554 2
1151 184 1201 218 0.000552 2
1220 165 1279 187 0.000522 2
1013 196 1082 266 0.000483 2
451 552 501 649 0.000464 2
802 185 853 235 0.000460 2
1001 183 1070 210 0.000425 2
1262 168 1279 181 0.000405 2
463 365 578 445 0.000364 2
1073 188 1091 204 0.000354 2
801 214 826 239 0.000334 2
1087 186 1096 201 0.000331 2
0 397 19 412 0.000326 2
319 203 331 231 0.000320 2
353 193 367 200 0.000307 2
602 174 955 336 0.000303 2
931 201 992 249 0.000288 2
293 178 307 199 0.000283 2
173 205 190 216 0.000265 2
1073 173 1215 249 0.000222 2
443 170 488 216 0.000207 2
931 200 954 207 0.000206 2
1196 211 1226 232 0.000204 2
1149 294 1279 412 0.000191 2
0 682 15 703 0.000190 2
609 632 674 703 0.000166 2
498 198 685 236 0.000157 2
1084 182 1110 210 0.000156 2
0 261 16 333 0.000154 2
1093 202 1138 224 0.000139 2
612 263 786 327 0.000130 2
1263 312 1279 366 0.000122 2
712 200 768 235 0.000121 2
356 216 368 229 0.000120 2
544 681 601 703 0.000112 2
454 203 466 224 0.000107 2
480 173 515 201 0.002479 5
1215 166 1279 237 0.002256 5
674 145 1279 419 0.000925 5
803 162 862 223 0.000474 5
1059 154 1279 259 0.000231 5
444 179 482 204 0.000136 5
2 66 356 400 0.003042 6
480 172 578 208 0.001625 6
0 65 70 276 0.001005 6
429 161 741 219 0.000156 6
689 141 1263 259 0.000145 6
865 177 953 237 0.134979 7
712 153 860 236 0.037392 7
1218 175 1279 264 0.004133 7
1117 183 1222 247 0.002872 7
4 67 608 400 0.002778 7
4 322 628 463 0.000964 7
480 172 578 215 0.000927 7
702 184 730 226 0.000898 7
325 189 927 482 0.000878 7
673 175 1105 295 0.000842 7
585 172 659 214 0.000372 7
1092 164 1166 218 0.000157 7
717 153 803 172 0.000101 7
1089 150 1103 176 0.554725 9
512 152 524 178 0.305544 9
1007 136 1024 173 0.056946 9
239 177 247 190 0.042711 9
449 157 490 171 0.030073 9
366 167 374 186 0.023453 9
373 167 381 183 0.014604 9
312 149 341 193 0.011361 9
587 173 593 185 0.010710 9
119 64 128 71 0.009066 9
222 183 231 195 0.007149 9
1225 165 1232 180 0.005844 9
657 153 671 174 0.005760 9
118 64 181 75 0.005600 9
1207 169 1215 198 0.004510 9
1233 168 1245 181 0.004181 9
215 183 225 192 0.003882 9
995 139 1002 172 0.003326 9
217 166 226 178 0.002582 9
1125 64 1153 75 0.002535 9
448 64 463 72 0.002528 9
839 151 859 166 0.002371 9
639 160 645 167 0.002295 9
681 168 688 184 0.001909 9
222 168 232 175 0.001896 9
840 119 866 136 0.001872 9
1154 164 1168 184 0.001763 9
581 64 595 71 0.001604 9
259 167 271 179 0.001553 9
1211 167 1225 202 0.001338 9
1200 150 1210 174 0.001190 9
573 164 581 177 0.001180 9
558 184 566 197 0.001137 9
520 182 538 198 0.001113 9
361 148 374 168 0.001102 9
257 149 265 161 0.001086 9
611 152 624 168 0.001057 9
1200 136 1214 152 0.000955 9
481 172 576 204 0.000906 9
809 162 858 181 0.000880 9
256 175 264 183 0.000865 9
594 64 625 91 0.000863 9
698 130 704 152 0.000813 9
605 167 619 184 0.000779 9
1098 135 1110 170 0.000749 9
401 86 408 96 0.000745 9
168 64 184 73 0.000730 9
240 163 248 177 0.000629 9
596 145 615 164 0.000621 9
638 164 651 183 0.000601 9
541 181 555 202 0.000589 9
1000 133 1106 182 0.000580 9
249 177 257 191 0.000569 9
543 168 552 176 0.000561 9
688 170 693 184 0.000553 9
1050 120 1058 135 0.000551 9
112 151 127 164 0.000550 9
831 136 905 166 0.000539 9
459 184 481 203 0.000519 9
1262 169 1279 181 0.000510 9
999 124 1007 135 0.000476 9
1182 158 1216 201 0.000467 9
171 64 200 90 0.000466 9
95 152 104 174 0.000435 9
1264 79 1279 107 0.000430 9
359 176 371 189 0.000426 9
847 183 858 211 0.000408 9
872 136 938 153 0.000394 9
79 64 133 72 0.000390 9
1186 166 1200 186 0.000381 9
545 141 552 151 0.000376 9
663 167 671 189 0.000373 9
638 151 652 165 0.000364 9
371 148 385 173 0.000357 9
803 150 813 159 0.000348 9
294 177 307 198 0.000339 9
1081 171 1090 183 0.000312 9
1148 103 1184 136 0.000298 9
516 162 540 182 0.000293 9
429 223 438 230 0.000278 9
431 171 445 193 0.000277 9
1104 151 1118 171 0.000273 9
688 119 703 178 0.000269 9
311 64 371 201 0.000261 9
209 167 219 177 0.000261 9
1225 161 1267 181 0.000258 9
559 64 578 85 0.000248 9
649 167 659 178 0.000243 9
231 161 241 176 0.000228 9
696 151 705 176 0.000219 9
624 64 639 76 0.000213 9
653 126 661 143 0.000203 9
880 154 895 173 0.000201 9
366 166 392 203 0.000200 9
812 151 841 161 0.000196 9
629 157 674 201 0.000192 9
247 161 257 173 0.000177 9
533 191 545 202 0.000167 9
576 65 674 215 0.000160 9
627 151 639 167 0.000159 9
686 64 701 119 0.000157 9
796 147 1243 240 0.000156 9
651 184 661 207 0.000155 9
597 100 625 158 0.000151 9
694 179 703 200 0.000147 9
864 76 870 88 0.000139 9
566 144 579 161 0.000137 9
863 165 870 180 0.000137 9
586 117 598 134 0.000136 9
1102 164 1186 186 0.000133 9
1075 135 1093 150 0.000133 9
1019 145 1040 162 0.000131 9
1049 117 1076 147 0.000126 9
870 119 879 135 0.000122 9
681 178 690 210 0.000120 9
385 149 394 162 0.000117 9
620 151 630 167 0.000114 9
401 181 417 204 0.000113 9
712 64 776 72 0.000112 9
983 138 998 171 0.000111 9
209 170 222 199 0.000109 9
700 64 722 98 0.000106 9
904 126 912 138 0.000102 9
548 141 565 151 0.000101 9
1233 198 1256 232 0.076878 11
523 183 536 197 0.035518 11
324 110 366 164 0.030513 11
1180 186 1200 215 0.023635 11
1054 112 1082 146 0.010202 11
312 149 341 194 0.008259 11
517 191 526 201 0.006525 11
