970 200 1032 313 0.839391 0
722 191 747 274 0.789906 0
933 186 963 258 0.760016 0
1119 194 1141 240 0.624101 0
565 193 590 242 0.521865 0
1087 195 1112 255 0.333664 0
848 199 857 222 0.089825 0
245 207 258 241 0.037485 0
958 370 980 424 0.022680 0
787 198 794 217 0.018177 0
633 202 644 216 0.016157 0
1113 193 1120 202 0.008659 0
1214 192 1228 233 0.006148 0
1217 191 1224 203 0.006114 0
881 201 908 243 0.005737 0
458 205 465 216 0.005500 0
466 203 480 253 0.005197 0
1102 205 1114 226 0.004548 0
616 155 625 184 0.004081 0
1220 220 1229 234 0.003671 0
1087 196 1098 217 0.003251 0
640 688 672 703 0.002605 0
1120 312 1133 344 0.002355 0
803 185 814 216 0.002281 0
849 192 871 275 0.002223 0
861 436 876 456 0.001932 0
1255 197 1279 268 0.001776 0
816 210 825 223 0.001768 0
948 183 959 205 0.001449 0
681 199 690 216 0.001378 0
608 187 617 200 0.001288 0
1039 203 1050 228 0.001274 0
864 207 873 238 0.001116 0
605 158 617 184 0.001095 0
557 183 566 196 0.001028 0
622 184 634 200 0.000941 0
214 199 224 225 0.000927 0
1222 197 1266 264 0.000901 0
670 208 679 230 0.000892 0
751 451 763 472 0.000886 0
312 184 323 198 0.000808 0
1075 191 1093 214 0.000716 0
375 185 387 202 0.000669 0
1150 309 1167 356 0.000643 0
216 185 223 205 0.000641 0
808 194 855 241 0.000638 0
516 191 528 212 0.000614 0
1191 383 1214 417 0.000598 0
1249 213 1266 233 0.000580 0
1087 232 1098 270 0.000566 0
635 183 646 200 0.000547 0
971 205 987 231 0.000528 0
1072 486 1081 501 0.000502 0
1104 312 1114 328 0.000494 0
784 329 816 392 0.000493 0
470 195 481 216 0.000493 0
1129 274 1149 350 0.000489 0
346 188 353 199 0.000486 0
992 384 1023 424 0.000480 0
693 208 701 229 0.000478 0
913 474 928 487 0.000477 0
1144 328 1152 344 0.000476 0
955 361 1018 462 0.000471 0
975 189 981 199 0.000444 0
641 189 655 213 0.000440 0
863 470 872 478 0.000439 0
1184 226 1203 251 0.000437 0
968 367 991 393 0.000411 0
1056 488 1066 497 0.000398 0
822 328 848 343 0.000398 0
1214 403 1225 424 0.000388 0
1009 431 1015 440 0.000387 0
386 197 396 206 0.000371 0
926 446 934 458 0.000363 0
1263 169 1279 204 0.000360 0
1206 234 1233 320 0.000354 0
1199 407 1208 416 0.000346 0
1053 206 1105 299 0.000335 0
379 171 942 277 0.000325 0
852 178 955 286 0.000318 0
1176 212 1185 223 0.000318 0
799 439 817 473 0.000311 0
910 336 925 359 0.000310 0
801 416 808 423 0.000307 0
1046 484 1054 490 0.000304 0
329 184 343 199 0.000304 0
618 192 752 274 0.000298 0
554 184 576 218 0.000295 0
73 64 173 75 0.000274 0
896 426 904 448 0.000273 0
184 197 191 206 0.000263 0
103 250 135 264 0.000260 0
1182 193 1203 231 0.000257 0
953 180 1164 262 0.000257 0
948 348 962 391 0.000254 0
366 183 376 200 0.000251 0
1206 408 1216 424 0.000240 0
319 203 331 221 0.000239 0
158 205 169 223 0.000238 0
724 191 738 216 0.000229 0
173 64 201 90 0.000229 0
1183 344 1193 375 0.000220 0
1247 421 1253 429 0.000220 0
266 199 276 232 0.000216 0
796 312 842 344 0.000210 0
878 314 895 341 0.000203 0
818 462 832 476 0.000197 0
654 197 662 216 0.000186 0
718 197 728 221 0.000184 0
463 191 603 260 0.000179 0
1040 591 1048 600 0.000172 0
910 206 933 246 0.000170 0
1109 209 1157 337 0.000170 0
318 155 345 197 0.000166 0
1135 345 1153 376 0.000163 0
314 64 433 209 0.000157 0
936 339 993 401 0.000156 0
1264 352 1279 501 0.000154 0
998 216 1030 250 0.000153 0
590 174 598 185 0.000150 0
861 436 902 484 0.000149 0
848 463 867 478 0.000147 0
1055 511 1066 523 0.000143 0
1155 196 1169 214 0.000142 0
1073 329 1088 343 0.000139 0
199 206 210 218 0.000138 0
665 201 674 218 0.000135 0
775 298 849 444 0.000133 0
912 160 1280 398 0.000131 0
547 146 655 208 0.000125 0
578 64 642 93 0.000121 0
0 202 14 278 0.000120 0
914 453 926 467 0.000118 0
855 283 862 295 0.000114 0
1071 64 1080 70 0.000113 0
1094 311 1123 351 0.000112 0
640 156 970 357 0.000111 0
786 201 809 239 0.000110 0
847 264 854 281 0.000105 0
125 209 135 235 0.000103 0
962 433 975 464 0.000101 0
551 216 596 254 0.848868 1
956 247 1046 331 0.841404 1
925 215 968 266 0.576630 1
1084 224 1112 261 0.051602 1
1120 214 1142 241 0.026396 1
19 219 73 257 0.019527 1
1066 216 1093 260 0.007618 1
1103 228 1137 262 0.006397 1
21 228 41 247 0.003575 1
1043 278 1058 315 0.002772 1
948 273 965 304 0.002229 1
0 241 6 258 0.001459 1
0 238 16 277 0.001358 1
954 230 973 262 0.001223 1
957 268 991 309 0.000612 1
1042 310 1087 336 0.000581 1
910 278 945 312 0.000548 1
861 254 895 286 0.000498 1
530 200 558 218 0.000491 1
916 208 937 246 0.000352 1
963 201 1133 259 0.000343 1
1036 243 1078 303 0.000292 1
987 252 1009 313 0.000268 1
895 262 926 297 0.000162 1
946 172 1280 396 0.000146 1
465 192 597 270 0.000140 1
1014 284 1046 331 0.000136 1
1005 197 1050 229 0.294006 2
1167 272 1232 330 0.041477 2
1184 227 1279 266 0.027750 2
1141 272 1280 419 0.026839 2
483 200 516 217 0.018900 2
1106 210 1119 221 0.015328 2
1065 214 1089 241 0.010773 2
605 201 646 216 0.010181 2
527 201 550 217 0.007828 2
873 197 943 244 0.005769 2
1265 198 1279 216 0.003486 2
1074 196 1093 218 0.002576 2
640 688 672 703 0.002513 2
1263 249 1279 268 0.002321 2
1232 272 1279 349 0.001851 2
847 212 879 242 0.001777 2
548 202 565 217 0.001624 2
803 183 855 219 0.001552 2
695 202 722 230 0.001208 2
590 183 623 200 0.001154 2
579 200 607 217 0.001117 2
823 329 847 343 0.001022 2
312 186 323 199 0.000999 2
680 199 690 216 0.000996 2
1263 349 1279 402 0.000994 2
1226 177 1279 234 0.000988 2
304 191 313 199 0.000974 2
998 212 1015 228 0.000743 2
1120 272 1173 341 0.000676 2
458 187 484 215 0.000486 2
1120 488 1135 497 0.000471 2
1104 487 1116 495 0.000460 2
1263 168 1279 203 0.000441 2
872 178 941 201 0.000433 2
159 204 202 233 0.000433 2
452 205 466 217 0.000427 2
1048 311 1119 345 0.000418 2
848 470 870 479 0.000384 2
1179 275 1214 286 0.000379 2
479 177 560 218 0.000354 2
1038 194 1058 211 0.000350 2
1228 248 1279 287 0.000349 2
1104 487 1135 507 0.000329 2
676 206 698 233 0.000326 2
1087 226 1104 329 0.000321 2
1069 323 1088 339 0.000320 2
0 395 16 410 0.000315 2
1221 166 1279 182 0.000309 2
1147 208 1180 220 0.000274 2
1043 196 1107 334 0.000273 2
961 205 979 226 0.000271 2
573 180 659 217 0.000267 2
789 233 809 239 0.000251 2
925 205 946 243 0.000239 2
969 197 1015 229 0.000228 2
386 198 398 206 0.000228 2
1118 200 1197 247 0.000222 2
447 64 491 73 0.000210 2
293 178 307 199 0.000204 2
1182 354 1229 422 0.000203 2
356 216 368 228 0.000199 2
1073 183 1101 204 0.000178 2
865 225 897 246 0.000176 2
1119 326 1137 376 0.000171 2
1260 301 1279 328 0.000155 2
1178 254 1232 289 0.000147 2
1264 688 1279 704 0.000138 2
1210 375 1259 424 0.000132 2
1204 336 1216 346 0.000127 2
743 202 793 236 0.000124 2
943 193 989 245 0.000119 2
541 174 574 218 0.000117 2
636 379 659 396 0.000116 2
1247 339 1270 375 0.000113 2
111 408 129 426 0.000112 2
870 165 898 177 0.000112 2
922 186 943 201 0.000110 2
430 205 453 217 0.000110 2
1042 520 1065 529 0.000102 2
803 161 858 221 0.005065 5
474 167 577 217 0.004469 5
1213 175 1279 266 0.001705 5
1182 189 1203 218 0.000216 5
543 160 580 173 0.000193 5
444 178 486 213 0.000121 5
1127 272 1279 419 0.004141 6
2 65 494 401 0.003446 6
1169 172 1279 273 0.001482 6
0 65 76 276 0.001351 6
114 64 298 91 0.000401 6
463 160 582 214 0.000212 6
573 64 673 213 0.000195 6
314 64 492 247 0.000183 6
639 682 889 703 0.000157 6
830 137 939 162 0.000107 6
0 143 13 283 0.000104 6
865 177 943 241 0.237158 7
713 153 859 238 0.027070 7
480 172 517 216 0.003666 7
1209 173 1279 267 0.002590 7
803 182 856 219 0.002338 7
1263 167 1279 219 0.000587 7
660 174 1091 268 0.000549 7
509 163 581 218 0.000289 7
543 160 581 184 0.000254 7
1003 180 1065 226 0.000213 7
1099 164 1243 242 0.000172 7
831 148 993 192 0.000152 7
576 64 683 218 0.000145 7
1088 150 1103 176 0.589580 9
1007 135 1024 173 0.125902 9
512 152 524 185 0.042244 9
1208 169 1215 187 0.023012 9
366 167 373 188 0.017374 9
372 167 381 184 0.016136 9
995 139 1001 171 0.013196 9
843 151 859 166 0.010557 9
449 157 490 171 0.008070 9
119 64 184 75 0.005813 9
1224 164 1232 181 0.005400 9
841 119 859 136 0.005200 9
1123 64 1152 74 0.005186 9
960 136 976 159 0.004221 9
1233 168 1245 181 0.003963 9
1096 133 1105 158 0.003355 9
814 150 822 159 0.003035 9
999 122 1008 135 0.002988 9
801 155 858 218 0.002970 9
1213 167 1224 185 0.002912 9
804 149 811 157 0.002642 9
239 177 246 189 0.002638 9
1055 116 1065 136 0.002577 9
1080 173 1088 182 0.002458 9
313 149 341 193 0.002404 9
981 143 993 163 0.002251 9
1181 176 1200 216 0.002247 9
865 440 875 455 0.001927 9
1053 110 1083 146 0.001587 9
224 183 231 197 0.001496 9
1200 135 1208 155 0.001494 9
1032 136 1040 160 0.001490 9
1190 165 1201 185 0.001469 9
1172 150 1182 162 0.001463 9
982 133 991 144 0.001442 9
463 184 474 197 0.001388 9
851 88 859 106 0.001373 9
829 135 897 166 0.001087 9
1065 104 1072 115 0.001067 9
864 165 870 181 0.000969 9
1093 176 1107 200 0.000917 9
871 691 880 703 0.000904 9
1101 170 1123 202 0.000888 9
1002 131 1104 185 0.000865 9
340 164 351 188 0.000865 9
848 180 858 215 0.000850 9
829 135 847 151 0.000841 9
448 64 490 72 0.000837 9
864 117 871 136 0.000831 9
257 147 265 159 0.000819 9
639 160 644 167 0.000715 9
1096 129 1105 139 0.000712 9
1144 328 1152 344 0.000707 9
214 183 224 199 0.000635 9
1149 103 1185 135 0.000621 9
173 64 201 89 0.000606 9
1086 145 1105 260 0.000602 9
1195 167 1216 212 0.000599 9
867 136 938 153 0.000565 9
1192 384 1207 406 0.000564 9
801 155 813 190 0.000536 9
379 166 389 184 0.000524 9
1215 64 1232 89 0.000508 9
870 119 879 136 0.000481 9
988 124 998 156 0.000470 9
257 179 263 191 0.000455 9
1072 156 1089 193 0.000420 9
927 146 939 168 0.000398 9
991 117 1002 134 0.000397 9
896 166 904 177 0.000391 9
1109 149 1120 168 0.000388 9
1073 149 1083 168 0.000361 9
512 190 525 203 0.000347 9
399 85 409 96 0.000346 9
1011 168 1063 200 0.000338 9
943 131 952 146 0.000334 9
693 177 702 200 0.000320 9
545 140 552 151 0.000304 9
582 64 595 71 0.000285 9
1124 165 1154 185 0.000278 9
967 125 1016 169 0.000265 9
878 154 894 170 0.000263 9
415 64 432 96 0.000261 9
1208 165 1269 219 0.000252 9
470 185 481 199 0.000242 9
266 213 277 232 0.000237 9
1151 125 1161 135 0.000234 9
293 176 307 198 0.000219 9
311 64 432 234 0.000217 9
320 64 368 113 0.000216 9
376 184 393 203 0.000214 9
1177 379 1184 392 0.000207 9
1039 137 1060 168 0.000200 9
95 150 109 177 0.000196 9
263 179 272 196 0.000184 9
834 76 849 90 0.000181 9
241 192 257 226 0.000179 9
593 64 627 90 0.000176 9
1120 64 1223 84 0.000175 9
586 116 598 136 0.000172 9
240 166 248 178 0.000171 9
373 149 384 169 0.000171 9
95 169 103 176 0.000169 9
347 152 370 193 0.000169 9
483 151 524 205 0.000162 9
936 140 944 154 0.000161 9
689 118 702 179 0.000157 9
255 86 263 101 0.000154 9
1207 140 1230 178 0.000152 9
680 167 687 208 0.000151 9
463 170 474 184 0.000150 9
809 73 873 90 0.000143 9
1167 141 1178 158 0.000139 9
1203 86 1215 104 0.000136 9
1054 149 1064 166 0.000131 9
515 173 545 197 0.000130 9
248 177 257 192 0.000129 9
787 123 1229 268 0.000128 9
455 181 486 211 0.000124 9
624 64 639 89 0.000123 9
263 279 272 295 0.000122 9
382 85 395 97 0.000120 9
639 151 653 164 0.000114 9
870 165 883 178 0.000110 9
975 694 991 703 0.000106 9
1137 132 1152 160 0.000101 9
1233 197 1256 232 0.208054 11
1182 191 1199 216 0.058990 11
523 183 536 197 0.037665 11
312 148 342 194 0.012005 11
518 190 526 200 0.009717 11
449 156 491 171 0.002446 11
1054 112 1083 146 0.001548 11
416 64 431 96 0.000265 11
1180 164 1239 231 0.000222 11
520 179 551 212 0.000176 11
