1070 200 1128 329 0.776655 0
693 194 722 280 0.770527 0
1133 192 1160 254 0.756119 0
505 197 526 249 0.477770 0
892 190 916 258 0.291453 0
247 201 263 240 0.142690 0
449 201 457 241 0.118206 0
848 200 857 242 0.084121 0
1036 192 1051 230 0.061743 0
469 200 476 217 0.038660 0
1218 212 1228 234 0.036164 0
1114 194 1120 205 0.013695 0
1076 201 1088 224 0.012781 0
631 202 645 230 0.007967 0
1273 201 1279 251 0.007965 0
958 370 982 407 0.007712 0
453 200 460 215 0.007556 0
904 224 927 282 0.005256 0
521 203 533 218 0.004944 0
1231 169 1246 181 0.004033 0
477 204 485 217 0.003988 0
1084 193 1095 203 0.003056 0
851 195 871 274 0.002918 0
1214 212 1234 269 0.002913 0
786 198 793 214 0.002736 0
864 219 873 234 0.002597 0
1072 485 1080 500 0.002542 0
458 200 466 215 0.002517 0
1060 200 1089 257 0.002435 0
1214 194 1254 234 0.002350 0
441 201 454 219 0.002274 0
693 190 702 210 0.001739 0
864 439 876 455 0.001722 0
926 203 945 251 0.001611 0
1190 360 1208 403 0.001556 0
214 201 224 225 0.001435 0
1261 167 1279 250 0.001432 0
375 185 387 202 0.001404 0
934 202 945 217 0.001403 0
879 201 900 237 0.001400 0
1068 276 1087 296 0.001397 0
639 689 655 703 0.001387 0
465 200 479 249 0.001238 0
1055 488 1066 499 0.001150 0
611 152 625 173 0.001050 0
543 193 551 209 0.000936 0
624 192 633 200 0.000933 0
670 208 678 230 0.000911 0
798 257 847 344 0.000859 0
833 478 840 486 0.000811 0
915 473 927 486 0.000800 0
1184 224 1204 247 0.000800 0
814 210 826 224 0.000793 0
1150 208 1166 237 0.000763 0
974 371 991 392 0.000716 0
1135 446 1143 459 0.000628 0
386 198 396 206 0.000605 0
1203 255 1226 272 0.000600 0
241 219 252 240 0.000598 0
1045 483 1054 491 0.000595 0
646 190 655 208 0.000539 0
1166 227 1186 246 0.000514 0
686 206 693 216 0.000506 0
312 185 322 198 0.000494 0
1210 164 1230 209 0.000490 0
1040 455 1048 464 0.000488 0
1203 363 1231 430 0.000470 0
1248 202 1266 232 0.000466 0
713 229 725 243 0.000460 0
642 206 653 216 0.000459 0
1102 188 1121 209 0.000459 0
878 437 889 457 0.000451 0
1089 187 1105 204 0.000446 0
1199 406 1208 415 0.000431 0
997 385 1023 409 0.000422 0
654 198 662 217 0.000386 0
846 268 853 282 0.000382 0
451 193 556 262 0.000376 0
346 189 353 199 0.000360 0
1039 236 1091 297 0.000353 0
848 463 873 479 0.000349 0
577 184 582 202 0.000347 0
992 455 999 464 0.000345 0
159 206 169 220 0.000340 0
992 283 998 294 0.000338 0
681 199 689 215 0.000318 0
265 197 271 208 0.000318 0
920 344 1000 418 0.000316 0
1016 367 1023 374 0.000309 0
1020 440 1039 464 0.000296 0
716 193 727 208 0.000290 0
1072 456 1094 474 0.000258 0
1225 190 1279 301 0.000255 0
216 186 223 209 0.000251 0
1180 210 1203 232 0.000249 0
1160 376 1167 384 0.000248 0
971 167 1167 268 0.000244 0
871 436 923 483 0.000239 0
1135 442 1151 473 0.000239 0
444 163 946 284 0.000235 0
1090 448 1104 480 0.000227 0
993 291 1024 345 0.000226 0
1264 64 1279 77 0.000223 0
1009 432 1015 439 0.000222 0
1007 454 1022 474 0.000222 0
687 207 698 236 0.000215 0
1199 503 1212 513 0.000212 0
665 199 674 219 0.000209 0
832 471 841 480 0.000200 0
1214 369 1223 389 0.000195 0
183 197 192 207 0.000192 0
331 184 343 199 0.000179 0
667 197 796 305 0.000172 0
319 203 331 224 0.000170 0
1166 376 1179 393 0.000169 0
891 260 918 296 0.000168 0
1127 444 1135 470 0.000167 0
784 330 810 344 0.000163 0
1260 153 1279 183 0.000162 0
1183 497 1227 514 0.000159 0
799 180 822 236 0.000158 0
752 464 760 472 0.000158 0
1263 227 1279 294 0.000158 0
198 210 206 218 0.000152 0
925 443 933 458 0.000151 0
1144 376 1152 394 0.000145 0
980 367 1024 467 0.000144 0
1264 339 1279 479 0.000141 0
1151 440 1167 473 0.000141 0
948 245 957 254 0.000140 0
1085 302 1127 364 0.000132 0
678 695 811 703 0.000132 0
206 203 217 222 0.000130 0
966 455 975 462 0.000129 0
1188 497 1200 505 0.000126 0
906 327 927 348 0.000124 0
1093 493 1104 505 0.000123 0
927 368 947 447 0.000121 0
1024 480 1033 493 0.000117 0
1071 443 1082 458 0.000116 0
1176 495 1185 503 0.000109 0
800 440 807 449 0.000105 0
1010 479 1025 492 0.000105 0
853 280 863 305 0.000103 0
856 400 864 413 0.000101 0
935 452 942 464 0.000101 0
943 381 960 404 0.000101 0
1065 253 1138 347 0.837411 1
497 220 537 255 0.834429 1
1128 226 1180 260 0.630139 1
880 220 925 272 0.355711 1
930 273 960 304 0.014038 1
22 218 71 257 0.013058 1
1137 305 1197 405 0.007518 1
1124 238 1144 261 0.005905 1
1044 276 1086 297 0.005569 1
911 224 928 249 0.003728 1
1145 308 1168 349 0.001643 1
110 237 157 263 0.001220 1
904 251 952 297 0.001219 1
926 272 996 343 0.001083 1
752 253 847 345 0.000892 1
1022 276 1062 334 0.000827 1
1165 343 1196 381 0.000763 1
890 262 912 291 0.000742 1
908 275 927 297 0.000622 1
997 214 1175 259 0.000574 1
1177 233 1185 246 0.000537 1
1160 212 1180 229 0.000512 1
923 234 939 253 0.000409 1
858 248 887 281 0.000404 1
1066 301 1094 337 0.000374 1
1120 275 1140 321 0.000327 1
128 217 166 239 0.000287 1
1101 305 1128 347 0.000245 1
0 226 41 265 0.000240 1
809 261 833 304 0.000228 1
881 218 1073 318 0.000218 1
534 236 545 254 0.000214 1
1037 319 1055 335 0.000197 1
1163 326 1185 355 0.000191 1
13 208 43 238 0.000185 1
1082 255 1122 280 0.000154 1
1089 286 1112 325 0.000142 1
1091 232 1280 333 0.000137 1
821 266 866 311 0.000125 1
56 233 92 265 0.000117 1
809 258 819 280 0.000102 1
1002 198 1051 230 0.076617 2
1112 219 1178 255 0.030610 2
822 329 847 344 0.018737 2
485 200 512 217 0.015610 2
1142 277 1279 413 0.008405 2
983 210 1015 228 0.005977 2
604 201 648 216 0.005412 2
963 205 986 223 0.004851 2
1271 200 1279 251 0.004838 2
848 471 869 479 0.003776 2
803 184 855 219 0.003325 2
530 200 556 218 0.003072 2
1222 157 1248 234 0.003026 2
917 199 953 208 0.002745 2
847 216 875 243 0.002696 2
1241 200 1279 267 0.002598 2
907 199 980 224 0.002546 2
1052 195 1085 222 0.002448 2
1053 221 1067 235 0.002122 2
1260 213 1275 229 0.001854 2
1104 488 1121 497 0.001783 2
1262 248 1279 268 0.001720 2
1120 489 1134 496 0.001378 2
304 191 313 198 0.001241 2
973 219 987 241 0.001209 2
1263 349 1279 398 0.001188 2
975 217 1036 251 0.001178 2
1261 168 1279 181 0.001078 2
873 181 953 211 0.001067 2
713 200 729 233 0.001007 2
1096 217 1125 232 0.000936 2
1248 219 1265 234 0.000858 2
1206 246 1279 290 0.000745 2
1190 383 1207 401 0.000720 2
312 186 322 199 0.000659 2
662 274 688 283 0.000658 2
902 457 913 464 0.000638 2
1177 380 1185 392 0.000631 2
1183 274 1214 285 0.000619 2
1193 214 1227 233 0.000589 2
638 199 655 216 0.000557 2
479 177 563 217 0.000545 2
589 200 613 213 0.000539 2
1167 380 1179 393 0.000462 2
970 480 988 487 0.000427 2
1184 234 1204 250 0.000404 2
470 188 481 201 0.000401 2
1202 408 1215 415 0.000384 2
789 232 809 239 0.000359 2
1167 212 1185 224 0.000356 2
979 206 1166 263 0.000347 2
1215 274 1231 355 0.000338 2
1008 466 1024 473 0.000338 2
758 288 850 345 0.000327 2
974 287 1026 346 0.000316 2
1103 194 1120 208 0.000302 2
590 183 621 200 0.000286 2
863 197 896 241 0.000282 2
0 397 16 408 0.000272 2
931 242 949 253 0.000249 2
877 439 927 477 0.000247 2
974 247 991 260 0.000244 2
1168 354 1212 400 0.000239 2
825 283 848 305 0.000238 2
294 183 306 199 0.000227 2
862 331 881 344 0.000227 2
1231 342 1275 376 0.000224 2
816 327 848 391 0.000219 2
1244 345 1264 358 0.000211 2
975 300 995 322 0.000209 2
909 455 926 464 0.000208 2
631 376 658 396 0.000197 2
444 183 481 202 0.000195 2
562 201 577 216 0.000190 2
409 192 857 220 0.000175 2
529 249 596 280 0.000171 2
1215 498 1232 512 0.000166 2
959 482 970 487 0.000163 2
915 472 937 484 0.000161 2
1214 366 1226 391 0.000156 2
1264 64 1279 79 0.000155 2
922 216 945 253 0.000149 2
991 247 1008 262 0.000145 2
958 181 1010 221 0.000142 2
990 191 1003 207 0.000134 2
1185 272 1215 353 0.000134 2
832 469 849 479 0.000132 2
1130 181 1202 231 0.000122 2
1193 375 1270 416 0.000120 2
895 480 908 486 0.000115 2
1126 264 1169 356 0.000105 2
676 210 694 233 0.000102 2
1228 275 1279 320 0.000101 2
1217 161 1279 268 0.007324 5
484 188 554 217 0.000895 5
443 179 482 205 0.000149 5
1174 278 1279 411 0.010019 6
1210 161 1279 273 0.005690 6
530 151 954 242 0.002708 6
643 268 1274 399 0.001911 6
1181 176 1237 240 0.000634 6
695 125 954 242 0.000304 6
661 694 819 703 0.000131 6
802 176 955 241 0.221435 7
707 152 859 238 0.037264 7
1217 165 1279 267 0.007819 7
1264 200 1279 268 0.002354 7
803 183 855 219 0.002248 7
907 199 978 254 0.001851 7
480 174 515 217 0.000868 7
644 148 1179 381 0.000706 7
984 170 1088 233 0.000441 7
871 201 1073 294 0.000392 7
1231 300 1279 390 0.000124 7
1088 150 1102 176 0.475922 9
513 152 525 183 0.164896 9
1007 136 1025 174 0.099097 9
1212 194 1226 208 0.065749 9
449 157 490 171 0.033559 9
365 167 373 188 0.018952 9
846 151 859 166 0.014779 9
833 121 862 166 0.014369 9
1207 171 1215 187 0.012651 9
372 167 382 185 0.011819 9
864 152 880 168 0.008677 9
312 149 341 194 0.008020 9
1200 135 1211 152 0.007849 9
1126 64 1152 74 0.007679 9
119 64 162 74 0.007338 9
975 140 994 168 0.007134 9
994 140 1001 172 0.006670 9
814 150 822 159 0.006587 9
239 177 247 189 0.005394 9
841 119 855 136 0.005027 9
895 157 905 171 0.004585 9
1212 167 1226 193 0.004442 9
119 64 129 71 0.003788 9
1097 134 1104 150 0.003664 9
1081 174 1088 183 0.003471 9
1221 158 1249 234 0.003245 9
587 172 594 185 0.003155 9
909 278 928 296 0.002936 9
881 136 937 153 0.002830 9
1172 150 1183 163 0.002816 9
698 134 705 152 0.002368 9
804 148 811 157 0.002204 9
831 136 846 152 0.002176 9
848 182 858 210 0.002166 9
1232 170 1246 181 0.002137 9
1181 184 1200 216 0.002130 9
809 161 857 180 0.001957 9
522 183 536 197 0.001861 9
975 168 992 184 0.001783 9
1052 110 1083 146 0.001723 9
1154 164 1168 184 0.001650 9
998 138 1008 183 0.001645 9
877 152 893 168 0.001641 9
1023 151 1040 159 0.001588 9
1217 124 1231 144 0.001585 9
1193 165 1201 185 0.001532 9
863 137 894 150 0.001522 9
557 184 566 196 0.001444 9
1056 153 1065 168 0.001397 9
1210 125 1222 136 0.001354 9
1046 156 1056 168 0.001315 9
656 152 670 173 0.001309 9
960 135 979 162 0.001255 9
1208 133 1230 174 0.001227 9
638 167 653 184 0.001193 9
224 183 231 198 0.001184 9
1108 174 1128 187 0.001139 9
249 177 256 191 0.001138 9
1073 151 1082 167 0.001114 9
1065 104 1072 119 0.001002 9
545 141 552 152 0.000988 9
799 119 812 136 0.000957 9
607 176 613 184 0.000944 9
586 117 597 135 0.000938 9
1113 149 1120 162 0.000901 9
1046 170 1057 184 0.000890 9
1073 120 1109 189 0.000881 9
257 145 267 159 0.000853 9
1087 176 1097 193 0.000843 9
1036 135 1064 172 0.000841 9
1100 135 1109 163 0.000840 9
999 126 1007 136 0.000832 9
638 141 657 163 0.000828 9
265 214 275 235 0.000802 9
974 188 981 200 0.000800 9
577 182 582 200 0.000790 9
340 165 351 186 0.000769 9
687 117 706 191 0.000763 9
1145 165 1154 184 0.000744 9
1168 143 1173 153 0.000715 9
968 175 975 186 0.000672 9
588 165 606 186 0.000668 9
215 184 223 197 0.000665 9
1150 102 1185 134 0.000661 9
164 64 176 75 0.000656 9
463 168 471 183 0.000638 9
697 151 704 177 0.000627 9
581 64 596 76 0.000611 9
851 88 859 106 0.000610 9
639 161 645 168 0.000590 9
1055 115 1065 132 0.000579 9
580 64 630 92 0.000577 9
1128 165 1147 185 0.000573 9
611 152 624 180 0.000556 9
1199 146 1209 183 0.000555 9
868 64 878 72 0.000543 9
522 172 546 183 0.000536 9
380 166 389 184 0.000531 9
1079 134 1089 148 0.000512 9
1154 135 1169 160 0.000494 9
485 174 495 183 0.000494 9
625 178 640 199 0.000492 9
1181 158 1232 238 0.000492 9
446 151 547 206 0.000456 9
834 76 849 89 0.000435 9
991 115 998 131 0.000435 9
240 164 248 178 0.000399 9
1172 119 1205 136 0.000378 9
944 129 950 138 0.000375 9
960 69 976 91 0.000372 9
1005 165 1065 197 0.000372 9
1248 74 1259 94 0.000368 9
905 125 912 138 0.000357 9
1161 83 1187 97 0.000354 9
1071 81 1086 96 0.000333 9
829 64 839 69 0.000330 9
565 182 579 201 0.000319 9
1072 162 1093 193 0.000316 9
871 164 897 177 0.000309 9
1198 167 1217 209 0.000301 9
870 119 880 135 0.000301 9
984 119 991 135 0.000299 9
868 64 886 87 0.000289 9
951 161 992 203 0.000287 9
694 169 704 190 0.000285 9
664 183 671 198 0.000277 9
257 180 262 191 0.000273 9
681 159 688 182 0.000265 9
1144 99 1210 225 0.000258 9
801 155 814 192 0.000257 9
566 147 580 161 0.000256 9
664 170 671 188 0.000252 9
119 64 200 92 0.000252 9
1123 64 1216 88 0.000252 9
860 162 876 178 0.000249 9
216 163 222 177 0.000243 9
936 135 943 147 0.000243 9
1017 128 1040 163 0.000238 9
1095 159 1152 195 0.000234 9
1192 137 1202 152 0.000224 9
895 120 906 139 0.000217 9
861 110 869 132 0.000209 9
1062 75 1072 88 0.000206 9
1040 81 1056 105 0.000197 9
1059 64 1146 76 0.000195 9
1215 64 1232 93 0.000192 9
976 119 986 134 0.000191 9
120 165 127 174 0.000188 9
1091 121 1104 134 0.000188 9
959 159 991 169 0.000183 9
95 152 104 169 0.000177 9
681 181 689 205 0.000176 9
807 65 877 90 0.000170 9
632 166 670 207 0.000168 9
1202 88 1216 131 0.000167 9
943 80 959 92 0.000161 9
959 120 970 133 0.000159 9
1006 111 1093 182 0.000158 9
1055 82 1072 105 0.000156 9
812 129 837 136 0.000154 9
542 168 552 179 0.000147 9
998 103 1023 120 0.000145 9
518 168 561 201 0.000132 9
575 136 581 144 0.000130 9
1168 140 1202 183 0.000120 9
652 127 661 143 0.000110 9
765 121 837 158 0.000110 9
352 165 366 189 0.000107 9
1006 87 1014 97 0.000106 9
221 163 233 175 0.000104 9
431 170 446 194 0.000103 9
1056 64 1080 71 0.000103 9
1106 150 1135 168 0.000102 9
990 678 1007 700 0.000101 9
95 169 103 176 0.000100 9
1182 191 1199 216 0.035104 11
523 183 536 197 0.020094 11
1247 198 1256 231 0.019461 11
324 110 366 164 0.010202 11
1052 111 1083 146 0.001489 11
1119 179 1230 240 0.000116 11
