608 201 654 292 0.863577 0
753 193 793 279 0.787054 0
958 192 985 252 0.743190 0
260 200 279 242 0.390474 0
848 200 865 241 0.244462 0
1036 192 1050 230 0.095620 0
975 189 986 210 0.048889 0
784 196 795 235 0.045873 0
927 205 945 253 0.013439 0
619 201 633 237 0.012959 0
382 191 391 202 0.012012 0
471 204 479 217 0.011763 0
632 202 648 240 0.011571 0
247 197 255 214 0.010890 0
1113 194 1120 202 0.008640 0
978 192 995 250 0.008158 0
242 197 251 236 0.005789 0
957 369 981 426 0.005516 0
878 199 907 243 0.005339 0
215 200 224 229 0.004956 0
312 185 323 199 0.004922 0
375 188 384 200 0.004846 0
639 686 672 703 0.003840 0
325 189 337 199 0.003573 0
862 434 878 475 0.003535 0
351 190 357 200 0.003410 0
937 203 944 216 0.003367 0
1219 213 1229 234 0.003239 0
865 213 874 234 0.002971 0
1274 200 1279 237 0.002735 0
949 272 959 299 0.002291 0
384 199 398 206 0.002209 0
1251 214 1264 232 0.002208 0
332 183 343 199 0.002198 0
865 442 874 455 0.001729 0
1247 199 1256 231 0.001603 0
814 210 827 224 0.001568 0
367 207 374 218 0.001557 0
367 187 377 200 0.001475 0
1231 170 1245 181 0.001451 0
319 203 331 220 0.001308 0
460 204 467 215 0.001188 0
25 215 41 249 0.001109 0
199 210 207 222 0.001025 0
965 372 980 388 0.001007 0
1000 384 1016 400 0.000967 0
1198 363 1232 429 0.000966 0
354 193 367 200 0.000955 0
1045 279 1057 296 0.000940 0
670 207 678 229 0.000908 0
789 331 810 344 0.000896 0
1056 488 1065 496 0.000890 0
946 366 1024 457 0.000806 0
853 210 875 280 0.000755 0
1196 383 1206 400 0.000743 0
989 202 997 222 0.000727 0
959 437 970 471 0.000688 0
1135 446 1144 458 0.000673 0
1071 329 1089 410 0.000648 0
1072 487 1080 501 0.000647 0
814 324 847 344 0.000620 0
217 185 224 208 0.000591 0
322 202 335 262 0.000579 0
1012 386 1023 401 0.000536 0
351 176 946 283 0.000528 0
449 164 481 283 0.000501 0
1250 199 1279 262 0.000499 0
468 202 480 247 0.000498 0
1211 183 1228 231 0.000488 0
797 409 819 446 0.000476 0
184 197 191 206 0.000460 0
803 186 817 214 0.000447 0
1027 243 1034 250 0.000426 0
1127 442 1136 471 0.000424 0
913 475 927 486 0.000412 0
264 194 275 211 0.000412 0
808 199 857 241 0.000411 0
1165 471 1175 479 0.000406 0
1033 480 1056 496 0.000401 0
103 248 134 264 0.000392 0
1160 329 1167 345 0.000386 0
1163 238 1176 249 0.000370 0
764 176 1190 257 0.000366 0
1224 167 1279 370 0.000353 0
879 439 890 464 0.000353 0
275 220 290 250 0.000342 0
400 184 409 202 0.000336 0
847 173 920 284 0.000319 0
1184 331 1214 400 0.000318 0
334 205 353 234 0.000297 0
1263 256 1278 270 0.000284 0
1160 376 1167 384 0.000276 0
644 192 656 212 0.000264 0
1144 321 1151 330 0.000256 0
1104 312 1112 327 0.000254 0
300 184 323 224 0.000250 0
1027 277 1039 295 0.000248 0
1167 329 1175 340 0.000247 0
1144 376 1152 388 0.000234 0
947 347 966 393 0.000228 0
927 403 943 425 0.000222 0
926 439 935 457 0.000218 0
761 332 850 458 0.000216 0
902 336 924 351 0.000202 0
1248 346 1263 360 0.000199 0
1016 329 1094 464 0.000192 0
878 407 899 475 0.000189 0
951 345 960 368 0.000184 0
995 382 1024 429 0.000184 0
783 273 849 345 0.000182 0
991 455 1000 464 0.000175 0
369 192 396 219 0.000173 0
408 180 417 202 0.000170 0
959 483 969 488 0.000168 0
638 165 652 196 0.000167 0
832 479 840 486 0.000154 0
1150 348 1167 392 0.000154 0
111 204 121 240 0.000146 0
1151 302 1168 347 0.000145 0
1211 200 1259 255 0.000143 0
1007 434 1025 467 0.000142 0
686 196 694 215 0.000142 0
956 341 1008 394 0.000140 0
315 123 376 278 0.000139 0
1116 312 1131 330 0.000138 0
125 208 134 233 0.000137 0
1131 275 1147 339 0.000133 0
992 281 1001 297 0.000129 0
1072 441 1087 456 0.000125 0
1211 365 1224 392 0.000121 0
895 426 905 446 0.000120 0
348 164 376 215 0.000120 0
1097 398 1104 407 0.000117 0
1232 402 1255 427 0.000115 0
1264 353 1279 522 0.000111 0
398 201 409 207 0.000111 0
78 64 168 76 0.000104 0
1021 695 1040 703 0.000104 0
1175 213 1188 226 0.000104 0
652 199 661 216 0.000103 0
832 470 842 481 0.000102 0
679 204 696 231 0.000102 0
276 178 317 273 0.000101 0
0 201 14 279 0.000101 0
742 232 794 287 0.817863 1
948 221 994 266 0.796406 1
980 224 995 251 0.011551 1
926 208 945 253 0.001847 1
783 246 802 280 0.001266 1
18 219 74 257 0.001254 1
856 216 1035 290 0.000717 1
986 224 1026 259 0.000555 1
756 234 771 268 0.000474 1
910 270 927 296 0.000362 1
926 276 959 299 0.000259 1
868 261 934 294 0.000206 1
793 255 830 282 0.000121 1
603 199 798 286 0.000100 1
1004 197 1050 230 0.242270 2
484 199 516 217 0.062509 2
695 205 728 235 0.038599 2
528 200 553 218 0.024574 2
822 329 848 344 0.012900 2
875 198 955 244 0.007820 2
558 200 579 216 0.005069 2
304 192 313 198 0.004773 2
864 219 881 242 0.004396 2
1222 166 1279 181 0.003709 2
1114 220 1129 232 0.003310 2
1088 188 1097 201 0.002848 2
1104 487 1135 500 0.002373 2
1087 196 1121 209 0.002218 2
477 204 487 217 0.002166 2
1043 195 1087 219 0.001848 2
1187 338 1279 415 0.001653 2
1272 198 1279 214 0.001595 2
1231 170 1246 180 0.001591 2
551 201 562 216 0.001482 2
455 203 465 216 0.001305 2
1071 192 1089 202 0.001275 2
602 199 624 215 0.001180 2
632 198 656 216 0.001159 2
0 393 16 410 0.001062 2
803 185 856 220 0.001000 2
1114 215 1177 231 0.000959 2
587 179 653 209 0.000916 2
923 201 950 214 0.000888 2
1026 481 1057 498 0.000824 2
191 393 221 410 0.000807 2
1190 383 1206 401 0.000754 2
1263 347 1279 368 0.000733 2
1103 184 1123 203 0.000710 2
1066 197 1126 235 0.000670 2
825 286 848 311 0.000638 2
1050 213 1067 230 0.000634 2
589 209 604 215 0.000572 2
1199 229 1279 264 0.000572 2
1177 382 1184 392 0.000558 2
1257 198 1279 231 0.000556 2
1209 160 1250 213 0.000521 2
1184 274 1204 284 0.000403 2
471 188 480 203 0.000392 2
848 470 866 478 0.000355 2
817 361 834 376 0.000340 2
1230 272 1279 365 0.000326 2
675 211 698 234 0.000325 2
1263 358 1279 407 0.000321 2
1262 249 1279 269 0.000303 2
19 200 36 207 0.000284 2
293 179 308 199 0.000284 2
1002 215 1019 231 0.000275 2
716 184 1266 275 0.000272 2
751 203 775 230 0.000264 2
1016 480 1032 488 0.000257 2
0 200 40 222 0.000256 2
446 185 471 220 0.000232 2
1167 380 1179 392 0.000228 2
1091 315 1178 345 0.000224 2
851 218 915 287 0.000222 2
897 335 925 352 0.000208 2
879 480 893 488 0.000204 2
887 490 895 494 0.000201 2
1072 327 1087 340 0.000197 2
1152 471 1169 479 0.000194 2
537 197 622 218 0.000190 2
1203 256 1225 272 0.000189 2
869 177 951 203 0.000185 2
615 177 633 186 0.000173 2
1202 254 1279 294 0.000157 2
1056 487 1074 500 0.000151 2
776 333 848 372 0.000150 2
95 200 104 209 0.000149 2
903 457 912 463 0.000149 2
634 183 646 198 0.000147 2
1226 198 1256 232 0.000146 2
1117 184 1142 206 0.000144 2
1222 504 1231 512 0.000144 2
976 226 1039 260 0.000141 2
1125 184 1186 214 0.000140 2
0 200 8 207 0.000140 2
496 239 541 252 0.000138 2
1055 460 1072 471 0.000132 2
1071 441 1087 456 0.000132 2
1211 272 1231 321 0.000128 2
911 472 942 487 0.000124 2
1247 343 1264 361 0.000124 2
1016 335 1024 345 0.000113 2
756 296 853 345 0.000107 2
1024 325 1089 384 0.000102 2
484 199 516 217 0.032322 5
1211 163 1279 267 0.019205 5
866 177 949 208 0.002678 5
480 170 573 217 0.001798 5
431 171 446 193 0.000464 5
1261 168 1279 202 0.000323 5
443 179 482 217 0.000297 5
1151 271 1168 352 0.000132 5
643 274 1276 384 0.010370 6
1197 162 1279 273 0.007169 6
1184 333 1279 416 0.002833 6
1165 269 1279 359 0.000869 6
478 170 652 215 0.000859 6
838 171 1276 268 0.000598 6
0 65 75 266 0.000560 6
0 141 39 211 0.000344 6
641 156 1013 333 0.000253 6
4 68 338 312 0.000236 6
882 274 1161 321 0.000231 6
1010 334 1274 475 0.000140 6
702 153 954 240 0.324798 7
707 152 859 234 0.164875 7
1180 160 1279 267 0.008157 7
696 183 729 234 0.005622 7
866 177 944 220 0.003170 7
588 183 624 215 0.002630 7
803 160 858 218 0.001402 7
1115 183 1200 249 0.001076 7
489 183 555 218 0.000717 7
504 166 951 279 0.000441 7
554 176 581 214 0.000283 7
1262 167 1279 215 0.000255 7
840 174 1259 254 0.000189 7
444 178 476 219 0.000151 7
983 182 1070 217 0.000127 7
605 162 636 183 0.000116 7
1262 202 1279 270 0.000113 7
1088 150 1103 177 0.562594 9
513 152 524 177 0.216867 9
1007 136 1024 174 0.030347 9
366 167 373 186 0.028613 9
449 157 490 171 0.026489 9
1181 189 1199 216 0.025892 9
119 64 161 74 0.015997 9
1207 168 1215 187 0.015559 9
372 167 381 184 0.010630 9
847 151 859 166 0.010065 9
312 149 341 191 0.009626 9
239 177 247 189 0.008926 9
1126 64 1152 75 0.006495 9
864 147 880 168 0.006358 9
994 140 1001 170 0.006007 9
837 127 861 166 0.005056 9
257 145 267 160 0.004443 9
517 192 524 201 0.004433 9
223 183 231 195 0.004331 9
1199 135 1209 152 0.003682 9
1155 164 1168 184 0.003641 9
1097 133 1105 152 0.003549 9
567 146 581 161 0.003351 9
808 161 857 187 0.003255 9
557 184 566 197 0.003236 9
1145 166 1154 189 0.002980 9
1192 164 1201 185 0.002754 9
896 166 903 177 0.002478 9
1055 113 1082 146 0.002406 9
165 64 177 76 0.002381 9
909 271 928 296 0.002344 9
1080 174 1088 182 0.002269 9
1173 151 1182 162 0.002241 9
1211 168 1225 193 0.002171 9
691 119 700 153 0.001873 9
1195 162 1217 210 0.001796 9
215 183 227 197 0.001538 9
830 136 847 151 0.001526 9
840 119 862 136 0.001467 9
1150 101 1168 134 0.001313 9
695 177 703 200 0.001235 9
871 120 879 134 0.001143 9
1049 156 1056 170 0.001094 9
119 64 202 91 0.001069 9
1168 137 1178 152 0.000999 9
1156 135 1170 157 0.000994 9
1191 383 1207 403 0.000988 9
257 180 263 191 0.000987 9
1217 193 1225 209 0.000984 9
586 118 597 133 0.000979 9
1072 151 1082 166 0.000932 9
217 161 222 173 0.000884 9
961 136 976 159 0.000841 9
1065 105 1072 116 0.000809 9
879 153 892 167 0.000797 9
982 139 993 160 0.000792 9
696 151 705 175 0.000736 9
1046 167 1057 178 0.000731 9
248 177 257 191 0.000722 9
1131 166 1146 184 0.000712 9
897 152 910 177 0.000704 9
545 141 552 152 0.000695 9
1023 152 1040 159 0.000691 9
653 127 660 143 0.000677 9
1018 151 1031 172 0.000675 9
340 165 350 186 0.000642 9
447 151 543 181 0.000586 9
581 64 595 71 0.000575 9
905 127 912 138 0.000562 9
865 137 937 153 0.000555 9
1099 164 1151 207 0.000553 9
579 64 641 93 0.000536 9
936 138 945 153 0.000528 9
520 174 547 183 0.000521 9
990 679 1009 703 0.000506 9
943 131 954 151 0.000493 9
999 126 1007 135 0.000470 9
1020 136 1104 185 0.000465 9
464 187 480 208 0.000448 9
927 148 938 167 0.000426 9
992 283 999 301 0.000420 9
1050 120 1062 135 0.000414 9
410 178 417 195 0.000405 9
484 174 496 193 0.000390 9
867 166 895 178 0.000374 9
1077 135 1090 150 0.000361 9
240 163 248 177 0.000357 9
1112 150 1121 165 0.000345 9
638 136 656 162 0.000337 9
1001 169 1009 182 0.000318 9
688 151 699 175 0.000309 9
878 137 895 148 0.000304 9
112 150 127 164 0.000302 9
526 151 544 171 0.000290 9
1044 279 1057 309 0.000287 9
1207 144 1229 179 0.000287 9
625 64 640 77 0.000271 9
862 111 869 120 0.000270 9
1178 148 1201 178 0.000265 9
1055 152 1066 170 0.000261 9
63 141 80 178 0.000249 9
398 84 410 96 0.000243 9
813 143 822 155 0.000233 9
554 176 580 202 0.000227 9
544 140 567 160 0.000226 9
293 176 307 198 0.000223 9
863 165 871 178 0.000223 9
536 168 553 181 0.000216 9
682 150 704 216 0.000212 9
656 152 671 173 0.000209 9
378 162 409 185 0.000201 9
637 163 652 187 0.000201 9
665 328 678 346 0.000196 9
1185 138 1204 152 0.000182 9
359 158 389 188 0.000181 9
681 181 689 212 0.000180 9
861 117 872 136 0.000180 9
95 151 104 175 0.000177 9
259 166 271 179 0.000173 9
120 164 127 174 0.000172 9
1160 83 1191 97 0.000168 9
463 169 473 186 0.000168 9
320 64 365 111 0.000168 9
1055 166 1065 180 0.000165 9
210 167 218 175 0.000161 9
220 164 232 175 0.000159 9
680 155 689 183 0.000157 9
311 64 432 267 0.000153 9
663 182 671 199 0.000151 9
1264 79 1279 109 0.000149 9
587 173 593 185 0.000147 9
480 93 518 102 0.000141 9
704 168 712 179 0.000138 9
664 125 670 142 0.000137 9
1072 162 1091 193 0.000136 9
359 64 431 97 0.000131 9
625 118 631 131 0.000130 9
321 92 331 134 0.000127 9
1147 163 1201 214 0.000125 9
480 164 526 210 0.000124 9
1122 96 1150 140 0.000124 9
416 64 430 96 0.000123 9
1262 64 1279 73 0.000122 9
1142 131 1162 153 0.000120 9
597 133 605 143 0.000120 9
67 170 72 182 0.000118 9
571 164 581 178 0.000118 9
687 93 692 104 0.000114 9
1121 64 1222 88 0.000112 9
1133 136 1144 151 0.000110 9
878 125 1204 250 0.000109 9
247 165 256 175 0.000109 9
714 133 720 156 0.000107 9
231 161 240 176 0.000106 9
1242 341 1265 381 0.000105 9
959 160 989 169 0.000104 9
518 180 551 201 0.000102 9
1104 64 1132 71 0.000101 9
523 183 536 196 0.033404 11
1182 191 1198 215 0.029791 11
324 110 366 164 0.013759 11
518 191 526 200 0.011517 11
312 149 341 192 0.006997 11
1055 111 1083 146 0.004328 11
1055 121 1065 136 0.001463 11
293 176 306 196 0.000241 11
