454 193 501 308 0.779935 0
816 193 850 265 0.487976 0
890 193 906 248 0.370343 0
1038 197 1051 230 0.337263 0
886 192 908 249 0.278767 0
1036 196 1052 230 0.197860 0
878 193 901 255 0.175383 0
717 211 728 234 0.173884 0
987 201 1004 237 0.171836 0
889 193 905 232 0.168882 0
816 192 849 235 0.164064 0
887 193 905 245 0.147159 0
816 192 841 235 0.135303 0
987 200 1008 235 0.116178 0
880 193 905 254 0.114098 0
786 198 795 233 0.109805 0
878 199 895 248 0.097370 0
878 201 898 261 0.097246 0
1133 193 1145 237 0.089805 0
787 198 795 220 0.088082 0
878 203 893 241 0.082905 0
1132 191 1147 222 0.079085 0
878 200 892 235 0.073370 0
1133 206 1145 246 0.071755 0
213 197 223 228 0.071512 0
555 172 569 199 0.067755 0
997 194 1012 225 0.065773 0
1024 202 1039 229 0.063534 0
989 200 1011 235 0.060718 0
786 198 794 215 0.060298 0
829 193 851 234 0.060127 0
1040 197 1053 230 0.059250 0
991 200 1003 224 0.055667 0
306 183 325 199 0.055264 0
891 193 911 248 0.054750 0
788 197 796 231 0.054642 0
996 199 1012 233 0.054630 0
1151 191 1162 218 0.054399 0
831 193 852 267 0.051914 0
1070 206 1082 232 0.050544 0
715 208 728 234 0.050162 0
1148 191 1161 221 0.049055 0
1136 190 1148 215 0.047513 0
788 198 796 216 0.046893 0
1033 196 1046 229 0.046020 0
709 210 727 234 0.043604 0
975 204 1007 239 0.042802 0
1127 195 1148 235 0.042561 0
981 203 1005 239 0.042099 0
964 372 980 392 0.041060 0
866 207 872 225 0.039698 0
1046 198 1053 230 0.038827 0
555 176 570 200 0.037641 0
879 195 895 235 0.037615 0
1136 189 1150 219 0.037129 0
999 186 1010 218 0.035926 0
833 195 849 232 0.035077 0
1140 219 1155 249 0.034421 0
974 204 1003 250 0.032951 0
833 195 848 226 0.031924 0
1137 189 1149 215 0.031676 0
824 192 846 232 0.031473 0
1069 208 1082 233 0.030671 0
331 185 343 198 0.030633 0
633 203 644 217 0.029646 0
1035 188 1053 231 0.029395 0
786 197 797 234 0.029187 0
1135 190 1152 236 0.028111 0
876 193 905 265 0.026244 0
1131 190 1150 240 0.026221 0
645 199 654 214 0.025281 0
1137 217 1155 248 0.024742 0
972 210 998 253 0.023974 0
948 274 960 298 0.023881 0
693 209 702 233 0.023405 0
984 205 1004 256 0.023355 0
811 173 854 269 0.023086 0
1014 209 1025 225 0.023017 0
1049 199 1059 231 0.022384 0
991 195 1010 234 0.021764 0
1013 203 1025 223 0.021650 0
520 193 526 207 0.021402 0
713 207 729 235 0.021295 0
716 209 729 236 0.020198 0
1011 202 1023 226 0.018032 0
671 210 680 232 0.017889 0
513 194 521 212 0.017768 0
692 183 703 227 0.017709 0
973 209 984 224 0.017644 0
1124 199 1147 238 0.017183 0
574 183 582 201 0.017109 0
1134 199 1152 246 0.017092 0
1142 192 1161 225 0.016537 0
1121 226 1135 254 0.016511 0
328 186 343 198 0.016440 0
1002 201 1016 223 0.015566 0
632 201 649 216 0.015390 0
573 181 581 201 0.015334 0
1052 203 1082 232 0.014771 0
888 193 904 225 0.014489 0
640 199 655 216 0.013888 0
847 199 857 221 0.013479 0
962 372 980 400 0.013329 0
511 194 520 216 0.013095 0
1052 201 1069 231 0.012952 0
891 206 911 250 0.012733 0
949 273 960 291 0.012591 0
1154 189 1163 215 0.012451 0
1000 201 1017 228 0.012278 0
893 199 911 249 0.012228 0
1135 217 1153 248 0.012192 0
692 202 703 232 0.011745 0
865 442 876 454 0.011698 0
814 229 848 268 0.011658 0
522 183 536 203 0.011352 0
1051 202 1066 233 0.011045 0
726 208 736 234 0.010950 0
1272 201 1279 252 0.010848 0
865 206 874 234 0.010692 0
1219 216 1229 233 0.010675 0
194 200 205 215 0.010575 0
814 192 845 261 0.010547 0
1118 221 1133 235 0.010417 0
513 188 524 212 0.010338 0
866 199 892 246 0.010304 0
633 202 646 220 0.010301 0
1218 216 1227 233 0.010092 0
846 201 856 225 0.009913 0
725 206 737 235 0.009567 0
963 372 981 395 0.009498 0
1219 223 1227 234 0.009428 0
1155 191 1167 215 0.009335 0
305 179 324 199 0.009329 0
876 191 915 260 0.009022 0
385 196 396 206 0.008985 0
515 190 524 212 0.008817 0
822 192 842 212 0.008530 0
555 175 579 201 0.008512 0
670 209 679 232 0.008461 0
992 190 1011 217 0.008455 0
1220 207 1227 232 0.008449 0
339 186 353 198 0.008321 0
1154 191 1165 213 0.008148 0
454 195 487 302 0.007975 0
213 189 223 228 0.007787 0
982 200 1002 226 0.007498 0
815 193 862 265 0.007368 0
516 193 526 217 0.007234 0
640 194 652 215 0.007210 0
382 183 395 205 0.007204 0
1272 199 1279 241 0.007113 0
193 200 205 221 0.006845 0
876 184 952 238 0.006496 0
210 196 224 227 0.006174 0
307 178 326 199 0.005722 0
1268 199 1279 251 0.005701 0
1072 216 1089 233 0.005698 0
350 187 358 199 0.005604 0
820 192 840 215 0.005604 0
1000 183 1009 204 0.005535 0
864 204 902 266 0.005488 0
1218 212 1228 232 0.005394 0
845 203 857 232 0.005335 0
693 186 704 218 0.005294 0
833 225 850 265 0.005292 0
222 185 231 204 0.005282 0
887 192 911 237 0.005090 0
230 203 246 237 0.004940 0
1147 191 1168 219 0.004874 0
845 203 866 232 0.004445 0
736 203 744 232 0.004327 0
213 195 224 233 0.004130 0
386 197 396 206 0.004128 0
384 183 396 205 0.003883 0
1215 194 1227 227 0.003821 0
1214 192 1226 213 0.003780 0
481 249 504 310 0.003744 0
521 190 551 218 0.003665 0
969 207 993 243 0.003620 0
802 210 847 269 0.003582 0
961 372 980 403 0.003533 0
1178 235 1188 247 0.003510 0
332 179 351 198 0.003497 0
655 201 662 216 0.003478 0
348 186 359 198 0.003409 0
717 196 729 230 0.003356 0
514 189 536 245 0.003324 0
737 202 744 214 0.003318 0
397 186 409 205 0.003287 0
786 198 810 236 0.003230 0
1051 196 1083 231 0.003141 0
825 192 848 220 0.003100 0
220 186 231 226 0.003021 0
231 198 250 238 0.003012 0
231 204 245 223 0.003009 0
692 212 708 237 0.002949 0
802 192 852 268 0.002885 0
489 282 504 310 0.002861 0
194 200 207 215 0.002799 0
375 181 389 201 0.002767 0
666 185 672 226 0.002698 0
366 165 376 187 0.002677 0
693 175 702 206 0.002654 0
241 195 256 226 0.002615 0
467 188 480 208 0.002609 0
804 184 821 217 0.002603 0
645 192 659 214 0.002602 0
975 195 1015 236 0.002558 0
688 183 702 227 0.002499 0
1181 163 1202 216 0.002479 0
690 178 703 216 0.002475 0
863 200 872 227 0.002455 0
323 166 352 199 0.002434 0
192 200 203 228 0.002428 0
666 203 677 231 0.002404 0
865 206 879 230 0.002350 0
409 178 419 204 0.002336 0
478 219 499 299 0.002259 0
1241 214 1247 231 0.002247 0
803 182 834 218 0.002210 0
567 190 582 216 0.002198 0
776 198 795 222 0.002144 0
650 197 662 216 0.002132 0
399 182 408 204 0.002122 0
607 153 635 200 0.002109 0
477 209 497 296 0.002105 0
221 183 231 196 0.002104 0
321 175 350 198 0.002039 0
1240 198 1247 231 0.002021 0
616 177 632 201 0.002019 0
587 174 595 185 0.001987 0
372 165 382 192 0.001944 0
492 287 504 310 0.001909 0
666 209 680 231 0.001870 0
606 154 634 182 0.001814 0
375 183 387 202 0.001794 0
240 198 254 237 0.001779 0
1262 206 1279 250 0.001734 0
1136 186 1152 214 0.001716 0
632 177 640 200 0.001703 0
230 199 245 223 0.001700 0
209 191 223 224 0.001680 0
514 190 533 218 0.001662 0
1192 384 1205 403 0.001662 0
469 192 485 215 0.001646 0
666 187 671 205 0.001645 0
993 179 1014 226 0.001645 0
1217 198 1229 231 0.001626 0
636 190 654 214 0.001603 0
514 190 531 244 0.001595 0
241 194 256 235 0.001594 0
631 188 645 210 0.001588 0
355 185 370 199 0.001582 0
730 206 744 235 0.001573 0
1209 185 1220 213 0.001548 0
1176 344 1186 359 0.001536 0
638 171 651 209 0.001517 0
475 197 496 234 0.001504 0
637 161 649 199 0.001502 0
804 204 818 228 0.001492 0
236 201 253 237 0.001449 0
775 198 795 235 0.001418 0
1267 197 1279 260 0.001416 0
245 200 255 234 0.001410 0
325 236 342 254 0.001372 0
1094 197 1101 209 0.001370 0
632 202 650 221 0.001367 0
1210 191 1226 215 0.001362 0
454 214 465 255 0.001354 0
651 187 662 216 0.001341 0
320 220 356 317 0.001328 0
683 202 702 232 0.001327 0
996 191 1014 222 0.001326 0
507 190 536 247 0.001271 0
680 177 691 216 0.001266 0
1151 185 1166 213 0.001255 0
454 217 465 264 0.001250 0
847 189 857 220 0.001235 0
1041 184 1051 199 0.001234 0
630 171 638 193 0.001230 0
881 193 907 227 0.001207 0
175 189 182 204 0.001181 0
215 183 230 200 0.001175 0
783 198 808 245 0.001171 0
1036 183 1062 230 0.001149 0
1190 384 1214 419 0.001138 0
194 187 205 214 0.001099 0
935 273 960 298 0.001095 0
991 180 1009 212 0.001056 0
1247 201 1264 234 0.001048 0
362 165 374 188 0.001032 0
322 199 355 256 0.001032 0
225 196 244 234 0.001022 0
191 200 209 227 0.001019 0
454 208 464 241 0.001018 0
414 179 423 203 0.001002 0
195 196 206 215 0.000999 0
797 197 809 218 0.000989 0
480 237 499 297 0.000986 0
450 208 460 227 0.000985 0
1215 193 1228 223 0.000919 0
605 155 639 192 0.000918 0
308 183 326 206 0.000900 0
1202 218 1227 247 0.000898 0
786 195 794 213 0.000892 0
1210 194 1225 216 0.000880 0
454 204 464 224 0.000870 0
454 218 465 247 0.000870 0
614 179 635 203 0.000863 0
1204 407 1215 420 0.000848 0
461 188 479 209 0.000841 0
364 165 380 200 0.000831 0
801 201 817 229 0.000818 0
680 191 691 215 0.000814 0
236 218 248 238 0.000812 0
432 181 445 205 0.000809 0
1133 185 1151 214 0.000789 0
679 203 694 222 0.000775 0
481 282 504 310 0.000764 0
160 203 176 231 0.000763 0
327 228 354 255 0.000757 0
1198 397 1215 420 0.000754 0
414 251 421 270 0.000751 0
1053 482 1066 495 0.000742 0
1189 384 1209 410 0.000740 0
917 203 945 253 0.000735 0
599 193 653 218 0.000733 0
307 159 343 198 0.000706 0
218 193 237 229 0.000702 0
1127 189 1150 214 0.000687 0
323 228 357 319 0.000683 0
327 236 352 255 0.000654 0
412 177 420 204 0.000642 0
318 198 345 273 0.000635 0
326 203 355 255 0.000622 0
456 180 479 208 0.000612 0
429 222 439 231 0.000611 0
324 235 351 258 0.000609 0
160 203 175 225 0.000607 0
1217 187 1227 220 0.000604 0
456 180 466 201 0.000601 0
356 218 370 229 0.000600 0
225 202 247 248 0.000591 0
218 199 244 234 0.000591 0
605 154 642 185 0.000588 0
242 208 257 236 0.000584 0
370 168 383 196 0.000584 0
1193 369 1231 419 0.000579 0
459 194 482 213 0.000576 0
319 228 352 323 0.000576 0
450 207 461 263 0.000575 0
516 192 553 239 0.000547 0
712 192 729 218 0.000531 0
400 198 417 205 0.000527 0
182 195 239 250 0.000526 0
305 179 326 201 0.000525 0
319 241 349 329 0.000510 0
433 183 445 205 0.000492 0
307 182 326 213 0.000488 0
380 178 402 205 0.000485 0
787 194 800 218 0.000483 0
239 192 255 216 0.000475 0
305 180 357 204 0.000470 0
453 197 511 310 0.000466 0
433 173 445 203 0.000451 0
354 204 378 231 0.000445 0
512 192 526 239 0.000445 0
1190 372 1227 417 0.000439 0
397 195 411 206 0.000428 0
353 195 376 290 0.000423 0
381 182 403 205 0.000422 0
318 246 344 319 0.000422 0
983 187 1004 214 0.000409 0
1213 220 1231 242 0.000391 0
384 183 399 205 0.000390 0
320 237 331 277 0.000384 0
455 198 470 219 0.000382 0
211 196 247 246 0.000380 0
665 189 695 232 0.000370 0
219 205 245 238 0.000367 0
298 196 357 352 0.000347 0
319 241 357 319 0.000344 0
1212 166 1227 212 0.000337 0
998 181 1016 208 0.000332 0
476 212 498 239 0.000331 0
212 188 245 232 0.000331 0
425 220 441 245 0.000329 0
0 141 7 204 0.000321 0
413 250 421 271 0.000319 0
866 198 894 227 0.000318 0
1209 164 1227 213 0.000309 0
233 194 258 236 0.000308 0
359 187 376 201 0.000307 0
407 251 414 271 0.000307 0
461 180 480 204 0.000303 0
85 221 93 235 0.000298 0
319 242 339 332 0.000295 0
460 197 487 302 0.000289 0
319 207 349 279 0.000288 0
453 241 463 267 0.000279 0
1186 384 1215 419 0.000279 0
317 190 328 223 0.000276 0
264 195 274 230 0.000274 0
370 161 382 185 0.000269 0
476 209 498 267 0.000261 0
319 225 343 317 0.000260 0
1220 190 1229 210 0.000257 0
801 185 815 219 0.000253 0
516 194 537 244 0.000248 0
327 185 372 279 0.000235 0
324 221 361 316 0.000230 0
326 242 357 316 0.000229 0
305 180 379 221 0.000228 0
321 233 350 296 0.000221 0
936 182 960 206 0.000216 0
959 373 980 406 0.000216 0
354 232 369 273 0.000203 0
370 164 381 194 0.000203 0
800 153 815 221 0.000202 0
354 218 370 274 0.000196 0
613 164 660 213 0.000194 0
159 204 173 236 0.000183 0
362 158 379 189 0.000182 0
352 202 380 277 0.000181 0
1199 404 1216 422 0.000180 0
354 218 373 318 0.000177 0
353 198 385 315 0.000167 0
307 181 329 233 0.000167 0
1007 179 1063 230 0.000166 0
426 224 440 246 0.000156 0
330 213 370 280 0.000154 0
328 186 355 220 0.000152 0
1052 165 1082 232 0.000151 0
326 212 373 323 0.000150 0
328 185 348 216 0.000139 0
206 223 245 263 0.000137 0
374 173 407 205 0.000133 0
176 175 230 228 0.000131 0
290 195 358 364 0.000131 0
357 150 375 189 0.000130 0
336 219 371 306 0.000130 0
324 185 342 219 0.000127 0
599 342 611 361 0.000127 0
944 371 988 422 0.000124 0
983 568 1092 694 0.000123 0
844 178 873 229 0.000118 0
589 171 611 191 0.000116 0
861 439 877 467 0.000113 0
985 180 997 205 0.000110 0
961 370 983 408 0.000109 0
796 543 844 603 0.000107 0
864 172 920 227 0.000103 0
845 182 869 226 0.000103 0
324 199 374 273 0.000102 0
798 228 856 276 0.335925 1
958 223 1004 261 0.332848 1
958 223 1034 262 0.330016 1
958 229 996 261 0.201959 1
798 235 849 276 0.194785 1
797 222 861 276 0.162478 1
807 230 851 275 0.138109 1
958 223 1061 267 0.118435 1
1121 223 1136 253 0.090202 1
976 223 1034 261 0.085474 1
959 219 1022 261 0.079708 1
973 226 1066 269 0.079635 1
958 232 990 261 0.072215 1
800 224 900 278 0.071133 1
1133 219 1152 250 0.069668 1
999 231 1034 261 0.065585 1
998 232 1054 265 0.064598 1
958 217 999 260 0.059886 1
801 223 883 276 0.056549 1
1043 230 1074 267 0.055702 1
998 232 1040 263 0.055135 1
999 227 1068 269 0.048198 1
958 215 1007 260 0.047471 1
547 200 566 217 0.046705 1
1120 229 1135 254 0.046507 1
798 235 839 275 0.046461 1
866 205 899 265 0.044705 1
1018 231 1062 267 0.042979 1
1121 236 1134 254 0.042189 1
971 230 1037 265 0.038730 1
1133 217 1146 248 0.038536 1
864 218 899 267 0.038484 1
549 198 570 217 0.035837 1
966 218 1001 259 0.033772 1
1000 232 1034 254 0.032779 1
1142 309 1170 349 0.032162 1
1019 235 1066 270 0.030169 1
542 201 555 218 0.029385 1
1000 232 1033 250 0.028339 1
798 224 925 291 0.028152 1
874 212 901 266 0.027605 1
1043 235 1070 267 0.027074 1
819 224 925 283 0.026770 1
864 233 907 285 0.026534 1
798 217 838 275 0.026394 1
865 235 898 269 0.025674 1
772 231 846 274 0.025552 1
533 202 553 218 0.025282 1
929 275 959 302 0.025262 1
1027 235 1062 268 0.023797 1
1042 236 1076 270 0.023306 1
1039 226 1076 268 0.022924 1
812 235 857 275 0.022205 1
864 235 899 283 0.022006 1
1119 229 1153 254 0.021968 1
798 226 863 282 0.021847 1
551 197 568 217 0.021543 1
799 227 846 274 0.020974 1
1104 308 1170 350 0.020557 1
1000 234 1060 268 0.019848 1
992 237 1067 271 0.019822 1
1121 219 1140 247 0.018118 1
821 236 865 277 0.017987 1
798 237 817 274 0.017984 1
867 230 899 266 0.017943 1
958 230 989 254 0.017615 1
542 199 560 218 0.017223 1
1044 227 1063 246 0.016325 1
861 240 926 292 0.016067 1
812 229 848 273 0.015767 1
779 223 848 273 0.015728 1
828 228 854 272 0.015446 1
696 207 728 235 0.015433 1
876 223 916 265 0.015427 1
1035 232 1060 261 0.015101 1
868 258 907 285 0.015082 1
796 228 820 275 0.014613 1
797 222 924 278 0.014440 1
863 224 923 284 0.013801 1
1043 242 1079 271 0.013720 1
1055 217 1088 253 0.012964 1
1181 184 1201 215 0.012899 1
864 252 901 285 0.012559 1
985 210 1012 257 0.012456 1
462 245 504 309 0.012305 1
868 237 919 285 0.012141 1
1101 227 1122 250 0.011883 1
1120 221 1140 253 0.011729 1
1124 220 1155 252 0.011525 1
803 216 818 235 0.011383 1
1051 223 1090 254 0.011201 1
682 206 728 235 0.011175 1
864 251 926 294 0.010952 1
1072 223 1092 252 0.010664 1
864 207 893 252 0.010050 1
808 240 854 278 0.009979 1
896 263 928 297 0.008979 1
984 234 1053 272 0.008835 1
894 224 912 251 0.008832 1
1002 231 1056 254 0.008812 1
799 197 851 273 0.008698 1
830 230 881 281 0.008632 1
894 263 918 292 0.008618 1
797 215 940 274 0.008549 1
828 238 869 281 0.008538 1
961 212 998 255 0.008173 1
818 239 857 280 0.008015 1
890 264 912 291 0.007992 1
871 227 920 267 0.007920 1
1140 229 1155 253 0.007904 1
1043 225 1093 263 0.007737 1
1008 208 1037 231 0.007604 1
560 198 580 217 0.007601 1
865 262 889 283 0.007418 1
830 227 873 278 0.007291 1
863 259 950 300 0.007260 1
1049 227 1089 255 0.007244 1
882 232 922 287 0.007039 1
944 275 959 302 0.006914 1
800 216 818 243 0.006557 1
476 229 503 303 0.006367 1
1040 231 1057 246 0.006352 1
892 229 916 259 0.006318 1
565 201 578 217 0.006315 1
918 273 959 303 0.005892 1
933 274 960 301 0.005859 1
869 268 959 302 0.005841 1
942 274 959 301 0.005818 1
966 233 1051 272 0.005711 1
863 208 894 265 0.005644 1
894 265 906 285 0.005407 1
775 239 815 274 0.005272 1
462 260 503 302 0.005258 1
845 235 857 266 0.005254 1
946 234 979 255 0.005106 1
841 230 895 277 0.005033 1
1072 227 1091 252 0.004772 1
1140 309 1174 354 0.004639 1
862 262 885 282 0.004568 1
1040 225 1122 258 0.004553 1
845 211 857 246 0.004530 1
842 206 868 244 0.004421 1
836 242 886 282 0.004374 1
877 263 909 287 0.004212 1
905 266 959 304 0.004204 1
918 209 944 254 0.004132 1
842 204 868 234 0.003916 1
1116 309 1169 347 0.003868 1
858 225 928 288 0.003825 1
1006 231 1054 249 0.003720 1
479 225 501 300 0.003639 1
851 225 896 270 0.003578 1
882 229 921 267 0.003541 1
925 277 955 302 0.003482 1
949 238 973 255 0.003447 1
857 220 897 268 0.003413 1
913 208 1014 257 0.003346 1
538 201 557 220 0.003320 1
889 237 926 293 0.003243 1
457 279 504 313 0.003243 1
964 210 1075 251 0.003160 1
838 221 859 267 0.003156 1
844 220 857 264 0.003143 1
913 269 928 298 0.003044 1
864 261 884 277 0.003019 1
927 274 960 314 0.002977 1
1183 191 1206 229 0.002927 1
1042 225 1088 269 0.002809 1
892 223 927 256 0.002766 1
1046 208 1124 251 0.002702 1
482 247 504 310 0.002634 1
1045 229 1086 266 0.002599 1
798 240 841 277 0.002580 1
805 242 844 278 0.002554 1
798 222 817 241 0.002546 1
889 230 926 264 0.002515 1
866 263 901 287 0.002494 1
914 219 944 253 0.002484 1
867 263 883 273 0.002446 1
926 280 947 308 0.002414 1
844 213 867 265 0.002379 1
860 259 931 302 0.002197 1
918 211 942 250 0.002190 1
927 281 957 312 0.002158 1
842 224 869 274 0.002142 1
868 220 928 261 0.002087 1
897 211 934 249 0.001949 1
1178 192 1202 224 0.001948 1
891 234 925 267 0.001935 1
460 284 503 311 0.001933 1
971 250 1090 296 0.001874 1
894 199 934 247 0.001857 1
532 201 554 220 0.001832 1
1072 231 1090 253 0.001828 1
1182 187 1210 219 0.001800 1
676 212 702 234 0.001780 1
1011 241 1085 296 0.001779 1
1188 214 1225 230 0.001660 1
956 226 1083 295 0.001647 1
1071 224 1121 251 0.001518 1
985 242 1100 297 0.001493 1
928 208 982 254 0.001491 1
813 194 863 271 0.001482 1
463 258 490 299 0.001441 1
985 216 1112 261 0.001431 1
797 178 944 261 0.001423 1
540 199 568 220 0.001388 1
1040 251 1079 295 0.001351 1
895 267 924 297 0.001337 1
531 251 600 398 0.001318 1
951 222 1067 295 0.001297 1
1180 173 1214 215 0.001243 1
902 200 944 249 0.001221 1
883 198 940 248 0.001123 1
842 255 928 307 0.001105 1
1170 179 1201 215 0.001068 1
1138 308 1192 355 0.001063 1
864 262 896 288 0.001059 1
575 297 596 350 0.001055 1
464 253 486 299 0.001051 1
481 242 500 296 0.001033 1
787 230 817 273 0.001017 1
893 269 913 297 0.000962 1
958 221 1062 276 0.000960 1
951 208 995 251 0.000914 1
905 231 943 255 0.000868 1
1188 219 1206 231 0.000857 1
574 297 596 361 0.000788 1
909 270 940 312 0.000780 1
809 252 930 325 0.000777 1
1144 309 1168 344 0.000741 1
574 280 596 345 0.000728 1
1136 183 1201 219 0.000727 1
1262 212 1279 258 0.000720 1
1155 344 1181 356 0.000712 1
1133 309 1188 353 0.000695 1
1063 219 1197 271 0.000695 1
1040 225 1121 270 0.000685 1
955 249 1080 295 0.000683 1
1188 167 1214 214 0.000678 1
573 290 596 387 0.000657 1
574 284 596 375 0.000657 1
798 241 815 277 0.000647 1
1033 223 1185 273 0.000629 1
798 218 944 288 0.000623 1
1101 307 1198 370 0.000621 1
1177 189 1200 219 0.000614 1
672 214 705 237 0.000608 1
763 221 860 278 0.000594 1
1082 218 1227 274 0.000584 1
862 220 1040 300 0.000573 1
1023 274 1063 295 0.000566 1
962 370 1026 399 0.000565 1
963 371 989 394 0.000561 1
1044 239 1091 273 0.000558 1
1137 328 1182 363 0.000548 1
454 254 505 314 0.000547 1
825 250 870 292 0.000535 1
793 224 893 326 0.000534 1
924 237 994 264 0.000531 1
891 267 933 314 0.000520 1
852 261 893 293 0.000496 1
905 249 929 293 0.000495 1
960 272 1067 296 0.000490 1
1013 276 1053 295 0.000476 1
769 229 832 270 0.000463 1
795 219 878 334 0.000453 1
1179 192 1244 232 0.000452 1
831 254 896 296 0.000449 1
796 222 938 331 0.000437 1
958 238 1046 271 0.000433 1
925 283 942 312 0.000427 1
913 269 958 296 0.000417 1
574 279 604 361 0.000407 1
623 204 815 266 0.000382 1
1095 307 1185 372 0.000381 1
1043 278 1063 295 0.000372 1
1120 164 1203 219 0.000363 1
919 243 1047 301 0.000358 1
845 267 960 343 0.000354 1
458 260 487 307 0.000347 1
1105 312 1170 345 0.000331 1
573 284 612 377 0.000329 1
796 225 864 330 0.000326 1
591 222 865 279 0.000315 1
943 219 1204 339 0.000313 1
1135 339 1198 373 0.000282 1
574 273 605 346 0.000280 1
543 199 577 220 0.000276 1
898 272 959 326 0.000275 1
574 277 596 331 0.000273 1
781 202 1089 305 0.000258 1
461 248 488 300 0.000252 1
824 254 856 292 0.000231 1
942 231 1185 367 0.000226 1
738 217 1218 375 0.000222 1
1043 266 1076 295 0.000221 1
975 376 1027 399 0.000221 1
753 214 860 275 0.000216 1
1163 345 1183 360 0.000204 1
766 232 854 288 0.000199 1
873 275 913 297 0.000183 1
1172 164 1200 188 0.000174 1
956 251 1177 361 0.000165 1
1191 164 1215 216 0.000165 1
895 278 916 309 0.000162 1
924 273 961 324 0.000158 1
957 230 1023 270 0.000149 1
901 272 939 316 0.000148 1
811 241 856 301 0.000138 1
573 277 608 390 0.000136 1
924 273 978 303 0.000134 1
736 203 753 234 0.000129 1
459 198 488 302 0.000125 1
958 233 1039 270 0.000122 1
860 271 904 299 0.000120 1
622 240 959 397 0.000120 1
920 223 1173 352 0.000119 1
618 208 863 276 0.000118 1
1173 344 1208 398 0.000112 1
575 319 594 390 0.000111 1
777 215 1097 370 0.000110 1
649 249 959 401 0.000106 1
936 247 1149 297 0.000105 1
939 273 967 301 0.000104 1
866 178 954 211 0.121510 2
523 183 536 195 0.105070 2
522 182 537 197 0.085355 2
481 170 530 213 0.051478 2
522 183 540 199 0.048162 2
479 172 524 215 0.042342 2
694 203 727 232 0.039106 2
586 183 638 216 0.037937 2
1145 221 1189 247 0.037421 2
875 177 956 248 0.037205 2
867 178 958 239 0.037123 2
1150 228 1179 247 0.036884 2
522 183 548 202 0.034503 2
856 177 954 228 0.033575 2
1153 235 1170 247 0.030890 2
586 183 622 216 0.025899 2
554 172 572 199 0.025123 2
481 173 517 203 0.024766 2
522 181 548 200 0.023970 2
692 205 728 234 0.023402 2
480 171 517 211 0.022729 2
1117 488 1136 497 0.022637 2
1149 225 1179 248 0.021891 2
449 155 521 177 0.021470 2
1142 219 1195 247 0.021336 2
481 175 495 198 0.020687 2
481 173 497 201 0.020008 2
1010 198 1029 222 0.019615 2
868 182 948 215 0.019549 2
547 173 580 200 0.019392 2
1051 201 1082 232 0.019315 2
1095 222 1121 247 0.019306 2
1257 199 1273 213 0.018664 2
864 177 951 218 0.018404 2
704 207 728 233 0.017901 2
1254 199 1275 228 0.017441 2
887 183 950 211 0.017420 2
1102 227 1121 249 0.017240 2
1273 198 1279 213 0.016787 2
1254 199 1274 219 0.016786 2
1156 234 1175 247 0.016091 2
913 186 953 211 0.015843 2
519 183 543 206 0.015487 2
160 203 200 230 0.014689 2
872 179 954 231 0.014661 2
162 203 194 224 0.014212 2
696 208 727 232 0.013263 2
825 330 847 343 0.012742 2
1071 208 1118 231 0.012722 2
865 177 963 252 0.012442 2
524 174 555 201 0.011907 2
443 153 519 203 0.011643 2
1099 222 1122 248 0.011621 2
1049 197 1082 231 0.010988 2
293 177 324 198 0.010772 2
1016 204 1039 230 0.009978 2
1051 199 1079 228 0.009512 2
554 172 580 201 0.009499 2
480 177 496 207 0.009394 2
522 171 558 198 0.009168 2
448 155 514 183 0.009106 2
556 178 579 202 0.009077 2
920 182 954 209 0.009037 2
597 201 649 217 0.009032 2
1075 218 1121 241 0.009012 2
1105 487 1137 498 0.008871 2
482 199 504 216 0.008229 2
483 200 516 217 0.008027 2
1144 220 1205 247 0.007923 2
499 203 516 217 0.007824 2
305 179 324 198 0.007717 2
1021 199 1038 227 0.007693 2
927 192 956 208 0.007581 2
524 170 570 199 0.007315 2
471 158 518 208 0.007048 2
1071 207 1099 231 0.006903 2
1268 198 1279 245 0.006804 2
1015 197 1048 229 0.006784 2
1073 217 1119 232 0.006675 2
671 207 729 235 0.006143 2
922 185 953 207 0.006134 2
476 176 546 209 0.006126 2
482 182 518 211 0.006094 2
1208 371 1225 389 0.005964 2
521 183 547 209 0.005873 2
481 188 505 215 0.005708 2
291 176 320 198 0.005610 2
160 203 196 234 0.005471 2
885 177 992 252 0.005314 2
160 203 206 232 0.005064 2
546 160 579 177 0.004967 2
871 177 944 207 0.004927 2
543 159 580 187 0.004911 2
605 202 651 218 0.004818 2
481 187 517 215 0.004675 2
449 157 490 174 0.004672 2
869 177 939 211 0.004603 2
571 183 621 216 0.004524 2
544 201 558 218 0.004505 2
859 176 941 208 0.004450 2
1047 217 1122 248 0.004377 2
927 184 957 208 0.004297 2
546 198 575 218 0.004276 2
1116 216 1138 233 0.004260 2
1015 198 1078 231 0.004242 2
547 160 580 190 0.004195 2
920 181 951 205 0.004183 2
1038 199 1082 231 0.004150 2
539 183 551 202 0.004122 2
1077 211 1123 233 0.004069 2
521 186 554 218 0.003973 2
1072 223 1122 249 0.003831 2
512 181 540 209 0.003828 2
800 179 958 264 0.003815 2
499 196 518 215 0.003742 2
1053 206 1121 234 0.003546 2
1088 211 1130 234 0.003493 2
917 196 945 214 0.003467 2
681 210 702 233 0.003357 2
1231 180 1279 220 0.003323 2
454 146 525 179 0.003178 2
924 184 949 203 0.003071 2
1107 222 1214 252 0.002937 2
480 177 521 215 0.002923 2
396 198 409 205 0.002909 2
914 204 985 254 0.002903 2
161 201 208 222 0.002755 2
161 201 194 222 0.002743 2
479 192 492 215 0.002700 2
1224 179 1279 235 0.002681 2
822 175 950 227 0.002542 2
1143 214 1189 248 0.002490 2
522 170 552 191 0.002449 2
522 175 551 197 0.002422 2
1004 195 1042 226 0.002413 2
676 211 700 232 0.002406 2
1073 202 1119 232 0.002358 2
1224 180 1279 203 0.002311 2
916 201 936 214 0.002266 2
543 161 576 200 0.002234 2
524 179 572 215 0.002087 2
875 192 942 245 0.002069 2
812 188 846 219 0.002037 2
478 174 544 219 0.002030 2
1206 371 1225 401 0.001971 2
1251 213 1266 234 0.001907 2
1153 184 1200 216 0.001871 2
807 182 874 229 0.001853 2
1257 169 1279 181 0.001841 2
1246 180 1279 215 0.001810 2
1241 196 1261 232 0.001804 2
448 156 493 181 0.001782 2
1263 169 1279 179 0.001778 2
529 190 544 218 0.001772 2
1072 195 1096 211 0.001744 2
1101 231 1122 253 0.001692 2
1259 200 1279 247 0.001687 2
459 171 577 218 0.001625 2
1265 193 1279 228 0.001620 2
319 197 356 256 0.001609 2
1051 193 1086 232 0.001596 2
930 202 945 214 0.001582 2
830 180 968 258 0.001546 2
610 180 631 202 0.001505 2
1143 201 1190 248 0.001487 2
914 208 1006 255 0.001486 2
1207 370 1225 392 0.001480 2
1272 221 1279 258 0.001471 2
915 201 945 253 0.001460 2
160 200 217 231 0.001455 2
1140 219 1223 252 0.001447 2
574 179 614 214 0.001439 2
1194 220 1226 231 0.001438 2
1207 370 1230 389 0.001425 2
1269 193 1279 211 0.001423 2
1096 192 1161 240 0.001418 2
160 202 218 240 0.001399 2
929 194 960 209 0.001332 2
1263 364 1279 378 0.001326 2
319 219 331 233 0.001294 2
716 199 740 235 0.001290 2
1245 168 1279 197 0.001268 2
159 194 194 225 0.001267 2
355 206 371 229 0.001218 2
386 198 397 206 0.001185 2
918 216 946 254 0.001180 2
353 203 372 228 0.001166 2
971 200 997 224 0.001138 2
447 166 561 223 0.001131 2
1050 197 1153 240 0.001087 2
1089 198 1150 233 0.001073 2
1139 234 1178 253 0.001068 2
918 206 946 254 0.001029 2
1089 195 1097 210 0.001020 2
1194 215 1225 230 0.000996 2
1079 191 1092 202 0.000995 2
1249 169 1279 186 0.000986 2
522 170 548 181 0.000980 2
1236 174 1279 203 0.000976 2
1243 197 1264 233 0.000971 2
352 188 371 200 0.000952 2
563 174 581 200 0.000934 2
969 206 983 223 0.000924 2
603 154 637 192 0.000900 2
1189 219 1212 230 0.000887 2
1072 227 1117 251 0.000885 2
1192 369 1254 421 0.000873 2
485 161 523 203 0.000872 2
1098 185 1121 206 0.000871 2
353 199 386 228 0.000869 2
872 186 964 253 0.000865 2
448 157 501 198 0.000854 2
1100 182 1149 208 0.000845 2
664 177 730 231 0.000824 2
1206 368 1232 389 0.000819 2
1175 213 1186 222 0.000804 2
1263 241 1279 270 0.000802 2
1202 370 1235 408 0.000802 2
1099 186 1154 233 0.000799 2
1240 198 1269 233 0.000793 2
433 172 445 190 0.000792 2
1031 212 1185 258 0.000789 2
1089 206 1126 231 0.000781 2
439 159 522 214 0.000779 2
1050 191 1083 228 0.000773 2
437 202 456 221 0.000762 2
799 330 847 348 0.000759 2
1089 191 1121 208 0.000757 2
439 200 462 220 0.000752 2
1040 188 1078 228 0.000724 2
450 205 460 221 0.000715 2
1125 191 1175 246 0.000698 2
1226 170 1278 186 0.000693 2
1192 384 1205 402 0.000679 2
466 180 481 200 0.000662 2
1248 167 1279 182 0.000656 2
351 195 389 228 0.000652 2
1071 191 1083 211 0.000649 2
931 206 1009 254 0.000647 2
278 176 324 200 0.000645 2
448 154 490 172 0.000643 2
1055 218 1222 258 0.000637 2
1263 364 1279 386 0.000635 2
917 206 976 254 0.000633 2
517 178 539 197 0.000629 2
1183 195 1279 253 0.000621 2
327 194 361 249 0.000613 2
433 172 445 194 0.000607 2
1249 171 1279 201 0.000581 2
1098 188 1148 212 0.000573 2
1144 188 1190 221 0.000569 2
1188 359 1278 420 0.000562 2
410 203 456 225 0.000557 2
1025 306 1089 333 0.000548 2
832 140 906 173 0.000533 2
160 202 232 247 0.000530 2
431 169 450 187 0.000527 2
944 184 1040 256 0.000520 2
744 204 785 235 0.000516 2
431 196 447 206 0.000489 2
349 187 388 225 0.000478 2
417 204 458 230 0.000476 2
1224 173 1280 203 0.000476 2
435 198 449 207 0.000476 2
1183 346 1277 419 0.000462 2
894 156 926 188 0.000461 2
1079 193 1112 223 0.000448 2
474 145 524 175 0.000441 2
1098 171 1125 206 0.000437 2
965 200 991 216 0.000431 2
159 190 202 229 0.000426 2
353 203 384 225 0.000425 2
928 183 960 207 0.000424 2
1188 371 1231 418 0.000409 2
698 184 729 210 0.000403 2
411 206 454 234 0.000394 2
353 204 379 230 0.000392 2
432 166 466 186 0.000385 2
609 170 718 216 0.000371 2
804 329 847 346 0.000368 2
760 204 785 235 0.000366 2
699 202 781 236 0.000362 2
921 191 959 220 0.000354 2
290 176 313 198 0.000349 2
737 203 776 234 0.000348 2
1230 167 1262 182 0.000348 2
294 190 389 222 0.000342 2
604 177 728 221 0.000338 2
318 201 331 234 0.000336 2
435 164 464 183 0.000324 2
1184 363 1270 418 0.000322 2
974 191 982 202 0.000321 2
786 329 846 353 0.000319 2
1250 217 1267 239 0.000315 2
745 199 796 234 0.000314 2
612 199 732 232 0.000312 2
702 304 769 337 0.000311 2
1220 219 1240 232 0.000308 2
1095 168 1151 208 0.000300 2
1199 354 1263 391 0.000295 2
1263 254 1279 271 0.000294 2
662 184 695 227 0.000288 2
1138 326 1170 351 0.000285 2
1003 178 1055 229 0.000281 2
1203 365 1252 391 0.000280 2
327 201 374 240 0.000279 2
694 176 724 203 0.000272 2
941 206 987 247 0.000267 2
946 206 981 232 0.000260 2
1193 350 1254 391 0.000258 2
1199 358 1236 390 0.000256 2
1152 184 1182 207 0.000252 2
1229 196 1251 231 0.000252 2
369 197 390 206 0.000249 2
736 200 794 234 0.000248 2
159 202 209 244 0.000245 2
1223 183 1264 229 0.000243 2
351 194 391 211 0.000242 2
520 149 578 187 0.000241 2
410 204 455 245 0.000241 2
867 184 1022 250 0.000240 2
1137 201 1201 248 0.000238 2
1224 203 1245 231 0.000234 2
1181 349 1230 417 0.000234 2
156 189 178 221 0.000234 2
158 186 181 205 0.000232 2
917 201 980 246 0.000232 2
1189 358 1229 405 0.000232 2
1194 368 1261 410 0.000231 2
950 199 983 211 0.000225 2
317 203 346 256 0.000225 2
574 273 604 347 0.000222 2
433 172 445 204 0.000218 2
413 172 446 203 0.000214 2
441 160 500 215 0.000213 2
737 202 755 215 0.000210 2
738 201 785 227 0.000207 2
499 241 516 250 0.000202 2
886 177 932 191 0.000196 2
458 144 525 175 0.000195 2
1022 305 1105 340 0.000193 2
355 203 386 221 0.000193 2
153 185 182 211 0.000193 2
1167 335 1277 419 0.000188 2
828 136 910 174 0.000183 2
968 188 985 204 0.000179 2
669 171 712 217 0.000175 2
1188 355 1228 390 0.000173 2
574 272 602 336 0.000171 2
1064 168 1155 210 0.000169 2
598 159 629 184 0.000167 2
913 174 949 201 0.000164 2
704 190 740 233 0.000153 2
351 196 603 305 0.000153 2
1195 344 1267 389 0.000144 2
1193 361 1280 435 0.000143 2
926 177 947 196 0.000142 2
273 182 295 193 0.000142 2
152 183 180 204 0.000141 2
123 224 137 236 0.000139 2
441 144 526 176 0.000139 2
152 183 184 207 0.000138 2
1188 353 1227 398 0.000138 2
1181 382 1206 405 0.000138 2
930 218 1217 349 0.000137 2
1221 165 1252 197 0.000136 2
826 326 854 343 0.000133 2
291 177 326 229 0.000132 2
1023 306 1080 331 0.000130 2
1263 362 1279 394 0.000129 2
604 157 660 209 0.000127 2
1194 376 1274 415 0.000126 2
763 198 796 237 0.000123 2
113 222 138 237 0.000122 2
1041 261 1084 294 0.000121 2
491 144 525 177 0.000121 2
332 190 358 233 0.000121 2
96 200 111 206 0.000116 2
826 329 856 344 0.000111 2
1263 350 1279 365 0.000109 2
495 241 514 250 0.000107 2
95 199 109 206 0.000107 2
431 180 473 210 0.000107 2
1102 176 1178 219 0.000107 2
1223 163 1255 210 0.000105 2
434 174 469 204 0.000102 2
327 183 357 248 0.000102 2
1044 226 1076 261 0.053046 3
1047 220 1076 256 0.036524 3
1058 225 1075 260 0.023402 3
1051 211 1081 242 0.018734 3
1051 209 1080 253 0.016780 3
1051 213 1069 234 0.012445 3
1042 231 1077 268 0.012180 3
1051 204 1082 232 0.010835 3
1058 222 1075 255 0.010170 3
994 204 1016 233 0.008514 3
695 210 727 234 0.005596 3
1047 216 1065 236 0.004684 3
1100 224 1123 250 0.004501 3
1037 197 1083 248 0.002829 3
959 198 1048 252 0.001809 3
811 137 940 222 0.006063 5
831 135 935 168 0.005575 5
823 135 944 187 0.004185 5
1213 176 1279 232 0.004099 5
1188 168 1279 230 0.003350 5
828 135 907 171 0.002288 5
830 135 899 167 0.002063 5
866 177 936 206 0.002027 5
484 149 525 177 0.001220 5
1225 172 1279 222 0.001023 5
1170 170 1280 264 0.000389 5
829 124 938 169 0.000185 5
309 189 388 275 0.000158 5
855 170 945 225 0.000143 5
1218 163 1279 231 0.000113 5
586 183 633 216 0.046663 7
802 158 857 222 0.033261 7
586 183 645 217 0.033192 7
686 199 729 234 0.023883 7
586 183 621 215 0.021231 7
443 152 519 184 0.017917 7
802 157 942 226 0.017573 7
449 154 522 178 0.017194 7
539 160 580 202 0.016512 7
450 151 523 182 0.014706 7
808 177 951 229 0.012771 7
527 166 579 202 0.012193 7
672 198 729 233 0.010446 7
807 158 858 201 0.010411 7
805 142 942 222 0.010245 7
796 172 951 222 0.007674 7
791 144 945 233 0.007497 7
696 149 941 233 0.007487 7
520 163 578 204 0.005967 7
449 167 522 211 0.005805 7
449 155 528 205 0.005285 7
450 147 524 178 0.005103 7
520 158 581 201 0.004774 7
694 154 804 236 0.004357 7
809 159 858 185 0.004286 7
689 191 730 233 0.004035 7
546 183 652 218 0.003748 7
692 163 935 234 0.003544 7
802 169 947 240 0.003398 7
1222 176 1279 232 0.003314 7
448 155 492 175 0.002999 7
1009 188 1050 231 0.002957 7
449 158 573 206 0.002907 7
1008 185 1046 228 0.002774 7
587 185 652 219 0.002588 7
1005 189 1046 222 0.002500 7
449 156 490 172 0.002294 7
1188 176 1279 233 0.002199 7
717 151 861 225 0.002044 7
448 156 492 180 0.001767 7
694 183 730 232 0.001701 7
714 152 805 222 0.001624 7
806 161 857 213 0.001533 7
585 167 643 217 0.001508 7
552 186 715 223 0.001472 7
1092 220 1224 261 0.001410 7
544 176 620 210 0.001368 7
1064 199 1159 240 0.001186 7
809 161 858 180 0.001155 7
552 186 731 229 0.001147 7
597 154 646 216 0.001004 7
1107 221 1222 264 0.000991 7
804 136 906 175 0.000966 7
603 154 638 197 0.000939 7
685 176 727 231 0.000930 7
684 152 751 234 0.000896 7
867 176 938 218 0.000880 7
449 128 532 181 0.000779 7
495 176 635 218 0.000715 7
801 140 894 220 0.000687 7
521 161 672 216 0.000643 7
1070 180 1160 233 0.000630 7
1164 174 1279 268 0.000605 7
301 194 442 339 0.000590 7
814 154 961 240 0.000589 7
1009 184 1044 218 0.000559 7
544 159 599 206 0.000554 7
299 197 391 313 0.000534 7
839 149 954 213 0.000524 7
699 190 799 237 0.000491 7
809 166 857 208 0.000478 7
815 131 969 239 0.000477 7
668 156 728 233 0.000473 7
517 143 578 202 0.000427 7
1063 192 1200 245 0.000422 7
352 200 391 320 0.000410 7
543 160 719 223 0.000391 7
811 158 858 178 0.000377 7
1125 173 1278 251 0.000368 7
1167 165 1279 232 0.000339 7
1096 165 1154 214 0.000330 7
319 194 601 302 0.000325 7
1086 185 1220 251 0.000323 7
669 73 938 234 0.000318 7
691 123 944 234 0.000315 7
539 143 581 202 0.000295 7
980 177 1055 226 0.000267 7
558 154 732 228 0.000264 7
1180 202 1279 257 0.000250 7
865 176 942 224 0.000229 7
448 135 529 206 0.000213 7
726 158 805 209 0.000207 7
578 156 640 217 0.000194 7
388 178 421 205 0.000193 7
410 206 453 254 0.000162 7
670 64 910 237 0.000149 7
669 141 809 234 0.000138 7
302 96 455 344 0.000135 7
1082 161 1233 245 0.000129 7
856 151 961 213 0.000123 7
1057 161 1209 243 0.000119 7
395 192 460 206 0.000113 7
710 146 822 216 0.000107 7
410 207 447 269 0.000106 7
1090 150 1103 177 0.557251 9
513 150 524 176 0.176184 9
1006 136 1015 171 0.053664 9
1004 136 1014 171 0.042825 9
693 183 702 205 0.033115 9
1002 136 1013 177 0.030914 9
1015 149 1024 170 0.027791 9
1091 150 1103 185 0.026186 9
1014 134 1025 170 0.025748 9
1014 134 1025 153 0.025374 9
1015 134 1026 149 0.020731 9
171 64 203 91 0.019154 9
895 155 905 173 0.016396 9
896 159 904 176 0.014550 9
1094 146 1111 175 0.013572 9
1090 150 1110 175 0.010830 9
1091 134 1107 176 0.009615 9
1001 168 1008 178 0.009563 9
898 151 909 171 0.009163 9
449 159 464 170 0.007781 9
1186 163 1201 187 0.007334 9
896 154 908 172 0.007268 9
897 154 909 174 0.007247 9
699 121 715 153 0.006918 9
334 165 352 199 0.006671 9
1003 140 1014 177 0.006658 9
693 175 702 201 0.006614 9
1183 163 1201 217 0.006412 9
596 128 605 145 0.006318 9
694 119 708 152 0.006179 9
880 154 893 172 0.006133 9
701 115 716 131 0.006040 9
327 163 352 199 0.005946 9
1081 151 1102 178 0.005685 9
1111 193 1120 205 0.005475 9
1080 151 1099 180 0.005092 9
688 169 701 202 0.005085 9
1183 163 1199 187 0.005062 9
1010 133 1026 173 0.005044 9
586 118 598 136 0.004918 9
595 64 625 93 0.004872 9
1208 169 1216 196 0.004657 9
373 165 381 183 0.004625 9
119 64 162 78 0.004613 9
693 118 717 154 0.004607 9
902 137 934 155 0.004505 9
689 171 702 208 0.004498 9
595 64 636 93 0.004461 9
665 182 671 201 0.004251 9
1214 190 1223 209 0.004231 9
904 137 929 153 0.004231 9
862 164 869 178 0.004207 9
366 165 375 187 0.004094 9
1011 135 1023 173 0.004081 9
681 170 689 197 0.003913 9
993 139 1001 161 0.003669 9
701 119 717 155 0.003664 9
1213 168 1225 190 0.003662 9
587 117 602 158 0.003606 9
705 154 713 173 0.003595 9
663 171 671 190 0.003567 9
1212 167 1226 192 0.003537 9
680 177 689 209 0.003517 9
1054 110 1084 146 0.003400 9
690 119 708 152 0.003333 9
688 169 699 183 0.003297 9
337 164 352 197 0.003254 9
1206 168 1216 191 0.003238 9
993 141 1000 161 0.003185 9
512 146 524 176 0.003177 9
998 132 1010 173 0.003128 9
1097 178 1102 196 0.003077 9
688 119 712 154 0.003074 9
851 116 865 137 0.003023 9
854 116 865 137 0.002902 9
880 154 895 172 0.002866 9
1209 169 1217 200 0.002807 9
596 125 608 164 0.002674 9
702 116 716 129 0.002663 9
316 152 343 198 0.002650 9
240 178 246 190 0.002579 9
596 117 606 151 0.002549 9
648 165 659 189 0.002514 9
680 65 696 120 0.002505 9
321 155 344 198 0.002486 9
844 115 858 136 0.002343 9
121 64 171 78 0.002338 9
689 119 702 152 0.002315 9
651 176 662 208 0.002315 9
637 161 646 190 0.002309 9
690 170 702 181 0.002300 9
703 159 713 179 0.002290 9
637 161 646 178 0.002280 9
681 168 690 186 0.002252 9
259 143 269 159 0.002248 9
1128 164 1147 185 0.002169 9
879 152 893 172 0.002147 9
900 155 909 177 0.002133 9
596 116 626 166 0.002125 9
595 118 604 155 0.002095 9
1228 167 1247 181 0.002069 9
581 64 596 93 0.002057 9
1099 133 1111 174 0.002057 9
1089 181 1098 198 0.002048 9
837 119 852 136 0.002037 9
258 144 268 159 0.002034 9
1141 164 1155 186 0.002006 9
586 169 594 184 0.001984 9
997 133 1019 173 0.001972 9
640 164 660 204 0.001962 9
650 170 663 204 0.001950 9
697 72 706 118 0.001929 9
837 116 853 135 0.001917 9
696 151 706 175 0.001915 9
1112 194 1120 206 0.001878 9
1078 153 1093 185 0.001872 9
906 137 937 154 0.001838 9
160 64 202 92 0.001835 9
870 164 880 176 0.001805 9
1138 164 1155 186 0.001776 9
833 140 859 164 0.001759 9
832 135 860 166 0.001730 9
662 169 671 188 0.001715 9
678 65 692 121 0.001632 9
156 64 172 75 0.001594 9
879 152 897 172 0.001577 9
586 118 599 134 0.001547 9
1001 171 1009 193 0.001520 9
160 64 174 75 0.001498 9
833 148 844 162 0.001497 9
239 177 246 190 0.001494 9
701 143 714 173 0.001458 9
580 64 598 97 0.001426 9
697 67 707 119 0.001426 9
625 64 640 92 0.001395 9
687 120 699 153 0.001389 9
1210 166 1225 206 0.001377 9
1098 132 1109 152 0.001376 9
1230 169 1247 182 0.001370 9
884 137 911 154 0.001363 9
651 168 661 195 0.001362 9
1077 145 1104 177 0.001341 9
585 118 600 157 0.001310 9
832 141 846 161 0.001295 9
121 64 202 86 0.001276 9
1199 165 1207 186 0.001212 9
876 159 896 176 0.001206 9
642 175 659 208 0.001203 9
831 136 880 166 0.001192 9
119 64 177 79 0.001191 9
1105 151 1118 170 0.001178 9
608 153 628 171 0.001134 9
593 64 629 93 0.001127 9
862 165 869 184 0.001123 9
869 154 885 175 0.001120 9
708 154 717 173 0.001100 9
512 141 526 176 0.001098 9
1098 133 1111 156 0.001069 9
684 68 696 120 0.001053 9
805 165 837 195 0.001051 9
1088 188 1095 203 0.001040 9
110 149 126 166 0.001038 9
700 173 712 184 0.001038 9
1099 168 1122 190 0.001022 9
1193 166 1210 194 0.001021 9
584 64 636 94 0.001013 9
1119 164 1151 186 0.000995 9
687 119 710 131 0.000978 9
805 160 859 187 0.000977 9
699 79 716 128 0.000912 9
878 159 903 176 0.000899 9
1000 129 1006 137 0.000868 9
801 151 809 159 0.000860 9
807 148 813 159 0.000858 9
678 71 691 105 0.000837 9
648 161 659 184 0.000829 9
1014 131 1026 152 0.000822 9
448 159 471 176 0.000810 9
687 82 715 155 0.000810 9
830 135 899 168 0.000792 9
1013 151 1024 174 0.000789 9
598 117 626 158 0.000779 9
1224 165 1239 183 0.000776 9
708 142 718 171 0.000771 9
993 142 1001 169 0.000760 9
448 159 467 185 0.000746 9
832 124 845 135 0.000732 9
680 123 691 154 0.000722 9
183 144 199 168 0.000722 9
1154 162 1167 184 0.000701 9
607 153 633 179 0.000685 9
831 116 851 135 0.000675 9
1094 184 1102 208 0.000661 9
0 143 6 199 0.000658 9
593 64 621 94 0.000647 9
845 154 858 167 0.000646 9
687 119 706 132 0.000645 9
597 142 609 163 0.000642 9
909 137 937 152 0.000639 9
861 157 871 174 0.000635 9
568 160 580 183 0.000633 9
587 175 599 185 0.000633 9
896 137 937 160 0.000630 9
1103 171 1126 186 0.000629 9
588 119 603 172 0.000621 9
869 124 880 137 0.000614 9
312 147 343 196 0.000606 9
864 120 871 137 0.000602 9
892 137 909 149 0.000600 9
569 160 580 180 0.000596 9
514 170 524 190 0.000590 9
703 157 716 176 0.000578 9
581 64 596 72 0.000574 9
624 119 637 159 0.000573 9
996 131 1023 173 0.000570 9
1015 134 1030 155 0.000561 9
594 117 613 148 0.000551 9
687 119 714 174 0.000550 9
311 152 326 198 0.000540 9
1219 165 1248 189 0.000537 9
993 135 1000 153 0.000534 9
697 66 709 119 0.000532 9
96 178 105 202 0.000527 9
606 153 626 168 0.000519 9
1098 170 1134 206 0.000511 9
352 156 362 194 0.000510 9
823 116 833 129 0.000506 9
686 65 703 119 0.000488 9
696 66 721 133 0.000474 9
1089 136 1104 176 0.000471 9
981 145 994 160 0.000467 9
448 160 465 179 0.000465 9
812 163 858 181 0.000460 9
652 172 694 217 0.000459 9
1017 155 1032 169 0.000447 9
172 64 210 92 0.000446 9
1070 150 1094 201 0.000444 9
702 113 718 129 0.000439 9
800 154 818 226 0.000430 9
1102 162 1151 186 0.000429 9
583 118 600 169 0.000429 9
805 155 855 181 0.000428 9
1016 144 1037 167 0.000427 9
662 168 693 206 0.000425 9
95 181 105 202 0.000424 9
624 64 640 75 0.000424 9
700 80 721 129 0.000423 9
810 159 858 175 0.000422 9
172 64 219 92 0.000417 9
684 64 707 123 0.000416 9
831 136 866 165 0.000412 9
1087 150 1104 196 0.000405 9
503 149 524 177 0.000405 9
1263 64 1279 74 0.000404 9
1103 165 1126 185 0.000394 9
1266 64 1279 74 0.000390 9
800 153 813 206 0.000384 9
1226 160 1249 181 0.000377 9
1147 162 1166 185 0.000369 9
1195 159 1209 187 0.000358 9
691 160 704 188 0.000348 9
623 129 635 164 0.000348 9
333 160 360 199 0.000346 9
581 64 597 85 0.000339 9
848 108 866 138 0.000334 9
831 135 860 156 0.000333 9
0 144 6 175 0.000330 9
706 156 718 182 0.000328 9
312 149 326 193 0.000324 9
846 180 858 202 0.000324 9
1071 161 1096 204 0.000320 9
161 75 185 91 0.000318 9
449 152 489 172 0.000317 9
905 129 911 138 0.000317 9
845 109 857 136 0.000311 9
680 129 691 168 0.000310 9
702 81 721 116 0.000301 9
1003 129 1015 138 0.000300 9
678 64 696 116 0.000298 9
666 168 685 189 0.000297 9
837 113 854 136 0.000297 9
579 64 597 109 0.000292 9
811 163 858 185 0.000284 9
1155 171 1168 185 0.000283 9
581 80 600 137 0.000283 9
97 176 110 203 0.000279 9
1097 129 1109 145 0.000276 9
1204 158 1223 190 0.000276 9
624 117 638 165 0.000273 9
813 148 823 159 0.000273 9
170 142 181 170 0.000267 9
698 72 717 119 0.000266 9
120 64 154 78 0.000266 9
1154 159 1168 182 0.000263 9
98 175 110 184 0.000260 9
801 152 810 193 0.000257 9
1263 64 1279 81 0.000255 9
717 115 729 130 0.000255 9
847 115 871 137 0.000250 9
102 147 127 178 0.000250 9
908 137 937 160 0.000247 9
1149 164 1169 186 0.000234 9
1053 109 1084 233 0.000232 9
97 173 109 187 0.000223 9
824 160 874 187 0.000222 9
519 149 546 176 0.000219 9
175 143 200 170 0.000218 9
168 64 249 91 0.000216 9
170 143 183 170 0.000216 9
822 113 834 129 0.000214 9
650 123 659 144 0.000214 9
637 81 657 105 0.000214 9
1207 157 1226 187 0.000213 9
880 128 891 138 0.000209 9
678 64 693 104 0.000208 9
566 142 576 159 0.000208 9
696 101 714 127 0.000206 9
814 145 823 158 0.000203 9
341 64 363 111 0.000202 9
993 167 1010 182 0.000201 9
1175 164 1199 186 0.000201 9
682 119 701 178 0.000200 9
868 119 879 136 0.000198 9
600 127 626 164 0.000193 9
687 150 703 181 0.000192 9
805 145 814 158 0.000192 9
168 64 261 97 0.000189 9
1092 150 1115 176 0.000186 9
586 164 601 186 0.000180 9
1131 160 1154 171 0.000180 9
111 151 127 177 0.000178 9
1123 161 1152 185 0.000177 9
1048 158 1054 169 0.000175 9
1001 170 1014 186 0.000172 9
209 66 247 86 0.000172 9
521 146 544 175 0.000172 9
1209 162 1239 207 0.000171 9
256 83 266 97 0.000168 9
1025 150 1039 163 0.000168 9
818 163 871 208 0.000165 9
833 136 896 149 0.000164 9
118 64 206 101 0.000163 9
577 80 585 107 0.000163 9
717 160 728 183 0.000162 9
680 151 690 185 0.000159 9
335 64 363 112 0.000158 9
322 91 332 120 0.000157 9
581 64 601 107 0.000155 9
578 71 586 95 0.000155 9
1097 162 1155 204 0.000155 9
578 76 586 102 0.000155 9
1071 148 1085 187 0.000153 9
312 118 324 156 0.000153 9
582 64 660 152 0.000151 9
51 184 63 206 0.000150 9
1042 183 1063 226 0.000148 9
951 172 961 202 0.000148 9
577 64 653 167 0.000147 9
674 65 707 187 0.000146 9
650 149 658 167 0.000145 9
649 122 659 160 0.000145 9
111 143 126 165 0.000145 9
578 64 600 141 0.000145 9
1070 169 1094 207 0.000143 9
607 152 640 177 0.000140 9
712 111 729 130 0.000140 9
823 119 845 136 0.000140 9
637 150 648 166 0.000138 9
449 149 491 171 0.000137 9
686 90 696 121 0.000134 9
637 121 651 166 0.000134 9
210 68 220 85 0.000133 9
841 146 866 168 0.000133 9
544 140 551 157 0.000132 9
590 116 617 171 0.000129 9
584 111 599 135 0.000129 9
639 120 648 140 0.000127 9
697 64 714 110 0.000127 9
257 142 270 180 0.000125 9
1151 158 1168 181 0.000125 9
567 147 579 166 0.000124 9
578 64 601 171 0.000123 9
697 103 738 147 0.000123 9
583 110 612 161 0.000123 9
170 142 192 172 0.000122 9
815 151 855 168 0.000121 9
848 162 907 226 0.000119 9
992 128 999 140 0.000119 9
1072 147 1082 161 0.000119 9
554 144 572 158 0.000118 9
716 156 726 182 0.000118 9
676 64 697 163 0.000118 9
96 170 107 178 0.000118 9
544 111 551 136 0.000117 9
638 80 656 92 0.000117 9
698 64 714 93 0.000116 9
1202 147 1213 185 0.000116 9
842 136 902 148 0.000115 9
1065 109 1085 136 0.000111 9
912 139 938 160 0.000108 9
310 110 325 157 0.000108 9
227 127 267 152 0.000107 9
635 96 658 113 0.000107 9
264 68 273 83 0.000107 9
101 148 128 193 0.000106 9
665 148 671 168 0.000105 9
1043 182 1064 217 0.000105 9
1109 174 1152 209 0.000101 9
844 136 912 154 0.000100 9
324 109 367 163 0.164492 11
1051 110 1083 147 0.085345 11
1181 190 1200 215 0.061883 11
1181 164 1201 216 0.025017 11
1177 186 1200 216 0.003711 11
831 135 936 161 0.002190 11
1181 185 1206 215 0.001804 11
830 132 937 166 0.000282 11
1051 109 1085 229 0.000232 11
1041 108 1084 149 0.000226 11
415 64 438 122 0.000173 11
1050 110 1083 156 0.000143 11
415 64 433 119 0.000123 11
834 136 911 176 0.000122 11
320 122 368 199 0.000108 11
1071 127 1085 156 0.000102 11
