1008 191 1037 259 0.594433 0
497 188 520 253 0.583371 0
768 188 791 266 0.572926 0
805 202 839 265 0.569100 0
768 190 787 261 0.405830 0
670 191 700 241 0.278726 0
673 191 697 238 0.196075 0
768 190 785 249 0.163661 0
1034 211 1062 259 0.151559 0
669 191 706 241 0.109315 0
678 190 697 224 0.109081 0
306 184 324 198 0.107923 0
1027 216 1040 258 0.104943 0
384 197 396 206 0.103816 0
678 191 696 217 0.102910 0
514 186 532 247 0.098008 0
805 202 849 265 0.092473 0
769 190 785 231 0.081897 0
1009 191 1031 237 0.081396 0
782 194 795 232 0.081092 0
693 184 703 214 0.071605 0
556 180 568 198 0.060636 0
768 189 795 235 0.060425 0
693 189 703 215 0.060162 0
716 211 728 234 0.059322 0
522 181 537 199 0.055638 0
521 180 536 218 0.050643 0
386 198 395 206 0.050079 0
213 188 224 227 0.049788 0
669 197 702 245 0.049553 0
633 201 644 218 0.049111 0
1180 167 1202 244 0.048677 0
375 180 395 205 0.048100 0
769 216 786 267 0.048015 0
772 192 795 235 0.047911 0
555 181 569 205 0.046517 0
925 203 945 253 0.044401 0
519 184 534 245 0.044351 0
935 203 946 247 0.043751 0
1018 193 1038 258 0.042905 0
808 202 839 252 0.042120 0
521 180 537 205 0.041408 0
929 203 946 252 0.040385 0
645 194 654 214 0.039929 0
572 181 581 202 0.039828 0
781 191 795 217 0.039165 0
572 182 581 209 0.036636 0
784 194 797 233 0.036392 0
692 191 704 217 0.035158 0
668 203 696 239 0.034242 0
330 186 343 198 0.033278 0
770 189 785 217 0.030655 0
633 200 647 217 0.028964 0
1023 216 1038 258 0.028751 0
666 206 693 248 0.028249 0
673 206 704 240 0.026898 0
509 185 524 250 0.026863 0
714 199 729 234 0.024626 0
641 195 655 217 0.023523 0
648 191 658 214 0.023214 0
326 186 342 198 0.022832 0
972 210 984 228 0.021917 0
554 172 571 199 0.021222 0
1009 190 1030 222 0.021136 0
470 191 481 217 0.020839 0
1065 682 1090 703 0.020047 0
542 172 553 201 0.019853 0
1025 210 1042 257 0.019522 0
643 193 652 215 0.019364 0
639 182 647 203 0.019263 0
1180 164 1202 221 0.019110 0
542 176 552 202 0.019057 0
548 175 570 214 0.018655 0
508 189 522 251 0.018459 0
221 183 231 217 0.018042 0
971 211 990 249 0.017973 0
543 171 554 200 0.017804 0
497 189 514 234 0.017505 0
865 207 875 235 0.016661 0
234 428 297 518 0.015815 0
633 201 645 220 0.015728 0
559 176 580 202 0.015721 0
812 202 838 247 0.015653 0
693 180 703 202 0.015372 0
564 181 580 208 0.015352 0
635 183 649 214 0.015018 0
677 202 706 235 0.014775 0
810 202 850 250 0.014622 0
221 182 231 199 0.014339 0
710 205 730 235 0.014293 0
1034 215 1072 262 0.014135 0
863 207 877 236 0.014016 0
1061 215 1072 250 0.013885 0
496 188 506 216 0.013634 0
1008 192 1025 223 0.013405 0
569 183 582 216 0.013101 0
226 420 299 626 0.012883 0
1194 218 1206 238 0.012829 0
497 189 508 219 0.012279 0
467 188 480 208 0.012048 0
482 185 508 216 0.011484 0
521 177 537 197 0.011272 0
921 206 945 254 0.011172 0
398 184 409 205 0.011125 0
1029 432 1044 467 0.011051 0
471 196 481 217 0.011015 0
551 172 573 199 0.011003 0
476 185 498 217 0.010969 0
1014 190 1031 217 0.010902 0
717 195 730 233 0.010595 0
1065 686 1088 703 0.010581 0
497 195 517 262 0.010518 0
515 183 537 247 0.010475 0
379 175 396 206 0.010255 0
218 182 231 225 0.010204 0
988 209 998 226 0.010123 0
399 183 408 204 0.009688 0
1005 200 1063 258 0.009664 0
341 186 353 198 0.009519 0
973 209 984 224 0.009427 0
691 179 702 209 0.009309 0
517 192 533 247 0.009164 0
987 207 998 224 0.009156 0
374 167 392 205 0.009124 0
1211 190 1227 232 0.009053 0
1058 218 1073 262 0.008930 0
1191 218 1205 243 0.008811 0
215 181 230 221 0.008732 0
1214 192 1227 233 0.008696 0
983 206 996 224 0.008557 0
650 186 661 216 0.008466 0
1213 189 1225 218 0.008413 0
816 202 838 238 0.008339 0
518 181 539 223 0.008256 0
396 198 409 206 0.007944 0
665 196 677 235 0.007735 0
215 181 232 230 0.007611 0
464 184 480 216 0.007476 0
946 274 960 298 0.007275 0
666 188 672 215 0.007169 0
306 178 324 199 0.007124 0
785 196 800 232 0.007058 0
376 186 394 206 0.007044 0
773 186 787 202 0.006999 0
1180 182 1200 240 0.006825 0
1004 191 1034 261 0.006742 0
972 209 997 248 0.006615 0
666 189 673 217 0.006573 0
1061 210 1072 245 0.006493 0
782 192 797 228 0.006481 0
1031 435 1042 464 0.006339 0
234 425 285 517 0.006038 0
211 192 224 225 0.005969 0
513 187 524 214 0.005871 0
633 184 645 217 0.005840 0
513 179 531 199 0.005691 0
500 174 537 209 0.005671 0
228 428 297 599 0.005347 0
237 211 248 240 0.005293 0
519 175 537 198 0.005220 0
648 191 661 215 0.005104 0
409 182 418 205 0.005013 0
1195 216 1206 236 0.004936 0
586 172 595 185 0.004923 0
718 194 729 225 0.004847 0
553 176 576 214 0.004842 0
235 202 249 239 0.004755 0
459 194 479 219 0.004730 0
865 208 878 236 0.004593 0
1215 211 1226 233 0.004544 0
495 186 523 257 0.004472 0
663 205 683 238 0.004385 0
969 209 985 247 0.004361 0
1008 190 1026 217 0.004197 0
237 204 248 240 0.004166 0
229 430 298 564 0.004145 0
1029 416 1063 468 0.004055 0
264 450 298 507 0.003940 0
351 188 368 199 0.003928 0
732 203 745 235 0.003783 0
1000 188 1009 215 0.003698 0
1001 184 1008 211 0.003599 0
769 193 796 266 0.003573 0
1064 677 1095 703 0.003571 0
409 193 418 205 0.003495 0
461 186 480 215 0.003434 0
1119 312 1129 332 0.003389 0
817 202 838 227 0.003346 0
650 197 663 216 0.003345 0
514 174 526 193 0.003333 0
239 201 253 240 0.003306 0
587 175 598 185 0.003224 0
909 204 936 251 0.003207 0
212 176 229 227 0.003104 0
235 198 252 239 0.003098 0
736 202 745 223 0.003066 0
848 199 857 230 0.003049 0
484 190 518 222 0.002990 0
1034 678 1092 703 0.002920 0
250 443 297 512 0.002918 0
1031 197 1044 215 0.002916 0
1053 224 1073 264 0.002905 0
366 166 376 189 0.002894 0
334 174 352 198 0.002883 0
372 190 395 206 0.002827 0
631 181 645 212 0.002821 0
667 189 693 215 0.002796 0
399 195 411 205 0.002740 0
1156 233 1171 248 0.002668 0
456 200 475 216 0.002663 0
848 195 857 223 0.002644 0
966 372 980 388 0.002629 0
1254 680 1279 703 0.002591 0
1273 201 1279 254 0.002590 0
385 198 396 215 0.002556 0
364 165 379 202 0.002541 0
306 182 326 201 0.002538 0
679 179 690 211 0.002516 0
1209 187 1223 222 0.002510 0
669 175 707 239 0.002455 0
353 185 369 199 0.002427 0
372 168 392 199 0.002383 0
292 446 332 493 0.002370 0
686 179 702 214 0.002351 0
910 199 935 247 0.002320 0
234 425 275 513 0.002295 0
768 185 788 207 0.002265 0
693 176 703 201 0.002254 0
300 445 352 491 0.002231 0
871 203 896 241 0.002226 0
1022 417 1063 472 0.002226 0
236 194 256 221 0.002225 0
458 191 479 266 0.002208 0
512 182 540 240 0.002195 0
374 174 395 206 0.002180 0
665 183 671 207 0.002172 0
366 187 376 201 0.002134 0
238 200 254 240 0.002091 0
875 199 904 244 0.002069 0
350 186 364 198 0.002030 0
454 202 467 216 0.002027 0
321 232 356 313 0.002022 0
1032 196 1048 215 0.002014 0
929 202 955 251 0.001997 0
241 453 294 513 0.001962 0
233 205 249 239 0.001922 0
988 198 1004 223 0.001915 0
878 200 895 233 0.001906 0
651 183 661 207 0.001860 0
932 201 953 249 0.001828 0
1063 205 1072 232 0.001817 0
249 428 296 507 0.001806 0
647 182 660 209 0.001783 0
211 186 228 254 0.001775 0
1061 662 1104 703 0.001767 0
965 372 982 390 0.001722 0
501 182 541 247 0.001715 0
433 173 445 200 0.001700 0
377 180 403 206 0.001653 0
263 453 293 509 0.001642 0
804 182 814 207 0.001590 0
1047 669 1091 703 0.001580 0
1051 226 1073 268 0.001552 0
266 447 296 502 0.001538 0
242 195 256 216 0.001533 0
462 196 479 270 0.001529 0
717 196 737 235 0.001527 0
301 445 333 481 0.001506 0
573 174 605 216 0.001505 0
308 445 355 491 0.001487 0
385 188 397 206 0.001464 0
655 189 702 233 0.001454 0
1231 193 1254 256 0.001445 0
353 188 369 200 0.001427 0
1219 215 1229 233 0.001418 0
236 194 256 238 0.001342 0
309 183 343 201 0.001324 0
239 178 246 190 0.001298 0
1111 193 1120 203 0.001254 0
1060 658 1121 703 0.001252 0
234 426 335 515 0.001234 0
237 460 275 522 0.001225 0
1121 228 1137 249 0.001221 0
1037 658 1107 703 0.001212 0
1211 191 1231 232 0.001197 0
246 212 255 236 0.001181 0
1095 166 1104 201 0.001181 0
237 442 277 516 0.001172 0
1035 193 1051 214 0.001161 0
848 181 858 219 0.001159 0
1207 410 1215 423 0.001141 0
1214 194 1229 233 0.001123 0
1066 685 1097 703 0.001123 0
319 228 346 322 0.001106 0
1177 344 1194 361 0.001102 0
1014 412 1063 468 0.001093 0
965 371 985 391 0.001086 0
455 180 479 207 0.001069 0
1231 195 1250 232 0.001056 0
461 198 478 255 0.001056 0
982 201 997 225 0.001033 0
199 204 213 218 0.001028 0
463 246 479 271 0.001016 0
693 183 716 221 0.001012 0
319 240 342 317 0.001002 0
267 441 301 499 0.001000 0
771 186 793 204 0.000998 0
1051 660 1103 703 0.000986 0
1114 682 1163 703 0.000984 0
250 457 281 512 0.000978 0
1228 190 1259 260 0.000965 0
903 219 911 243 0.000961 0
1118 312 1129 335 0.000960 0
472 290 501 312 0.000957 0
679 193 729 233 0.000953 0
723 189 738 234 0.000952 0
1052 224 1073 282 0.000950 0
308 184 326 207 0.000947 0
498 201 519 256 0.000947 0
803 184 815 217 0.000945 0
952 670 976 703 0.000938 0
456 200 477 254 0.000933 0
1211 165 1226 217 0.000927 0
431 174 445 205 0.000921 0
1221 193 1254 255 0.000916 0
213 180 236 233 0.000886 0
1001 180 1008 208 0.000882 0
485 192 510 241 0.000864 0
848 180 858 205 0.000861 0
280 439 331 493 0.000856 0
1218 181 1237 229 0.000844 0
231 189 257 239 0.000844 0
1231 194 1254 241 0.000842 0
246 211 256 238 0.000833 0
267 439 330 496 0.000829 0
217 178 231 194 0.000821 0
266 456 293 507 0.000818 0
613 167 623 185 0.000815 0
319 252 337 317 0.000788 0
378 193 397 229 0.000786 0
463 201 477 270 0.000784 0
1254 648 1279 703 0.000781 0
466 197 480 244 0.000775 0
238 185 256 219 0.000771 0
233 205 247 225 0.000756 0
415 250 422 270 0.000749 0
1248 205 1262 235 0.000749 0
306 445 330 476 0.000739 0
199 198 213 216 0.000728 0
1218 566 1266 631 0.000712 0
1113 684 1153 703 0.000707 0
454 292 502 312 0.000706 0
316 186 329 221 0.000686 0
1237 196 1260 234 0.000671 0
317 200 356 318 0.000667 0
1023 434 1045 471 0.000667 0
463 199 477 257 0.000666 0
307 444 336 475 0.000650 0
1002 176 1039 259 0.000633 0
1033 668 1073 703 0.000630 0
637 163 653 206 0.000606 0
1178 172 1216 239 0.000604 0
1211 164 1229 228 0.000600 0
361 165 374 192 0.000598 0
364 198 384 221 0.000585 0
384 196 397 215 0.000582 0
1053 663 1091 703 0.000579 0
1251 565 1279 703 0.000572 0
206 175 228 219 0.000565 0
519 223 532 247 0.000565 0
695 177 711 203 0.000561 0
1020 432 1045 470 0.000551 0
1027 227 1075 298 0.000549 0
1044 224 1075 296 0.000546 0
632 178 659 215 0.000543 0
1266 196 1279 256 0.000529 0
1014 432 1047 475 0.000528 0
433 173 447 205 0.000527 0
784 191 816 231 0.000515 0
307 184 327 214 0.000507 0
1252 597 1279 703 0.000507 0
322 450 356 491 0.000495 0
356 245 367 271 0.000485 0
1224 193 1254 234 0.000478 0
1000 382 1018 401 0.000476 0
1113 678 1166 703 0.000473 0
766 401 813 440 0.000463 0
1170 166 1205 248 0.000462 0
215 177 228 193 0.000461 0
1149 212 1204 251 0.000452 0
414 182 424 204 0.000451 0
229 195 242 220 0.000445 0
1135 685 1165 703 0.000443 0
670 294 677 305 0.000428 0
321 249 330 277 0.000417 0
766 391 801 439 0.000414 0
1042 191 1059 208 0.000410 0
1016 693 1044 703 0.000407 0
1111 193 1121 207 0.000405 0
766 386 807 441 0.000403 0
292 455 330 494 0.000402 0
847 171 871 237 0.000401 0
1204 409 1215 423 0.000397 0
947 671 977 703 0.000396 0
940 203 961 250 0.000393 0
936 201 975 248 0.000386 0
308 183 329 230 0.000385 0
1219 566 1253 630 0.000384 0
1259 207 1279 255 0.000383 0
847 179 879 237 0.000382 0
261 434 295 504 0.000382 0
244 212 258 240 0.000375 0
237 464 272 517 0.000365 0
484 195 505 223 0.000364 0
1094 179 1104 207 0.000363 0
319 244 335 316 0.000362 0
249 440 353 507 0.000361 0
441 349 502 435 0.000358 0
271 193 281 226 0.000358 0
1252 626 1279 704 0.000353 0
308 179 365 205 0.000347 0
320 254 330 277 0.000340 0
265 193 282 235 0.000340 0
1015 693 1034 703 0.000338 0
226 421 321 631 0.000335 0
235 401 348 518 0.000335 0
285 444 329 497 0.000333 0
1255 627 1279 696 0.000331 0
1017 664 1072 703 0.000331 0
308 160 366 198 0.000326 0
236 437 353 522 0.000323 0
175 187 183 205 0.000319 0
0 150 7 203 0.000319 0
1021 668 1103 703 0.000317 0
1055 663 1127 703 0.000313 0
192 180 248 253 0.000312 0
1198 369 1227 423 0.000310 0
1088 659 1140 703 0.000310 0
999 384 1021 411 0.000308 0
326 237 357 317 0.000308 0
393 342 455 425 0.000306 0
237 471 271 523 0.000305 0
1024 664 1067 704 0.000305 0
1008 185 1033 214 0.000297 0
731 185 743 206 0.000296 0
1132 680 1166 703 0.000296 0
473 286 531 311 0.000295 0
319 220 349 279 0.000292 0
1194 390 1215 421 0.000291 0
1174 344 1198 386 0.000289 0
1187 165 1217 230 0.000285 0
416 250 422 271 0.000285 0
234 392 302 515 0.000282 0
322 184 340 233 0.000281 0
624 177 641 206 0.000277 0
266 209 280 234 0.000276 0
353 195 376 273 0.000273 0
762 379 800 427 0.000273 0
1047 666 1070 703 0.000270 0
966 371 993 395 0.000267 0
1180 384 1215 420 0.000265 0
323 185 340 217 0.000263 0
351 188 376 226 0.000262 0
1215 561 1279 703 0.000260 0
1165 344 1199 388 0.000258 0
1222 596 1252 631 0.000258 0
1170 344 1204 404 0.000255 0
521 227 535 246 0.000255 0
430 348 500 434 0.000254 0
226 429 351 626 0.000254 0
401 177 419 204 0.000254 0
323 234 350 281 0.000250 0
1098 328 1106 354 0.000249 0
848 163 868 228 0.000249 0
766 382 804 427 0.000248 0
209 204 244 246 0.000248 0
991 187 1008 220 0.000246 0
1239 622 1279 703 0.000245 0
290 447 351 500 0.000244 0
355 207 376 231 0.000244 0
408 251 414 271 0.000243 0
803 184 834 225 0.000242 0
999 381 1026 413 0.000241 0
328 183 352 236 0.000238 0
324 232 360 308 0.000236 0
354 213 371 273 0.000235 0
1260 623 1279 704 0.000234 0
1084 659 1125 703 0.000233 0
1229 617 1279 704 0.000233 0
1004 182 1029 214 0.000232 0
810 479 838 489 0.000232 0
397 346 464 429 0.000232 0
522 232 538 247 0.000232 0
539 265 561 295 0.000232 0
1262 627 1279 683 0.000228 0
980 191 1038 260 0.000226 0
307 444 350 484 0.000226 0
310 449 356 498 0.000226 0
445 346 507 427 0.000219 0
1107 674 1164 703 0.000216 0
328 185 346 214 0.000216 0
1264 627 1279 691 0.000213 0
1040 183 1052 203 0.000212 0
468 286 502 312 0.000210 0
407 251 414 271 0.000208 0
237 462 283 513 0.000207 0
411 178 422 204 0.000206 0
730 187 743 216 0.000204 0
231 441 360 545 0.000203 0
801 185 813 222 0.000201 0
1256 638 1279 703 0.000201 0
387 348 446 426 0.000198 0
418 347 470 424 0.000198 0
426 345 478 392 0.000198 0
417 344 470 406 0.000191 0
195 185 211 215 0.000188 0
194 190 204 216 0.000186 0
428 349 478 430 0.000185 0
194 187 202 213 0.000185 0
809 450 866 489 0.000183 0
354 195 387 284 0.000183 0
1200 407 1215 423 0.000179 0
874 436 926 488 0.000179 0
875 450 925 488 0.000179 0
428 348 476 401 0.000178 0
429 350 476 412 0.000177 0
378 367 439 426 0.000177 0
997 385 1017 411 0.000176 0
224 218 245 246 0.000176 0
1077 687 1133 703 0.000176 0
810 473 846 489 0.000175 0
410 341 466 411 0.000175 0
221 178 247 194 0.000175 0
391 358 456 428 0.000174 0
233 471 272 551 0.000173 0
253 192 282 237 0.000173 0
253 441 401 504 0.000172 0
418 343 467 393 0.000168 0
292 469 329 494 0.000167 0
947 356 964 380 0.000167 0
432 350 496 415 0.000166 0
1198 163 1220 228 0.000166 0
315 196 356 350 0.000165 0
412 175 425 203 0.000164 0
0 174 7 203 0.000163 0
965 371 996 400 0.000160 0
1096 324 1112 355 0.000159 0
1150 694 1166 703 0.000157 0
369 157 388 190 0.000155 0
403 340 458 410 0.000155 0
241 443 464 681 0.000154 0
260 212 280 237 0.000153 0
219 176 257 220 0.000150 0
1068 332 1103 416 0.000148 0
767 383 795 417 0.000148 0
947 180 961 206 0.000148 0
962 367 1064 480 0.000148 0
1112 664 1167 703 0.000146 0
326 220 365 321 0.000145 0
218 180 243 220 0.000144 0
1130 665 1167 703 0.000142 0
959 372 982 389 0.000142 0
438 346 502 402 0.000141 0
375 392 413 426 0.000141 0
376 399 402 425 0.000141 0
810 459 842 489 0.000140 0
1161 344 1202 398 0.000140 0
1262 625 1279 661 0.000139 0
686 158 706 205 0.000136 0
755 189 793 265 0.000135 0
319 246 355 319 0.000133 0
361 200 385 228 0.000133 0
905 329 914 345 0.000133 0
330 186 354 217 0.000133 0
963 370 1009 403 0.000132 0
1107 312 1136 334 0.000132 0
761 381 835 443 0.000131 0
353 188 396 308 0.000131 0
356 147 376 190 0.000129 0
377 356 442 426 0.000128 0
1246 693 1278 703 0.000128 0
370 197 397 234 0.000128 0
428 347 493 400 0.000128 0
447 370 503 433 0.000128 0
446 346 506 405 0.000127 0
301 183 326 206 0.000125 0
1250 613 1279 650 0.000125 0
1013 416 1046 465 0.000125 0
395 339 453 412 0.000123 0
260 191 278 233 0.000123 0
991 379 1064 474 0.000122 0
1016 690 1051 703 0.000122 0
331 224 366 281 0.000122 0
234 425 277 474 0.000121 0
237 477 267 524 0.000120 0
234 387 328 519 0.000120 0
1266 629 1279 678 0.000120 0
375 387 416 425 0.000118 0
427 344 480 382 0.000117 0
1093 684 1166 703 0.000117 0
239 193 257 215 0.000116 0
368 163 387 201 0.000115 0
433 347 490 384 0.000114 0
1029 682 1094 703 0.000114 0
934 181 960 206 0.000114 0
254 463 471 694 0.000113 0
764 376 828 431 0.000112 0
304 337 506 434 0.000111 0
834 436 872 454 0.000109 0
327 454 360 497 0.000109 0
373 361 433 426 0.000108 0
729 400 830 484 0.000108 0
881 445 935 489 0.000107 0
249 461 294 512 0.000107 0
327 220 368 275 0.000107 0
1264 622 1279 656 0.000106 0
452 201 476 256 0.000106 0
236 426 295 491 0.000104 0
875 440 948 491 0.000102 0
461 250 480 302 0.000102 0
224 425 294 529 0.000101 0
229 441 416 551 0.000100 0
435 345 492 378 0.000100 0
655 212 712 256 0.566091 1
989 224 1028 266 0.279338 1
990 215 1066 267 0.249973 1
1003 221 1029 265 0.218336 1
655 224 692 256 0.206939 1
989 223 1036 265 0.187518 1
656 214 695 257 0.142352 1
655 211 712 270 0.125535 1
546 199 570 218 0.105298 1
989 232 1009 264 0.098910 1
989 218 1015 264 0.098736 1
706 211 727 234 0.095847 1
714 211 728 234 0.095148 1
971 216 1010 263 0.094118 1
986 221 1009 263 0.092720 1
829 251 856 309 0.091938 1
828 248 859 311 0.086480 1
989 213 1031 265 0.085178 1
549 197 571 217 0.075694 1
768 225 785 270 0.074970 1
655 226 709 256 0.074755 1
1006 224 1039 267 0.074403 1
970 224 1009 262 0.068679 1
1018 220 1037 260 0.064631 1
705 207 728 233 0.054906 1
831 247 855 286 0.053363 1
970 215 1005 256 0.050019 1
655 225 686 255 0.048487 1
784 254 816 281 0.047072 1
543 202 555 218 0.045927 1
804 232 834 269 0.045326 1
1168 225 1187 249 0.044754 1
1010 231 1061 265 0.044574 1
802 230 857 306 0.044212 1
552 193 570 217 0.042826 1
782 246 817 281 0.042489 1
829 256 854 307 0.042402 1
663 219 712 256 0.042114 1
830 243 857 299 0.041945 1
828 241 866 312 0.041333 1
972 232 1009 264 0.036371 1
534 203 552 218 0.036296 1
1189 216 1205 244 0.036230 1
765 227 796 282 0.035941 1
655 208 717 257 0.035301 1
768 213 785 268 0.034636 1
1181 215 1199 244 0.034475 1
829 256 863 314 0.033632 1
928 275 961 304 0.032998 1
977 213 1008 259 0.032561 1
792 250 817 282 0.032354 1
805 211 853 264 0.031325 1
804 231 855 296 0.030687 1
766 252 806 281 0.030399 1
790 257 816 282 0.030379 1
542 196 559 218 0.030178 1
989 215 1011 262 0.028932 1
655 225 679 255 0.028313 1
829 229 876 287 0.028246 1
768 230 813 281 0.027723 1
923 203 945 254 0.026516 1
829 269 857 309 0.026281 1
800 235 833 277 0.025500 1
1171 217 1207 252 0.025379 1
927 274 961 312 0.025372 1
977 209 1040 263 0.024340 1
793 219 837 280 0.024258 1
1183 222 1222 266 0.023530 1
698 210 727 233 0.023337 1
831 241 856 285 0.023328 1
919 273 961 312 0.021968 1
715 207 738 234 0.021771 1
767 226 793 277 0.021654 1
804 218 853 271 0.021548 1
813 232 853 280 0.021462 1
1005 210 1063 260 0.020237 1
697 202 730 235 0.020151 1
836 218 853 245 0.020097 1
551 199 576 217 0.019523 1
1038 229 1062 264 0.019388 1
804 207 835 267 0.019386 1
970 211 1002 252 0.019330 1
802 242 858 311 0.018929 1
966 215 1066 262 0.018580 1
969 216 994 253 0.018189 1
807 206 853 255 0.018133 1
829 227 854 274 0.017827 1
1175 214 1188 247 0.017769 1
671 214 712 256 0.017448 1
655 228 676 255 0.017256 1
673 211 711 240 0.016802 1
760 255 813 282 0.016062 1
939 275 961 303 0.015899 1
791 227 834 305 0.015538 1
711 209 730 235 0.015080 1
969 224 999 259 0.015053 1
762 245 844 288 0.015009 1
763 229 789 281 0.014864 1
1182 215 1193 240 0.014775 1
802 233 852 283 0.014558 1
1167 229 1185 249 0.013528 1
832 222 853 249 0.012924 1
986 214 1086 261 0.012242 1
803 222 872 274 0.012138 1
562 189 579 216 0.012135 1
846 212 875 240 0.012071 1
831 234 859 284 0.011918 1
702 203 729 233 0.011717 1
828 237 922 308 0.011514 1
837 218 853 240 0.011314 1
883 271 961 313 0.011068 1
703 212 728 236 0.010996 1
831 235 902 285 0.010973 1
657 208 694 251 0.010928 1
927 278 958 314 0.010122 1
831 228 869 277 0.010122 1
926 205 944 253 0.009591 1
840 217 875 242 0.009359 1
1180 184 1205 244 0.009312 1
848 206 875 238 0.009105 1
872 254 908 285 0.009105 1
837 217 856 239 0.009081 1
830 240 873 297 0.009013 1
970 221 1018 266 0.008786 1
828 244 935 316 0.008432 1
804 233 833 263 0.008350 1
834 224 855 249 0.008086 1
769 227 808 278 0.008016 1
1128 309 1184 364 0.007947 1
680 222 712 256 0.007853 1
920 275 953 313 0.007849 1
521 190 554 219 0.007752 1
867 251 898 284 0.007716 1
865 246 965 313 0.007414 1
913 205 937 250 0.007410 1
1037 221 1072 263 0.007325 1
536 201 557 220 0.007168 1
829 255 867 301 0.007162 1
655 191 714 250 0.007157 1
858 251 892 283 0.007139 1
1103 308 1177 363 0.007116 1
910 206 943 253 0.006975 1
1136 308 1171 362 0.006677 1
829 272 859 314 0.006528 1
831 231 884 286 0.006451 1
869 250 895 284 0.006418 1
542 200 569 219 0.006349 1
760 256 799 282 0.006069 1
933 274 961 302 0.006005 1
917 276 942 315 0.005904 1
792 232 825 273 0.005904 1
948 219 995 257 0.005896 1
835 216 852 238 0.005853 1
479 195 497 218 0.005800 1
539 200 571 220 0.005788 1
633 201 650 220 0.005642 1
718 202 738 235 0.005521 1
839 207 863 238 0.005400 1
868 250 889 282 0.005343 1
802 219 816 235 0.005333 1
925 228 943 254 0.005321 1
833 208 874 242 0.005283 1
710 212 728 236 0.005049 1
759 247 815 286 0.004761 1
810 250 854 311 0.004729 1
945 274 961 302 0.004712 1
658 223 712 267 0.004556 1
1132 309 1170 354 0.004513 1
786 256 816 299 0.004492 1
755 247 855 310 0.004460 1
911 275 937 316 0.004421 1
787 255 826 305 0.004390 1
927 234 944 254 0.004371 1
1178 212 1189 231 0.004348 1
767 256 816 302 0.004290 1
673 226 712 266 0.004267 1
871 199 946 254 0.004253 1
802 229 861 294 0.004137 1
829 242 930 300 0.004117 1
990 209 1010 241 0.004049 1
801 215 817 235 0.003970 1
534 201 554 220 0.003927 1
768 194 803 272 0.003855 1
1043 232 1070 264 0.003852 1
863 247 930 302 0.003819 1
801 227 814 252 0.003817 1
1136 309 1180 365 0.003769 1
633 197 657 219 0.003722 1
829 263 866 316 0.003606 1
911 209 994 256 0.003559 1
898 273 934 315 0.003520 1
871 249 891 278 0.003509 1
1136 310 1197 367 0.003477 1
842 247 893 285 0.003383 1
655 217 674 238 0.003377 1
850 208 878 241 0.003349 1
935 210 999 255 0.003335 1
841 241 891 283 0.003292 1
832 239 919 286 0.003275 1
691 209 727 256 0.003237 1
875 257 911 287 0.003186 1
986 200 1065 262 0.003175 1
769 226 799 270 0.003167 1
776 231 817 279 0.003161 1
867 237 970 296 0.003098 1
1016 276 1059 295 0.002850 1
909 273 962 321 0.002846 1
902 269 934 313 0.002829 1
802 233 812 257 0.002828 1
728 205 745 235 0.002822 1
891 262 907 286 0.002765 1
833 221 875 270 0.002761 1
890 261 911 298 0.002748 1
831 221 914 281 0.002726 1
683 227 712 256 0.002646 1
1003 230 1061 270 0.002598 1
877 259 908 285 0.002556 1
969 235 1001 262 0.002546 1
837 254 956 314 0.002532 1
1006 240 1062 270 0.002511 1
790 243 837 305 0.002455 1
883 260 925 295 0.002393 1
725 206 746 234 0.002392 1
867 241 928 288 0.002298 1
923 281 939 314 0.002284 1
1137 335 1195 365 0.002257 1
868 211 1009 296 0.002208 1
844 271 962 353 0.002200 1
870 250 886 279 0.002149 1
633 199 670 222 0.002142 1
655 229 705 268 0.002099 1
1023 278 1042 296 0.002099 1
1136 329 1183 365 0.002082 1
709 202 753 236 0.002052 1
816 201 853 239 0.002050 1
890 262 920 306 0.001957 1
842 233 888 282 0.001926 1
875 247 927 290 0.001926 1
911 269 933 311 0.001888 1
925 275 950 301 0.001880 1
824 247 860 318 0.001875 1
1136 336 1198 373 0.001823 1
986 228 1029 269 0.001821 1
899 265 931 310 0.001820 1
1002 253 1064 296 0.001820 1
662 229 712 271 0.001781 1
886 223 944 254 0.001765 1
919 274 963 322 0.001682 1
759 233 784 280 0.001678 1
987 212 1068 292 0.001676 1
1043 309 1174 365 0.001650 1
926 203 959 254 0.001596 1
1105 310 1169 355 0.001594 1
867 256 906 287 0.001575 1
1201 199 1227 232 0.001558 1
909 201 936 247 0.001546 1
878 214 1019 292 0.001539 1
989 246 1064 296 0.001504 1
993 204 1010 228 0.001495 1
759 263 785 281 0.001495 1
1138 342 1197 365 0.001483 1
1139 309 1170 350 0.001453 1
1099 309 1193 374 0.001443 1
1002 245 1063 270 0.001434 1
1104 277 1171 359 0.001431 1
844 202 932 244 0.001387 1
895 270 917 311 0.001367 1
826 252 868 322 0.001356 1
895 279 915 311 0.001294 1
888 217 1021 268 0.001291 1
1022 279 1046 296 0.001274 1
1136 319 1172 364 0.001270 1
853 231 893 278 0.001267 1
982 227 1060 297 0.001258 1
1021 279 1036 296 0.001255 1
874 240 930 294 0.001251 1
1010 238 1070 271 0.001245 1
1059 309 1170 361 0.001226 1
642 211 713 256 0.001221 1
860 197 947 269 0.001211 1
841 228 884 279 0.001172 1
839 255 898 298 0.001157 1
759 223 784 273 0.001136 1
877 204 907 245 0.001129 1
978 232 1021 269 0.001095 1
865 216 894 243 0.001092 1
1179 213 1223 267 0.001065 1
1177 344 1197 368 0.001060 1
1176 344 1197 379 0.001042 1
1027 227 1074 286 0.001036 1
894 269 911 307 0.001033 1
1138 309 1176 359 0.001015 1
635 208 714 253 0.000998 1
1037 277 1060 295 0.000978 1
497 226 515 261 0.000977 1
1110 309 1170 361 0.000974 1
1181 185 1209 237 0.000933 1
753 205 776 233 0.000933 1
757 210 778 234 0.000889 1
828 199 944 284 0.000887 1
696 207 729 253 0.000868 1
655 230 695 265 0.000861 1
1173 344 1198 382 0.000855 1
1134 309 1169 348 0.000849 1
839 212 883 275 0.000835 1
759 213 784 259 0.000794 1
925 272 960 298 0.000773 1
758 209 784 244 0.000766 1
1019 279 1043 296 0.000758 1
849 254 901 293 0.000740 1
1176 344 1197 364 0.000706 1
1007 240 1078 297 0.000692 1
1108 310 1168 348 0.000690 1
822 260 852 310 0.000684 1
941 274 968 304 0.000661 1
924 274 983 308 0.000659 1
645 223 674 256 0.000656 1
911 268 928 298 0.000651 1
694 214 724 257 0.000649 1
411 244 917 327 0.000645 1
989 277 1048 296 0.000645 1
757 256 803 301 0.000637 1
643 221 672 245 0.000618 1
755 229 860 290 0.000605 1
922 277 953 354 0.000583 1
760 265 783 280 0.000568 1
365 225 890 332 0.000546 1
1224 185 1251 232 0.000537 1
745 201 781 233 0.000532 1
653 210 676 230 0.000528 1
803 204 820 232 0.000521 1
646 212 723 298 0.000515 1
894 283 910 308 0.000513 1
1023 306 1171 360 0.000495 1
1108 311 1130 342 0.000493 1
993 424 1060 484 0.000485 1
811 198 856 235 0.000481 1
683 229 711 272 0.000466 1
1152 343 1201 390 0.000462 1
835 261 901 321 0.000462 1
736 202 769 234 0.000453 1
964 234 1012 269 0.000439 1
748 220 798 282 0.000428 1
1080 308 1183 382 0.000424 1
999 382 1025 413 0.000406 1
786 199 818 234 0.000396 1
653 208 770 256 0.000390 1
1139 344 1199 385 0.000382 1
1178 344 1196 360 0.000376 1
711 209 738 236 0.000361 1
1059 324 1094 359 0.000360 1
1015 422 1063 481 0.000358 1
918 279 946 348 0.000357 1
1136 339 1170 364 0.000357 1
945 274 968 302 0.000352 1
1031 317 1092 337 0.000342 1
913 222 1050 299 0.000342 1
960 222 1062 294 0.000341 1
1187 194 1239 263 0.000341 1
924 272 955 294 0.000319 1
1022 309 1090 335 0.000319 1
986 213 1067 276 0.000319 1
746 241 814 299 0.000318 1
1037 249 1076 296 0.000313 1
1135 310 1213 383 0.000313 1
638 207 671 235 0.000312 1
1042 278 1059 295 0.000305 1
839 268 881 323 0.000297 1
867 265 917 303 0.000296 1
877 238 962 294 0.000292 1
1102 312 1131 347 0.000288 1
833 275 867 319 0.000281 1
671 202 800 271 0.000278 1
908 276 936 341 0.000272 1
794 254 832 307 0.000272 1
646 228 673 255 0.000268 1
1023 304 1146 355 0.000262 1
755 264 790 301 0.000260 1
754 237 859 323 0.000255 1
1133 343 1201 408 0.000254 1
823 247 940 357 0.000253 1
1177 343 1198 362 0.000250 1
988 231 1074 297 0.000238 1
1135 343 1188 372 0.000226 1
686 251 837 305 0.000226 1
1115 312 1139 337 0.000223 1
892 280 914 313 0.000218 1
1037 321 1074 335 0.000216 1
970 230 1051 296 0.000203 1
1144 330 1199 364 0.000201 1
1103 312 1137 354 0.000190 1
512 196 609 253 0.000188 1
654 230 683 264 0.000188 1
755 190 793 271 0.000187 1
1021 304 1120 353 0.000185 1
459 228 875 295 0.000184 1
1035 323 1094 356 0.000182 1
1130 320 1170 363 0.000179 1
890 272 936 351 0.000178 1
521 197 552 240 0.000177 1
576 277 594 302 0.000172 1
1017 306 1114 365 0.000171 1
1041 291 1171 356 0.000170 1
1162 343 1225 417 0.000169 1
1033 320 1092 341 0.000169 1
857 277 918 315 0.000167 1
1075 331 1098 357 0.000165 1
986 188 1099 257 0.000160 1
889 273 980 384 0.000159 1
1064 328 1096 363 0.000156 1
642 223 805 285 0.000154 1
1101 311 1131 357 0.000151 1
978 430 1057 485 0.000149 1
1173 164 1201 197 0.000147 1
1020 308 1070 334 0.000145 1
1036 320 1059 335 0.000141 1
523 196 661 250 0.000140 1
578 252 714 278 0.000138 1
1058 307 1181 421 0.000138 1
472 198 497 221 0.000137 1
1064 312 1115 358 0.000135 1
1100 312 1127 353 0.000133 1
929 274 984 316 0.000127 1
1076 332 1095 360 0.000126 1
1042 323 1094 347 0.000122 1
927 274 965 323 0.000119 1
446 198 760 285 0.000118 1
968 370 1016 412 0.000118 1
1056 324 1099 354 0.000117 1
592 241 720 293 0.000117 1
972 261 1068 301 0.000114 1
1136 342 1172 368 0.000111 1
1020 302 1087 334 0.000108 1
999 375 1029 409 0.000107 1
762 217 1236 411 0.000104 1
1127 309 1168 343 0.000104 1
227 297 639 701 0.318462 2
481 176 496 198 0.058819 2
851 178 947 240 0.057469 2
1032 210 1063 258 0.051244 2
851 178 947 223 0.041654 2
586 184 643 217 0.036785 2
481 181 498 206 0.034288 2
481 174 515 199 0.033497 2
523 182 536 195 0.026506 2
1032 213 1070 259 0.026314 2
545 172 580 201 0.025930 2
480 178 497 203 0.022728 2
862 195 947 248 0.020148 2
585 185 635 216 0.019700 2
522 180 537 198 0.019452 2
552 173 580 201 0.014436 2
448 155 522 176 0.014246 2
593 198 649 216 0.012224 2
482 193 499 217 0.011907 2
1065 215 1121 245 0.011834 2
701 199 730 232 0.011624 2
550 171 572 200 0.011559 2
230 298 638 468 0.010899 2
1065 207 1122 236 0.010681 2
1233 179 1279 218 0.010556 2
1251 196 1278 222 0.010549 2
467 178 571 216 0.010463 2
519 178 540 200 0.010087 2
482 172 519 194 0.009600 2
1255 197 1279 218 0.009549 2
698 199 727 222 0.009396 2
1254 199 1278 225 0.009333 2
1207 169 1279 232 0.009276 2
522 172 559 200 0.009234 2
533 249 600 289 0.009231 2
586 184 624 216 0.009217 2
1034 212 1068 242 0.008851 2
1254 198 1279 230 0.008820 2
478 171 528 202 0.008240 2
1094 214 1136 248 0.008129 2
875 197 944 238 0.008018 2
846 197 945 247 0.007882 2
448 179 561 218 0.007781 2
448 156 514 191 0.007730 2
1015 210 1129 252 0.007717 2
874 185 945 215 0.007279 2
1269 197 1279 230 0.007163 2
1258 169 1279 182 0.007095 2
483 199 499 218 0.007086 2
521 181 551 201 0.006986 2
1040 210 1130 247 0.006894 2
586 184 621 209 0.006817 2
1222 180 1279 233 0.006812 2
865 178 950 218 0.006556 2
1239 173 1279 210 0.006347 2
1060 210 1097 236 0.006058 2
458 160 520 198 0.005995 2
1247 168 1279 187 0.005911 2
1066 213 1102 233 0.005825 2
1262 169 1279 180 0.005724 2
488 182 521 199 0.005702 2
534 249 601 282 0.005665 2
449 157 489 175 0.005611 2
449 156 489 171 0.005476 2
587 188 666 219 0.005375 2
448 155 529 209 0.005371 2
1249 178 1279 217 0.005297 2
1221 178 1279 212 0.005287 2
1067 222 1119 246 0.005285 2
1069 217 1133 248 0.005265 2
864 177 947 211 0.005168 2
1105 217 1137 246 0.005068 2
292 177 320 198 0.004985 2
999 211 1122 261 0.004874 2
465 182 480 205 0.004835 2
1269 198 1279 245 0.004763 2
478 168 521 198 0.004695 2
1059 216 1094 244 0.004679 2
326 234 352 255 0.004601 2
1067 206 1136 235 0.004550 2
462 183 480 209 0.004526 2
1060 223 1093 245 0.004413 2
446 158 515 206 0.004318 2
544 160 581 199 0.004312 2
161 205 196 218 0.004276 2
1081 208 1139 237 0.004183 2
477 247 601 304 0.004080 2
523 184 550 202 0.003964 2
1033 208 1051 231 0.003950 2
1210 172 1279 250 0.003923 2
1057 207 1132 240 0.003776 2
537 249 593 280 0.003769 2
890 199 942 244 0.003762 2
541 159 580 179 0.003749 2
1066 217 1106 242 0.003646 2
1134 231 1172 250 0.003619 2
295 177 323 198 0.003514 2
1102 220 1135 247 0.003467 2
1032 207 1063 242 0.003389 2
1092 209 1150 240 0.003365 2
1019 208 1131 247 0.003266 2
888 187 946 211 0.003244 2
1248 168 1279 182 0.003107 2
232 247 638 528 0.003106 2
869 178 947 252 0.003077 2
612 189 636 211 0.003066 2
1112 216 1168 247 0.003037 2
1262 191 1279 203 0.003031 2
1246 169 1279 206 0.002909 2
291 177 315 198 0.002827 2
588 184 633 209 0.002751 2
459 180 480 206 0.002746 2
917 190 946 211 0.002606 2
453 180 480 216 0.002587 2
1065 212 1180 250 0.002575 2
1256 169 1279 201 0.002566 2
1070 227 1093 245 0.002549 2
1218 169 1279 218 0.002518 2
1232 168 1278 184 0.002488 2
453 192 475 216 0.002453 2
928 201 946 213 0.002440 2
876 198 939 244 0.002414 2
452 145 526 182 0.002349 2
848 177 941 212 0.002327 2
1071 204 1121 228 0.002311 2
321 204 353 256 0.002275 2
1272 200 1279 246 0.002266 2
1052 225 1093 250 0.002254 2
324 230 352 255 0.002235 2
158 205 201 231 0.002230 2
1070 202 1132 232 0.002216 2
1070 228 1092 247 0.002197 2
558 175 582 201 0.002176 2
200 233 228 254 0.002163 2
183 225 232 255 0.002106 2
537 180 571 216 0.002094 2
356 217 370 228 0.002052 2
1227 192 1266 232 0.002003 2
1063 204 1097 233 0.001972 2
447 157 490 180 0.001963 2
984 215 1128 263 0.001947 2
878 198 908 240 0.001928 2
923 186 945 205 0.001911 2
877 199 901 233 0.001893 2
1032 203 1072 234 0.001832 2
878 198 904 238 0.001799 2
1071 204 1097 222 0.001772 2
936 199 952 209 0.001771 2
922 184 945 207 0.001755 2
999 204 1128 253 0.001713 2
1083 207 1137 231 0.001711 2
1195 218 1225 233 0.001692 2
206 236 228 254 0.001656 2
959 553 990 566 0.001649 2
433 172 445 199 0.001558 2
448 160 506 206 0.001544 2
538 249 600 276 0.001525 2
446 153 516 176 0.001511 2
1212 188 1279 261 0.001482 2
1120 224 1138 247 0.001471 2
1102 214 1157 239 0.001411 2
1230 167 1246 182 0.001407 2
1224 169 1279 238 0.001366 2
893 181 986 253 0.001366 2
229 285 638 506 0.001332 2
542 168 560 200 0.001307 2
164 222 230 255 0.001291 2
811 201 839 224 0.001272 2
448 156 505 182 0.001217 2
1074 197 1093 210 0.001215 2
318 219 331 232 0.001210 2
205 226 231 255 0.001196 2
520 168 569 200 0.001186 2
1264 192 1279 251 0.001180 2
481 168 525 195 0.001178 2
1066 226 1119 253 0.001170 2
116 223 135 236 0.001160 2
538 182 646 218 0.001142 2
967 207 984 226 0.001140 2
1223 180 1267 238 0.001115 2
1209 370 1225 390 0.001096 2
699 186 731 229 0.001093 2
919 181 948 206 0.001083 2
575 183 619 216 0.001080 2
1222 165 1279 223 0.001074 2
927 182 955 207 0.001068 2
1210 371 1225 387 0.001063 2
1089 207 1146 232 0.001060 2
1243 167 1265 181 0.001048 2
1070 195 1094 212 0.001040 2
876 179 965 249 0.000998 2
1036 197 1059 215 0.000990 2
443 199 470 217 0.000990 2
829 135 905 168 0.000965 2
437 167 466 183 0.000961 2
738 200 776 232 0.000933 2
203 237 227 256 0.000927 2
161 217 242 258 0.000922 2
470 247 614 311 0.000919 2
1034 196 1076 229 0.000916 2
1255 200 1279 245 0.000907 2
447 200 469 218 0.000902 2
440 164 484 214 0.000901 2
354 212 371 228 0.000896 2
199 229 240 257 0.000887 2
1252 572 1279 616 0.000883 2
433 165 468 187 0.000881 2
325 213 353 255 0.000868 2
1083 192 1097 210 0.000859 2
158 206 217 241 0.000845 2
119 224 136 236 0.000834 2
803 178 847 227 0.000828 2
786 232 811 248 0.000807 2
227 298 639 544 0.000806 2
403 293 728 323 0.000797 2
319 197 356 255 0.000794 2
830 136 905 175 0.000793 2
432 173 445 204 0.000785 2
1220 563 1279 625 0.000774 2
862 177 936 193 0.000769 2
925 183 947 203 0.000762 2
1231 195 1261 233 0.000761 2
1263 363 1279 380 0.000758 2
19 231 41 250 0.000731 2
432 168 449 194 0.000730 2
1192 227 1226 252 0.000722 2
448 154 489 173 0.000721 2
1076 188 1094 205 0.000720 2
1250 215 1267 234 0.000713 2
621 180 643 204 0.000707 2
1220 570 1279 632 0.000700 2
1212 164 1231 231 0.000680 2
1020 191 1045 213 0.000660 2
1264 355 1279 375 0.000660 2
290 176 311 198 0.000654 2
549 161 586 186 0.000647 2
207 239 227 255 0.000638 2
322 299 918 476 0.000637 2
160 209 236 252 0.000634 2
1112 215 1181 244 0.000609 2
1245 571 1279 631 0.000607 2
1257 576 1279 610 0.000602 2
435 176 478 206 0.000601 2
1211 164 1250 233 0.000596 2
158 205 186 222 0.000596 2
1273 226 1279 259 0.000594 2
1232 567 1279 619 0.000590 2
843 177 922 235 0.000586 2
848 165 915 238 0.000578 2
843 436 871 450 0.000574 2
811 159 858 176 0.000570 2
804 173 856 230 0.000565 2
60 254 90 265 0.000559 2
1262 583 1279 607 0.000553 2
1072 190 1093 207 0.000547 2
451 194 479 218 0.000546 2
737 201 767 225 0.000542 2
906 178 946 208 0.000541 2
467 144 525 175 0.000529 2
433 179 480 216 0.000527 2
174 223 233 249 0.000523 2
825 136 918 176 0.000515 2
325 197 368 255 0.000514 2
700 184 732 220 0.000498 2
1208 369 1230 389 0.000494 2
430 176 480 210 0.000488 2
419 203 603 301 0.000487 2
463 251 479 270 0.000483 2
1086 187 1095 202 0.000481 2
926 207 995 253 0.000479 2
17 226 70 254 0.000476 2
328 191 370 238 0.000469 2
1125 212 1190 241 0.000469 2
445 160 467 181 0.000464 2
947 206 982 246 0.000464 2
287 176 318 199 0.000463 2
444 165 478 188 0.000444 2
1227 563 1279 616 0.000441 2
324 252 927 341 0.000429 2
819 162 858 181 0.000424 2
468 208 741 301 0.000417 2
1249 236 1279 269 0.000414 2
1221 587 1280 633 0.000414 2
352 291 715 323 0.000407 2
1248 612 1279 632 0.000401 2
1019 412 1063 465 0.000394 2
1092 193 1105 209 0.000389 2
163 200 192 218 0.000388 2
153 185 195 219 0.000382 2
809 185 959 305 0.000381 2
937 198 960 211 0.000377 2
1257 213 1279 263 0.000376 2
412 171 446 203 0.000364 2
113 221 134 236 0.000364 2
741 195 783 233 0.000363 2
1025 309 1096 336 0.000356 2
1058 196 1085 230 0.000354 2
814 172 856 189 0.000353 2
538 247 600 265 0.000352 2
224 321 420 702 0.000352 2
75 236 117 258 0.000351 2
541 160 585 184 0.000351 2
433 198 458 210 0.000349 2
1192 191 1279 267 0.000346 2
1263 364 1279 386 0.000345 2
638 169 670 206 0.000340 2
1217 201 1248 261 0.000339 2
111 221 143 247 0.000338 2
1222 164 1249 210 0.000335 2
321 184 365 250 0.000332 2
355 203 377 230 0.000330 2
443 290 765 324 0.000321 2
67 223 94 235 0.000320 2
318 198 332 232 0.000319 2
448 164 491 205 0.000315 2
438 205 452 219 0.000313 2
519 167 540 182 0.000311 2
354 199 372 228 0.000310 2
1085 183 1121 208 0.000310 2
162 203 204 219 0.000308 2
1263 349 1279 368 0.000307 2
1208 227 1235 252 0.000303 2
431 193 447 206 0.000300 2
1255 347 1279 367 0.000299 2
290 184 394 208 0.000299 2
112 222 156 252 0.000297 2
656 168 697 208 0.000297 2
1151 567 1218 594 0.000297 2
1266 242 1279 269 0.000292 2
1098 171 1122 205 0.000288 2
1102 169 1127 191 0.000286 2
970 200 997 224 0.000284 2
599 171 617 186 0.000281 2
63 224 118 246 0.000279 2
658 178 692 212 0.000276 2
336 210 371 230 0.000273 2
72 237 115 261 0.000268 2
1256 251 1279 270 0.000267 2
69 235 116 258 0.000265 2
350 195 371 229 0.000265 2
1262 591 1279 612 0.000261 2
1169 569 1218 591 0.000261 2
439 143 529 177 0.000257 2
1147 563 1218 585 0.000253 2
1146 552 1218 582 0.000251 2
465 214 604 305 0.000251 2
1256 571 1279 612 0.000251 2
66 225 92 235 0.000250 2
1098 181 1144 210 0.000249 2
1145 567 1168 575 0.000247 2
1014 184 1039 211 0.000247 2
1019 184 1042 205 0.000246 2
830 136 898 150 0.000245 2
413 204 452 227 0.000245 2
120 236 170 256 0.000241 2
476 294 607 307 0.000237 2
1029 309 1106 340 0.000237 2
121 236 160 254 0.000231 2
1181 562 1219 584 0.000231 2
471 265 548 312 0.000230 2
197 211 216 225 0.000229 2
64 236 116 262 0.000228 2
1037 188 1078 218 0.000226 2
227 520 272 608 0.000226 2
318 199 352 272 0.000224 2
1218 559 1277 572 0.000220 2
1258 617 1279 631 0.000220 2
1222 603 1280 637 0.000219 2
1102 162 1141 185 0.000211 2
75 221 119 238 0.000209 2
452 202 473 222 0.000209 2
307 197 386 245 0.000206 2
1150 183 1201 222 0.000204 2
58 243 115 265 0.000204 2
295 290 638 457 0.000203 2
1186 354 1228 390 0.000201 2
120 213 149 237 0.000201 2
1179 453 1272 487 0.000200 2
364 201 381 222 0.000200 2
225 306 502 700 0.000198 2
637 175 691 217 0.000195 2
85 223 94 234 0.000193 2
388 178 419 205 0.000192 2
62 223 118 257 0.000192 2
1236 207 1267 247 0.000190 2
199 233 242 262 0.000190 2
176 219 245 260 0.000190 2
1176 568 1219 586 0.000186 2
23 226 62 237 0.000186 2
840 166 859 189 0.000186 2
68 226 121 256 0.000186 2
33 231 102 257 0.000184 2
402 176 441 205 0.000184 2
1145 565 1218 598 0.000184 2
16 224 63 251 0.000183 2
1238 420 1279 474 0.000181 2
33 234 72 256 0.000180 2
1031 414 1063 465 0.000179 2
60 225 105 241 0.000178 2
1218 560 1279 574 0.000173 2
155 203 204 239 0.000173 2
118 235 157 254 0.000172 2
1156 568 1217 598 0.000171 2
114 215 136 236 0.000170 2
1223 609 1250 630 0.000169 2
318 186 351 251 0.000166 2
272 181 296 194 0.000164 2
257 300 639 619 0.000164 2
1203 358 1230 389 0.000164 2
1243 605 1279 632 0.000163 2
32 224 120 261 0.000160 2
111 230 210 260 0.000159 2
119 236 177 261 0.000158 2
1135 194 1184 219 0.000156 2
1253 613 1279 631 0.000156 2
1017 189 1135 237 0.000156 2
121 238 160 257 0.000154 2
321 301 853 674 0.000150 2
1167 163 1203 246 0.000148 2
597 161 623 184 0.000148 2
58 227 229 261 0.000146 2
40 235 73 255 0.000146 2
1146 562 1219 590 0.000145 2
113 218 164 255 0.000144 2
189 239 209 260 0.000144 2
67 223 146 255 0.000143 2
391 188 455 206 0.000142 2
433 160 470 183 0.000141 2
153 185 189 216 0.000141 2
82 221 130 237 0.000141 2
533 249 598 270 0.000140 2
376 176 419 205 0.000137 2
550 294 591 304 0.000136 2
45 236 71 255 0.000136 2
354 188 391 211 0.000135 2
25 229 93 257 0.000135 2
1005 192 1122 242 0.000134 2
1259 195 1279 265 0.000133 2
1169 570 1219 598 0.000133 2
842 185 1070 259 0.000132 2
326 195 371 272 0.000132 2
103 250 154 266 0.000132 2
412 166 449 202 0.000132 2
410 205 452 246 0.000132 2
1022 306 1092 335 0.000130 2
1185 351 1225 402 0.000129 2
1270 469 1279 481 0.000129 2
172 228 219 259 0.000128 2
699 185 739 215 0.000128 2
1253 589 1279 632 0.000127 2
842 433 871 450 0.000126 2
1191 343 1279 424 0.000125 2
984 484 1276 701 0.000125 2
4 226 121 261 0.000124 2
371 295 689 322 0.000123 2
1187 560 1261 620 0.000123 2
1190 569 1255 632 0.000122 2
205 251 223 263 0.000121 2
30 225 111 256 0.000120 2
1046 189 1094 224 0.000119 2
1249 419 1279 469 0.000119 2
291 178 326 204 0.000118 2
188 249 207 262 0.000118 2
163 239 196 261 0.000117 2
1145 565 1210 592 0.000116 2
1144 553 1209 578 0.000115 2
957 552 993 579 0.000115 2
1102 161 1205 228 0.000115 2
741 483 1268 701 0.000114 2
854 148 867 169 0.000114 2
1144 566 1167 577 0.000113 2
622 175 641 201 0.000113 2
1208 419 1280 466 0.000113 2
104 251 146 265 0.000112 2
1195 348 1246 391 0.000112 2
842 436 878 455 0.000111 2
1191 344 1279 462 0.000110 2
153 184 182 206 0.000109 2
107 238 157 259 0.000106 2
448 203 471 222 0.000106 2
64 249 114 264 0.000106 2
271 388 292 399 0.000105 2
896 489 1275 700 0.000105 2
126 212 149 236 0.000104 2
1156 190 1199 223 0.000104 2
399 203 457 248 0.000104 2
163 236 202 261 0.000103 2
161 244 204 262 0.000103 2
320 299 736 344 0.000102 2
206 248 229 264 0.000102 2
42 225 221 263 0.000102 2
954 696 1002 703 0.000101 2
238 342 463 456 0.000101 2
933 199 986 213 0.000100 2
792 213 869 274 0.001316 3
802 199 905 274 0.001285 3
838 196 871 239 0.000655 3
760 243 959 321 0.000270 3
715 230 1047 362 0.000147 3
462 239 953 329 0.000105 3
830 135 938 176 0.038469 5
828 135 942 198 0.020448 5
827 136 941 239 0.019118 5
818 136 935 183 0.015197 5
829 135 901 169 0.012592 5
827 135 912 173 0.009303 5
477 149 525 178 0.000872 5
872 137 939 156 0.000374 5
848 136 940 160 0.000306 5
1103 163 1155 217 0.000179 5
226 296 639 702 0.299759 6
320 297 959 692 0.287586 6
640 295 1279 701 0.105535 6
321 298 957 502 0.041950 6
641 296 1280 536 0.037924 6
641 300 1106 499 0.028487 6
640 298 1244 501 0.022405 6
322 297 957 444 0.020028 6
641 301 1145 695 0.017212 6
588 298 958 493 0.002164 6
498 294 958 480 0.002063 6
325 259 950 364 0.001686 6
327 247 942 340 0.000889 6
400 299 958 525 0.000249 6
643 190 1273 495 0.000216 6
633 302 959 699 0.000207 6
225 514 420 703 0.000204 6
430 302 847 346 0.000191 6
205 195 636 647 0.000160 6
6 83 481 418 0.000143 6
371 64 457 205 0.000106 6
226 296 639 702 0.516274 7
844 178 947 246 0.117786 7
716 150 859 236 0.104933 7
845 177 946 232 0.086377 7
704 144 942 236 0.084413 7
713 153 809 230 0.057608 7
813 174 945 233 0.038380 7
699 153 811 235 0.033731 7
825 172 946 244 0.032701 7
805 135 942 230 0.029271 7
826 137 945 244 0.024854 7
782 136 942 239 0.023476 7
1097 170 1184 247 0.022530 7
809 159 857 189 0.017713 7
442 153 520 189 0.016682 7
1209 166 1279 235 0.016327 7
528 171 580 201 0.014448 7
448 154 523 178 0.014206 7
496 165 580 205 0.011600 7
449 150 526 196 0.010646 7
822 136 920 179 0.010090 7
1069 188 1183 248 0.009042 7
864 177 946 234 0.008609 7
522 160 581 200 0.008015 7
802 155 857 222 0.007502 7
1094 165 1206 250 0.007266 7
807 163 856 190 0.006456 7
449 163 580 207 0.005992 7
447 162 557 207 0.005834 7
1108 182 1184 248 0.005579 7
485 170 538 205 0.005569 7
513 158 582 200 0.005286 7
541 161 581 200 0.005077 7
807 135 929 208 0.004408 7
839 177 950 257 0.004321 7
1095 164 1157 227 0.004212 7
441 145 522 182 0.004008 7
713 148 809 219 0.003925 7
449 146 524 179 0.003914 7
1048 170 1186 250 0.003855 7
803 164 855 216 0.003673 7
811 159 858 184 0.003490 7
1206 168 1279 259 0.003208 7
819 177 951 264 0.003180 7
1086 215 1182 250 0.003170 7
537 160 580 184 0.003165 7
701 132 900 231 0.003098 7
487 179 587 216 0.003053 7
1167 222 1221 265 0.002849 7
1066 207 1153 245 0.002843 7
1067 163 1185 240 0.002794 7
723 153 805 210 0.002496 7
1144 166 1222 257 0.002372 7
439 159 541 209 0.002337 7
539 171 599 208 0.002245 7
865 177 942 217 0.002237 7
539 160 581 180 0.002206 7
448 155 490 175 0.002147 7
225 318 480 703 0.001837 7
585 180 651 217 0.001817 7
825 134 973 246 0.001808 7
967 204 1192 256 0.001700 7
1090 164 1275 251 0.001692 7
581 186 655 218 0.001643 7
832 134 946 224 0.001640 7
1096 207 1223 259 0.001591 7
489 181 657 218 0.001585 7
320 197 788 360 0.001553 7
586 177 680 218 0.001473 7
1035 195 1195 253 0.001424 7
836 179 983 259 0.001312 7
1098 163 1155 205 0.001291 7
530 159 583 185 0.001166 7
804 139 905 185 0.001139 7
804 158 940 234 0.001057 7
225 391 420 702 0.001056 7
803 158 856 238 0.001032 7
688 145 811 222 0.001024 7
1181 170 1279 265 0.001005 7
492 162 667 214 0.000946 7
1100 164 1154 187 0.000912 7
538 159 598 204 0.000904 7
243 201 634 342 0.000872 7
515 144 582 201 0.000867 7
225 314 420 703 0.000791 7
1030 160 1189 249 0.000789 7
581 164 665 218 0.000781 7
842 170 948 229 0.000750 7
322 201 458 319 0.000743 7
447 127 530 180 0.000741 7
216 199 632 386 0.000706 7
690 185 896 264 0.000682 7
1098 163 1155 191 0.000666 7
293 201 628 327 0.000665 7
700 193 733 234 0.000603 7
1077 164 1156 214 0.000590 7
758 173 857 235 0.000571 7
815 184 971 306 0.000550 7
800 129 1124 259 0.000504 7
307 199 459 345 0.000475 7
676 121 870 231 0.000471 7
727 146 864 208 0.000456 7
323 260 891 355 0.000453 7
847 177 949 223 0.000443 7
723 153 807 177 0.000423 7
1097 162 1192 235 0.000396 7
730 161 804 205 0.000386 7
1130 183 1185 220 0.000369 7
1109 183 1184 218 0.000368 7
519 150 583 193 0.000362 7
225 305 558 702 0.000360 7
634 163 662 207 0.000326 7
316 198 394 320 0.000325 7
723 153 804 188 0.000320 7
442 132 576 207 0.000308 7
621 146 868 240 0.000305 7
1093 184 1161 220 0.000299 7
1144 183 1187 219 0.000298 7
586 152 676 217 0.000283 7
700 88 938 239 0.000266 7
1063 181 1141 235 0.000261 7
717 212 893 269 0.000256 7
1100 182 1174 221 0.000253 7
665 168 805 242 0.000235 7
646 160 882 263 0.000228 7
376 160 416 205 0.000219 7
587 150 654 217 0.000205 7
820 137 994 221 0.000194 7
593 159 673 214 0.000193 7
294 185 617 285 0.000189 7
728 162 796 218 0.000185 7
433 126 587 206 0.000185 7
664 174 728 234 0.000182 7
548 145 636 217 0.000181 7
1085 183 1149 228 0.000159 7
725 152 807 201 0.000155 7
375 169 414 206 0.000139 7
726 153 801 170 0.000138 7
84 369 433 702 0.000134 7
1106 181 1158 218 0.000134 7
681 70 918 235 0.000134 7
459 129 534 176 0.000134 7
875 176 994 240 0.000132 7
1037 112 1226 250 0.000131 7
376 161 408 199 0.000130 7
318 197 369 263 0.000120 7
183 319 431 702 0.000119 7
825 136 946 191 0.000119 7
684 140 752 173 0.000114 7
284 81 627 369 0.000113 7
814 125 941 178 0.000112 7
1121 183 1180 218 0.000110 7
374 162 407 205 0.000109 7
916 174 994 251 0.000107 7
1255 163 1279 202 0.000104 7
597 158 706 216 0.000102 7
1082 113 1272 250 0.000100 7
1089 150 1103 180 0.385822 9
513 150 524 173 0.193373 9
1090 150 1103 186 0.026356 9
1015 156 1024 169 0.015515 9
1006 136 1015 170 0.014686 9
314 152 343 197 0.010635 9
1014 136 1024 170 0.010109 9
322 156 351 198 0.009996 9
595 135 625 164 0.009762 9
335 164 352 198 0.008867 9
1005 136 1014 171 0.008749 9
325 160 352 199 0.008705 9
1090 150 1113 178 0.008492 9
1001 135 1012 175 0.008449 9
596 118 607 148 0.008036 9
512 143 525 174 0.007761 9
449 159 464 171 0.007471 9
895 155 906 171 0.007239 9
596 145 624 163 0.006247 9
608 148 626 164 0.005844 9
513 150 525 179 0.005768 9
609 149 627 166 0.005767 9
595 115 625 165 0.005695 9
698 85 717 128 0.005323 9
595 142 627 164 0.005250 9
895 157 906 177 0.004776 9
374 166 381 184 0.004673 9
513 135 526 174 0.004407 9
1090 139 1105 178 0.004204 9
1080 150 1102 184 0.004030 9
596 116 626 153 0.003756 9
1213 166 1226 192 0.003625 9
173 64 202 91 0.003615 9
605 145 627 164 0.003495 9
1183 164 1200 190 0.003295 9
119 64 163 74 0.002943 9
607 117 626 154 0.002936 9
1111 164 1153 185 0.002932 9
879 154 894 174 0.002907 9
587 117 598 141 0.002890 9
367 166 376 188 0.002855 9
697 126 705 152 0.002805 9
1015 136 1025 145 0.002795 9
1207 168 1216 198 0.002775 9
698 83 720 128 0.002637 9
1212 166 1226 200 0.002590 9
1232 166 1246 181 0.002487 9
586 117 598 137 0.002452 9
321 166 346 198 0.002424 9
1191 384 1205 403 0.002409 9
596 115 608 145 0.002393 9
606 174 616 185 0.002341 9
119 64 157 77 0.002201 9
705 155 712 174 0.002173 9
312 153 325 198 0.002167 9
1206 166 1217 192 0.002017 9
312 147 327 195 0.002002 9
697 76 716 125 0.001891 9
704 162 713 178 0.001851 9
681 167 689 192 0.001837 9
862 165 869 178 0.001805 9
591 118 602 148 0.001804 9
886 151 907 173 0.001800 9
1225 164 1233 180 0.001790 9
1001 168 1008 179 0.001788 9
595 64 625 92 0.001681 9
699 116 713 129 0.001645 9
695 122 705 153 0.001627 9
591 119 624 163 0.001512 9
1012 135 1024 171 0.001476 9
1074 137 1103 181 0.001468 9
679 66 694 120 0.001429 9
681 152 689 177 0.001398 9
586 170 594 184 0.001356 9
681 150 690 167 0.001342 9
239 177 246 190 0.001313 9
1154 163 1168 183 0.001306 9
607 148 629 168 0.001252 9
693 151 707 176 0.001231 9
1227 166 1247 180 0.001202 9
447 159 487 179 0.001167 9
312 128 364 198 0.001132 9
686 169 701 194 0.001124 9
356 218 370 229 0.001071 9
853 114 865 137 0.001060 9
1079 151 1094 185 0.001059 9
699 127 714 154 0.001050 9
678 70 692 121 0.001027 9
352 155 362 194 0.001017 9
869 150 895 174 0.001001 9
593 132 624 173 0.000981 9
120 64 167 79 0.000977 9
691 170 703 190 0.000964 9
870 160 893 177 0.000961 9
0 146 6 196 0.000949 9
696 151 706 175 0.000935 9
318 109 364 198 0.000924 9
593 64 635 93 0.000907 9
504 149 525 175 0.000906 9
122 64 171 75 0.000903 9
581 64 596 93 0.000901 9
680 126 691 159 0.000883 9
683 70 695 121 0.000874 9
684 120 700 153 0.000872 9
1199 165 1213 188 0.000872 9
1105 163 1154 186 0.000866 9
1089 150 1104 190 0.000864 9
160 64 201 90 0.000852 9
607 149 627 170 0.000847 9
680 124 691 154 0.000830 9
695 67 713 122 0.000821 9
593 113 623 158 0.000821 9
872 155 896 177 0.000796 9
684 151 695 177 0.000789 9
691 119 708 130 0.000778 9
120 64 158 79 0.000775 9
832 135 860 166 0.000764 9
686 119 702 154 0.000749 9
580 64 597 100 0.000746 9
638 162 647 176 0.000731 9
700 149 713 174 0.000713 9
705 109 718 129 0.000713 9
361 164 375 189 0.000707 9
1204 371 1225 404 0.000697 9
835 138 860 165 0.000688 9
164 64 203 92 0.000683 9
1143 162 1169 184 0.000680 9
860 165 871 187 0.000678 9
837 118 853 135 0.000678 9
1089 137 1104 178 0.000665 9
226 478 420 703 0.000662 9
170 143 180 169 0.000661 9
1224 166 1247 187 0.000651 9
607 150 625 185 0.000650 9
183 144 199 168 0.000649 9
257 145 268 159 0.000645 9
698 121 712 155 0.000645 9
694 67 720 128 0.000634 9
0 145 6 204 0.000629 9
259 144 269 159 0.000626 9
993 137 1001 162 0.000619 9
683 150 694 173 0.000615 9
161 64 175 76 0.000604 9
896 154 909 174 0.000601 9
1092 131 1112 176 0.000599 9
339 157 362 198 0.000597 9
1216 164 1247 207 0.000585 9
136 64 172 74 0.000571 9
871 153 904 177 0.000559 9
1001 171 1008 191 0.000556 9
545 142 552 156 0.000555 9
806 150 813 159 0.000554 9
682 123 694 153 0.000551 9
1184 166 1213 213 0.000550 9
513 135 528 150 0.000549 9
110 148 126 166 0.000544 9
1187 384 1213 418 0.000540 9
512 135 527 147 0.000535 9
680 170 689 195 0.000532 9
993 143 1000 161 0.000522 9
582 64 596 71 0.000520 9
1208 370 1225 397 0.000515 9
662 172 671 196 0.000509 9
687 68 714 131 0.000509 9
687 170 703 200 0.000499 9
641 161 659 185 0.000495 9
842 114 864 136 0.000495 9
624 64 640 92 0.000488 9
1003 135 1021 172 0.000483 9
1087 180 1098 198 0.000481 9
0 146 6 175 0.000475 9
996 131 1009 173 0.000474 9
699 174 712 190 0.000472 9
679 77 691 117 0.000456 9
127 64 171 79 0.000437 9
643 164 660 185 0.000437 9
180 144 200 169 0.000436 9
122 64 192 80 0.000425 9
583 103 600 139 0.000424 9
96 183 104 202 0.000423 9
623 125 632 150 0.000423 9
172 64 214 92 0.000416 9
703 130 718 155 0.000415 9
611 143 629 161 0.000414 9
878 159 912 179 0.000403 9
1106 153 1118 170 0.000401 9
999 129 1007 136 0.000398 9
662 169 673 190 0.000395 9
839 117 853 135 0.000395 9
1189 376 1223 417 0.000390 9
650 123 660 160 0.000384 9
585 120 599 151 0.000383 9
1097 131 1109 160 0.000381 9
802 150 810 158 0.000380 9
312 136 337 194 0.000375 9
567 143 576 160 0.000374 9
878 137 940 176 0.000359 9
1002 132 1026 173 0.000352 9
96 180 105 202 0.000344 9
1182 383 1211 413 0.000344 9
1070 140 1096 197 0.000342 9
717 146 734 159 0.000339 9
1096 158 1118 205 0.000337 9
717 138 740 158 0.000336 9
874 144 905 175 0.000336 9
338 64 363 111 0.000333 9
638 162 650 189 0.000330 9
586 166 599 186 0.000329 9
312 141 325 193 0.000328 9
603 155 623 185 0.000327 9
686 64 711 124 0.000326 9
743 152 752 161 0.000324 9
1153 159 1168 183 0.000323 9
1099 131 1110 149 0.000319 9
888 136 938 155 0.000311 9
513 133 542 175 0.000307 9
1225 160 1251 180 0.000306 9
844 145 858 167 0.000298 9
709 133 737 157 0.000295 9
521 132 536 168 0.000295 9
585 111 600 139 0.000295 9
623 117 635 150 0.000289 9
699 81 720 121 0.000289 9
514 138 544 175 0.000282 9
687 118 710 159 0.000275 9
648 145 657 163 0.000275 9
832 122 844 134 0.000268 9
1204 157 1222 188 0.000265 9
1001 145 1014 176 0.000262 9
584 64 631 94 0.000260 9
342 64 365 111 0.000257 9
908 137 939 150 0.000254 9
643 119 659 164 0.000253 9
581 64 597 76 0.000248 9
605 149 630 176 0.000247 9
329 64 363 111 0.000244 9
579 64 600 145 0.000243 9
308 142 366 198 0.000239 9
1192 559 1220 583 0.000236 9
648 167 663 189 0.000235 9
1012 137 1022 173 0.000229 9
449 151 490 172 0.000228 9
637 119 655 164 0.000227 9
1044 183 1056 199 0.000227 9
806 154 857 185 0.000227 9
688 119 707 131 0.000225 9
996 133 1018 173 0.000224 9
1222 601 1250 630 0.000222 9
1091 151 1117 179 0.000219 9
415 64 434 130 0.000218 9
567 144 578 161 0.000217 9
1071 149 1094 199 0.000216 9
324 151 352 196 0.000214 9
710 145 737 173 0.000214 9
102 147 128 178 0.000214 9
515 148 545 176 0.000211 9
1054 110 1078 172 0.000211 9
660 167 696 202 0.000211 9
96 174 111 203 0.000209 9
905 136 939 155 0.000208 9
536 272 561 298 0.000203 9
496 139 528 176 0.000201 9
706 153 718 177 0.000197 9
833 78 841 91 0.000196 9
97 172 111 182 0.000194 9
913 136 939 146 0.000193 9
1127 160 1155 168 0.000191 9
711 93 730 131 0.000187 9
832 118 849 135 0.000186 9
96 171 109 183 0.000182 9
831 150 856 166 0.000182 9
1073 183 1096 203 0.000177 9
1196 155 1215 188 0.000176 9
638 120 649 161 0.000175 9
678 64 701 122 0.000173 9
836 76 849 93 0.000173 9
717 113 730 130 0.000171 9
597 145 628 183 0.000170 9
1013 155 1030 177 0.000167 9
849 162 869 213 0.000166 9
850 108 865 137 0.000165 9
1070 133 1090 188 0.000162 9
1104 150 1119 171 0.000161 9
1179 382 1206 407 0.000161 9
595 111 609 146 0.000158 9
109 147 128 179 0.000156 9
684 77 696 122 0.000156 9
219 105 270 149 0.000155 9
256 144 269 179 0.000154 9
690 92 721 160 0.000154 9
702 121 718 155 0.000154 9
1208 159 1228 187 0.000152 9
1107 159 1155 187 0.000151 9
353 155 364 178 0.000151 9
849 147 895 176 0.000150 9
595 111 626 149 0.000149 9
522 138 544 174 0.000149 9
578 127 600 163 0.000149 9
592 64 645 93 0.000147 9
580 64 600 135 0.000146 9
161 76 193 92 0.000146 9
652 123 661 147 0.000146 9
154 64 203 94 0.000145 9
638 140 652 163 0.000145 9
624 118 634 148 0.000145 9
699 64 714 87 0.000144 9
1186 381 1222 425 0.000144 9
222 107 269 130 0.000144 9
96 169 108 178 0.000143 9
992 141 1005 173 0.000140 9
636 84 658 106 0.000138 9
697 78 737 130 0.000137 9
698 64 716 108 0.000137 9
234 125 267 149 0.000136 9
993 134 1000 151 0.000134 9
697 64 714 112 0.000133 9
889 137 936 152 0.000132 9
1224 161 1241 179 0.000131 9
853 159 871 191 0.000131 9
209 66 245 86 0.000130 9
1031 149 1041 161 0.000130 9
884 136 939 172 0.000128 9
706 158 719 183 0.000128 9
713 89 731 129 0.000127 9
321 90 333 138 0.000127 9
726 97 738 114 0.000126 9
314 89 335 171 0.000126 9
881 127 891 137 0.000125 9
1017 143 1040 166 0.000125 9
715 161 727 184 0.000125 9
586 161 611 185 0.000124 9
311 106 371 197 0.000123 9
664 149 671 169 0.000118 9
414 64 443 128 0.000118 9
589 64 655 94 0.000118 9
1018 139 1032 158 0.000117 9
1172 164 1198 186 0.000117 9
719 86 731 110 0.000116 9
1154 162 1190 185 0.000116 9
320 90 333 124 0.000115 9
725 94 738 108 0.000115 9
1071 181 1094 203 0.000115 9
237 129 257 147 0.000114 9
580 64 599 90 0.000113 9
568 135 578 144 0.000113 9
696 79 738 144 0.000111 9
50 184 62 206 0.000111 9
830 136 886 166 0.000111 9
1139 157 1169 183 0.000110 9
1199 558 1221 582 0.000110 9
312 123 323 155 0.000108 9
577 64 642 160 0.000108 9
414 64 434 158 0.000107 9
120 64 151 78 0.000105 9
800 152 819 210 0.000105 9
413 65 442 138 0.000103 9
839 117 875 137 0.000102 9
118 64 205 105 0.000102 9
210 68 219 86 0.000102 9
1047 182 1063 200 0.000101 9
553 143 572 157 0.000100 9
1181 187 1200 214 0.128948 11
1180 174 1200 214 0.115805 11
1051 110 1083 147 0.109730 11
324 109 366 164 0.061076 11
1180 164 1201 215 0.039941 11
1179 187 1200 217 0.015207 11
1180 185 1207 217 0.001040 11
415 64 439 120 0.000306 11
890 137 939 153 0.000257 11
415 64 433 119 0.000240 11
1071 131 1087 150 0.000175 11
352 128 365 158 0.000118 11
