711 194 742 274 0.796274 0
997 198 1054 306 0.793108 0
1100 188 1130 250 0.558706 0
924 188 953 255 0.406668 0
546 187 575 250 0.174713 0
922 191 947 257 0.165869 0
931 190 948 250 0.158525 0
930 190 953 250 0.122224 0
553 187 571 223 0.114719 0
929 188 955 255 0.105482 0
552 188 572 232 0.097061 0
554 186 570 221 0.092168 0
555 173 567 198 0.080405 0
633 201 644 217 0.071640 0
645 199 654 214 0.070015 0
932 195 946 218 0.066407 0
921 199 940 255 0.063851 0
246 200 260 239 0.062141 0
926 196 953 261 0.061920 0
920 198 943 259 0.061481 0
556 188 575 219 0.061125 0
930 188 948 217 0.055282 0
1105 191 1131 248 0.053511 0
692 185 703 231 0.049600 0
645 199 654 216 0.043497 0
921 201 937 254 0.041878 0
573 184 582 202 0.041236 0
693 185 702 207 0.039092 0
998 199 1053 271 0.037252 0
726 195 747 270 0.036128 0
927 197 944 224 0.035229 0
535 189 580 252 0.034373 0
1007 200 1054 255 0.032192 0
306 184 324 199 0.031326 0
692 205 702 234 0.030885 0
1101 189 1125 239 0.030829 0
564 183 579 214 0.030152 0
571 182 581 201 0.029969 0
560 187 576 217 0.029428 0
934 194 950 220 0.028679 0
521 193 526 208 0.027792 0
516 191 525 210 0.027533 0
213 190 223 226 0.026699 0
1038 200 1050 230 0.024713 0
1101 189 1125 220 0.024573 0
247 205 261 236 0.024464 0
567 178 580 201 0.024182 0
560 193 576 217 0.023377 0
570 185 582 216 0.023216 0
785 198 794 217 0.023141 0
989 206 999 225 0.023040 0
693 188 702 217 0.022918 0
549 193 580 247 0.022391 0
865 207 876 235 0.021737 0
633 200 646 216 0.021110 0
733 199 747 260 0.020026 0
670 209 679 232 0.018686 0
1215 191 1224 209 0.018546 0
692 209 703 235 0.017915 0
987 207 1000 242 0.017882 0
1036 198 1051 229 0.017414 0
997 207 1007 239 0.017232 0
1116 192 1132 249 0.016752 0
243 194 260 238 0.016693 0
1020 198 1055 252 0.016659 0
1216 192 1225 214 0.016625 0
523 182 536 198 0.016597 0
785 198 794 225 0.015893 0
1100 188 1146 259 0.015824 0
1017 200 1052 244 0.015821 0
1023 199 1048 231 0.015602 0
864 207 878 236 0.015432 0
385 196 395 206 0.015209 0
1100 189 1120 247 0.014887 0
670 209 680 233 0.014605 0
521 186 527 208 0.013997 0
925 187 947 216 0.013894 0
1106 189 1129 217 0.013710 0
1032 196 1051 229 0.013325 0
999 200 1027 269 0.013316 0
1000 200 1042 256 0.013114 0
512 196 519 212 0.013009 0
644 198 652 215 0.012255 0
985 208 1002 255 0.012166 0
543 188 552 202 0.011887 0
1101 190 1122 222 0.011826 0
1113 207 1140 259 0.011636 0
518 192 528 239 0.011432 0
221 183 231 208 0.011402 0
1024 197 1043 229 0.011047 0
1216 191 1225 216 0.011004 0
1271 200 1279 251 0.010977 0
1029 197 1044 229 0.010845 0
1020 198 1040 229 0.010592 0
713 195 740 267 0.010093 0
785 197 797 232 0.009397 0
736 199 745 215 0.008861 0
553 173 580 200 0.008643 0
481 177 496 200 0.008540 0
1106 189 1130 229 0.008361 0
512 196 520 216 0.008136 0
1115 194 1135 234 0.008113 0
386 198 396 206 0.007872 0
381 183 395 204 0.007336 0
522 182 539 210 0.007327 0
733 185 744 215 0.006548 0
221 182 231 199 0.006377 0
513 187 524 210 0.006362 0
985 206 997 225 0.006349 0
691 185 703 217 0.006340 0
1272 213 1279 252 0.006200 0
563 199 581 216 0.006024 0
1000 203 1026 255 0.006011 0
332 186 343 198 0.005983 0
218 183 231 225 0.005899 0
1099 174 1132 252 0.005775 0
241 199 261 239 0.005765 0
998 211 1008 240 0.005625 0
984 209 997 230 0.005603 0
866 210 880 235 0.005602 0
517 190 529 244 0.005360 0
1003 198 1029 228 0.005347 0
305 179 323 199 0.005288 0
785 197 795 234 0.005209 0
1207 185 1224 215 0.005203 0
632 202 645 220 0.005198 0
558 224 583 250 0.004954 0
373 171 390 203 0.004912 0
1104 222 1120 248 0.004904 0
515 191 529 222 0.004814 0
1000 199 1035 247 0.004811 0
689 191 703 233 0.004691 0
215 182 231 213 0.004574 0
1016 208 1053 266 0.004569 0
1023 216 1054 251 0.004495 0
693 178 703 215 0.004475 0
638 199 654 218 0.004398 0
1001 199 1025 239 0.004375 0
1115 183 1128 203 0.004327 0
1268 195 1279 252 0.004198 0
215 182 231 227 0.004168 0
350 187 359 198 0.004153 0
374 181 388 203 0.004110 0
210 193 223 225 0.004104 0
514 168 527 205 0.004045 0
1001 203 1025 243 0.003977 0
1116 198 1136 243 0.003936 0
670 209 693 233 0.003902 0
914 184 953 259 0.003808 0
542 173 554 202 0.003759 0
718 194 729 206 0.003698 0
384 182 395 205 0.003588 0
998 195 1020 239 0.003519 0
646 194 656 215 0.003492 0
930 185 947 204 0.003413 0
341 186 353 198 0.003408 0
543 187 580 226 0.003369 0
633 188 644 216 0.003363 0
1096 191 1121 235 0.003306 0
666 201 677 231 0.003284 0
1219 221 1229 232 0.003195 0
879 200 899 237 0.003193 0
373 167 382 189 0.003175 0
350 186 360 198 0.003159 0
877 203 893 234 0.003109 0
242 194 260 230 0.003012 0
666 189 672 222 0.003007 0
398 183 409 205 0.003004 0
1210 192 1226 231 0.002984 0
1217 199 1227 231 0.002911 0
997 210 1036 297 0.002897 0
733 184 743 206 0.002876 0
1094 191 1104 226 0.002867 0
1211 188 1226 214 0.002826 0
724 197 744 270 0.002702 0
1116 209 1148 259 0.002697 0
241 213 254 240 0.002693 0
1102 183 1127 213 0.002692 0
1226 198 1237 209 0.002621 0
409 181 418 205 0.002616 0
242 206 258 239 0.002530 0
784 195 793 209 0.002437 0
1016 211 1053 298 0.002417 0
844 207 877 238 0.002386 0
653 201 662 216 0.002351 0
997 209 1013 261 0.002329 0
1218 222 1227 233 0.002222 0
751 205 767 231 0.002188 0
209 190 224 225 0.002165 0
265 195 279 236 0.002141 0
756 205 768 232 0.002122 0
887 201 903 238 0.002103 0
1226 196 1236 211 0.002090 0
371 167 384 199 0.002075 0
1219 203 1231 231 0.002066 0
755 205 768 227 0.002057 0
666 189 671 212 0.002001 0
524 200 549 218 0.001995 0
1094 174 1107 221 0.001982 0
666 208 679 231 0.001849 0
354 185 368 199 0.001830 0
365 166 383 202 0.001814 0
924 198 981 256 0.001744 0
972 210 985 229 0.001729 0
324 186 344 198 0.001709 0
988 201 1003 226 0.001686 0
1076 193 1126 246 0.001672 0
306 177 324 199 0.001663 0
1207 408 1215 423 0.001661 0
514 178 526 204 0.001637 0
367 166 376 187 0.001617 0
930 184 951 212 0.001607 0
848 201 863 238 0.001604 0
679 180 691 217 0.001603 0
551 168 568 200 0.001583 0
512 193 531 249 0.001563 0
513 192 528 243 0.001559 0
931 202 959 248 0.001540 0
326 237 335 251 0.001521 0
377 176 397 205 0.001486 0
566 176 581 201 0.001428 0
433 172 445 197 0.001420 0
1220 194 1237 230 0.001399 0
878 199 894 233 0.001360 0
1208 169 1220 213 0.001356 0
1090 188 1131 251 0.001300 0
1131 216 1149 236 0.001295 0
711 225 734 265 0.001276 0
396 198 409 205 0.001271 0
482 174 499 199 0.001250 0
633 190 648 215 0.001245 0
433 173 445 204 0.001237 0
1133 217 1152 240 0.001237 0
1240 197 1249 231 0.001227 0
1241 217 1246 231 0.001171 0
332 177 351 198 0.001136 0
1117 187 1135 230 0.001123 0
1098 172 1119 210 0.001116 0
849 199 858 233 0.001112 0
885 201 903 244 0.001104 0
1230 196 1253 231 0.001098 0
367 186 379 201 0.001090 0
265 195 278 219 0.001084 0
453 182 480 253 0.001078 0
631 182 640 205 0.001046 0
1210 165 1226 213 0.001040 0
711 229 735 273 0.001036 0
850 203 876 237 0.001004 0
725 187 746 220 0.000997 0
647 198 663 215 0.000978 0
574 296 595 363 0.000962 0
1244 197 1257 230 0.000957 0
212 190 227 236 0.000950 0
575 281 595 346 0.000942 0
415 250 422 270 0.000929 0
265 205 277 233 0.000902 0
353 187 369 199 0.000888 0
1259 201 1279 248 0.000885 0
453 180 481 217 0.000881 0
712 221 740 273 0.000880 0
214 182 234 228 0.000866 0
407 189 418 205 0.000853 0
176 187 183 204 0.000828 0
666 193 695 232 0.000808 0
583 194 615 216 0.000789 0
972 206 996 257 0.000785 0
266 194 280 215 0.000770 0
362 179 393 207 0.000749 0
632 201 649 220 0.000743 0
803 184 814 205 0.000709 0
1236 197 1253 230 0.000698 0
319 225 353 332 0.000686 0
1245 198 1260 231 0.000672 0
453 179 481 211 0.000671 0
1225 197 1241 230 0.000668 0
867 176 953 255 0.000666 0
321 223 357 323 0.000661 0
1221 191 1236 214 0.000645 0
940 199 959 229 0.000640 0
349 186 378 227 0.000639 0
679 191 691 215 0.000638 0
637 182 648 208 0.000611 0
878 198 901 233 0.000610 0
574 294 596 385 0.000600 0
857 198 874 236 0.000594 0
240 205 260 256 0.000582 0
362 165 372 191 0.000568 0
783 199 796 236 0.000563 0
1262 215 1279 250 0.000555 0
319 236 343 331 0.000547 0
455 187 481 262 0.000547 0
1114 203 1146 236 0.000545 0
692 184 714 215 0.000538 0
951 184 959 209 0.000524 0
1272 215 1279 258 0.000503 0
517 197 557 245 0.000492 0
708 216 724 248 0.000482 0
325 236 347 266 0.000480 0
767 198 795 235 0.000473 0
622 180 634 202 0.000470 0
712 207 741 273 0.000454 0
1088 195 1102 223 0.000454 0
329 233 353 254 0.000452 0
209 176 228 227 0.000450 0
1198 368 1229 424 0.000447 0
201 201 211 219 0.000443 0
240 178 245 190 0.000432 0
264 191 279 213 0.000432 0
1190 385 1209 413 0.000432 0
1206 164 1228 214 0.000420 0
307 184 327 205 0.000413 0
1000 186 1011 220 0.000403 0
444 163 474 198 0.000398 0
711 199 772 272 0.000398 0
1208 370 1225 400 0.000396 0
451 175 488 214 0.000395 0
670 183 706 230 0.000385 0
649 190 663 217 0.000380 0
384 183 400 205 0.000377 0
1190 385 1206 407 0.000364 0
319 245 338 318 0.000362 0
329 236 352 255 0.000354 0
684 200 742 271 0.000352 0
1089 188 1098 204 0.000342 0
318 232 337 329 0.000340 0
321 239 358 325 0.000337 0
413 249 422 273 0.000337 0
332 237 353 254 0.000322 0
1201 407 1215 419 0.000314 0
372 172 399 205 0.000299 0
381 182 406 205 0.000292 0
1219 213 1241 231 0.000278 0
976 201 1001 226 0.000278 0
318 216 340 328 0.000276 0
408 250 416 272 0.000271 0
408 177 419 204 0.000269 0
240 192 260 220 0.000268 0
364 197 395 218 0.000264 0
407 250 415 271 0.000262 0
1112 189 1147 236 0.000258 0
317 200 338 280 0.000257 0
453 168 488 201 0.000255 0
414 181 424 204 0.000254 0
372 187 393 208 0.000252 0
803 184 840 226 0.000247 0
573 180 618 215 0.000244 0
735 182 757 209 0.000235 0
662 186 696 228 0.000233 0
307 191 358 355 0.000231 0
320 242 330 278 0.000226 0
884 199 938 246 0.000224 0
832 222 875 252 0.000223 0
214 180 238 231 0.000221 0
710 202 772 244 0.000218 0
198 196 211 216 0.000209 0
171 188 190 216 0.000207 0
320 244 332 280 0.000205 0
848 182 859 234 0.000204 0
326 241 358 318 0.000202 0
331 186 354 221 0.000201 0
370 164 383 200 0.000201 0
319 201 329 221 0.000197 0
199 197 264 263 0.000194 0
194 189 203 215 0.000193 0
1100 170 1129 207 0.000192 0
210 181 243 237 0.000186 0
364 199 386 218 0.000184 0
194 187 201 212 0.000183 0
244 196 271 238 0.000181 0
695 179 711 201 0.000181 0
848 196 871 236 0.000176 0
1000 182 1008 208 0.000176 0
853 222 870 281 0.000168 0
735 205 753 238 0.000168 0
1200 407 1218 422 0.000165 0
662 185 938 305 0.000160 0
198 176 231 214 0.000159 0
727 184 745 210 0.000157 0
199 209 214 225 0.000154 0
782 190 812 235 0.000149 0
319 258 338 324 0.000144 0
411 178 421 204 0.000144 0
1055 662 1066 690 0.000144 0
307 184 329 208 0.000143 0
354 203 376 230 0.000139 0
330 184 352 215 0.000138 0
394 190 413 206 0.000138 0
907 199 937 250 0.000137 0
1191 375 1225 420 0.000136 0
241 208 264 255 0.000134 0
214 177 229 199 0.000132 0
793 549 889 629 0.000132 0
225 192 241 216 0.000132 0
783 192 803 235 0.000126 0
218 178 239 195 0.000122 0
245 190 277 238 0.000121 0
1099 168 1142 252 0.000118 0
323 235 345 293 0.000118 0
328 184 373 290 0.000116 0
843 220 883 263 0.000109 0
317 203 342 281 0.000105 0
216 176 264 235 0.000105 0
936 169 971 208 0.000105 0
292 176 322 212 0.000104 0
848 164 869 237 0.000104 0
351 184 378 312 0.000101 0
988 247 1068 328 0.720361 1
925 218 950 262 0.292747 1
535 217 579 253 0.271865 1
921 208 947 262 0.254619 1
922 218 954 264 0.253240 1
922 222 946 261 0.193003 1
928 219 956 262 0.133704 1
922 226 947 265 0.130344 1
536 209 580 252 0.123483 1
536 196 581 251 0.103329 1
535 223 577 254 0.084617 1
920 213 944 261 0.079907 1
987 261 1027 324 0.071491 1
916 215 955 265 0.068922 1
1031 251 1064 312 0.067011 1
1181 178 1202 215 0.058099 1
1031 243 1069 325 0.055829 1
1000 250 1061 312 0.054257 1
932 211 956 260 0.048652 1
1181 187 1201 215 0.044671 1
986 252 1029 315 0.043090 1
988 269 1024 325 0.042186 1
1014 250 1060 312 0.039751 1
993 250 1053 314 0.034438 1
988 244 1028 310 0.031883 1
986 250 1024 300 0.028895 1
1181 167 1201 215 0.028053 1
1102 228 1148 262 0.027167 1
1181 186 1214 221 0.026079 1
540 207 571 242 0.025663 1
547 223 581 251 0.024817 1
1181 185 1210 216 0.024016 1
988 254 1047 317 0.023608 1
1182 188 1216 229 0.023497 1
536 225 566 254 0.021066 1
985 257 1019 306 0.019659 1
986 254 1019 295 0.018393 1
532 248 599 278 0.018386 1
529 219 580 254 0.018254 1
1034 223 1068 245 0.017757 1
1094 223 1148 263 0.017740 1
994 253 1058 323 0.016792 1
920 213 958 261 0.016645 1
924 270 958 302 0.015993 1
1037 221 1068 243 0.015978 1
989 268 1036 325 0.015834 1
1036 257 1072 330 0.015575 1
1046 222 1149 263 0.015316 1
1031 247 1070 312 0.015230 1
1101 222 1117 258 0.015119 1
935 217 957 258 0.014975 1
989 258 1049 325 0.014806 1
1102 222 1139 260 0.014294 1
910 215 956 271 0.013443 1
535 226 573 255 0.013145 1
1101 221 1117 249 0.013081 1
1040 271 1072 330 0.012990 1
1180 176 1224 216 0.012701 1
1180 188 1202 225 0.012158 1
986 262 1019 313 0.012034 1
986 236 1073 320 0.011894 1
535 216 589 254 0.011517 1
540 202 554 219 0.011479 1
1037 208 1067 242 0.010585 1
991 261 1063 326 0.010241 1
533 224 592 261 0.010212 1
1069 221 1110 245 0.010054 1
535 220 568 250 0.009959 1
1020 249 1058 309 0.009914 1
986 268 1020 316 0.009570 1
989 210 1061 323 0.009508 1
939 228 958 258 0.009495 1
1019 255 1068 331 0.008930 1
993 240 1026 290 0.008566 1
1070 221 1092 244 0.008181 1
1068 221 1117 263 0.008149 1
1187 213 1224 229 0.007584 1
990 251 1034 309 0.007457 1
922 221 991 261 0.007235 1
1181 166 1220 216 0.007088 1
992 244 1021 290 0.007020 1
685 210 703 233 0.006945 1
916 191 954 264 0.006809 1
691 213 705 237 0.006765 1
1074 225 1114 264 0.006719 1
1040 246 1073 330 0.006637 1
986 244 1019 292 0.006249 1
1102 227 1114 260 0.005950 1
1028 225 1057 249 0.005948 1
1015 266 1070 331 0.005717 1
916 227 945 266 0.005704 1
1208 191 1225 217 0.005212 1
939 276 959 303 0.005117 1
534 204 548 218 0.005080 1
1022 235 1052 300 0.005007 1
1143 308 1170 349 0.004997 1
930 275 959 302 0.004851 1
555 223 582 250 0.004636 1
529 202 557 232 0.004632 1
996 267 1069 332 0.004526 1
1181 184 1229 229 0.004510 1
998 247 1048 311 0.004437 1
566 223 581 244 0.004157 1
677 211 703 236 0.004115 1
1176 183 1201 216 0.004081 1
1031 225 1065 249 0.003904 1
476 182 502 216 0.003835 1
1075 220 1120 245 0.003762 1
453 180 482 217 0.003638 1
1181 163 1204 216 0.003630 1
457 184 482 214 0.003629 1
517 192 580 238 0.003550 1
929 279 958 304 0.003531 1
988 244 1059 316 0.003459 1
991 278 1026 325 0.003433 1
535 228 557 254 0.003336 1
1046 263 1072 329 0.003302 1
1178 186 1200 220 0.003114 1
1180 167 1212 215 0.003011 1
1029 232 1054 250 0.002888 1
994 240 1034 301 0.002736 1
1030 236 1057 261 0.002666 1
1051 278 1072 329 0.002648 1
1023 228 1055 275 0.002628 1
542 189 555 215 0.002523 1
1033 237 1062 259 0.002482 1
892 264 959 301 0.002453 1
1080 226 1112 265 0.002320 1
986 261 1007 293 0.002289 1
985 266 1004 295 0.002289 1
671 210 705 235 0.002275 1
479 196 502 217 0.002204 1
1172 177 1201 215 0.002114 1
949 216 1082 272 0.001998 1
985 267 1006 307 0.001994 1
995 221 1036 298 0.001972 1
1031 246 1053 291 0.001907 1
534 225 600 267 0.001865 1
1190 212 1226 231 0.001829 1
1186 216 1212 231 0.001818 1
994 225 1078 308 0.001815 1
986 238 1013 275 0.001728 1
1034 221 1121 263 0.001697 1
1033 245 1070 298 0.001674 1
880 259 907 286 0.001666 1
1036 231 1081 256 0.001661 1
980 229 1166 333 0.001660 1
1030 223 1150 273 0.001649 1
852 213 957 266 0.001638 1
936 211 959 256 0.001602 1
1105 291 1169 350 0.001589 1
456 190 481 216 0.001520 1
1005 216 1051 306 0.001476 1
1101 239 1111 263 0.001472 1
892 264 910 292 0.001420 1
892 261 921 292 0.001406 1
575 298 595 348 0.001305 1
838 211 879 243 0.001304 1
986 238 997 261 0.001302 1
1052 288 1072 329 0.001296 1
1126 182 1201 219 0.001259 1
873 248 910 286 0.001223 1
685 213 703 237 0.001186 1
1104 307 1174 355 0.001142 1
979 242 1026 305 0.001122 1
903 226 933 257 0.001116 1
990 258 1077 334 0.001116 1
986 273 1004 309 0.001080 1
1031 238 1063 293 0.001078 1
534 199 605 253 0.001050 1
453 198 477 219 0.001041 1
1104 276 1169 349 0.001034 1
920 220 1013 268 0.001000 1
1181 174 1219 262 0.000933 1
920 222 955 279 0.000912 1
1032 232 1082 296 0.000912 1
919 210 959 284 0.000912 1
533 233 590 266 0.000906 1
985 241 1003 291 0.000891 1
1104 308 1170 342 0.000887 1
893 262 917 298 0.000873 1
1071 206 1100 230 0.000865 1
675 203 693 222 0.000847 1
895 270 959 304 0.000832 1
1175 216 1207 247 0.000812 1
575 292 595 358 0.000781 1
989 280 1019 324 0.000772 1
691 217 721 237 0.000766 1
526 229 549 248 0.000749 1
526 231 553 252 0.000732 1
1042 287 1072 331 0.000712 1
893 264 906 286 0.000697 1
979 249 1031 321 0.000687 1
920 194 966 259 0.000663 1
895 262 926 296 0.000648 1
506 189 584 250 0.000642 1
892 260 923 287 0.000629 1
877 252 892 285 0.000628 1
892 261 910 285 0.000623 1
1143 309 1175 351 0.000605 1
1035 300 1070 331 0.000586 1
904 266 928 300 0.000578 1
841 197 951 245 0.000572 1
1181 201 1225 267 0.000563 1
1176 212 1186 222 0.000558 1
864 235 955 288 0.000554 1
907 271 928 301 0.000550 1
1129 182 1204 247 0.000549 1
927 281 942 307 0.000533 1
864 216 883 243 0.000516 1
928 276 959 314 0.000512 1
979 245 1180 355 0.000502 1
718 235 740 273 0.000496 1
574 292 596 391 0.000479 1
924 223 952 275 0.000475 1
1152 165 1203 217 0.000470 1
1021 306 1069 332 0.000457 1
985 275 1004 316 0.000457 1
452 180 481 255 0.000452 1
575 277 602 356 0.000449 1
977 240 1112 363 0.000439 1
519 200 555 247 0.000435 1
850 214 1119 338 0.000434 1
928 281 950 312 0.000431 1
861 251 893 283 0.000425 1
535 271 599 398 0.000417 1
575 280 596 351 0.000405 1
1144 311 1181 356 0.000402 1
902 236 930 266 0.000400 1
992 294 1021 325 0.000390 1
480 188 514 218 0.000388 1
867 249 888 283 0.000379 1
889 262 924 293 0.000370 1
906 201 938 257 0.000369 1
574 281 612 367 0.000354 1
975 255 1041 326 0.000352 1
991 279 1118 348 0.000350 1
884 267 899 288 0.000336 1
1105 307 1158 335 0.000329 1
919 268 997 301 0.000321 1
570 275 599 398 0.000319 1
1000 249 1116 335 0.000318 1
730 253 741 271 0.000316 1
1037 240 1082 296 0.000313 1
609 203 710 229 0.000309 1
1020 248 1100 331 0.000304 1
1134 215 1204 252 0.000294 1
963 232 1193 396 0.000273 1
905 276 930 310 0.000272 1
969 221 1153 295 0.000270 1
893 256 925 288 0.000264 1
912 276 933 310 0.000262 1
1021 233 1145 332 0.000247 1
914 269 926 294 0.000246 1
1172 164 1201 208 0.000235 1
698 217 729 267 0.000231 1
907 246 932 288 0.000226 1
687 215 723 273 0.000223 1
1067 310 1137 348 0.000223 1
1054 291 1107 333 0.000218 1
922 272 989 306 0.000203 1
453 196 481 250 0.000186 1
1057 302 1072 329 0.000182 1
1046 246 1099 331 0.000181 1
1051 265 1080 329 0.000159 1
575 316 594 394 0.000154 1
711 232 739 273 0.000152 1
921 217 1073 295 0.000142 1
890 265 929 304 0.000141 1
1144 344 1183 363 0.000137 1
190 234 222 260 0.000132 1
694 199 1109 361 0.000127 1
1019 309 1067 332 0.000126 1
1066 309 1173 363 0.000114 1
1005 301 1036 327 0.000112 1
703 223 725 274 0.000111 1
849 232 1233 475 0.000107 1
704 239 721 274 0.000105 1
847 195 958 260 0.000105 1
920 271 960 326 0.000104 1
1058 308 1093 339 0.000101 1
747 220 1239 479 0.000101 1
898 240 924 268 0.000100 1
159 234 208 263 0.000100 1
1057 219 1148 261 0.095138 2
1074 218 1149 261 0.078679 2
1270 197 1279 220 0.046257 2
830 219 855 241 0.044378 2
832 222 855 242 0.040837 2
1103 229 1148 261 0.034541 2
832 220 870 242 0.030096 2
832 222 863 242 0.028196 2
1042 218 1091 244 0.027965 2
1097 225 1148 262 0.026233 2
523 183 536 195 0.025338 2
822 218 854 241 0.024508 2
1068 216 1090 241 0.022742 2
802 209 854 241 0.021366 2
1069 216 1092 236 0.020916 2
707 213 719 230 0.020032 2
1064 217 1091 244 0.019729 2
1038 220 1070 244 0.019035 2
706 212 718 228 0.018777 2
586 192 638 217 0.017384 2
1257 198 1279 226 0.015122 2
707 216 721 232 0.014910 2
589 200 643 216 0.014792 2
1270 197 1279 250 0.014209 2
1053 218 1091 244 0.013874 2
1262 196 1279 224 0.013241 2
696 202 720 229 0.013094 2
1034 197 1072 235 0.013014 2
801 211 877 242 0.012826 2
481 176 495 198 0.012461 2
1037 209 1070 243 0.012295 2
1146 233 1166 247 0.012274 2
708 202 721 230 0.011805 2
1112 222 1149 260 0.011265 2
1032 196 1065 231 0.011072 2
825 329 846 343 0.010852 2
1052 217 1127 245 0.010793 2
833 213 878 242 0.010765 2
1255 199 1277 228 0.010699 2
702 214 719 232 0.010677 2
482 199 515 217 0.010413 2
1069 217 1093 244 0.010097 2
522 183 543 197 0.010067 2
522 182 536 197 0.009903 2
1251 197 1276 223 0.009591 2
482 199 505 217 0.009250 2
801 216 854 240 0.009241 2
495 200 516 217 0.009190 2
595 201 649 216 0.009083 2
1269 193 1279 222 0.009069 2
1068 213 1103 238 0.008681 2
1145 231 1165 246 0.008508 2
1130 226 1165 251 0.008461 2
1072 221 1099 240 0.008435 2
1043 221 1091 252 0.008260 2
1126 217 1151 258 0.008239 2
292 176 323 198 0.008006 2
1068 223 1098 249 0.007789 2
1132 218 1165 246 0.007761 2
586 184 634 216 0.007714 2
1010 198 1028 222 0.007531 2
861 176 939 236 0.007478 2
1053 215 1087 244 0.007398 2
521 181 542 199 0.007382 2
1153 232 1175 247 0.006996 2
1043 221 1150 260 0.006597 2
1035 198 1069 242 0.006463 2
587 198 634 217 0.006076 2
1268 196 1279 238 0.006033 2
1001 196 1071 239 0.006004 2
304 177 324 198 0.005897 2
1069 207 1094 235 0.005834 2
523 184 545 201 0.005777 2
1006 198 1039 228 0.005635 2
585 184 624 216 0.005465 2
831 208 874 241 0.004976 2
1070 208 1096 232 0.004963 2
482 196 503 216 0.004852 2
1007 194 1078 242 0.004668 2
480 185 523 216 0.004647 2
292 175 316 198 0.004216 2
1098 213 1150 261 0.004141 2
1036 223 1069 248 0.004110 2
833 217 876 240 0.004107 2
586 192 651 218 0.004077 2
1000 197 1065 243 0.003951 2
522 171 549 193 0.003910 2
1039 206 1097 244 0.003894 2
1064 222 1113 264 0.003827 2
1016 196 1089 243 0.003612 2
518 184 540 207 0.003490 2
585 198 651 218 0.003445 2
918 192 939 221 0.003306 2
503 198 516 215 0.003282 2
747 204 767 218 0.003137 2
480 177 497 202 0.003113 2
588 208 606 217 0.003062 2
862 177 941 211 0.002893 2
586 184 618 208 0.002743 2
742 201 767 216 0.002518 2
1041 198 1075 232 0.002428 2
1254 184 1279 224 0.002418 2
865 180 950 246 0.002403 2
1240 180 1279 224 0.002207 2
922 184 946 201 0.002187 2
831 222 858 245 0.002146 2
446 159 520 199 0.002120 2
875 197 941 239 0.002102 2
449 157 490 175 0.002094 2
971 210 997 255 0.002090 2
1063 196 1149 260 0.001983 2
1130 216 1151 248 0.001965 2
740 200 757 215 0.001718 2
870 178 941 205 0.001682 2
866 176 939 218 0.001647 2
702 303 769 333 0.001646 2
481 181 517 216 0.001553 2
481 172 517 208 0.001544 2
483 172 515 203 0.001537 2
463 181 481 202 0.001517 2
738 202 757 228 0.001514 2
874 192 940 219 0.001495 2
1245 196 1257 230 0.001476 2
921 184 937 203 0.001472 2
973 208 985 222 0.001464 2
1123 230 1150 260 0.001432 2
830 135 901 167 0.001422 2
521 191 552 218 0.001377 2
542 160 580 190 0.001365 2
1000 184 1055 230 0.001360 2
831 136 908 174 0.001343 2
1087 192 1150 261 0.001341 2
746 201 769 222 0.001315 2
966 216 1148 277 0.001281 2
480 192 528 218 0.001253 2
1005 195 1149 258 0.001245 2
835 201 906 244 0.001244 2
1225 183 1276 230 0.001201 2
832 221 868 245 0.001188 2
997 197 1056 249 0.001164 2
544 161 578 176 0.001116 2
522 175 539 196 0.001073 2
1232 195 1271 231 0.001037 2
811 180 940 241 0.001033 2
878 198 911 236 0.000990 2
529 188 583 235 0.000989 2
1040 195 1075 226 0.000989 2
547 161 579 178 0.000966 2
355 215 370 228 0.000919 2
1023 192 1098 240 0.000915 2
550 161 580 201 0.000914 2
1194 178 1278 229 0.000914 2
756 200 794 237 0.000907 2
571 183 619 216 0.000850 2
472 154 523 206 0.000845 2
456 179 481 213 0.000819 2
1035 191 1075 229 0.000816 2
1223 180 1279 213 0.000769 2
910 175 948 196 0.000759 2
878 197 905 233 0.000759 2
867 176 937 195 0.000749 2
537 161 574 201 0.000703 2
574 275 603 336 0.000700 2
994 196 1090 261 0.000700 2
583 204 607 217 0.000689 2
619 189 636 207 0.000683 2
1131 219 1175 248 0.000679 2
1150 183 1189 216 0.000678 2
495 237 530 251 0.000678 2
1068 197 1091 223 0.000677 2
916 176 947 189 0.000672 2
1225 184 1260 231 0.000670 2
1110 212 1220 263 0.000665 2
802 206 826 239 0.000664 2
1001 185 1047 224 0.000652 2
1252 210 1268 231 0.000609 2
1190 194 1257 230 0.000604 2
449 158 490 188 0.000584 2
454 164 497 199 0.000580 2
320 199 357 255 0.000565 2
499 187 516 209 0.000562 2
527 198 593 260 0.000540 2
450 157 490 180 0.000539 2
952 206 983 227 0.000536 2
352 204 371 228 0.000530 2
540 160 578 179 0.000512 2
833 136 894 149 0.000506 2
587 182 637 212 0.000504 2
1073 198 1093 216 0.000488 2
1007 192 1058 229 0.000481 2
1029 190 1070 230 0.000455 2
463 256 478 271 0.000448 2
493 172 518 203 0.000445 2
319 219 331 233 0.000444 2
464 260 478 271 0.000435 2
829 220 856 245 0.000432 2
1147 183 1193 219 0.000431 2
327 198 357 255 0.000405 2
328 195 369 244 0.000401 2
1263 168 1279 182 0.000397 2
1265 168 1279 179 0.000378 2
1209 369 1230 391 0.000373 2
322 198 363 253 0.000371 2
1262 174 1279 218 0.000352 2
1106 183 1191 238 0.000348 2
432 166 468 194 0.000344 2
858 194 915 235 0.000340 2
708 301 769 326 0.000319 2
448 154 490 172 0.000316 2
729 202 768 235 0.000303 2
1185 194 1278 263 0.000298 2
1246 170 1279 199 0.000295 2
353 196 376 228 0.000294 2
909 136 939 152 0.000289 2
431 170 448 194 0.000288 2
192 393 214 400 0.000286 2
1225 192 1239 210 0.000286 2
1001 184 1046 213 0.000281 2
439 165 486 215 0.000278 2
591 184 711 223 0.000277 2
1230 171 1279 191 0.000275 2
575 277 595 329 0.000261 2
441 144 524 179 0.000257 2
1108 183 1194 249 0.000254 2
1224 168 1269 220 0.000251 2
789 329 847 347 0.000240 2
329 203 371 232 0.000239 2
351 192 371 228 0.000239 2
285 176 318 200 0.000236 2
411 195 598 315 0.000235 2
464 145 526 183 0.000232 2
573 280 612 374 0.000230 2
445 161 466 182 0.000227 2
1252 170 1279 191 0.000226 2
290 176 312 199 0.000226 2
435 166 465 200 0.000223 2
909 195 1086 263 0.000223 2
706 191 729 229 0.000221 2
783 199 824 238 0.000214 2
925 175 953 198 0.000205 2
351 188 391 228 0.000204 2
1263 364 1279 384 0.000204 2
353 189 389 218 0.000202 2
1051 192 1078 223 0.000201 2
841 136 902 150 0.000199 2
1067 191 1090 217 0.000196 2
485 178 586 240 0.000195 2
1125 175 1213 262 0.000192 2
296 182 393 223 0.000192 2
1088 153 1209 261 0.000181 2
1247 168 1279 181 0.000181 2
551 184 626 217 0.000181 2
362 200 383 219 0.000174 2
695 193 740 233 0.000171 2
444 193 478 219 0.000157 2
191 393 215 402 0.000152 2
354 200 379 230 0.000151 2
190 225 241 258 0.000143 2
1102 163 1154 189 0.000142 2
436 172 471 204 0.000140 2
864 174 938 201 0.000139 2
823 328 863 345 0.000139 2
197 226 239 257 0.000137 2
436 177 480 213 0.000136 2
1074 191 1093 210 0.000133 2
737 183 761 215 0.000130 2
431 191 447 206 0.000125 2
1216 163 1275 229 0.000124 2
574 275 605 387 0.000124 2
319 202 332 232 0.000124 2
115 223 135 237 0.000122 2
1237 167 1274 181 0.000120 2
521 147 576 183 0.000117 2
840 136 934 160 0.000115 2
825 327 856 344 0.000109 2
123 225 135 236 0.000104 2
701 184 742 207 0.000104 2
390 179 416 205 0.000102 2
1048 219 1149 282 0.000101 2
803 135 940 242 0.130491 5
830 135 939 175 0.022527 5
828 135 905 171 0.008390 5
828 135 941 192 0.006813 5
535 161 582 200 0.003247 5
829 130 941 171 0.001025 5
835 135 949 199 0.000890 5
1235 178 1279 218 0.000597 5
1247 174 1279 214 0.000551 5
1108 162 1154 186 0.000516 5
809 133 993 251 0.000475 5
1150 184 1183 216 0.000114 5
371 64 463 206 0.000121 6
802 136 939 241 0.322728 7
802 158 943 241 0.068578 7
802 158 857 240 0.053871 7
802 174 942 240 0.046078 7
715 151 859 237 0.033341 7
700 142 931 242 0.009698 7
585 184 619 216 0.008437 7
586 183 641 217 0.008323 7
710 153 806 230 0.008242 7
802 138 899 240 0.007687 7
715 153 805 210 0.007264 7
801 202 853 240 0.006328 7
794 153 858 239 0.006122 7
699 152 807 241 0.005921 7
803 180 853 223 0.005830 7
802 183 853 240 0.005283 7
541 171 581 201 0.005173 7
703 150 903 237 0.004929 7
830 135 900 169 0.003924 7
863 176 941 236 0.003351 7
522 159 582 201 0.002965 7
448 154 524 187 0.002934 7
527 165 582 202 0.002754 7
702 153 805 215 0.002752 7
520 152 583 200 0.002713 7
802 198 880 241 0.002704 7
584 197 647 218 0.002385 7
803 162 854 221 0.001956 7
441 152 522 191 0.001928 7
450 151 524 196 0.001477 7
540 170 566 200 0.001410 7
448 155 490 173 0.001364 7
816 135 912 180 0.001364 7
707 163 803 237 0.001361 7
585 176 681 218 0.001334 7
804 202 864 241 0.001302 7
481 167 528 212 0.001301 7
810 160 858 179 0.001265 7
547 163 569 200 0.001252 7
1223 177 1279 229 0.001156 7
1181 187 1222 266 0.001078 7
807 159 857 189 0.000947 7
586 193 675 219 0.000879 7
1181 165 1222 258 0.000854 7
1181 165 1278 239 0.000837 7
847 176 924 237 0.000825 7
1203 168 1279 228 0.000755 7
448 156 490 179 0.000746 7
688 148 892 238 0.000709 7
685 121 933 243 0.000687 7
450 147 526 204 0.000672 7
621 148 945 273 0.000636 7
736 201 794 237 0.000626 7
448 155 496 183 0.000580 7
489 161 584 205 0.000556 7
1242 172 1279 225 0.000521 7
632 149 940 250 0.000470 7
803 183 856 227 0.000464 7
852 172 932 234 0.000454 7
303 196 363 334 0.000453 7
666 192 742 227 0.000422 7
296 193 394 323 0.000417 7
1099 186 1188 253 0.000403 7
448 142 525 180 0.000396 7
685 144 943 269 0.000392 7
1181 170 1278 258 0.000382 7
592 169 714 222 0.000360 7
708 192 744 250 0.000348 7
548 176 589 212 0.000346 7
786 196 797 231 0.000336 7
588 190 690 220 0.000334 7
733 152 805 207 0.000329 7
1100 164 1192 246 0.000325 7
735 198 849 239 0.000324 7
705 165 926 274 0.000316 7
521 141 582 201 0.000292 7
1102 162 1155 185 0.000291 7
832 136 944 185 0.000274 7
352 196 393 327 0.000263 7
680 169 803 269 0.000209 7
984 192 1058 245 0.000200 7
589 168 663 216 0.000187 7
1086 161 1215 258 0.000177 7
679 150 810 227 0.000172 7
665 108 926 240 0.000170 7
528 183 663 226 0.000165 7
847 168 912 239 0.000164 7
448 152 576 211 0.000151 7
303 91 457 348 0.000147 7
528 156 683 215 0.000142 7
580 163 690 219 0.000140 7
385 202 557 337 0.000134 7
582 156 676 218 0.000129 7
1099 174 1190 221 0.000124 7
728 179 797 212 0.000118 7
586 157 633 217 0.000115 7
807 169 856 190 0.000114 7
1215 162 1279 229 0.000111 7
840 137 989 238 0.000111 7
999 177 1064 238 0.000108 7
1099 161 1203 212 0.000105 7
670 172 707 224 0.000102 7
1088 150 1103 177 0.356193 9
513 150 524 177 0.195796 9
1006 137 1015 172 0.039875 9
1092 150 1103 186 0.019228 9
1089 150 1102 185 0.019213 9
895 156 905 173 0.016366 9
693 181 702 206 0.016010 9
1002 136 1013 175 0.015660 9
312 151 344 197 0.015095 9
895 159 904 176 0.015053 9
373 167 381 184 0.012072 9
1004 136 1014 173 0.012002 9
315 153 349 197 0.011304 9
172 64 203 91 0.011069 9
1014 135 1022 171 0.009118 9
879 154 893 173 0.008433 9
1089 150 1110 177 0.007890 9
595 64 636 93 0.006986 9
595 64 625 92 0.006597 9
367 166 375 186 0.006015 9
1014 136 1023 155 0.005626 9
512 142 525 176 0.005419 9
890 153 906 173 0.005341 9
517 139 527 175 0.005106 9
514 151 524 189 0.005068 9
462 219 476 251 0.004675 9
597 118 605 144 0.004608 9
694 176 702 199 0.004309 9
311 124 360 198 0.004176 9
331 183 345 198 0.004007 9
328 163 352 198 0.003856 9
1009 135 1022 172 0.003845 9
597 116 626 162 0.003827 9
1208 170 1216 197 0.003704 9
589 174 598 185 0.003694 9
900 155 909 175 0.003659 9
312 152 329 198 0.003172 9
1014 135 1025 146 0.003075 9
904 158 910 177 0.003062 9
587 171 594 185 0.002996 9
586 169 593 184 0.002773 9
316 155 344 198 0.002727 9
835 76 850 94 0.002621 9
453 200 476 253 0.002580 9
879 153 894 173 0.002548 9
862 164 869 179 0.002464 9
314 109 365 198 0.002431 9
1154 162 1168 184 0.002348 9
1211 168 1225 204 0.002272 9
875 154 895 176 0.002155 9
1002 167 1009 179 0.002078 9
1211 167 1225 212 0.002067 9
877 137 939 175 0.002022 9
1089 137 1105 177 0.002009 9
586 117 599 144 0.002001 9
833 77 848 93 0.001991 9
681 172 688 188 0.001896 9
873 153 904 177 0.001891 9
173 64 209 92 0.001876 9
1207 168 1218 196 0.001834 9
596 117 612 154 0.001818 9
648 164 659 182 0.001766 9
665 182 671 206 0.001746 9
663 170 671 187 0.001745 9
587 118 601 147 0.001712 9
1097 175 1105 200 0.001690 9
1233 168 1246 181 0.001662 9
307 176 335 199 0.001652 9
871 160 894 177 0.001643 9
680 180 688 204 0.001635 9
698 73 718 129 0.001623 9
1184 163 1201 198 0.001586 9
637 162 649 184 0.001548 9
681 163 689 184 0.001527 9
586 117 598 136 0.001515 9
463 223 478 251 0.001478 9
699 86 716 129 0.001473 9
581 64 596 93 0.001455 9
1004 135 1017 173 0.001399 9
119 64 156 77 0.001383 9
1156 168 1169 184 0.001376 9
606 147 625 165 0.001363 9
838 120 852 135 0.001351 9
515 176 533 196 0.001321 9
870 153 895 175 0.001317 9
697 69 708 123 0.001289 9
703 162 713 181 0.001287 9
679 65 695 120 0.001280 9
362 166 373 188 0.001274 9
638 162 647 176 0.001253 9
689 178 703 210 0.001252 9
609 152 625 163 0.001219 9
625 64 639 92 0.001210 9
586 118 599 140 0.001207 9
705 155 712 174 0.001204 9
1081 149 1102 179 0.001169 9
686 169 701 184 0.001151 9
692 170 703 180 0.001119 9
697 67 719 129 0.001119 9
834 76 850 99 0.001101 9
878 151 901 174 0.001093 9
861 165 869 182 0.001091 9
831 135 861 166 0.001086 9
1090 178 1098 194 0.001076 9
453 200 474 219 0.001063 9
608 157 622 176 0.001061 9
503 149 525 186 0.001045 9
684 169 703 202 0.001027 9
851 116 864 137 0.001026 9
582 64 596 101 0.001007 9
119 64 163 76 0.000993 9
462 217 478 271 0.000966 9
505 149 525 181 0.000956 9
601 126 625 162 0.000923 9
697 75 714 127 0.000908 9
596 116 607 145 0.000854 9
639 163 659 197 0.000848 9
1223 165 1231 185 0.000830 9
842 115 856 136 0.000819 9
696 64 709 121 0.000819 9
646 160 658 183 0.000801 9
608 157 624 177 0.000775 9
595 64 619 94 0.000772 9
843 115 860 136 0.000757 9
887 137 940 155 0.000756 9
868 137 939 155 0.000749 9
993 140 1000 161 0.000746 9
308 139 358 198 0.000741 9
840 116 853 135 0.000733 9
1233 170 1246 182 0.000729 9
855 137 940 166 0.000728 9
843 146 858 167 0.000728 9
698 83 720 129 0.000719 9
1088 145 1104 177 0.000703 9
356 219 370 229 0.000697 9
521 169 545 182 0.000678 9
832 125 843 134 0.000670 9
679 68 692 113 0.000669 9
832 149 842 163 0.000661 9
1213 164 1234 207 0.000623 9
830 135 882 166 0.000612 9
700 117 714 130 0.000609 9
1003 133 1025 174 0.000607 9
352 157 362 194 0.000605 9
598 117 626 151 0.000600 9
493 150 525 203 0.000598 9
700 173 712 184 0.000598 9
624 119 637 152 0.000594 9
453 215 471 252 0.000589 9
1231 168 1247 181 0.000589 9
587 163 601 186 0.000587 9
582 64 596 71 0.000586 9
637 161 654 195 0.000582 9
1097 168 1112 202 0.000576 9
993 143 1000 160 0.000575 9
694 151 705 177 0.000571 9
831 163 858 179 0.000555 9
607 157 623 183 0.000546 9
1116 164 1150 186 0.000546 9
585 119 600 147 0.000534 9
306 167 356 208 0.000528 9
803 183 814 203 0.000527 9
129 64 202 86 0.000523 9
703 83 719 124 0.000515 9
997 133 1009 175 0.000511 9
161 64 202 92 0.000506 9
681 152 689 182 0.000499 9
109 149 128 166 0.000473 9
120 64 160 79 0.000472 9
651 167 662 185 0.000469 9
521 149 543 176 0.000464 9
1089 149 1103 200 0.000462 9
1185 162 1201 187 0.000462 9
1121 163 1155 185 0.000458 9
685 151 694 176 0.000457 9
637 121 654 164 0.000422 9
163 64 175 76 0.000419 9
152 64 172 75 0.000418 9
1151 163 1170 185 0.000417 9
606 158 621 184 0.000412 9
96 182 105 202 0.000410 9
597 145 622 163 0.000408 9
678 66 691 122 0.000405 9
312 140 342 194 0.000404 9
513 136 527 155 0.000394 9
689 64 707 124 0.000389 9
807 160 860 184 0.000389 9
831 137 858 164 0.000388 9
1185 163 1210 192 0.000385 9
586 119 600 156 0.000384 9
687 64 711 126 0.000384 9
97 179 105 202 0.000373 9
812 162 858 178 0.000372 9
685 66 697 122 0.000371 9
647 122 660 163 0.000368 9
463 225 479 271 0.000367 9
858 152 876 175 0.000366 9
1210 164 1235 216 0.000362 9
522 145 544 175 0.000359 9
1081 172 1091 184 0.000353 9
119 64 178 79 0.000351 9
583 86 600 140 0.000350 9
505 129 531 178 0.000346 9
829 164 858 184 0.000345 9
580 64 597 119 0.000339 9
582 64 597 78 0.000338 9
340 159 361 199 0.000332 9
805 166 824 190 0.000331 9
173 64 219 92 0.000328 9
639 88 658 104 0.000320 9
648 124 658 163 0.000319 9
641 121 659 164 0.000317 9
1097 130 1109 149 0.000311 9
691 119 709 130 0.000310 9
452 218 467 253 0.000303 9
644 169 669 202 0.000302 9
832 116 847 135 0.000294 9
595 64 632 96 0.000293 9
907 136 939 153 0.000288 9
704 115 718 129 0.000283 9
183 143 199 168 0.000274 9
638 124 651 163 0.000273 9
830 135 868 166 0.000270 9
1093 129 1111 175 0.000269 9
1119 64 1132 75 0.000268 9
568 162 581 194 0.000263 9
835 74 855 100 0.000260 9
579 64 600 144 0.000258 9
700 150 713 174 0.000257 9
629 164 640 184 0.000256 9
641 179 659 206 0.000254 9
131 64 171 79 0.000250 9
683 149 694 178 0.000249 9
681 148 689 173 0.000246 9
415 64 433 129 0.000245 9
646 179 664 213 0.000245 9
605 162 618 184 0.000240 9
1001 170 1007 184 0.000238 9
1106 152 1118 170 0.000237 9
851 117 872 137 0.000229 9
312 144 326 193 0.000229 9
584 107 600 137 0.000226 9
1000 128 1008 135 0.000226 9
813 160 858 175 0.000225 9
308 162 366 199 0.000225 9
697 87 713 127 0.000225 9
653 174 696 220 0.000220 9
806 149 813 159 0.000220 9
869 123 880 137 0.000219 9
102 148 128 177 0.000217 9
624 117 638 158 0.000213 9
305 167 372 223 0.000209 9
847 115 872 137 0.000204 9
624 171 642 203 0.000202 9
638 121 649 161 0.000201 9
1099 131 1110 148 0.000199 9
239 177 246 190 0.000192 9
589 64 660 164 0.000187 9
807 152 848 180 0.000185 9
662 167 697 195 0.000181 9
849 161 870 202 0.000179 9
579 64 644 161 0.000177 9
522 133 542 175 0.000175 9
717 151 727 160 0.000175 9
97 176 110 203 0.000173 9
1102 166 1129 191 0.000172 9
700 126 714 153 0.000169 9
800 153 815 226 0.000167 9
581 64 600 113 0.000167 9
961 150 972 160 0.000167 9
1149 157 1169 184 0.000166 9
340 64 364 111 0.000166 9
171 64 247 91 0.000165 9
905 129 911 138 0.000163 9
834 74 857 108 0.000163 9
1005 135 1022 174 0.000161 9
463 246 478 271 0.000160 9
997 134 1016 174 0.000157 9
867 118 880 137 0.000156 9
697 64 712 93 0.000156 9
51 184 63 206 0.000155 9
840 143 865 168 0.000154 9
605 155 624 188 0.000153 9
580 64 601 92 0.000151 9
635 80 659 105 0.000150 9
847 151 872 186 0.000149 9
587 103 617 157 0.000144 9
665 167 691 190 0.000144 9
451 215 475 274 0.000144 9
171 64 272 99 0.000143 9
694 119 710 156 0.000141 9
320 148 353 195 0.000140 9
832 71 852 93 0.000140 9
107 148 128 177 0.000139 9
579 122 600 176 0.000138 9
964 152 974 161 0.000138 9
633 64 664 91 0.000137 9
578 75 585 94 0.000135 9
584 124 611 185 0.000135 9
710 80 720 90 0.000133 9
209 66 241 87 0.000133 9
579 64 610 96 0.000133 9
637 81 658 103 0.000131 9
830 133 861 154 0.000130 9
676 64 696 125 0.000127 9
1019 147 1038 164 0.000127 9
1203 160 1221 194 0.000127 9
846 176 858 205 0.000126 9
1102 170 1131 193 0.000125 9
302 106 382 347 0.000124 9
704 79 721 113 0.000123 9
256 83 267 97 0.000122 9
993 140 1004 173 0.000120 9
651 123 661 162 0.000119 9
577 74 586 104 0.000118 9
415 64 439 131 0.000118 9
585 115 626 213 0.000116 9
698 64 715 91 0.000115 9
1016 137 1033 159 0.000115 9
618 148 633 170 0.000113 9
589 165 614 187 0.000111 9
800 152 813 206 0.000110 9
170 142 180 170 0.000109 9
577 77 585 107 0.000109 9
568 161 581 186 0.000105 9
625 118 636 144 0.000105 9
636 95 658 113 0.000104 9
304 107 376 212 0.000103 9
801 149 810 159 0.000103 9
162 76 190 92 0.000103 9
414 64 438 142 0.000103 9
663 120 671 136 0.000103 9
707 153 718 179 0.000102 9
618 64 662 97 0.000100 9
695 120 707 147 0.000100 9
324 109 366 164 0.111424 11
1052 110 1083 147 0.035765 11
876 136 939 155 0.000560 11
886 137 939 154 0.000550 11
904 136 939 155 0.000397 11
415 64 436 122 0.000254 11
415 64 434 115 0.000189 11
1051 110 1083 156 0.000186 11
1224 167 1247 208 0.000152 11
897 136 939 169 0.000115 11
