631 201 658 284 0.824011 0
772 193 808 280 0.516176 0
761 193 808 282 0.476841 0
976 199 1000 255 0.410380 0
973 200 999 261 0.223439 0
261 197 276 244 0.222444 0
213 192 224 228 0.097860 0
985 200 1001 237 0.088887 0
978 200 997 225 0.080861 0
670 210 680 232 0.074881 0
969 202 994 262 0.073412 0
715 211 727 234 0.056770 0
775 194 804 239 0.056663 0
1119 311 1128 332 0.054875 0
982 199 1001 230 0.054124 0
948 273 960 297 0.053202 0
865 207 874 234 0.050503 0
922 204 945 254 0.048667 0
775 194 806 251 0.044749 0
693 211 702 234 0.043121 0
949 273 959 293 0.041112 0
962 215 988 263 0.037848 0
975 194 1002 254 0.036844 0
693 214 702 236 0.035260 0
213 188 225 227 0.034553 0
975 202 990 224 0.033755 0
966 207 989 262 0.031643 0
307 184 324 198 0.028503 0
555 172 569 199 0.027536 0
727 207 738 234 0.024829 0
930 205 946 252 0.022744 0
995 218 1012 250 0.020774 0
555 176 571 200 0.020530 0
972 201 1003 256 0.020469 0
383 192 397 206 0.020199 0
261 197 277 237 0.019332 0
936 205 946 246 0.019277 0
948 275 959 302 0.018678 0
1107 228 1120 249 0.018466 0
722 210 731 235 0.017455 0
709 213 726 234 0.017097 0
811 209 824 238 0.016897 0
221 183 232 225 0.016359 0
215 181 230 232 0.015750 0
573 183 581 201 0.015661 0
217 182 230 229 0.015556 0
665 202 677 231 0.015149 0
985 189 1001 214 0.015107 0
1162 237 1175 249 0.014995 0
714 207 731 235 0.014783 0
979 189 1001 222 0.014449 0
1039 204 1050 230 0.014438 0
1203 408 1215 422 0.014318 0
692 216 704 237 0.014287 0
993 207 1014 248 0.014206 0
976 201 997 222 0.014029 0
377 182 396 205 0.013305 0
521 193 526 208 0.013135 0
571 182 581 201 0.012367 0
213 188 227 238 0.012286 0
713 207 728 234 0.012090 0
774 200 796 235 0.011906 0
999 196 1008 219 0.011619 0
693 207 702 233 0.011402 0
1009 210 1025 248 0.011320 0
386 194 397 206 0.010913 0
387 195 398 206 0.010766 0
654 199 668 230 0.010705 0
556 178 580 202 0.010639 0
997 201 1009 238 0.010620 0
374 179 394 204 0.010591 0
330 185 343 198 0.010561 0
693 209 711 235 0.010538 0
968 208 986 256 0.010500 0
773 195 806 269 0.010347 0
513 193 520 209 0.010226 0
780 194 803 236 0.009993 0
381 181 397 206 0.009937 0
241 194 256 238 0.009629 0
211 193 224 227 0.009509 0
731 204 743 235 0.009068 0
1009 229 1026 251 0.008945 0
242 194 260 239 0.008697 0
943 274 959 301 0.008356 0
647 201 659 231 0.008355 0
1009 215 1027 250 0.008278 0
666 196 673 229 0.007879 0
221 182 232 200 0.007776 0
693 184 702 221 0.007629 0
552 173 572 201 0.007606 0
368 165 376 187 0.007575 0
653 199 662 217 0.007524 0
373 166 382 192 0.007472 0
645 199 657 215 0.007436 0
774 209 794 232 0.007250 0
632 201 639 214 0.006914 0
338 185 353 198 0.006767 0
215 180 234 234 0.006676 0
469 187 482 217 0.006426 0
394 197 409 206 0.006361 0
512 186 522 210 0.006197 0
784 200 806 238 0.006122 0
545 203 556 218 0.005921 0
940 274 959 300 0.005906 0
775 194 801 233 0.005661 0
1001 186 1009 212 0.005595 0
865 207 878 236 0.005534 0
848 200 860 234 0.005514 0
788 194 802 209 0.005398 0
863 166 869 178 0.005317 0
847 206 872 237 0.005226 0
308 183 325 198 0.005222 0
870 160 895 177 0.005077 0
327 186 342 198 0.005048 0
209 187 224 226 0.005007 0
385 186 401 206 0.004937 0
737 202 743 217 0.004932 0
257 197 276 232 0.004832 0
469 199 482 217 0.004777 0
329 180 344 198 0.004633 0
1223 224 1232 234 0.004603 0
521 183 533 205 0.004542 0
257 197 276 242 0.004495 0
517 192 527 220 0.004491 0
1202 408 1216 421 0.004443 0
391 183 408 205 0.004223 0
850 202 871 236 0.004013 0
875 155 896 176 0.004001 0
352 188 360 198 0.003643 0
632 201 640 227 0.003568 0
1062 225 1072 251 0.003438 0
932 205 958 254 0.003342 0
375 178 400 205 0.003266 0
878 201 892 233 0.003253 0
963 372 981 398 0.003212 0
511 193 520 215 0.003198 0
848 200 857 220 0.003132 0
371 172 388 198 0.003115 0
639 198 656 215 0.002988 0
920 208 944 253 0.002975 0
888 202 904 244 0.002895 0
1119 311 1129 338 0.002838 0
783 194 800 210 0.002813 0
323 157 343 197 0.002687 0
882 200 904 240 0.002639 0
586 171 594 186 0.002619 0
942 273 960 296 0.002612 0
407 179 418 205 0.002539 0
774 200 800 233 0.002530 0
350 186 359 198 0.002497 0
879 201 900 239 0.002492 0
408 198 417 205 0.002445 0
854 209 878 241 0.002398 0
212 186 238 242 0.002361 0
921 200 948 249 0.002359 0
331 168 352 198 0.002327 0
921 211 941 252 0.002327 0
685 214 703 236 0.002317 0
698 214 723 234 0.002315 0
877 206 892 233 0.002235 0
307 176 324 198 0.002188 0
658 211 674 231 0.002085 0
353 184 370 199 0.002060 0
365 166 388 200 0.001947 0
241 195 266 240 0.001865 0
861 199 873 235 0.001816 0
253 198 275 243 0.001809 0
688 219 704 237 0.001798 0
262 194 275 224 0.001728 0
515 192 532 247 0.001718 0
937 204 957 253 0.001619 0
604 164 627 185 0.001617 0
1063 228 1071 256 0.001608 0
974 176 1005 257 0.001589 0
871 154 896 176 0.001583 0
878 200 898 233 0.001566 0
963 199 1001 260 0.001506 0
729 208 746 234 0.001447 0
1208 169 1220 210 0.001409 0
989 183 999 200 0.001397 0
204 181 231 251 0.001384 0
321 225 357 320 0.001362 0
680 206 694 227 0.001354 0
1192 384 1204 401 0.001337 0
1273 202 1279 254 0.001301 0
211 179 251 247 0.001297 0
1272 196 1279 249 0.001284 0
970 206 982 221 0.001220 0
717 201 738 235 0.001187 0
192 175 229 227 0.001169 0
362 165 375 188 0.001139 0
455 183 480 219 0.001129 0
249 206 271 243 0.001126 0
1209 369 1225 392 0.001073 0
632 205 654 262 0.001053 0
373 175 400 206 0.001046 0
240 192 255 228 0.000983 0
1001 181 1009 206 0.000970 0
320 242 357 321 0.000948 0
319 239 352 327 0.000900 0
900 203 911 243 0.000845 0
712 211 726 236 0.000822 0
985 183 999 210 0.000819 0
1244 197 1256 228 0.000790 0
1217 213 1227 231 0.000783 0
516 190 528 241 0.000769 0
455 193 480 261 0.000758 0
894 265 904 286 0.000736 0
848 185 857 208 0.000732 0
1212 196 1227 217 0.000726 0
199 199 216 223 0.000710 0
242 197 284 262 0.000702 0
913 268 928 296 0.000700 0
240 177 246 190 0.000675 0
413 180 425 204 0.000667 0
431 177 444 205 0.000663 0
85 221 94 235 0.000662 0
574 295 595 359 0.000645 0
1267 193 1279 256 0.000645 0
666 198 693 232 0.000632 0
451 201 478 256 0.000627 0
218 184 242 236 0.000614 0
1240 197 1251 230 0.000613 0
866 214 881 241 0.000600 0
354 203 378 230 0.000592 0
325 234 352 255 0.000587 0
687 188 701 220 0.000580 0
573 288 597 390 0.000575 0
1213 408 1223 424 0.000568 0
940 207 961 255 0.000564 0
194 187 200 211 0.000530 0
405 177 419 203 0.000507 0
848 197 868 235 0.000506 0
463 221 478 271 0.000498 0
0 145 7 204 0.000497 0
461 202 480 271 0.000494 0
245 214 269 254 0.000492 0
361 149 377 189 0.000491 0
173 187 183 207 0.000486 0
1208 369 1224 400 0.000484 0
803 167 814 202 0.000474 0
198 190 219 218 0.000473 0
466 199 482 243 0.000473 0
260 197 285 246 0.000467 0
1032 194 1053 231 0.000456 0
217 183 248 237 0.000446 0
319 248 348 319 0.000432 0
369 160 382 186 0.000423 0
396 191 413 206 0.000421 0
370 164 381 195 0.000406 0
241 194 256 226 0.000399 0
318 201 352 263 0.000393 0
643 190 659 212 0.000388 0
1241 220 1246 230 0.000385 0
193 186 203 217 0.000372 0
306 199 357 348 0.000371 0
505 193 534 250 0.000358 0
575 288 595 345 0.000358 0
680 198 690 215 0.000357 0
902 218 911 243 0.000353 0
1088 150 1108 198 0.000333 0
962 370 981 407 0.000331 0
1147 321 1174 353 0.000325 0
574 293 596 374 0.000325 0
462 200 478 255 0.000324 0
219 186 254 238 0.000321 0
308 185 326 205 0.000318 0
940 205 964 252 0.000314 0
184 173 231 223 0.000309 0
463 216 481 272 0.000308 0
1267 202 1279 263 0.000302 0
1193 385 1214 417 0.000299 0
975 191 996 213 0.000294 0
362 195 397 219 0.000290 0
1204 367 1225 408 0.000285 0
893 263 905 285 0.000280 0
198 201 229 246 0.000279 0
358 146 375 189 0.000279 0
318 227 345 334 0.000276 0
1202 407 1223 423 0.000273 0
319 203 329 224 0.000268 0
218 179 242 225 0.000267 0
321 235 331 277 0.000258 0
679 179 696 217 0.000257 0
464 240 478 272 0.000252 0
259 194 294 247 0.000249 0
239 172 247 190 0.000248 0
575 301 595 352 0.000248 0
0 169 7 205 0.000246 0
1188 383 1208 407 0.000240 0
194 184 215 216 0.000240 0
414 250 421 269 0.000236 0
210 218 232 253 0.000236 0
213 175 264 236 0.000229 0
198 210 218 227 0.000227 0
787 191 807 212 0.000215 0
221 178 240 193 0.000215 0
384 194 410 215 0.000200 0
593 224 882 289 0.000199 0
512 190 528 243 0.000199 0
268 189 281 210 0.000197 0
1268 255 1279 268 0.000195 0
260 205 294 246 0.000191 0
773 190 800 226 0.000189 0
1203 407 1217 425 0.000187 0
1230 195 1250 230 0.000183 0
802 183 826 210 0.000173 0
352 195 378 297 0.000162 0
1190 403 1216 421 0.000161 0
1204 161 1228 214 0.000160 0
243 191 275 225 0.000159 0
408 250 416 272 0.000158 0
948 182 960 206 0.000156 0
318 216 352 279 0.000154 0
986 178 1005 245 0.000154 0
1023 279 1032 295 0.000154 0
322 233 351 287 0.000153 0
575 280 596 351 0.000153 0
228 196 299 268 0.000151 0
239 162 247 180 0.000151 0
621 206 680 272 0.000150 0
518 196 552 228 0.000146 0
1061 228 1072 269 0.000143 0
319 251 344 347 0.000143 0
214 176 227 193 0.000140 0
0 375 16 398 0.000139 0
319 240 342 321 0.000136 0
837 210 885 260 0.000132 0
647 186 668 224 0.000132 0
947 370 991 425 0.000129 0
80 542 166 647 0.000126 0
757 309 769 332 0.000126 0
1194 401 1217 422 0.000125 0
939 274 960 313 0.000124 0
84 217 94 235 0.000122 0
1218 408 1231 424 0.000119 0
573 280 611 375 0.000116 0
1230 180 1249 233 0.000116 0
1197 375 1219 404 0.000114 0
307 184 327 211 0.000113 0
579 277 592 292 0.000107 0
181 186 192 207 0.000101 0
599 338 611 355 0.000100 0
758 234 815 283 0.617080 1
758 196 814 283 0.432524 1
962 220 992 263 0.179006 1
962 230 983 263 0.173351 1
962 224 984 263 0.154966 1
984 222 1006 253 0.115679 1
968 220 998 262 0.115253 1
978 223 1007 257 0.089227 1
962 222 1003 263 0.078169 1
958 221 1009 262 0.059737 1
961 235 982 263 0.056008 1
994 224 1010 250 0.055410 1
975 216 999 262 0.053943 1
984 224 1013 257 0.049973 1
997 222 1010 250 0.039340 1
759 206 810 280 0.035966 1
969 226 996 263 0.035304 1
1002 220 1027 250 0.027213 1
758 236 801 281 0.026256 1
767 242 813 282 0.024161 1
995 225 1028 255 0.022376 1
1007 225 1024 250 0.021928 1
1181 184 1202 215 0.017181 1
786 244 815 281 0.013892 1
759 236 784 281 0.013498 1
977 223 1008 263 0.012821 1
963 200 1001 263 0.012784 1
549 199 574 217 0.011567 1
794 241 813 274 0.011133 1
547 201 561 217 0.011119 1
766 214 809 279 0.010838 1
533 203 551 218 0.009900 1
796 242 811 270 0.008219 1
552 197 571 216 0.007399 1
544 202 555 218 0.007106 1
549 199 565 217 0.006120 1
956 222 1032 253 0.005984 1
633 242 654 282 0.005341 1
633 248 657 286 0.005309 1
1181 166 1202 215 0.005223 1
1004 231 1033 253 0.004748 1
792 242 817 277 0.004474 1
541 199 559 218 0.004420 1
957 216 983 262 0.004314 1
943 277 959 302 0.004073 1
795 241 815 272 0.003887 1
923 215 1010 261 0.003663 1
790 243 818 282 0.003496 1
757 234 836 283 0.003403 1
1181 171 1214 214 0.003265 1
757 193 832 283 0.003104 1
951 220 1011 266 0.002874 1
1143 309 1171 349 0.002660 1
793 247 832 281 0.002627 1
773 236 784 258 0.002477 1
1181 186 1207 215 0.002457 1
793 241 824 278 0.002423 1
982 225 1012 263 0.002387 1
560 200 579 215 0.002287 1
795 239 811 265 0.002180 1
945 238 970 255 0.002114 1
756 187 949 274 0.002055 1
633 211 657 281 0.001888 1
949 243 965 255 0.001804 1
633 241 648 276 0.001659 1
634 230 657 283 0.001583 1
783 203 806 239 0.001557 1
1186 168 1214 214 0.001176 1
930 283 951 304 0.001167 1
761 208 790 233 0.001158 1
741 214 833 340 0.001147 1
757 212 877 283 0.001136 1
633 245 648 279 0.001133 1
757 231 816 305 0.001097 1
762 244 817 287 0.001059 1
1182 183 1202 224 0.000934 1
905 211 944 253 0.000933 1
755 167 958 298 0.000889 1
808 262 834 282 0.000863 1
758 244 780 283 0.000853 1
919 204 1007 257 0.000825 1
1137 309 1171 348 0.000822 1
1206 186 1226 215 0.000799 1
1181 188 1209 228 0.000798 1
816 264 834 281 0.000776 1
747 209 953 349 0.000725 1
795 221 818 270 0.000714 1
766 213 786 234 0.000677 1
758 243 785 283 0.000670 1
760 247 810 286 0.000664 1
925 266 964 301 0.000623 1
782 245 818 286 0.000608 1
927 275 957 301 0.000597 1
794 234 834 275 0.000594 1
888 225 1019 297 0.000571 1
927 286 940 309 0.000537 1
779 210 809 243 0.000520 1
750 202 791 233 0.000504 1
777 244 819 287 0.000484 1
633 276 656 289 0.000482 1
884 262 903 286 0.000474 1
532 202 553 220 0.000453 1
534 202 556 220 0.000441 1
575 301 595 347 0.000425 1
1143 313 1174 352 0.000420 1
1188 171 1230 217 0.000416 1
927 286 946 313 0.000404 1
1181 179 1229 249 0.000404 1
1209 193 1227 217 0.000403 1
927 276 959 314 0.000378 1
1119 182 1200 248 0.000374 1
756 229 852 340 0.000346 1
743 197 810 279 0.000342 1
911 269 929 300 0.000330 1
1179 190 1199 223 0.000329 1
913 269 930 312 0.000313 1
910 271 994 302 0.000303 1
618 194 817 284 0.000295 1
946 220 1040 274 0.000291 1
961 231 989 269 0.000289 1
883 255 921 289 0.000255 1
953 209 981 256 0.000254 1
752 248 775 280 0.000240 1
866 238 1007 294 0.000228 1
1107 164 1208 246 0.000220 1
822 258 855 283 0.000220 1
871 250 890 284 0.000215 1
757 214 805 266 0.000213 1
873 231 1016 289 0.000211 1
598 226 892 349 0.000206 1
607 201 847 297 0.000204 1
877 260 891 285 0.000204 1
575 297 595 357 0.000203 1
1204 167 1227 214 0.000198 1
727 175 965 363 0.000192 1
633 263 654 284 0.000188 1
532 267 598 401 0.000181 1
744 272 768 302 0.000179 1
1082 308 1174 355 0.000179 1
760 246 800 285 0.000172 1
785 250 835 290 0.000162 1
760 249 785 285 0.000162 1
680 266 962 365 0.000157 1
538 200 570 220 0.000150 1
750 234 879 347 0.000142 1
824 262 850 283 0.000140 1
866 258 892 284 0.000137 1
752 264 764 280 0.000136 1
865 251 890 283 0.000136 1
960 372 1027 398 0.000133 1
885 263 928 295 0.000132 1
1183 163 1222 216 0.000129 1
961 229 995 269 0.000116 1
920 216 1011 297 0.000113 1
574 291 611 359 0.000106 1
510 233 537 247 0.000105 1
1104 487 1137 498 0.171749 2
523 183 536 195 0.071375 2
480 173 530 217 0.069390 2
1010 205 1041 229 0.068519 2
825 329 847 343 0.066280 2
1104 487 1118 495 0.064661 2
522 182 537 197 0.055940 2
1012 202 1050 229 0.053425 2
1012 212 1024 226 0.051289 2
1010 198 1044 228 0.047822 2
480 173 519 217 0.046927 2
586 183 637 216 0.040897 2
1008 211 1025 226 0.040240 2
1069 219 1119 240 0.033912 2
585 184 627 216 0.029467 2
1010 196 1053 229 0.028972 2
1011 207 1034 227 0.027821 2
1051 218 1070 232 0.026809 2
481 174 498 200 0.026680 2
479 177 545 217 0.025700 2
831 220 855 241 0.024920 2
522 184 548 202 0.023608 2
482 197 515 217 0.022533 2
480 173 515 211 0.021585 2
1052 219 1122 246 0.021183 2
1054 220 1070 234 0.020057 2
481 189 516 217 0.019896 2
521 183 545 200 0.019067 2
806 210 824 239 0.018751 2
833 224 854 241 0.018346 2
465 185 481 206 0.018339 2
1056 221 1083 243 0.018225 2
449 156 489 171 0.018004 2
481 174 494 194 0.017948 2
1067 218 1121 247 0.017919 2
451 181 482 217 0.017149 2
656 220 671 231 0.016846 2
1054 218 1071 233 0.016593 2
834 221 869 241 0.016572 2
1068 210 1121 236 0.016475 2
449 157 489 176 0.016163 2
694 203 728 231 0.015486 2
1056 219 1071 235 0.015467 2
455 182 481 209 0.015099 2
1136 233 1174 249 0.014926 2
821 217 854 240 0.014778 2
868 178 954 239 0.014772 2
1003 207 1026 226 0.014405 2
1047 220 1071 243 0.013099 2
834 223 862 242 0.012881 2
444 181 481 215 0.012699 2
1180 234 1223 254 0.012445 2
480 182 548 215 0.012329 2
1068 218 1110 236 0.012072 2
1054 218 1096 242 0.012054 2
1102 231 1120 249 0.012045 2
291 176 321 198 0.011860 2
587 184 621 208 0.011337 2
703 206 728 233 0.010848 2
302 177 323 198 0.010608 2
834 213 875 241 0.010571 2
1068 215 1114 233 0.010539 2
1122 226 1179 248 0.010482 2
586 183 621 215 0.010109 2
1056 215 1100 235 0.009996 2
1054 223 1093 245 0.009984 2
806 211 853 239 0.009971 2
1179 235 1212 250 0.009922 2
292 176 313 198 0.009830 2
1040 212 1069 232 0.009803 2
544 160 579 181 0.009785 2
656 213 672 231 0.009600 2
1095 219 1128 248 0.009586 2
837 196 954 250 0.009186 2
1035 202 1070 233 0.009013 2
1068 224 1118 245 0.008985 2
548 161 580 183 0.008943 2
521 171 554 196 0.008827 2
1009 207 1045 236 0.008804 2
480 175 510 211 0.008584 2
448 157 490 180 0.008393 2
693 207 730 234 0.008381 2
1070 226 1096 245 0.008333 2
1010 195 1074 231 0.008317 2
1272 197 1279 213 0.008285 2
473 191 510 217 0.008160 2
860 177 946 210 0.008148 2
1004 195 1056 230 0.008099 2
1156 236 1175 249 0.007973 2
1101 226 1120 248 0.007650 2
1032 198 1069 232 0.007321 2
1122 230 1172 248 0.007241 2
450 159 464 170 0.007225 2
547 160 579 177 0.007217 2
1180 234 1224 261 0.007050 2
447 187 480 216 0.006699 2
1043 221 1070 243 0.006637 2
1128 231 1175 249 0.006467 2
815 215 853 240 0.006424 2
857 196 951 252 0.006383 2
595 200 636 216 0.006365 2
1157 233 1176 249 0.006268 2
1261 196 1275 213 0.006205 2
874 197 954 215 0.006201 2
1179 231 1223 252 0.006169 2
705 212 724 231 0.006101 2
877 198 941 241 0.006039 2
999 212 1026 250 0.006023 2
553 168 580 202 0.005986 2
305 179 323 198 0.005902 2
867 177 954 214 0.005830 2
1043 218 1070 235 0.005715 2
868 177 956 208 0.005713 2
1057 220 1072 245 0.005573 2
445 180 481 208 0.005530 2
1178 236 1189 249 0.005468 2
553 171 568 199 0.005376 2
545 189 637 219 0.005291 2
1106 223 1136 246 0.005144 2
1037 197 1051 230 0.005088 2
460 182 480 205 0.004883 2
600 178 636 201 0.004822 2
1253 197 1275 215 0.004821 2
1068 228 1095 247 0.004807 2
436 179 482 215 0.004648 2
520 187 556 218 0.004576 2
920 199 954 208 0.004559 2
518 183 550 210 0.004518 2
1038 208 1123 243 0.004498 2
1180 231 1229 260 0.004492 2
914 191 955 208 0.004294 2
1255 195 1277 228 0.004262 2
835 221 876 242 0.004256 2
433 171 445 189 0.004207 2
1013 208 1053 230 0.004093 2
470 196 493 218 0.004039 2
806 209 875 241 0.004016 2
533 184 552 202 0.003946 2
856 177 940 206 0.003935 2
1109 220 1132 242 0.003899 2
695 210 727 235 0.003887 2
1178 232 1215 250 0.003857 2
935 199 954 208 0.003802 2
1122 228 1149 247 0.003791 2
1053 226 1093 247 0.003778 2
1038 226 1062 244 0.003760 2
579 183 622 216 0.003712 2
618 177 637 202 0.003657 2
1005 200 1070 239 0.003596 2
882 198 954 246 0.003580 2
452 202 468 216 0.003577 2
839 215 874 237 0.003551 2
1260 170 1279 182 0.003527 2
839 207 870 239 0.003490 2
450 201 479 216 0.003418 2
1007 224 1044 251 0.003411 2
1217 222 1226 233 0.003363 2
1042 222 1072 247 0.003318 2
1104 226 1138 248 0.003290 2
1071 207 1121 230 0.003278 2
677 211 698 232 0.003261 2
797 204 854 240 0.003255 2
433 172 444 192 0.003248 2
1272 252 1279 266 0.003233 2
1210 369 1224 387 0.003226 2
495 238 530 251 0.003198 2
1271 196 1279 244 0.003180 2
114 224 136 236 0.003099 2
432 170 449 191 0.003080 2
883 195 955 210 0.002935 2
682 211 702 233 0.002924 2
433 168 467 185 0.002896 2
521 173 551 197 0.002852 2
123 224 135 235 0.002815 2
1052 225 1121 251 0.002799 2
1180 230 1229 253 0.002773 2
445 200 473 216 0.002722 2
1269 193 1279 207 0.002721 2
615 177 637 201 0.002676 2
523 194 551 217 0.002667 2
513 179 531 204 0.002654 2
1212 248 1225 257 0.002653 2
1273 235 1279 262 0.002644 2
1122 230 1159 247 0.002615 2
1085 211 1130 237 0.002615 2
608 202 637 217 0.002614 2
1187 227 1239 251 0.002539 2
522 169 562 199 0.002538 2
874 178 959 247 0.002500 2
449 154 518 198 0.002394 2
1182 230 1238 256 0.002352 2
1175 232 1188 248 0.002256 2
604 159 635 196 0.002217 2
430 173 482 210 0.002201 2
587 191 624 217 0.002196 2
433 175 479 207 0.002171 2
1263 169 1279 180 0.002154 2
605 159 635 182 0.002153 2
962 212 1034 250 0.002138 2
1257 170 1279 185 0.002106 2
516 177 539 197 0.002093 2
671 211 720 235 0.002041 2
918 181 953 206 0.002039 2
836 208 878 241 0.002031 2
355 217 370 228 0.002027 2
735 203 774 234 0.002005 2
435 167 464 184 0.001994 2
891 186 968 253 0.001965 2
531 190 548 218 0.001951 2
1062 227 1120 251 0.001949 2
1250 481 1265 487 0.001936 2
561 172 584 201 0.001921 2
1001 198 1034 224 0.001910 2
1259 202 1275 226 0.001870 2
448 201 470 217 0.001868 2
1192 222 1233 232 0.001852 2
1253 202 1275 229 0.001762 2
1259 247 1279 258 0.001732 2
1068 226 1122 249 0.001712 2
456 145 526 178 0.001707 2
551 184 623 216 0.001707 2
354 198 387 228 0.001701 2
496 234 535 251 0.001690 2
1095 213 1136 237 0.001659 2
741 202 783 234 0.001643 2
745 212 771 233 0.001631 2
522 170 548 182 0.001628 2
447 156 499 204 0.001616 2
574 177 620 214 0.001609 2
1113 217 1163 247 0.001604 2
353 189 372 199 0.001592 2
448 159 474 179 0.001580 2
1259 252 1279 269 0.001563 2
1042 230 1070 247 0.001561 2
1247 169 1279 197 0.001558 2
432 172 444 202 0.001547 2
1053 206 1071 232 0.001539 2
564 161 582 184 0.001532 2
463 252 479 271 0.001528 2
448 154 489 172 0.001511 2
1071 207 1112 224 0.001499 2
1244 481 1265 487 0.001489 2
464 256 479 271 0.001444 2
378 181 406 206 0.001437 2
412 171 446 202 0.001429 2
353 196 389 210 0.001413 2
447 161 465 182 0.001384 2
1244 179 1279 218 0.001372 2
1249 244 1278 262 0.001331 2
321 200 353 255 0.001324 2
352 196 389 220 0.001311 2
1097 223 1175 250 0.001310 2
1267 194 1279 247 0.001299 2
110 223 136 238 0.001296 2
319 210 331 233 0.001284 2
921 184 952 206 0.001284 2
1069 207 1098 227 0.001277 2
446 162 474 189 0.001239 2
354 208 371 228 0.001228 2
741 201 770 226 0.001226 2
1244 171 1279 204 0.001223 2
1217 227 1236 238 0.001215 2
378 177 442 205 0.001206 2
740 201 775 232 0.001189 2
1258 182 1279 215 0.001187 2
1067 207 1125 233 0.001186 2
495 240 528 251 0.001186 2
325 235 351 254 0.001164 2
747 205 776 233 0.001163 2
743 215 768 234 0.001152 2
1247 168 1279 182 0.001147 2
357 203 381 220 0.001142 2
859 176 933 194 0.001142 2
701 204 815 236 0.001138 2
449 166 505 212 0.001123 2
1190 222 1225 232 0.001114 2
795 329 847 345 0.001090 2
1230 170 1247 182 0.001084 2
351 194 388 222 0.001069 2
1209 367 1230 387 0.001052 2
912 180 953 204 0.001048 2
888 178 947 204 0.001046 2
1224 176 1279 212 0.001043 2
1036 230 1075 255 0.001039 2
288 176 311 198 0.001028 2
868 177 934 198 0.001027 2
587 162 612 185 0.001021 2
807 329 847 345 0.001009 2
1006 228 1035 251 0.000988 2
17 225 69 253 0.000987 2
1192 384 1205 401 0.000977 2
327 195 368 252 0.000970 2
1266 189 1279 241 0.000967 2
1273 218 1279 260 0.000961 2
633 204 658 241 0.000957 2
353 187 380 202 0.000945 2
1228 168 1279 186 0.000937 2
924 184 955 207 0.000925 2
586 161 625 185 0.000925 2
901 199 946 253 0.000911 2
622 180 645 203 0.000868 2
275 176 318 199 0.000843 2
307 177 325 198 0.000830 2
1258 169 1279 202 0.000800 2
1127 214 1189 224 0.000797 2
604 157 638 205 0.000790 2
393 181 411 205 0.000784 2
1089 207 1126 232 0.000758 2
1221 223 1238 233 0.000750 2
833 182 942 240 0.000747 2
1057 228 1093 256 0.000741 2
327 198 358 254 0.000734 2
813 202 864 240 0.000733 2
728 207 761 234 0.000721 2
374 192 391 206 0.000715 2
682 207 701 232 0.000714 2
1259 255 1279 270 0.000705 2
876 198 913 235 0.000702 2
1245 244 1273 261 0.000701 2
618 178 642 202 0.000697 2
274 182 294 194 0.000696 2
1185 230 1277 264 0.000690 2
1252 250 1279 267 0.000682 2
514 176 524 192 0.000676 2
831 223 873 245 0.000669 2
321 191 359 253 0.000667 2
1259 229 1279 260 0.000656 2
1225 228 1237 239 0.000638 2
831 139 903 172 0.000638 2
432 177 445 205 0.000633 2
1112 215 1151 239 0.000631 2
1247 239 1262 252 0.000624 2
1180 225 1229 258 0.000620 2
739 201 768 219 0.000615 2
361 199 386 219 0.000606 2
1233 167 1267 181 0.000601 2
933 201 954 249 0.000599 2
1121 215 1172 242 0.000597 2
1201 233 1265 261 0.000579 2
788 329 847 346 0.000576 2
292 193 394 219 0.000575 2
867 199 956 255 0.000569 2
586 161 606 186 0.000569 2
327 205 354 254 0.000566 2
1197 230 1256 257 0.000544 2
433 199 458 211 0.000533 2
496 147 525 176 0.000532 2
1232 179 1279 230 0.000521 2
1248 239 1266 253 0.000518 2
23 226 72 252 0.000514 2
1270 253 1279 270 0.000513 2
1158 217 1222 249 0.000495 2
24 225 60 239 0.000495 2
1175 214 1187 222 0.000493 2
1250 216 1266 231 0.000493 2
316 201 352 256 0.000489 2
18 226 53 253 0.000487 2
826 328 853 343 0.000483 2
444 190 481 220 0.000481 2
938 198 959 209 0.000479 2
360 189 396 207 0.000479 2
953 213 1199 255 0.000478 2
1183 220 1221 238 0.000477 2
742 199 794 232 0.000476 2
1258 199 1279 253 0.000467 2
1089 196 1097 210 0.000461 2
1191 212 1230 232 0.000461 2
832 223 857 245 0.000460 2
430 193 449 207 0.000454 2
1026 244 1039 257 0.000453 2
434 203 452 218 0.000449 2
824 329 847 349 0.000445 2
877 197 904 232 0.000442 2
521 148 576 183 0.000430 2
411 175 435 202 0.000413 2
1079 191 1093 203 0.000413 2
1102 232 1121 252 0.000412 2
32 225 63 238 0.000399 2
1228 168 1248 181 0.000393 2
950 207 981 228 0.000388 2
1051 224 1074 252 0.000383 2
469 144 525 175 0.000378 2
107 223 138 251 0.000369 2
1074 196 1095 209 0.000366 2
574 276 605 338 0.000360 2
318 204 331 231 0.000354 2
411 177 424 203 0.000354 2
209 239 229 254 0.000352 2
1247 218 1276 254 0.000345 2
191 225 235 254 0.000338 2
1124 217 1222 249 0.000336 2
333 206 371 231 0.000332 2
564 160 607 187 0.000331 2
828 136 913 173 0.000329 2
200 236 229 255 0.000324 2
1259 214 1279 256 0.000314 2
1072 191 1088 204 0.000313 2
378 178 419 205 0.000312 2
450 202 476 247 0.000310 2
483 157 523 190 0.000303 2
638 191 652 206 0.000302 2
1219 241 1267 263 0.000300 2
167 223 229 254 0.000295 2
937 204 979 248 0.000294 2
1070 196 1091 212 0.000283 2
1246 198 1257 230 0.000279 2
1224 168 1274 214 0.000278 2
631 201 669 229 0.000278 2
1247 203 1261 231 0.000272 2
411 203 452 225 0.000265 2
432 160 474 184 0.000265 2
411 201 431 205 0.000263 2
894 198 941 251 0.000261 2
1035 221 1072 253 0.000257 2
1224 229 1267 254 0.000245 2
968 201 988 214 0.000244 2
1244 250 1275 264 0.000242 2
1208 228 1266 254 0.000239 2
703 304 767 337 0.000238 2
1023 307 1080 334 0.000235 2
1153 184 1200 216 0.000230 2
521 148 544 175 0.000229 2
888 178 961 218 0.000228 2
494 233 543 251 0.000226 2
828 222 877 249 0.000225 2
32 224 98 256 0.000218 2
273 184 296 201 0.000217 2
1185 208 1227 232 0.000215 2
1219 208 1245 231 0.000213 2
479 143 527 176 0.000212 2
58 224 107 247 0.000211 2
896 205 943 253 0.000210 2
187 227 229 259 0.000210 2
1099 192 1120 207 0.000200 2
309 159 368 199 0.000194 2
831 136 896 150 0.000187 2
575 276 596 333 0.000187 2
624 203 643 235 0.000186 2
1201 405 1218 421 0.000186 2
331 187 360 244 0.000184 2
450 143 529 176 0.000183 2
1149 208 1179 218 0.000182 2
1057 196 1077 223 0.000180 2
107 232 158 256 0.000180 2
121 217 149 237 0.000178 2
947 208 980 248 0.000177 2
32 223 74 240 0.000177 2
858 195 914 235 0.000175 2
273 181 296 195 0.000170 2
1031 192 1061 232 0.000168 2
1030 190 1083 229 0.000167 2
1148 200 1196 222 0.000167 2
1100 165 1147 203 0.000167 2
434 201 474 229 0.000166 2
819 329 922 348 0.000165 2
1029 318 1070 333 0.000164 2
60 225 94 237 0.000163 2
1125 237 1175 252 0.000162 2
34 225 99 248 0.000161 2
411 204 452 235 0.000158 2
461 259 544 273 0.000155 2
115 236 160 256 0.000151 2
999 189 1017 213 0.000151 2
1120 234 1176 252 0.000150 2
1178 380 1201 397 0.000148 2
98 222 156 259 0.000144 2
1197 187 1234 231 0.000139 2
575 289 605 351 0.000139 2
1179 382 1205 402 0.000137 2
326 181 357 253 0.000133 2
1229 197 1255 229 0.000132 2
1025 234 1078 265 0.000130 2
291 176 323 220 0.000129 2
409 204 453 245 0.000128 2
413 200 440 206 0.000120 2
947 281 984 303 0.000120 2
906 177 930 185 0.000116 2
1157 237 1176 252 0.000115 2
30 225 119 257 0.000114 2
1021 307 1093 342 0.000110 2
68 228 166 259 0.000109 2
48 224 91 237 0.000107 2
387 163 447 202 0.000107 2
102 237 157 263 0.000107 2
1152 239 1174 252 0.000106 2
168 173 231 222 0.000103 2
1021 280 1036 296 0.000101 2
730 320 746 335 0.000101 2
957 220 1014 258 0.004862 3
956 197 1008 260 0.001439 3
958 197 1018 255 0.000530 3
880 209 1011 260 0.000353 3
947 217 1012 284 0.000200 3
657 199 1253 384 0.000192 3
765 194 1060 303 0.000131 3
449 153 523 180 0.012137 5
830 135 938 174 0.011901 5
807 135 939 239 0.008324 5
828 135 900 168 0.006078 5
821 136 944 188 0.003399 5
443 145 521 181 0.003259 5
450 146 525 177 0.002510 5
448 127 528 178 0.001984 5
810 159 858 184 0.001543 5
827 136 916 170 0.001193 5
483 148 525 176 0.001142 5
837 135 953 219 0.000869 5
813 135 964 245 0.000847 5
814 136 917 181 0.000695 5
698 184 730 205 0.000451 5
696 180 731 205 0.000411 5
525 141 581 202 0.000375 5
1120 186 1198 248 0.000337 5
827 125 941 171 0.000322 5
1101 164 1152 186 0.000219 5
808 163 858 190 0.000204 5
449 124 534 160 0.000160 6
368 64 457 205 0.000151 6
452 125 533 148 0.000151 6
366 107 489 205 0.000102 6
806 140 952 240 0.113640 7
698 141 948 241 0.110279 7
804 166 944 240 0.075574 7
1010 196 1066 230 0.057846 7
726 150 859 249 0.056937 7
586 183 629 216 0.052395 7
691 153 809 236 0.037837 7
522 160 580 202 0.036766 7
1120 219 1187 249 0.034619 7
536 160 580 201 0.032679 7
696 152 858 237 0.028944 7
865 177 955 237 0.028388 7
723 155 806 235 0.026668 7
833 176 954 234 0.026271 7
480 173 516 216 0.026154 7
1123 227 1176 249 0.019885 7
521 170 570 201 0.019879 7
1113 185 1190 248 0.019271 7
724 153 854 235 0.019183 7
805 160 858 239 0.017054 7
521 173 578 201 0.014410 7
863 177 955 224 0.013935 7
1059 196 1189 248 0.013033 7
585 183 638 218 0.012924 7
1009 196 1043 229 0.012726 7
1113 220 1179 249 0.011347 7
545 161 579 200 0.011242 7
1086 217 1181 249 0.010968 7
1059 213 1217 254 0.010797 7
554 171 573 199 0.010598 7
1060 183 1212 252 0.010166 7
1012 196 1052 229 0.009281 7
692 184 732 232 0.009271 7
456 150 524 183 0.008456 7
443 150 519 182 0.008182 7
800 181 854 240 0.008003 7
1120 216 1199 248 0.007221 7
545 183 638 218 0.007157 7
517 163 579 206 0.006233 7
1098 220 1180 250 0.005749 7
694 201 728 231 0.005544 7
1089 181 1192 247 0.005414 7
1070 163 1211 252 0.004801 7
1062 209 1124 244 0.004386 7
1120 190 1193 248 0.004311 7
695 185 810 236 0.004271 7
1059 219 1132 249 0.004011 7
1059 210 1122 239 0.003943 7
1031 195 1054 230 0.003831 7
1001 198 1070 244 0.003757 7
453 147 520 180 0.003468 7
644 156 882 234 0.003425 7
548 177 612 206 0.003047 7
628 180 732 233 0.002761 7
804 161 872 241 0.002587 7
691 178 731 227 0.002468 7
810 159 857 182 0.002405 7
449 165 520 213 0.002397 7
805 142 901 240 0.002359 7
809 159 856 189 0.002231 7
805 159 857 219 0.002201 7
1065 212 1221 260 0.002196 7
690 198 809 236 0.002081 7
802 178 853 223 0.002078 7
468 164 571 210 0.002072 7
759 168 960 251 0.001963 7
505 172 579 215 0.001957 7
536 167 627 210 0.001953 7
1182 165 1279 246 0.001939 7
586 181 646 218 0.001869 7
453 161 548 211 0.001806 7
808 158 963 247 0.001766 7
478 177 561 216 0.001735 7
1180 169 1279 230 0.001701 7
1055 151 1210 253 0.001683 7
1019 192 1218 245 0.001661 7
585 162 638 216 0.001653 7
813 198 876 241 0.001400 7
716 198 729 225 0.001303 7
520 145 580 203 0.001259 7
475 158 516 208 0.001253 7
540 159 612 206 0.001193 7
756 192 808 252 0.001129 7
726 154 806 213 0.001116 7
807 203 854 240 0.001079 7
1211 171 1279 232 0.001055 7
952 205 1223 255 0.001054 7
1104 164 1202 249 0.001046 7
1118 183 1188 219 0.001040 7
692 128 889 239 0.001008 7
465 179 558 217 0.001007 7
693 177 714 218 0.000945 7
1116 220 1222 255 0.000938 7
1121 217 1227 252 0.000922 7
846 176 929 237 0.000912 7
688 123 939 239 0.000910 7
306 198 391 327 0.000882 7
524 180 736 229 0.000830 7
1127 183 1194 219 0.000808 7
602 158 637 211 0.000800 7
699 185 729 217 0.000800 7
596 160 719 223 0.000768 7
795 171 976 259 0.000742 7
520 160 641 216 0.000737 7
1102 163 1155 185 0.000720 7
1123 193 1190 222 0.000686 7
471 170 642 218 0.000683 7
865 177 939 227 0.000659 7
633 168 732 229 0.000657 7
600 163 732 229 0.000651 7
1174 167 1279 266 0.000649 7
1099 163 1175 240 0.000648 7
521 178 635 222 0.000629 7
1006 193 1041 226 0.000604 7
602 159 643 214 0.000593 7
1100 163 1154 200 0.000586 7
1140 183 1192 218 0.000585 7
1090 163 1273 252 0.000564 7
803 183 863 238 0.000550 7
598 177 742 234 0.000546 7
1182 193 1279 263 0.000543 7
1204 169 1279 240 0.000478 7
299 198 392 298 0.000475 7
620 186 733 229 0.000468 7
1252 170 1279 227 0.000454 7
352 199 393 319 0.000453 7
1116 195 1189 235 0.000450 7
761 171 858 246 0.000446 7
642 73 885 240 0.000428 7
1005 191 1128 234 0.000416 7
319 191 594 299 0.000399 7
697 184 731 210 0.000381 7
1061 164 1192 241 0.000369 7
604 159 667 208 0.000343 7
532 157 735 227 0.000339 7
721 146 808 218 0.000338 7
378 183 479 207 0.000337 7
803 179 860 229 0.000329 7
293 198 369 320 0.000309 7
588 156 813 232 0.000301 7
1089 208 1145 235 0.000299 7
447 126 532 177 0.000280 7
1006 175 1065 231 0.000265 7
728 141 876 226 0.000250 7
725 146 861 217 0.000248 7
1150 183 1201 218 0.000246 7
1183 221 1278 264 0.000236 7
1147 182 1199 228 0.000219 7
802 131 1027 256 0.000217 7
802 209 1227 362 0.000210 7
446 145 523 175 0.000202 7
1075 192 1123 235 0.000195 7
664 185 703 231 0.000184 7
440 130 559 210 0.000179 7
836 137 974 219 0.000175 7
592 64 936 236 0.000167 7
1092 163 1155 206 0.000167 7
1057 214 1229 280 0.000165 7
698 185 738 232 0.000157 7
1006 107 1126 233 0.000148 7
309 97 462 332 0.000145 7
1198 162 1279 225 0.000138 7
306 196 387 258 0.000134 7
1018 118 1198 243 0.000133 7
230 174 327 239 0.000122 7
446 142 525 182 0.000121 7
727 157 802 203 0.000120 7
409 206 453 254 0.000120 7
1096 162 1207 206 0.000108 7
607 174 923 263 0.000107 7
1039 102 1225 252 0.000106 7
694 74 946 244 0.000102 7
952 209 1225 316 0.000102 7
513 151 524 174 0.160058 9
1088 150 1103 178 0.104069 9
693 185 701 202 0.046371 9
693 180 702 204 0.041651 9
1005 134 1015 174 0.019541 9
313 151 343 197 0.019205 9
1002 169 1009 179 0.018986 9
318 156 350 197 0.013762 9
1051 109 1084 146 0.013683 9
1001 135 1012 179 0.013392 9
1089 150 1111 177 0.011970 9
693 176 701 188 0.010837 9
320 158 353 199 0.010643 9
879 155 894 174 0.009888 9
327 165 352 198 0.009212 9
315 151 349 198 0.008712 9
1208 169 1216 198 0.007913 9
372 166 381 184 0.007322 9
1089 151 1101 186 0.006624 9
595 64 638 93 0.006463 9
1209 169 1218 199 0.006129 9
895 155 906 172 0.005696 9
368 166 376 186 0.005512 9
1004 135 1014 173 0.005435 9
1003 164 1013 178 0.005282 9
514 152 525 177 0.005201 9
169 64 203 91 0.005035 9
1182 163 1202 216 0.004993 9
596 119 605 147 0.004971 9
595 64 624 92 0.004329 9
313 152 327 197 0.004253 9
705 154 713 174 0.004229 9
704 159 713 182 0.004204 9
1206 168 1216 193 0.004127 9
1211 169 1223 200 0.003826 9
886 151 906 169 0.003729 9
699 123 714 154 0.003661 9
896 161 905 177 0.003637 9
586 117 598 143 0.003598 9
1095 156 1112 178 0.003581 9
696 120 709 152 0.003460 9
1125 164 1152 186 0.003421 9
512 146 524 175 0.003344 9
1002 170 1009 184 0.003321 9
1111 192 1120 205 0.003242 9
663 171 671 187 0.003212 9
698 119 713 153 0.003168 9
704 172 713 183 0.003089 9
1001 133 1013 174 0.003052 9
874 154 900 176 0.003000 9
665 179 671 205 0.002901 9
586 167 595 185 0.002872 9
1213 189 1224 208 0.002854 9
1210 168 1224 205 0.002842 9
692 170 702 182 0.002724 9
688 175 702 210 0.002706 9
687 169 703 202 0.002656 9
1193 384 1205 401 0.002626 9
1186 162 1201 186 0.002510 9
1089 150 1103 186 0.002496 9
312 141 361 198 0.002479 9
878 153 895 174 0.002464 9
589 117 603 151 0.002446 9
1093 130 1107 176 0.002400 9
586 117 598 135 0.002384 9
651 178 662 198 0.002309 9
680 180 688 199 0.002087 9
1209 168 1225 198 0.002030 9
648 179 659 198 0.002011 9
1214 194 1226 213 0.001907 9
638 163 660 200 0.001744 9
681 171 690 189 0.001731 9
637 162 648 187 0.001731 9
694 119 716 155 0.001669 9
587 170 601 186 0.001654 9
1111 194 1120 206 0.001651 9
584 64 637 94 0.001650 9
691 185 702 215 0.001579 9
651 170 662 197 0.001572 9
641 163 660 195 0.001504 9
689 169 699 184 0.001500 9
624 64 639 92 0.001492 9
1098 130 1108 149 0.001488 9
702 124 717 154 0.001479 9
834 141 860 165 0.001474 9
1120 163 1151 186 0.001460 9
881 137 939 170 0.001458 9
257 144 268 159 0.001384 9
716 155 727 175 0.001376 9
666 191 672 222 0.001351 9
1014 135 1024 145 0.001329 9
1154 165 1169 184 0.001304 9
1014 136 1023 154 0.001284 9
512 143 526 176 0.001282 9
258 143 269 159 0.001260 9
581 64 596 93 0.001254 9
119 64 162 77 0.001252 9
853 115 865 137 0.001178 9
809 170 815 185 0.001155 9
694 151 706 176 0.001149 9
580 64 598 101 0.001118 9
681 163 690 185 0.001091 9
832 136 860 166 0.001079 9
1007 134 1020 172 0.001069 9
689 119 711 154 0.001064 9
596 116 625 166 0.001063 9
716 158 728 184 0.001041 9
586 162 605 186 0.001038 9
700 118 713 130 0.001036 9
651 168 661 193 0.001032 9
1221 215 1230 232 0.001020 9
1014 135 1023 170 0.000995 9
1015 153 1023 170 0.000989 9
1183 164 1200 188 0.000988 9
595 122 610 158 0.000981 9
588 120 601 157 0.000978 9
1200 164 1209 187 0.000935 9
838 143 858 167 0.000927 9
1113 163 1152 186 0.000916 9
161 64 203 92 0.000905 9
702 150 714 173 0.000897 9
1148 164 1168 185 0.000863 9
1194 167 1212 205 0.000861 9
882 137 939 155 0.000858 9
356 219 370 229 0.000857 9
862 166 870 182 0.000854 9
807 160 860 187 0.000850 9
685 119 700 153 0.000839 9
1156 166 1169 184 0.000828 9
689 119 710 132 0.000828 9
710 154 722 178 0.000815 9
585 120 600 153 0.000786 9
701 119 717 154 0.000737 9
637 161 655 198 0.000733 9
595 117 606 146 0.000731 9
681 121 693 153 0.000728 9
678 65 694 118 0.000728 9
680 123 691 154 0.000701 9
756 135 765 153 0.000695 9
121 64 170 77 0.000679 9
687 119 707 153 0.000672 9
831 149 853 167 0.000626 9
1230 168 1247 181 0.000622 9
826 163 858 185 0.000621 9
897 154 909 174 0.000621 9
1078 144 1103 182 0.000620 9
1089 176 1098 195 0.000618 9
754 137 762 153 0.000615 9
173 64 216 92 0.000614 9
999 129 1007 136 0.000611 9
854 137 939 158 0.000609 9
1078 149 1102 184 0.000600 9
595 119 604 150 0.000597 9
1095 171 1105 204 0.000594 9
678 70 691 102 0.000588 9
582 80 601 139 0.000587 9
1095 129 1111 175 0.000576 9
568 148 579 162 0.000575 9
1098 130 1110 150 0.000560 9
165 64 175 76 0.000555 9
695 124 717 161 0.000540 9
678 66 692 120 0.000528 9
819 162 858 181 0.000522 9
1095 198 1102 208 0.000516 9
464 205 477 265 0.000510 9
147 64 172 75 0.000506 9
641 161 659 190 0.000505 9
610 152 625 167 0.000498 9
133 64 202 85 0.000491 9
598 117 626 160 0.000476 9
845 114 864 136 0.000464 9
1088 190 1094 202 0.000459 9
849 181 858 197 0.000459 9
1224 165 1231 182 0.000445 9
998 130 1008 175 0.000445 9
810 160 858 179 0.000443 9
333 160 359 198 0.000442 9
312 141 335 192 0.000432 9
1003 133 1022 171 0.000410 9
830 136 878 166 0.000409 9
597 117 625 154 0.000405 9
351 154 363 194 0.000403 9
687 119 708 133 0.000401 9
811 159 858 175 0.000397 9
696 82 718 155 0.000389 9
624 64 639 78 0.000388 9
680 142 691 164 0.000386 9
711 147 721 170 0.000379 9
581 64 596 73 0.000378 9
579 64 601 143 0.000378 9
1210 166 1235 208 0.000373 9
697 70 708 120 0.000369 9
580 64 598 121 0.000366 9
584 99 600 137 0.000359 9
699 84 716 128 0.000354 9
707 155 726 184 0.000347 9
1213 166 1246 204 0.000341 9
0 143 6 200 0.000336 9
1080 171 1095 185 0.000331 9
96 181 105 202 0.000329 9
902 136 939 156 0.000323 9
698 66 710 101 0.000322 9
952 183 960 204 0.000321 9
804 155 860 190 0.000318 9
1222 187 1230 206 0.000314 9
1101 187 1120 206 0.000314 9
1105 164 1135 184 0.000312 9
1105 163 1152 185 0.000311 9
696 66 710 119 0.000311 9
638 181 648 199 0.000307 9
1077 135 1103 178 0.000303 9
718 151 726 162 0.000301 9
1231 188 1244 203 0.000298 9
119 64 202 79 0.000293 9
1096 188 1104 207 0.000292 9
183 144 199 168 0.000292 9
96 178 106 202 0.000291 9
657 172 701 222 0.000291 9
1212 200 1230 230 0.000289 9
579 64 648 156 0.000284 9
684 68 696 120 0.000284 9
870 161 914 179 0.000283 9
581 64 597 82 0.000279 9
680 151 690 184 0.000279 9
662 167 694 193 0.000276 9
1240 197 1253 229 0.000271 9
608 168 641 203 0.000268 9
1212 194 1229 216 0.000265 9
449 150 491 171 0.000261 9
108 149 128 167 0.000258 9
699 86 715 116 0.000254 9
686 151 695 181 0.000254 9
582 130 604 186 0.000251 9
604 147 625 166 0.000243 9
580 64 621 96 0.000243 9
1055 108 1085 147 0.000240 9
754 130 763 153 0.000238 9
869 124 880 137 0.000237 9
647 120 660 162 0.000237 9
312 145 326 192 0.000234 9
602 126 625 164 0.000234 9
522 147 543 174 0.000231 9
905 137 939 153 0.000230 9
1205 151 1228 193 0.000229 9
581 64 601 114 0.000227 9
681 132 693 172 0.000227 9
684 66 713 156 0.000226 9
644 120 660 163 0.000223 9
994 136 1002 169 0.000223 9
0 143 6 178 0.000221 9
127 64 173 79 0.000221 9
686 119 714 184 0.000217 9
801 154 813 206 0.000217 9
570 127 600 173 0.000216 9
1002 170 1013 184 0.000214 9
580 64 612 92 0.000209 9
595 64 632 97 0.000207 9
697 73 713 124 0.000206 9
637 119 656 164 0.000201 9
1005 138 1020 175 0.000199 9
306 168 363 206 0.000198 9
1190 159 1212 188 0.000194 9
702 117 717 134 0.000191 9
611 152 635 181 0.000191 9
581 64 661 159 0.000190 9
1123 161 1155 185 0.000189 9
833 116 858 135 0.000186 9
1064 109 1085 139 0.000186 9
308 113 367 194 0.000185 9
695 156 719 186 0.000185 9
993 139 1001 164 0.000185 9
642 120 659 165 0.000182 9
837 116 853 135 0.000181 9
1098 164 1118 206 0.000179 9
1098 166 1131 206 0.000176 9
677 64 696 109 0.000174 9
624 119 637 159 0.000173 9
951 172 960 196 0.000172 9
1223 168 1248 204 0.000172 9
637 82 658 105 0.000170 9
568 142 579 162 0.000169 9
1098 167 1123 206 0.000169 9
110 150 128 165 0.000168 9
829 120 847 134 0.000167 9
697 64 713 92 0.000165 9
862 120 872 137 0.000165 9
702 81 720 114 0.000163 9
997 133 1017 174 0.000161 9
578 64 602 161 0.000157 9
582 66 606 154 0.000157 9
699 81 721 127 0.000155 9
1207 148 1228 172 0.000155 9
714 160 729 185 0.000154 9
844 146 894 177 0.000152 9
648 125 658 164 0.000151 9
577 83 585 107 0.000151 9
853 160 873 186 0.000151 9
625 123 636 163 0.000148 9
800 153 813 198 0.000148 9
1089 134 1105 176 0.000147 9
692 156 710 185 0.000146 9
1051 108 1087 230 0.000143 9
812 149 849 164 0.000143 9
993 168 1011 183 0.000138 9
665 167 687 190 0.000137 9
684 64 708 118 0.000134 9
1052 107 1081 194 0.000134 9
1050 112 1080 145 0.000134 9
899 136 939 167 0.000132 9
638 118 651 163 0.000131 9
256 83 265 97 0.000130 9
849 164 872 187 0.000130 9
1029 150 1040 160 0.000124 9
1207 147 1228 167 0.000124 9
635 80 659 104 0.000124 9
97 174 110 203 0.000119 9
596 148 614 163 0.000118 9
161 76 191 92 0.000115 9
923 141 938 164 0.000114 9
849 108 865 138 0.000113 9
678 69 691 126 0.000112 9
825 122 838 135 0.000112 9
120 64 154 78 0.000112 9
990 174 1009 196 0.000112 9
171 144 186 170 0.000111 9
544 112 551 131 0.000111 9
813 153 858 178 0.000109 9
1073 178 1097 203 0.000109 9
1039 184 1048 197 0.000106 9
699 76 718 116 0.000106 9
695 68 726 144 0.000105 9
829 115 849 134 0.000105 9
830 135 862 156 0.000105 9
698 82 725 132 0.000104 9
575 78 600 142 0.000102 9
1011 156 1025 176 0.000102 9
575 70 589 143 0.000102 9
1105 183 1135 207 0.000102 9
171 144 182 169 0.000101 9
1225 156 1251 180 0.000101 9
324 109 366 164 0.131158 11
1181 189 1200 215 0.051866 11
1181 177 1201 215 0.028891 11
1051 109 1084 147 0.023507 11
1178 184 1201 216 0.001978 11
1176 179 1202 215 0.000762 11
416 64 433 99 0.000651 11
415 64 436 119 0.000567 11
415 64 432 105 0.000442 11
1178 188 1199 219 0.000247 11
359 146 372 163 0.000179 11
361 147 374 177 0.000136 11
415 64 446 125 0.000109 11
