1098 189 1136 255 0.781454 0
875 190 911 268 0.735718 0
757 196 790 276 0.456485 0
534 197 572 257 0.329265 0
848 199 857 222 0.119360 0
718 210 728 235 0.088731 0
222 200 234 239 0.071945 0
1036 192 1050 229 0.070259 0
174 200 184 227 0.054063 0
759 197 790 245 0.052367 0
898 193 918 257 0.051606 0
847 199 857 242 0.041969 0
223 200 233 221 0.038727 0
905 192 912 217 0.032734 0
1272 199 1279 247 0.030244 0
541 198 572 280 0.022503 0
471 201 479 217 0.020792 0
534 204 543 232 0.019374 0
847 199 874 265 0.017614 0
938 204 944 216 0.012992 0
784 197 794 211 0.012515 0
602 151 635 183 0.012122 0
904 192 923 217 0.009701 0
708 208 728 235 0.008859 0
717 199 729 235 0.008787 0
899 192 933 261 0.007933 0
902 192 927 244 0.007833 0
534 202 546 241 0.007209 0
849 200 876 230 0.006789 0
1272 199 1279 216 0.006755 0
1232 168 1246 181 0.006081 0
633 202 644 216 0.005359 0
914 192 931 217 0.004982 0
848 199 866 223 0.004932 0
613 151 634 169 0.004842 0
848 185 857 222 0.004803 0
1216 187 1229 233 0.004118 0
936 202 945 216 0.003802 0
861 202 876 228 0.003547 0
893 193 947 269 0.003373 0
1100 190 1126 219 0.003317 0
165 205 173 223 0.003131 0
930 202 945 238 0.003059 0
1263 199 1279 259 0.002996 0
1038 198 1054 231 0.002995 0
919 200 936 217 0.002950 0
1157 201 1171 220 0.002943 0
850 225 874 266 0.002765 0
1271 201 1279 271 0.002716 0
632 202 645 227 0.002710 0
863 199 888 266 0.002622 0
1217 210 1228 233 0.002618 0
244 196 255 215 0.002529 0
1231 198 1256 232 0.002518 0
880 190 898 221 0.002424 0
1107 190 1122 215 0.002360 0
1107 208 1135 255 0.002357 0
601 150 642 200 0.002328 0
693 207 703 230 0.002322 0
1219 215 1229 234 0.002050 0
924 201 934 217 0.002029 0
465 199 478 215 0.001976 0
465 203 471 215 0.001965 0
1088 192 1094 209 0.001945 0
789 331 811 344 0.001925 0
964 373 980 391 0.001764 0
242 196 251 215 0.001757 0
863 439 879 456 0.001696 0
1120 211 1137 255 0.001687 0
752 218 774 273 0.001677 0
610 150 645 184 0.001661 0
846 197 912 279 0.001524 0
460 203 468 216 0.001342 0
842 198 857 225 0.001264 0
813 209 827 221 0.001252 0
784 197 797 227 0.001224 0
1088 216 1104 279 0.001207 0
840 197 857 237 0.001191 0
1217 190 1226 214 0.001172 0
962 365 987 392 0.001169 0
750 214 774 243 0.001110 0
681 200 690 216 0.001108 0
862 437 880 479 0.001016 0
765 186 791 237 0.001007 0
1263 203 1279 298 0.000999 0
1250 202 1265 232 0.000967 0
1216 187 1224 207 0.000952 0
1209 167 1229 226 0.000950 0
642 208 653 216 0.000939 0
670 208 679 232 0.000892 0
375 185 386 202 0.000846 0
913 197 945 240 0.000844 0
861 432 875 456 0.000836 0
956 371 980 413 0.000828 0
717 209 733 235 0.000827 0
1249 211 1264 233 0.000810 0
550 198 571 225 0.000798 0
1072 481 1080 501 0.000784 0
896 197 911 219 0.000780 0
216 197 224 221 0.000778 0
159 204 171 227 0.000735 0
1268 184 1279 221 0.000724 0
86 217 95 236 0.000712 0
785 330 815 391 0.000703 0
500 185 533 224 0.000673 0
1223 197 1265 262 0.000671 0
923 189 942 206 0.000664 0
266 196 272 211 0.000651 0
951 370 978 464 0.000640 0
1071 176 1114 273 0.000635 0
241 196 255 237 0.000630 0
864 192 922 262 0.000629 0
950 273 959 293 0.000611 0
218 200 230 235 0.000610 0
465 202 479 226 0.000599 0
916 473 927 487 0.000593 0
961 351 993 392 0.000585 0
959 200 968 208 0.000569 0
1022 203 1069 308 0.000566 0
509 194 528 219 0.000564 0
1261 181 1279 223 0.000546 0
958 440 969 464 0.000537 0
158 205 173 236 0.000522 0
239 195 253 229 0.000511 0
513 194 532 242 0.000506 0
1002 386 1023 408 0.000506 0
738 202 745 215 0.000498 0
691 206 703 241 0.000496 0
1219 167 1262 229 0.000487 0
1223 166 1231 183 0.000487 0
1262 243 1279 282 0.000486 0
198 210 207 225 0.000485 0
211 200 221 229 0.000471 0
1181 165 1201 216 0.000470 0
519 177 573 252 0.000465 0
654 195 664 217 0.000459 0
529 201 543 234 0.000459 0
469 193 479 215 0.000455 0
1136 447 1143 459 0.000447 0
597 150 660 215 0.000443 0
467 201 479 245 0.000440 0
1077 158 1107 269 0.000438 0
1112 192 1136 222 0.000436 0
629 200 656 232 0.000435 0
751 463 760 472 0.000425 0
845 255 861 282 0.000423 0
495 168 571 261 0.000403 0
948 276 960 303 0.000402 0
949 346 961 387 0.000399 0
457 203 465 216 0.000394 0
945 355 998 474 0.000379 0
847 442 877 479 0.000373 0
531 203 551 256 0.000372 0
1070 64 1079 69 0.000370 0
751 452 767 472 0.000361 0
992 457 999 464 0.000358 0
351 190 357 199 0.000358 0
1090 186 1106 212 0.000350 0
638 158 645 169 0.000350 0
739 199 749 215 0.000349 0
1056 488 1066 496 0.000345 0
1198 383 1206 399 0.000340 0
595 149 609 171 0.000335 0
967 373 992 391 0.000334 0
1013 456 1024 466 0.000322 0
684 202 699 225 0.000320 0
1125 202 1141 231 0.000318 0
82 219 97 253 0.000316 0
1045 481 1055 493 0.000315 0
964 358 982 391 0.000310 0
783 193 797 212 0.000304 0
685 191 809 282 0.000297 0
553 181 575 228 0.000296 0
768 183 785 202 0.000296 0
1127 444 1134 458 0.000292 0
991 191 1000 212 0.000292 0
1057 157 1104 300 0.000284 0
183 197 190 214 0.000282 0
907 261 931 295 0.000278 0
846 239 879 282 0.000274 0
534 171 575 233 0.000266 0
1227 158 1248 181 0.000265 0
198 203 239 259 0.000265 0
798 189 815 235 0.000264 0
913 455 928 486 0.000262 0
593 156 604 182 0.000261 0
848 185 870 224 0.000254 0
978 349 993 389 0.000251 0
926 200 962 260 0.000250 0
199 208 206 220 0.000235 0
23 215 42 255 0.000235 0
266 197 273 220 0.000232 0
501 198 530 247 0.000227 0
944 352 1028 479 0.000226 0
561 208 573 254 0.000221 0
320 203 330 219 0.000219 0
1135 448 1142 463 0.000219 0
803 185 824 217 0.000218 0
974 189 982 201 0.000218 0
1199 406 1215 416 0.000217 0
1214 397 1226 427 0.000216 0
456 167 599 276 0.000215 0
212 195 221 220 0.000212 0
593 149 611 182 0.000212 0
995 386 1024 424 0.000208 0
1059 216 1072 296 0.000207 0
1061 169 1231 279 0.000205 0
947 343 989 394 0.000203 0
1177 235 1186 246 0.000202 0
240 194 255 217 0.000201 0
640 150 670 184 0.000200 0
525 187 543 220 0.000199 0
531 176 610 288 0.000199 0
1087 216 1126 280 0.000197 0
753 329 831 414 0.000195 0
951 344 960 377 0.000195 0
1093 167 1127 220 0.000194 0
991 355 1002 383 0.000193 0
782 269 849 344 0.000187 0
751 459 768 472 0.000184 0
714 198 739 235 0.000182 0
752 178 790 236 0.000181 0
1233 407 1256 428 0.000177 0
860 437 895 481 0.000177 0
175 198 190 228 0.000175 0
683 207 703 234 0.000173 0
241 216 252 240 0.000173 0
386 195 396 205 0.000171 0
663 191 672 217 0.000171 0
875 439 890 478 0.000171 0
785 328 849 344 0.000169 0
636 152 672 217 0.000168 0
812 266 850 345 0.000168 0
942 341 964 392 0.000168 0
869 161 897 177 0.000166 0
872 438 889 456 0.000163 0
594 141 611 169 0.000162 0
791 201 828 239 0.000160 0
759 223 811 277 0.000159 0
1025 279 1039 295 0.000156 0
1056 211 1104 296 0.000155 0
366 178 383 202 0.000153 0
1220 405 1232 429 0.000152 0
744 150 752 157 0.000152 0
1039 455 1048 465 0.000152 0
799 438 816 474 0.000152 0
582 64 643 171 0.000149 0
611 143 636 170 0.000149 0
948 358 983 394 0.000149 0
665 186 671 214 0.000148 0
945 364 982 431 0.000145 0
1077 333 1089 364 0.000145 0
877 440 890 457 0.000144 0
451 165 480 279 0.000144 0
1179 344 1195 358 0.000141 0
969 347 1001 386 0.000141 0
990 382 1023 414 0.000138 0
1076 332 1088 353 0.000138 0
929 163 1215 261 0.000136 0
636 207 654 223 0.000136 0
31 215 41 232 0.000135 0
972 360 1027 474 0.000131 0
272 201 278 219 0.000130 0
943 207 971 257 0.000130 0
215 186 227 221 0.000130 0
1272 156 1279 180 0.000129 0
154 203 171 230 0.000128 0
1231 407 1247 427 0.000126 0
731 196 791 231 0.000124 0
785 331 812 344 0.000122 0
821 287 849 345 0.000119 0
857 431 880 457 0.000119 0
1263 279 1279 493 0.000118 0
803 185 850 231 0.000117 0
988 344 1008 384 0.000115 0
374 184 393 203 0.000115 0
593 86 677 218 0.000113 0
713 210 742 238 0.000111 0
1044 481 1058 497 0.000111 0
575 79 586 103 0.000108 0
1198 385 1228 428 0.000108 0
575 76 585 96 0.000107 0
590 155 619 188 0.000106 0
1248 344 1262 369 0.000105 0
577 64 597 99 0.000104 0
1059 64 1080 70 0.000102 0
989 384 1023 454 0.000102 0
1140 195 1172 221 0.000102 0
1104 216 1141 265 0.706490 1
744 223 791 286 0.690160 1
870 222 914 273 0.436499 1
874 227 950 275 0.054424 1
869 233 904 275 0.029379 1
870 237 897 268 0.020918 1
869 198 951 275 0.018957 1
869 235 888 275 0.016311 1
744 248 772 285 0.015124 1
868 219 948 294 0.014876 1
878 233 913 267 0.014508 1
763 230 790 279 0.010214 1
748 222 774 276 0.005934 1
854 224 886 273 0.005919 1
918 240 951 272 0.005627 1
864 224 884 267 0.005002 1
888 249 948 294 0.004694 1
899 222 911 255 0.004641 1
857 224 875 266 0.004031 1
1101 215 1119 255 0.003592 1
911 253 947 293 0.003416 1
904 221 921 264 0.003312 1
1090 214 1117 267 0.002946 1
918 254 949 274 0.002713 1
937 248 950 272 0.002532 1
935 255 950 273 0.002324 1
743 224 842 285 0.002295 1
769 237 796 280 0.001867 1
921 249 960 296 0.001592 1
744 245 784 290 0.001242 1
845 227 881 278 0.001211 1
1128 228 1142 262 0.001165 1
848 188 918 273 0.001066 1
851 216 921 293 0.000984 1
1085 223 1093 245 0.000980 1
766 232 813 279 0.000949 1
777 243 811 280 0.000857 1
863 245 926 293 0.000732 1
1091 222 1104 268 0.000662 1
1107 234 1141 264 0.000572 1
924 265 960 299 0.000477 1
885 262 922 292 0.000385 1
934 242 960 293 0.000277 1
738 223 819 322 0.000271 1
1088 230 1098 248 0.000271 1
745 232 814 293 0.000270 1
926 275 960 311 0.000232 1
941 276 960 310 0.000227 1
1092 205 1117 246 0.000218 1
937 239 959 274 0.000205 1
691 209 729 237 0.000196 1
774 252 826 289 0.000191 1
744 243 771 303 0.000169 1
717 222 789 302 0.000164 1
742 219 769 235 0.000153 1
843 249 914 297 0.000127 1
985 198 1054 230 0.118584 2
484 199 516 217 0.045621 2
998 199 1038 229 0.023571 2
984 201 1030 229 0.023051 2
822 328 848 344 0.011099 2
981 198 1067 249 0.010723 2
1009 197 1051 230 0.009602 2
596 199 652 216 0.008813 2
1010 198 1036 209 0.008765 2
618 190 656 215 0.007616 2
868 195 950 275 0.007251 2
589 183 656 216 0.005932 2
982 207 998 228 0.004576 2
980 202 1023 244 0.004371 2
1150 203 1170 220 0.004079 2
304 191 313 198 0.004019 2
1008 193 1084 223 0.003891 2
590 184 622 201 0.003130 2
1119 489 1135 497 0.002751 2
971 204 988 223 0.002642 2
621 199 652 215 0.002601 2
303 184 315 198 0.002594 2
312 187 323 199 0.002248 2
897 197 947 271 0.002243 2
1060 193 1087 211 0.002148 2
1104 487 1114 495 0.002088 2
695 208 728 235 0.002013 2
969 205 997 252 0.001962 2
969 203 1017 253 0.001879 2
1226 167 1279 181 0.001855 2
1104 488 1121 497 0.001842 2
903 194 946 241 0.001814 2
970 206 989 239 0.001812 2
589 184 621 214 0.001719 2
1055 192 1083 215 0.001661 2
1072 200 1091 210 0.001646 2
963 204 989 248 0.001620 2
1006 194 1038 215 0.001615 2
1159 270 1214 329 0.001527 2
1261 196 1279 222 0.001524 2
1071 202 1095 227 0.001517 2
1261 202 1279 238 0.001457 2
931 198 953 206 0.001369 2
848 470 866 479 0.001324 2
971 217 990 248 0.001268 2
589 200 626 215 0.001242 2
915 198 978 253 0.001205 2
1033 194 1078 233 0.001155 2
1004 243 1039 261 0.001123 2
963 199 988 223 0.001092 2
694 200 723 230 0.001071 2
293 180 310 198 0.001056 2
1021 243 1039 261 0.001054 2
1219 167 1279 188 0.001037 2
1054 190 1080 205 0.001012 2
790 232 810 239 0.000971 2
978 200 999 225 0.000957 2
1222 177 1279 233 0.000937 2
968 223 994 255 0.000927 2
1059 197 1093 236 0.000914 2
1000 385 1023 400 0.000907 2
1221 166 1279 216 0.000905 2
1063 190 1082 203 0.000891 2
591 181 654 204 0.000870 2
476 204 485 217 0.000850 2
675 189 1267 275 0.000824 2
1186 273 1200 282 0.000821 2
589 203 610 215 0.000753 2
491 194 515 216 0.000750 2
1261 169 1279 181 0.000736 2
1262 237 1279 269 0.000710 2
1002 244 1025 260 0.000699 2
956 206 979 222 0.000652 2
637 206 654 217 0.000620 2
970 220 1025 255 0.000619 2
620 182 655 210 0.000618 2
1134 221 1177 247 0.000613 2
1054 193 1082 233 0.000611 2
901 457 913 463 0.000601 2
615 175 662 214 0.000595 2
948 246 958 256 0.000583 2
969 246 991 259 0.000580 2
912 187 951 209 0.000574 2
0 394 16 408 0.000545 2
1222 158 1279 182 0.000541 2
673 209 698 234 0.000518 2
924 198 962 251 0.000515 2
1221 503 1232 511 0.000514 2
930 200 955 222 0.000509 2
984 247 1025 262 0.000507 2
622 182 649 202 0.000478 2
865 183 1033 279 0.000474 2
946 206 977 254 0.000470 2
1069 190 1092 209 0.000458 2
969 253 988 261 0.000449 2
597 159 660 212 0.000409 2
1212 170 1265 233 0.000406 2
950 247 988 259 0.000404 2
990 190 1039 224 0.000398 2
1163 271 1202 284 0.000398 2
997 251 1021 262 0.000397 2
987 253 1006 263 0.000396 2
1238 198 1279 267 0.000392 2
1014 241 1041 258 0.000382 2
967 249 988 261 0.000381 2
1003 234 1023 250 0.000380 2
1245 249 1279 267 0.000378 2
1142 204 1172 222 0.000378 2
631 378 658 396 0.000370 2
986 251 1020 263 0.000362 2
604 200 653 233 0.000358 2
984 248 993 256 0.000354 2
790 327 848 344 0.000331 2
387 198 397 206 0.000323 2
1105 490 1120 503 0.000323 2
987 249 1009 261 0.000318 2
1021 207 1072 305 0.000316 2
1058 269 1214 331 0.000313 2
1261 168 1279 221 0.000309 2
920 192 983 237 0.000301 2
1062 189 1095 222 0.000292 2
126 204 138 218 0.000289 2
471 189 480 203 0.000281 2
979 250 1011 263 0.000273 2
695 184 728 233 0.000271 2
1167 272 1212 285 0.000271 2
1112 488 1136 507 0.000268 2
827 284 852 299 0.000267 2
648 184 671 217 0.000257 2
1198 198 1267 261 0.000256 2
1155 263 1279 315 0.000253 2
293 175 314 199 0.000247 2
922 456 937 464 0.000242 2
867 184 931 222 0.000242 2
599 463 608 471 0.000241 2
1185 275 1214 285 0.000239 2
823 264 857 298 0.000238 2
1059 158 1106 259 0.000236 2
1215 247 1279 290 0.000233 2
1207 502 1233 512 0.000229 2
895 457 911 463 0.000222 2
1054 226 1217 332 0.000219 2
495 238 533 252 0.000215 2
821 328 848 357 0.000211 2
1225 158 1248 181 0.000211 2
916 180 953 205 0.000206 2
452 205 465 222 0.000200 2
1155 205 1176 222 0.000183 2
1206 504 1221 512 0.000181 2
1046 480 1056 491 0.000181 2
1167 272 1201 328 0.000179 2
1153 470 1168 479 0.000177 2
686 209 703 235 0.000175 2
875 253 941 296 0.000172 2
811 251 906 299 0.000167 2
657 187 693 220 0.000163 2
818 270 914 298 0.000162 2
1263 358 1279 401 0.000162 2
1152 271 1210 291 0.000154 2
1177 381 1185 392 0.000152 2
1193 358 1267 423 0.000149 2
1070 326 1087 338 0.000144 2
1211 495 1226 504 0.000144 2
552 177 597 203 0.000137 2
1196 276 1214 285 0.000137 2
666 453 687 464 0.000135 2
1097 202 1110 216 0.000131 2
1096 197 1107 213 0.000128 2
1202 408 1216 416 0.000127 2
896 201 1034 295 0.000126 2
1056 488 1073 498 0.000125 2
1009 183 1062 216 0.000124 2
1180 494 1237 513 0.000123 2
1056 491 1068 501 0.000121 2
1264 279 1279 411 0.000119 2
1227 504 1240 511 0.000118 2
450 172 589 259 0.000117 2
1187 497 1200 505 0.000113 2
824 281 851 316 0.000113 2
613 201 780 281 0.000113 2
912 453 937 463 0.000113 2
1245 239 1279 390 0.000112 2
1077 214 1242 312 0.000109 2
552 180 619 217 0.000109 2
1246 156 1279 183 0.000108 2
1185 383 1206 400 0.000106 2
1263 295 1279 373 0.000106 2
912 448 931 457 0.000105 2
956 191 1008 231 0.000102 2
445 171 494 222 0.000101 2
480 173 517 217 0.011615 5
482 193 516 217 0.010222 5
866 176 938 221 0.008299 5
1217 169 1279 267 0.004855 5
480 170 558 217 0.003125 5
1221 170 1279 228 0.000781 5
460 168 525 220 0.000739 5
791 171 942 216 0.000589 5
592 151 661 216 0.000471 5
865 176 916 234 0.000330 5
1180 162 1229 228 0.000327 5
445 163 518 228 0.000297 5
1202 162 1269 233 0.000145 5
444 179 483 213 0.000133 5
1255 82 1279 260 0.000129 5
703 154 958 258 0.007793 6
643 271 1276 339 0.006836 6
1181 165 1279 282 0.006644 6
642 268 1277 388 0.006128 6
643 267 1277 477 0.002941 6
648 166 1276 359 0.002714 6
596 149 951 238 0.002260 6
1166 273 1279 416 0.001488 6
1057 166 1279 292 0.001438 6
817 172 964 283 0.001179 6
1172 165 1279 406 0.001157 6
406 151 956 274 0.000889 6
1179 214 1279 293 0.000869 6
950 273 1214 333 0.000718 6
641 68 959 276 0.000692 6
670 223 1251 308 0.000612 6
669 177 1261 293 0.000590 6
5 64 494 382 0.000588 6
708 228 1102 291 0.000586 6
1 65 73 253 0.000573 6
1053 163 1279 397 0.000572 6
1165 263 1279 327 0.000535 6
806 244 1279 353 0.000518 6
589 65 952 263 0.000467 6
1181 338 1272 417 0.000429 6
646 204 1087 304 0.000399 6
895 268 1188 317 0.000393 6
880 153 1280 381 0.000389 6
0 66 180 255 0.000315 6
0 137 40 217 0.000313 6
668 125 1231 277 0.000303 6
1212 237 1279 338 0.000260 6
945 272 1278 394 0.000259 6
835 268 1157 352 0.000255 6
578 64 672 207 0.000254 6
880 258 1135 306 0.000249 6
1213 273 1279 413 0.000247 6
406 169 603 243 0.000204 6
11 64 363 304 0.000160 6
802 135 940 162 0.000151 6
413 64 923 268 0.000150 6
750 133 942 169 0.000149 6
328 64 654 253 0.000143 6
1068 272 1279 419 0.000142 6
345 142 898 240 0.000140 6
375 174 800 248 0.000137 6
118 64 201 91 0.000124 6
922 253 1030 298 0.000123 6
712 133 943 232 0.000123 6
1140 271 1280 372 0.000118 6
1066 332 1273 417 0.000105 6
540 64 661 226 0.000105 6
0 87 118 254 0.000102 6
701 152 859 238 0.124930 7
690 153 960 276 0.066026 7
861 177 954 267 0.042052 7
866 177 951 210 0.015617 7
809 176 957 272 0.006551 7
1181 166 1279 266 0.004118 7
598 150 955 262 0.003768 7
1216 172 1279 267 0.003481 7
590 184 622 201 0.002325 7
592 151 849 232 0.002064 7
867 177 1005 260 0.001912 7
800 183 930 240 0.001037 7
802 176 857 227 0.001011 7
593 151 670 216 0.000627 7
756 152 952 219 0.000609 7
406 152 955 295 0.000528 7
891 178 950 205 0.000480 7
703 153 828 276 0.000365 7
597 150 769 220 0.000272 7
688 155 803 237 0.000272 7
740 153 858 221 0.000211 7
728 166 1055 276 0.000199 7
699 184 728 220 0.000196 7
861 153 953 214 0.000186 7
691 182 724 227 0.000162 7
1010 182 1063 229 0.000125 7
587 155 635 203 0.000107 7
1089 150 1103 176 0.518220 9
512 151 524 181 0.134801 9
1011 136 1024 172 0.023028 9
366 167 374 188 0.019043 9
1181 190 1199 216 0.016052 9
995 140 1001 167 0.013412 9
119 64 160 74 0.011404 9
1097 133 1104 151 0.008822 9
373 167 381 184 0.008781 9
313 149 340 194 0.008645 9
449 157 490 171 0.008232 9
587 172 592 185 0.007450 9
841 151 859 166 0.007268 9
511 151 526 195 0.006496 9
511 190 522 203 0.006183 9
517 191 524 201 0.005634 9
1091 132 1105 176 0.005634 9
1130 64 1151 72 0.005496 9
1207 167 1215 198 0.004863 9
522 183 536 198 0.004769 9
554 177 570 201 0.004513 9
119 64 180 77 0.004091 9
1181 169 1200 216 0.003960 9
1212 167 1225 191 0.003865 9
1098 135 1105 161 0.003849 9
239 177 247 189 0.002994 9
998 137 1009 177 0.002665 9
995 138 1004 174 0.002661 9
848 180 858 218 0.002545 9
1120 64 1148 75 0.002540 9
983 140 993 160 0.002478 9
836 135 860 166 0.002427 9
863 439 875 455 0.002306 9
370 166 381 187 0.002226 9
842 119 854 135 0.002144 9
832 118 839 135 0.002045 9
833 140 846 151 0.002037 9
1055 111 1083 143 0.001983 9
553 174 580 202 0.001826 9
1090 148 1109 178 0.001798 9
817 161 858 180 0.001760 9
654 151 671 174 0.001736 9
964 71 976 90 0.001726 9
1000 124 1006 134 0.001675 9
850 119 865 136 0.001545 9
516 192 526 208 0.001524 9
257 147 265 159 0.001486 9
989 136 1001 164 0.001475 9
1087 148 1102 189 0.001403 9
862 112 869 118 0.001382 9
832 135 847 153 0.001379 9
1013 136 1031 170 0.001377 9
362 167 375 189 0.001358 9
1100 134 1109 154 0.001347 9
1050 120 1058 134 0.001345 9
979 138 995 163 0.001332 9
1209 167 1226 203 0.001293 9
1080 171 1089 183 0.001281 9
1127 64 1152 77 0.001277 9
804 156 858 191 0.001262 9
586 118 598 135 0.001255 9
845 119 859 136 0.001235 9
1120 64 1134 73 0.001190 9
828 135 899 166 0.001177 9
1023 152 1040 159 0.001127 9
165 64 177 76 0.001096 9
1264 696 1272 703 0.001077 9
879 156 890 168 0.001074 9
537 171 572 201 0.001048 9
830 149 858 165 0.000947 9
695 177 703 199 0.000925 9
814 150 826 160 0.000896 9
1191 164 1201 184 0.000873 9
532 183 544 198 0.000872 9
259 144 269 159 0.000851 9
831 118 848 136 0.000841 9
1064 105 1073 118 0.000816 9
801 154 858 215 0.000803 9
512 151 541 191 0.000795 9
804 148 811 157 0.000782 9
581 64 595 71 0.000779 9
518 169 576 202 0.000774 9
157 64 171 74 0.000724 9
513 167 545 184 0.000710 9
215 183 224 191 0.000707 9
1264 79 1279 104 0.000705 9
813 143 823 155 0.000704 9
863 116 870 136 0.000701 9
687 118 703 153 0.000680 9
637 134 659 164 0.000664 9
515 174 546 196 0.000636 9
831 135 897 152 0.000622 9
580 64 596 91 0.000602 9
685 118 705 184 0.000601 9
501 152 524 179 0.000601 9
521 172 547 184 0.000585 9
1215 64 1232 89 0.000575 9
498 150 524 190 0.000572 9
1104 106 1111 119 0.000569 9
960 135 980 161 0.000565 9
593 64 633 92 0.000562 9
1073 150 1082 165 0.000562 9
1087 181 1099 205 0.000556 9
1181 165 1217 217 0.000550 9
545 141 552 151 0.000548 9
974 136 992 160 0.000546 9
447 152 542 202 0.000543 9
1021 124 1040 160 0.000539 9
803 147 824 162 0.000538 9
597 64 622 90 0.000530 9
222 183 231 191 0.000530 9
680 166 688 184 0.000521 9
524 169 547 181 0.000515 9
1079 163 1090 182 0.000512 9
579 64 641 94 0.000508 9
680 167 689 210 0.000503 9
1000 164 1007 185 0.000496 9
1200 135 1208 170 0.000493 9
545 173 574 220 0.000486 9
1007 69 1016 88 0.000485 9
1087 151 1106 208 0.000466 9
1205 157 1222 201 0.000464 9
871 119 879 134 0.000454 9
339 164 350 191 0.000453 9
1143 165 1154 210 0.000441 9
322 92 330 118 0.000432 9
895 155 907 175 0.000423 9
1199 135 1211 195 0.000404 9
991 129 1012 176 0.000399 9
168 64 184 75 0.000397 9
992 282 998 295 0.000390 9
865 150 893 172 0.000388 9
1154 165 1167 184 0.000383 9
448 154 518 172 0.000382 9
1199 135 1207 153 0.000380 9
959 134 995 166 0.000372 9
1087 130 1130 185 0.000368 9
1033 122 1104 203 0.000366 9
524 182 544 202 0.000366 9
879 155 896 173 0.000364 9
1075 146 1103 180 0.000364 9
118 64 199 91 0.000361 9
799 138 817 158 0.000355 9
1184 164 1217 197 0.000352 9
981 137 1000 169 0.000351 9
375 184 391 201 0.000350 9
172 64 201 89 0.000346 9
400 84 410 96 0.000343 9
1112 105 1120 120 0.000342 9
928 152 937 167 0.000341 9
1009 135 1055 195 0.000340 9
1047 157 1056 168 0.000339 9
858 136 937 153 0.000321 9
1011 148 1049 169 0.000318 9
1014 130 1039 167 0.000313 9
1093 154 1128 211 0.000312 9
1090 147 1128 177 0.000301 9
1144 165 1154 184 0.000297 9
255 112 266 129 0.000293 9
944 79 960 93 0.000291 9
1190 147 1217 198 0.000288 9
1000 120 1006 133 0.000287 9
1192 383 1207 405 0.000287 9
984 124 994 141 0.000272 9
160 64 187 89 0.000272 9
645 151 695 216 0.000270 9
1172 149 1182 161 0.000269 9
622 64 640 91 0.000268 9
801 156 815 185 0.000265 9
826 119 834 133 0.000264 9
544 160 581 194 0.000263 9
1181 161 1229 225 0.000261 9
999 179 1007 193 0.000259 9
315 133 358 197 0.000257 9
876 150 893 168 0.000257 9
679 149 690 167 0.000252 9
1015 154 1058 169 0.000251 9
1119 64 1136 77 0.000249 9
572 162 581 179 0.000247 9
1188 384 1205 401 0.000247 9
863 164 871 179 0.000243 9
685 166 699 212 0.000240 9
696 130 707 177 0.000237 9
1106 152 1118 169 0.000235 9
637 133 672 177 0.000233 9
1272 692 1279 704 0.000232 9
1049 111 1066 136 0.000231 9
1009 134 1073 174 0.000228 9
257 180 263 191 0.000227 9
1206 153 1229 203 0.000227 9
327 157 352 198 0.000227 9
1196 134 1227 203 0.000225 9
1066 64 1149 75 0.000224 9
480 169 521 216 0.000224 9
461 183 480 203 0.000219 9
1023 86 1039 122 0.000216 9
652 153 671 214 0.000212 9
859 137 895 152 0.000202 9
496 170 576 249 0.000200 9
679 150 689 179 0.000197 9
798 160 936 213 0.000196 9
895 164 904 177 0.000196 9
682 122 708 206 0.000196 9
635 166 659 191 0.000195 9
625 118 631 129 0.000194 9
964 124 982 137 0.000192 9
905 126 912 137 0.000192 9
950 176 959 186 0.000191 9
697 150 706 178 0.000188 9
1263 79 1279 120 0.000187 9
824 141 903 179 0.000186 9
500 149 584 208 0.000186 9
1064 112 1083 136 0.000180 9
986 126 998 164 0.000179 9
624 64 639 77 0.000177 9
1040 150 1058 166 0.000177 9
806 156 906 186 0.000177 9
1048 134 1245 288 0.000175 9
861 99 870 119 0.000174 9
863 75 870 89 0.000172 9
1058 134 1105 208 0.000172 9
1048 115 1074 148 0.000171 9
870 165 892 178 0.000169 9
1110 175 1130 187 0.000169 9
321 162 340 194 0.000169 9
1062 130 1105 291 0.000169 9
857 136 936 176 0.000166 9
897 151 911 176 0.000166 9
1135 165 1156 219 0.000165 9
1056 155 1064 166 0.000163 9
1007 136 1033 214 0.000162 9
1096 163 1158 215 0.000161 9
999 136 1026 201 0.000158 9
1027 132 1062 169 0.000157 9
1149 162 1173 213 0.000154 9
1052 104 1071 138 0.000153 9
961 123 1004 169 0.000153 9
975 167 992 185 0.000150 9
1100 171 1132 190 0.000150 9
544 160 581 181 0.000148 9
320 64 364 110 0.000148 9
689 145 714 208 0.000147 9
390 83 406 96 0.000144 9
464 187 480 208 0.000144 9
359 150 377 189 0.000143 9
754 153 858 219 0.000142 9
1071 150 1090 195 0.000140 9
255 153 265 174 0.000138 9
681 123 689 152 0.000135 9
789 133 825 158 0.000135 9
809 151 860 164 0.000135 9
1174 212 1185 222 0.000133 9
854 109 870 137 0.000133 9
1008 158 1064 213 0.000131 9
1007 66 1024 89 0.000131 9
993 114 1028 174 0.000130 9
363 152 384 188 0.000129 9
1076 135 1091 149 0.000128 9
849 86 859 106 0.000127 9
1055 64 1063 72 0.000127 9
1199 64 1217 88 0.000126 9
1139 162 1169 217 0.000125 9
784 113 836 158 0.000125 9
954 140 1004 252 0.000124 9
374 163 406 191 0.000123 9
704 77 721 96 0.000123 9
593 73 651 164 0.000122 9
679 119 695 173 0.000120 9
255 160 261 174 0.000119 9
1087 125 1106 161 0.000118 9
584 98 599 137 0.000116 9
1184 380 1215 412 0.000115 9
352 165 365 190 0.000114 9
655 139 671 175 0.000114 9
1101 164 1155 185 0.000113 9
82 64 161 73 0.000112 9
438 144 538 184 0.000112 9
995 352 1008 385 0.000112 9
1183 160 1202 190 0.000111 9
680 94 711 235 0.000109 9
900 136 937 153 0.000109 9
908 151 961 186 0.000108 9
384 64 417 99 0.000108 9
934 67 961 94 0.000107 9
509 152 558 193 0.000106 9
886 102 1201 275 0.000106 9
1055 151 1064 165 0.000105 9
1006 64 1020 86 0.000104 9
259 115 268 128 0.000103 9
548 141 563 151 0.000102 9
1095 129 1110 158 0.000101 9
1232 197 1256 232 0.027322 11
312 149 340 194 0.023896 11
325 110 366 164 0.021856 11
1181 190 1199 216 0.012926 11
523 183 536 197 0.011542 11
1055 112 1082 145 0.010341 11
448 157 491 171 0.001472 11
320 64 359 102 0.000179 11
