1153 200 1176 252 0.713529 0
822 194 853 268 0.692804 0
732 199 769 274 0.633594 0
922 190 952 266 0.577934 0
1078 191 1098 253 0.510838 0
541 186 572 250 0.253574 0
834 189 854 235 0.110750 0
1036 194 1050 230 0.067237 0
223 200 239 232 0.060072 0
1081 191 1098 218 0.053137 0
738 200 768 237 0.030799 0
633 201 645 216 0.029624 0
603 151 635 198 0.025960 0
613 151 632 168 0.023575 0
921 208 962 268 0.023352 0
824 197 842 232 0.023089 0
1250 190 1264 232 0.021722 0
824 197 835 227 0.018176 0
632 201 645 228 0.018120 0
718 212 728 234 0.017242 0
1113 193 1120 204 0.015285 0
222 200 239 254 0.014980 0
1272 200 1279 238 0.014711 0
954 372 980 452 0.013885 0
1218 212 1231 234 0.012583 0
1169 197 1185 246 0.011217 0
817 190 869 277 0.009555 0
1231 191 1265 233 0.007892 0
958 371 979 410 0.007807 0
1254 213 1265 235 0.007776 0
546 191 572 281 0.007357 0
1250 213 1265 242 0.007219 0
1171 195 1181 219 0.007085 0
470 203 478 218 0.007004 0
1217 202 1230 233 0.006945 0
942 206 963 243 0.006905 0
1229 191 1265 263 0.006879 0
540 190 550 223 0.006751 0
1051 194 1088 258 0.006441 0
1077 195 1094 236 0.005980 0
1273 201 1279 256 0.005747 0
883 200 907 243 0.005667 0
942 211 962 263 0.005642 0
1167 202 1177 227 0.005631 0
736 201 747 227 0.005612 0
923 190 943 225 0.005580 0
928 190 943 218 0.005350 0
1177 204 1192 245 0.004885 0
1069 194 1092 252 0.004815 0
243 198 255 215 0.004349 0
605 151 632 173 0.004221 0
896 202 905 228 0.004197 0
720 201 748 235 0.004189 0
950 274 960 293 0.004061 0
935 209 959 255 0.004048 0
786 198 793 216 0.003924 0
1268 201 1279 270 0.003818 0
957 370 984 425 0.003685 0
975 247 984 270 0.003663 0
510 196 518 213 0.003521 0
517 191 525 202 0.003408 0
959 376 970 408 0.003276 0
242 197 255 235 0.003264 0
1172 211 1186 245 0.003257 0
783 329 817 392 0.003092 0
833 186 852 216 0.003022 0
1120 312 1128 344 0.002956 0
533 191 548 221 0.002872 0
1260 200 1279 267 0.002848 0
867 191 943 287 0.002814 0
1217 192 1226 216 0.002550 0
1120 312 1128 329 0.002449 0
784 198 794 235 0.002372 0
717 201 729 234 0.002362 0
783 192 794 212 0.002348 0
732 224 761 269 0.002318 0
460 204 466 216 0.002317 0
965 368 980 391 0.002231 0
863 441 878 460 0.002168 0
1220 179 1279 269 0.002145 0
1214 212 1241 266 0.002051 0
514 191 527 213 0.002038 0
631 200 651 233 0.001984 0
375 185 387 202 0.001954 0
863 438 879 478 0.001943 0
1037 198 1057 231 0.001936 0
212 199 220 227 0.001823 0
199 208 206 219 0.001766 0
878 208 893 239 0.001765 0
845 204 872 260 0.001721 0
680 199 690 216 0.001671 0
1120 312 1135 344 0.001654 0
632 198 655 216 0.001638 0
539 179 593 281 0.001623 0
1247 195 1278 266 0.001589 0
864 216 875 237 0.001583 0
831 201 872 266 0.001485 0
1230 194 1252 232 0.001457 0
1084 192 1101 215 0.001423 0
1218 196 1245 234 0.001416 0
966 366 986 392 0.001382 0
1216 214 1235 242 0.001350 0
1001 383 1024 408 0.001343 0
1170 194 1183 228 0.001341 0
642 203 653 216 0.001330 0
819 190 936 285 0.001308 0
1072 483 1080 501 0.001296 0
1264 188 1279 353 0.001174 0
1000 364 1024 405 0.001172 0
1179 206 1205 232 0.001155 0
943 351 967 408 0.001144 0
1177 221 1195 245 0.001126 0
865 208 873 234 0.001114 0
969 261 978 271 0.001111 0
823 192 840 221 0.001105 0
214 201 224 229 0.001085 0
994 382 1024 425 0.001082 0
861 215 878 247 0.001076 0
972 359 992 393 0.001060 0
458 202 465 216 0.000984 0
464 203 477 216 0.000975 0
1209 193 1228 225 0.000975 0
943 347 987 407 0.000959 0
785 198 797 223 0.000951 0
992 379 1024 455 0.000951 0
815 197 834 231 0.000911 0
847 201 866 235 0.000903 0
817 194 842 244 0.000901 0
512 193 529 245 0.000881 0
1216 204 1251 262 0.000860 0
862 214 886 267 0.000858 0
553 188 572 222 0.000839 0
912 453 929 485 0.000823 0
879 439 905 483 0.000798 0
1179 230 1196 246 0.000784 0
557 182 567 200 0.000777 0
956 368 999 412 0.000748 0
654 197 663 217 0.000741 0
1147 290 1168 351 0.000736 0
1135 447 1143 461 0.000715 0
510 181 573 280 0.000707 0
1211 179 1240 235 0.000704 0
636 164 658 191 0.000698 0
951 364 1023 457 0.000697 0
1205 241 1231 328 0.000673 0
1119 273 1149 345 0.000664 0
857 222 873 265 0.000653 0
1184 211 1238 254 0.000649 0
867 206 893 270 0.000647 0
598 150 662 215 0.000632 0
597 148 633 181 0.000621 0
1210 227 1234 270 0.000612 0
639 160 645 168 0.000608 0
1088 201 1103 278 0.000608 0
868 199 912 278 0.000604 0
463 202 478 226 0.000599 0
508 179 551 263 0.000572 0
840 215 874 281 0.000563 0
462 198 479 216 0.000559 0
1190 215 1206 231 0.000556 0
801 185 822 232 0.000554 0
784 328 838 384 0.000550 0
819 228 853 280 0.000548 0
690 210 703 275 0.000542 0
1206 211 1231 233 0.000540 0
1198 381 1211 420 0.000536 0
911 194 941 256 0.000529 0
942 349 984 454 0.000521 0
241 194 255 218 0.000519 0
628 166 659 207 0.000511 0
978 370 992 392 0.000510 0
670 208 679 230 0.000508 0
913 200 929 236 0.000507 0
1148 206 1207 258 0.000505 0
879 439 904 458 0.000489 0
628 176 642 198 0.000485 0
975 350 992 389 0.000483 0
530 192 561 248 0.000481 0
990 359 1024 400 0.000480 0
206 201 222 227 0.000474 0
1076 175 1246 264 0.000461 0
543 212 568 282 0.000460 0
851 440 915 482 0.000447 0
904 335 926 382 0.000439 0
966 346 992 392 0.000426 0
184 198 191 208 0.000425 0
938 338 993 397 0.000423 0
1202 367 1232 433 0.000422 0
1119 311 1147 344 0.000420 0
559 179 579 202 0.000418 0
94 150 110 178 0.000417 0
838 185 866 237 0.000415 0
1198 380 1216 427 0.000414 0
512 193 546 253 0.000408 0
836 227 872 265 0.000407 0
1056 488 1066 498 0.000399 0
375 184 393 203 0.000398 0
968 356 1024 422 0.000397 0
1149 323 1167 353 0.000392 0
862 432 876 456 0.000386 0
523 191 549 259 0.000384 0
1204 240 1233 294 0.000384 0
513 178 578 347 0.000384 0
575 79 586 101 0.000380 0
264 196 272 211 0.000378 0
803 184 838 226 0.000372 0
973 372 992 394 0.000371 0
351 189 358 199 0.000370 0
785 198 800 234 0.000370 0
1085 182 1098 205 0.000366 0
1206 250 1230 269 0.000364 0
798 196 830 237 0.000363 0
1103 312 1112 330 0.000355 0
612 145 634 169 0.000355 0
948 348 961 393 0.000352 0
988 379 1024 412 0.000351 0
1056 195 1102 339 0.000347 0
1200 254 1224 270 0.000346 0
1197 383 1207 405 0.000343 0
913 474 927 487 0.000337 0
1103 312 1115 344 0.000332 0
696 207 730 237 0.000329 0
386 196 396 205 0.000328 0
197 211 207 222 0.000327 0
934 342 1007 452 0.000318 0
743 150 752 157 0.000317 0
946 371 968 408 0.000315 0
209 198 221 222 0.000310 0
750 457 767 472 0.000306 0
1218 398 1232 433 0.000306 0
465 202 478 248 0.000305 0
1214 386 1232 431 0.000305 0
76 64 165 76 0.000303 0
551 172 568 199 0.000300 0
272 199 279 219 0.000296 0
1152 275 1168 341 0.000295 0
1178 342 1196 358 0.000290 0
664 198 673 217 0.000286 0
924 447 935 459 0.000282 0
1024 265 1039 295 0.000279 0
949 368 976 424 0.000278 0
910 197 933 247 0.000276 0
1073 331 1088 344 0.000273 0
1140 272 1168 354 0.000271 0
773 195 794 235 0.000270 0
631 155 660 195 0.000270 0
485 429 495 447 0.000270 0
1127 445 1134 465 0.000268 0
1084 312 1123 349 0.000268 0
1058 236 1072 305 0.000266 0
850 224 878 280 0.000263 0
1106 191 1122 213 0.000261 0
716 212 759 269 0.000254 0
990 192 1001 210 0.000252 0
541 170 574 218 0.000252 0
798 422 811 468 0.000250 0
366 181 387 202 0.000248 0
1083 311 1147 350 0.000247 0
1104 312 1132 331 0.000246 0
219 184 235 220 0.000243 0
848 463 868 478 0.000242 0
652 187 666 216 0.000240 0
941 369 968 419 0.000240 0
727 195 842 275 0.000235 0
319 202 331 224 0.000234 0
798 420 820 472 0.000232 0
774 190 789 209 0.000231 0
782 192 799 228 0.000228 0
580 64 662 172 0.000227 0
1197 369 1223 425 0.000227 0
328 185 342 199 0.000225 0
1068 64 1080 70 0.000224 0
535 174 558 217 0.000223 0
1039 278 1057 333 0.000222 0
832 470 840 486 0.000222 0
884 222 910 247 0.000222 0
967 355 1024 394 0.000220 0
798 439 830 473 0.000218 0
1062 64 1150 75 0.000218 0
651 155 671 209 0.000216 0
1206 367 1226 414 0.000215 0
633 203 661 235 0.000215 0
389 173 746 281 0.000214 0
1075 177 1095 216 0.000211 0
583 64 682 224 0.000208 0
905 341 952 411 0.000208 0
345 186 353 199 0.000207 0
957 412 974 449 0.000207 0
264 196 275 226 0.000206 0
903 335 934 394 0.000206 0
925 345 960 409 0.000205 0
890 453 930 487 0.000203 0
788 328 830 344 0.000203 0
242 213 252 240 0.000197 0
578 64 596 95 0.000197 0
847 439 881 480 0.000196 0
265 193 272 206 0.000194 0
909 258 929 296 0.000194 0
740 222 768 268 0.000193 0
447 153 481 285 0.000192 0
924 183 949 209 0.000191 0
579 64 649 95 0.000189 0
879 407 905 462 0.000187 0
32 214 41 228 0.000187 0
1187 384 1207 403 0.000187 0
734 199 789 246 0.000186 0
1058 128 1103 262 0.000186 0
1184 199 1208 231 0.000185 0
1183 381 1210 412 0.000184 0
654 152 671 175 0.000179 0
367 207 375 216 0.000178 0
665 187 671 212 0.000175 0
319 184 342 198 0.000175 0
1259 262 1280 488 0.000172 0
1144 327 1156 344 0.000165 0
502 176 597 391 0.000164 0
484 176 565 275 0.000159 0
1073 329 1089 362 0.000158 0
998 163 1255 268 0.000157 0
1201 407 1216 424 0.000157 0
799 439 815 471 0.000156 0
1055 487 1077 500 0.000154 0
748 450 773 472 0.000154 0
536 171 644 278 0.000153 0
548 190 601 250 0.000146 0
690 150 718 218 0.000146 0
1087 335 1104 378 0.000146 0
1189 355 1225 420 0.000146 0
1071 179 1088 215 0.000145 0
1169 341 1196 359 0.000145 0
310 184 337 201 0.000144 0
878 407 924 464 0.000144 0
1214 369 1223 389 0.000143 0
606 198 664 243 0.000141 0
913 358 985 461 0.000141 0
703 205 768 296 0.000140 0
1085 318 1106 365 0.000138 0
938 316 1030 428 0.000136 0
1183 375 1216 424 0.000135 0
1036 236 1075 300 0.000134 0
1184 337 1214 412 0.000128 0
457 197 524 270 0.000128 0
782 200 816 238 0.000127 0
762 267 852 347 0.000127 0
1121 277 1169 348 0.000126 0
863 445 928 488 0.000126 0
463 201 479 276 0.000123 0
721 177 779 240 0.000123 0
1140 324 1174 360 0.000122 0
1193 358 1211 411 0.000120 0
1060 64 1081 70 0.000120 0
1104 182 1134 210 0.000120 0
874 334 886 343 0.000119 0
797 421 833 473 0.000119 0
995 359 1023 386 0.000118 0
0 199 14 290 0.000117 0
490 198 538 252 0.000117 0
315 64 432 206 0.000117 0
1177 342 1195 382 0.000116 0
496 64 552 145 0.000115 0
927 345 948 383 0.000115 0
646 64 716 229 0.000114 0
1056 228 1089 295 0.000113 0
1071 328 1088 348 0.000113 0
217 191 242 223 0.000112 0
665 694 813 703 0.000112 0
956 424 973 455 0.000112 0
1175 323 1216 409 0.000110 0
180 196 192 211 0.000109 0
949 343 960 363 0.000109 0
590 146 617 185 0.000109 0
895 250 921 300 0.000108 0
574 275 597 392 0.000108 0
938 376 972 451 0.000108 0
1128 327 1148 344 0.000107 0
0 142 39 203 0.000107 0
1120 313 1139 364 0.000107 0
1167 378 1179 392 0.000107 0
784 355 826 392 0.000106 0
400 183 409 204 0.000106 0
213 183 233 223 0.000105 0
735 189 796 236 0.000105 0
576 65 594 104 0.000105 0
1103 191 1136 213 0.000104 0
611 150 653 174 0.000103 0
853 422 919 464 0.000103 0
1023 481 1035 495 0.000103 0
820 462 831 474 0.000103 0
884 408 914 456 0.000102 0
575 68 599 136 0.000102 0
923 329 989 392 0.000102 0
1023 483 1039 497 0.000101 0
732 231 765 294 0.792946 1
1149 230 1179 262 0.754454 1
917 222 961 273 0.689666 1
801 225 831 260 0.264613 1
801 227 851 261 0.195152 1
1071 219 1096 259 0.036029 1
1054 219 1092 260 0.031864 1
929 273 961 305 0.027228 1
810 217 831 248 0.014524 1
1027 243 1084 260 0.013328 1
923 212 987 273 0.012694 1
1053 241 1084 260 0.012631 1
917 235 940 274 0.010188 1
1031 230 1086 260 0.008630 1
1063 212 1091 255 0.007883 1
732 238 753 293 0.007808 1
1083 218 1098 253 0.007635 1
801 206 854 263 0.007227 1
948 275 961 305 0.007059 1
1082 220 1118 250 0.006975 1
1138 230 1158 247 0.005234 1
1063 244 1084 261 0.005176 1
733 225 832 269 0.005022 1
1086 220 1108 255 0.004407 1
945 213 988 262 0.004317 1
942 232 962 268 0.003992 1
819 209 856 272 0.003916 1
817 200 844 262 0.003747 1
1089 217 1103 235 0.003307 1
927 280 949 310 0.003032 1
821 203 868 284 0.002987 1
914 233 951 300 0.002671 1
920 231 951 266 0.002619 1
1132 229 1164 249 0.002228 1
1084 213 1100 263 0.002167 1
936 228 963 301 0.002066 1
873 207 944 300 0.002014 1
1018 199 1092 260 0.001948 1
1158 213 1180 250 0.001836 1
825 225 867 274 0.001455 1
942 274 968 308 0.001434 1
1023 240 1087 282 0.001351 1
951 214 968 237 0.001325 1
916 234 987 273 0.001311 1
931 224 991 263 0.001277 1
716 212 863 269 0.001258 1
1056 202 1103 336 0.001174 1
801 217 829 243 0.001055 1
932 257 962 302 0.001045 1
730 247 746 293 0.000987 1
928 279 944 301 0.000949 1
738 231 780 292 0.000844 1
1152 225 1184 249 0.000836 1
769 251 801 278 0.000826 1
733 228 818 295 0.000747 1
914 237 934 270 0.000709 1
927 285 942 311 0.000694 1
767 247 826 282 0.000654 1
896 262 959 312 0.000584 1
907 232 936 296 0.000551 1
733 229 764 269 0.000539 1
768 248 785 277 0.000519 1
741 230 767 275 0.000498 1
1131 217 1276 273 0.000475 1
1057 240 1077 290 0.000466 1
876 194 978 310 0.000466 1
922 272 999 321 0.000464 1
1180 226 1202 265 0.000420 1
1056 234 1093 276 0.000408 1
1064 221 1102 277 0.000406 1
909 266 946 297 0.000397 1
762 213 882 313 0.000346 1
915 221 964 303 0.000336 1
719 205 1016 291 0.000294 1
926 219 990 311 0.000261 1
1023 231 1082 303 0.000260 1
810 233 836 280 0.000233 1
741 236 788 276 0.000231 1
822 263 854 282 0.000226 1
926 272 966 341 0.000189 1
1141 225 1231 271 0.000187 1
1014 254 1059 335 0.000180 1
1037 265 1058 326 0.000175 1
776 236 837 281 0.000153 1
728 229 751 272 0.000132 1
1065 202 1222 289 0.000129 1
939 267 977 303 0.000124 1
893 243 922 295 0.000117 1
701 223 764 277 0.000101 1
930 248 977 300 0.000100 1
0 369 78 520 0.847939 2
983 198 1052 230 0.323721 2
1114 221 1134 240 0.106970 2
484 202 515 217 0.076041 2
1004 198 1045 229 0.042169 2
697 201 719 218 0.033968 2
982 205 1018 229 0.032653 2
528 202 543 219 0.030178 2
1120 271 1216 333 0.022535 2
1264 279 1279 329 0.020985 2
1008 198 1035 214 0.020890 2
694 202 728 235 0.020600 2
533 206 542 218 0.017602 2
1165 274 1279 415 0.016688 2
984 195 1092 229 0.016300 2
606 201 643 216 0.015231 2
982 207 999 228 0.014761 2
535 203 546 219 0.013872 2
821 328 848 344 0.013479 2
982 197 1062 248 0.012685 2
697 187 721 218 0.012372 2
864 186 988 272 0.010808 2
1114 220 1157 247 0.009880 2
1165 273 1279 357 0.009388 2
1109 216 1135 241 0.009227 2
983 202 1030 231 0.008323 2
1099 222 1120 247 0.008245 2
697 184 729 234 0.007781 2
1215 276 1231 328 0.007009 2
958 206 984 224 0.006655 2
938 202 981 236 0.006243 2
1167 273 1216 330 0.005983 2
1222 276 1279 358 0.005637 2
1263 278 1279 419 0.005523 2
590 183 622 201 0.005398 2
956 206 984 236 0.005396 2
533 198 547 220 0.005392 2
949 235 990 261 0.005082 2
967 206 986 224 0.005025 2
513 197 543 218 0.004890 2
935 199 959 217 0.004580 2
933 209 991 269 0.004501 2
1032 194 1087 228 0.004465 2
874 198 928 243 0.004128 2
1190 269 1279 294 0.003769 2
1121 223 1147 245 0.003729 2
619 190 658 214 0.003689 2
1102 195 1121 209 0.003368 2
1099 211 1130 248 0.003305 2
1008 203 1030 230 0.003270 2
681 198 719 217 0.003168 2
1261 200 1279 232 0.003134 2
1002 234 1024 251 0.002892 2
588 187 624 214 0.002671 2
1055 194 1084 223 0.002654 2
598 194 657 216 0.002649 2
1264 350 1279 407 0.002646 2
938 233 989 270 0.002626 2
947 215 992 258 0.002568 2
589 200 635 215 0.002489 2
981 206 1025 254 0.002373 2
981 245 993 258 0.002359 2
950 199 986 227 0.002344 2
973 221 985 233 0.002259 2
1022 198 1052 231 0.002247 2
589 200 618 214 0.002247 2
680 199 690 215 0.002084 2
1009 194 1039 211 0.002077 2
716 199 748 234 0.002022 2
1182 333 1279 416 0.001950 2
1263 281 1279 358 0.001896 2
1011 196 1087 260 0.001888 2
1070 196 1085 215 0.001839 2
1228 275 1279 328 0.001803 2
942 204 969 236 0.001762 2
880 199 906 237 0.001719 2
866 222 885 243 0.001667 2
1199 274 1231 328 0.001580 2
1254 200 1279 242 0.001576 2
623 190 654 204 0.001475 2
449 156 491 171 0.001412 2
693 206 709 234 0.001404 2
871 212 893 244 0.001373 2
591 179 658 216 0.001360 2
913 189 962 232 0.001357 2
1209 276 1265 328 0.001319 2
937 197 962 230 0.001299 2
1054 221 1066 236 0.001290 2
1063 192 1089 217 0.001272 2
311 187 323 198 0.001268 2
976 246 992 263 0.001240 2
1103 487 1120 495 0.001225 2
1068 267 1215 336 0.001216 2
632 200 653 217 0.001196 2
679 202 698 232 0.001189 2
1178 178 1279 279 0.001140 2
864 214 887 242 0.001123 2
606 201 651 231 0.001113 2
1100 206 1134 232 0.001111 2
304 189 314 198 0.001070 2
976 217 997 255 0.001065 2
980 237 994 257 0.001065 2
1198 272 1232 357 0.001033 2
640 270 992 352 0.001021 2
1053 212 1069 232 0.001002 2
516 187 552 223 0.000983 2
1220 219 1240 233 0.000969 2
1263 252 1279 270 0.000959 2
998 240 1023 257 0.000957 2
1199 275 1215 327 0.000921 2
1113 198 1172 245 0.000920 2
1121 272 1168 334 0.000911 2
951 210 983 247 0.000909 2
568 181 623 215 0.000891 2
1137 173 1280 263 0.000882 2
913 188 985 267 0.000860 2
981 243 1010 259 0.000847 2
980 247 1008 263 0.000758 2
1109 191 1209 246 0.000756 2
1231 279 1264 328 0.000754 2
1181 238 1279 292 0.000734 2
732 192 1248 278 0.000724 2
1106 221 1174 250 0.000707 2
484 175 556 242 0.000702 2
1106 488 1135 497 0.000701 2
1263 168 1279 201 0.000687 2
1156 272 1216 362 0.000676 2
794 327 848 344 0.000674 2
1161 268 1278 316 0.000653 2
559 184 578 203 0.000653 2
636 380 656 396 0.000630 2
1152 273 1167 333 0.000623 2
1241 227 1279 268 0.000615 2
1263 168 1279 181 0.000609 2
549 176 622 204 0.000602 2
700 184 749 234 0.000575 2
1263 342 1279 386 0.000566 2
303 184 316 198 0.000557 2
1209 176 1266 235 0.000549 2
1117 208 1136 227 0.000539 2
918 184 984 236 0.000536 2
865 203 884 240 0.000533 2
1259 177 1279 240 0.000521 2
903 456 913 463 0.000518 2
1079 192 1130 260 0.000509 2
1126 271 1216 395 0.000491 2
659 196 693 217 0.000487 2
387 198 397 206 0.000480 2
1218 249 1279 279 0.000473 2
832 479 840 486 0.000466 2
1263 328 1279 364 0.000459 2
922 455 937 463 0.000452 2
827 283 848 300 0.000449 2
453 203 465 222 0.000439 2
1103 487 1136 505 0.000438 2
1120 488 1136 497 0.000432 2
901 196 951 239 0.000417 2
848 466 869 478 0.000400 2
1215 297 1232 360 0.000397 2
1142 183 1203 221 0.000390 2
454 168 568 267 0.000377 2
879 440 903 457 0.000349 2
1263 358 1279 448 0.000341 2
617 174 658 211 0.000333 2
1245 309 1279 365 0.000332 2
1120 273 1151 335 0.000327 2
1214 278 1262 361 0.000325 2
174 205 186 216 0.000312 2
294 181 307 198 0.000310 2
1103 185 1122 206 0.000310 2
1167 273 1214 287 0.000298 2
1185 275 1214 286 0.000289 2
1245 330 1279 409 0.000285 2
1199 355 1274 418 0.000284 2
1103 487 1123 504 0.000282 2
1185 273 1200 284 0.000282 2
1217 323 1279 413 0.000268 2
491 206 517 222 0.000267 2
575 445 592 459 0.000263 2
1246 329 1279 362 0.000263 2
471 188 480 204 0.000260 2
935 222 1069 281 0.000256 2
507 238 529 251 0.000254 2
1052 269 1158 341 0.000254 2
496 238 533 252 0.000253 2
1071 327 1087 340 0.000252 2
865 177 946 202 0.000252 2
1071 311 1122 348 0.000246 2
974 243 1001 271 0.000244 2
1200 276 1214 288 0.000238 2
361 172 610 273 0.000236 2
631 375 657 396 0.000235 2
650 179 671 213 0.000232 2
127 205 137 216 0.000224 2
1169 272 1201 284 0.000223 2
907 179 939 203 0.000219 2
0 368 59 425 0.000211 2
356 216 368 228 0.000209 2
1224 322 1276 364 0.000208 2
1005 183 1052 215 0.000201 2
983 446 993 455 0.000199 2
796 315 848 345 0.000196 2
588 175 626 202 0.000195 2
652 173 694 217 0.000194 2
874 179 953 236 0.000194 2
825 265 849 301 0.000191 2
1041 482 1056 494 0.000189 2
912 446 934 459 0.000189 2
1219 323 1273 384 0.000189 2
912 182 983 216 0.000188 2
1166 327 1251 404 0.000186 2
1263 252 1279 292 0.000184 2
1197 374 1263 424 0.000183 2
1219 502 1232 511 0.000178 2
449 189 475 240 0.000176 2
1221 166 1279 184 0.000175 2
820 327 848 359 0.000171 2
602 174 731 235 0.000171 2
1157 329 1220 398 0.000168 2
1215 328 1233 360 0.000168 2
1055 259 1112 334 0.000165 2
1206 322 1257 414 0.000164 2
414 159 845 261 0.000164 2
1077 311 1159 357 0.000162 2
1053 180 1222 319 0.000161 2
330 148 940 305 0.000161 2
680 174 717 218 0.000160 2
625 203 675 234 0.000159 2
1248 343 1270 362 0.000156 2
889 477 913 487 0.000155 2
912 452 937 464 0.000154 2
1229 330 1279 463 0.000153 2
575 241 590 248 0.000153 2
1154 328 1214 359 0.000153 2
640 383 656 398 0.000152 2
1231 333 1251 359 0.000150 2
1079 313 1121 363 0.000148 2
397 201 409 207 0.000146 2
509 235 535 254 0.000139 2
448 205 459 219 0.000138 2
764 260 852 343 0.000135 2
543 160 580 171 0.000132 2
637 166 672 213 0.000131 2
659 181 671 208 0.000130 2
592 198 758 272 0.000129 2
560 185 669 224 0.000128 2
505 170 658 228 0.000128 2
1248 471 1263 482 0.000127 2
820 235 870 301 0.000125 2
581 199 655 235 0.000125 2
1184 335 1238 419 0.000124 2
468 194 536 252 0.000123 2
127 200 140 215 0.000118 2
680 183 691 215 0.000118 2
1234 330 1278 378 0.000118 2
1021 309 1104 366 0.000117 2
1068 309 1105 330 0.000117 2
881 476 900 487 0.000115 2
468 203 503 225 0.000113 2
1122 64 1220 82 0.000112 2
319 202 332 231 0.000112 2
1027 481 1070 498 0.000111 2
1214 322 1251 362 0.000111 2
1263 139 1279 190 0.000111 2
894 258 957 312 0.000110 2
1166 183 1202 221 0.000108 2
542 160 590 202 0.000108 2
1144 270 1213 305 0.000106 2
1227 323 1260 361 0.000105 2
599 459 672 472 0.000103 2
1247 345 1264 360 0.000102 2
527 242 544 254 0.000102 2
543 428 590 439 0.000101 2
599 463 608 470 0.000101 2
1172 333 1212 359 0.000101 2
816 360 832 375 0.000100 2
480 173 516 217 0.027576 5
480 168 569 217 0.011013 5
1220 179 1279 266 0.008876 5
1215 170 1279 239 0.003618 5
1263 171 1279 253 0.002022 5
867 177 934 203 0.001363 5
483 170 570 251 0.001284 5
1263 170 1279 204 0.000747 5
1216 163 1254 232 0.000696 5
485 179 556 204 0.000566 5
1209 164 1243 253 0.000554 5
1212 170 1279 209 0.000526 5
1263 73 1279 268 0.000479 5
445 156 519 181 0.000145 5
447 176 483 230 0.000101 5
643 267 1275 407 0.014869 6
641 270 1270 339 0.014837 6
930 268 1216 344 0.011488 6
1052 267 1279 414 0.004872 6
646 195 1266 344 0.003786 6
1108 176 1279 284 0.003609 6
1263 273 1279 496 0.003542 6
1051 269 1216 343 0.003005 6
1069 174 1279 412 0.002624 6
908 268 1279 437 0.001633 6
882 182 1271 340 0.001229 6
3 64 470 393 0.001216 6
0 64 76 278 0.001040 6
690 194 1252 280 0.000720 6
643 65 962 260 0.000710 6
331 64 677 225 0.000673 6
1053 186 1209 342 0.000638 6
541 64 666 213 0.000575 6
888 206 1227 260 0.000562 6
548 64 953 262 0.000548 6
1050 208 1217 260 0.000526 6
3 64 345 289 0.000512 6
1057 188 1108 344 0.000373 6
578 64 690 221 0.000349 6
627 687 960 703 0.000326 6
1264 76 1279 266 0.000305 6
471 166 644 209 0.000303 6
117 64 260 100 0.000295 6
0 141 40 204 0.000282 6
36 64 451 233 0.000275 6
0 64 237 240 0.000254 6
1216 155 1279 247 0.000215 6
531 64 709 243 0.000209 6
1130 330 1277 416 0.000183 6
0 64 70 202 0.000179 6
1187 265 1280 457 0.000168 6
1089 264 1280 487 0.000152 6
173 64 257 102 0.000151 6
482 64 641 240 0.000142 6
1247 331 1279 497 0.000138 6
311 64 485 289 0.000129 6
343 68 825 271 0.000128 6
1043 403 1271 476 0.000119 6
0 64 269 368 0.000110 6
703 151 859 236 0.222507 7
864 178 964 253 0.186999 7
865 177 935 241 0.052466 7
700 150 956 242 0.026937 7
810 176 950 242 0.025237 7
699 184 728 219 0.009705 7
803 160 859 227 0.007266 7
866 177 935 214 0.005434 7
1219 178 1279 267 0.003890 7
652 151 962 278 0.003564 7
793 152 940 236 0.002496 7
1109 179 1232 254 0.002100 7
816 178 954 285 0.002070 7
1119 183 1191 224 0.002053 7
690 177 728 233 0.001408 7
1263 166 1279 251 0.001020 7
696 193 1259 341 0.000960 7
521 95 952 256 0.000774 7
1096 164 1157 218 0.000720 7
478 168 582 213 0.000698 7
592 158 730 222 0.000630 7
513 168 578 201 0.000522 7
524 152 951 269 0.000505 7
597 156 664 215 0.000495 7
1103 170 1261 233 0.000495 7
700 155 811 249 0.000462 7
1121 184 1156 216 0.000438 7
543 164 581 204 0.000348 7
718 152 806 208 0.000322 7
1122 168 1279 265 0.000312 7
542 160 582 186 0.000308 7
1100 163 1170 256 0.000291 7
482 132 950 380 0.000272 7
1006 183 1065 228 0.000271 7
370 129 947 289 0.000269 7
577 64 720 229 0.000262 7
1101 162 1235 209 0.000249 7
587 162 632 203 0.000239 7
694 110 989 253 0.000211 7
518 161 582 190 0.000192 7
541 165 611 205 0.000181 7
812 164 989 264 0.000180 7
646 65 956 250 0.000180 7
919 177 1253 256 0.000169 7
693 106 857 233 0.000158 7
844 182 899 240 0.000146 7
725 110 1218 270 0.000134 7
866 176 928 202 0.000121 7
680 90 723 239 0.000113 7
1088 150 1103 176 0.615229 9
512 151 524 182 0.112463 9
1007 136 1024 174 0.102620 9
119 64 159 73 0.023107 9
366 167 373 186 0.021618 9
373 167 381 184 0.018829 9
1023 127 1040 160 0.018312 9
118 64 183 76 0.014422 9
312 149 341 195 0.013641 9
994 134 1024 176 0.010634 9
1048 157 1056 181 0.010496 9
449 157 490 171 0.009947 9
996 136 1009 176 0.009101 9
831 136 861 166 0.008521 9
994 138 1002 172 0.008496 9
1080 173 1088 183 0.006557 9
1207 167 1215 187 0.006389 9
975 136 996 168 0.005998 9
1054 114 1066 136 0.005976 9
1048 171 1056 185 0.005860 9
239 177 246 190 0.004747 9
1213 168 1224 184 0.004566 9
802 157 858 219 0.004459 9
1054 112 1082 146 0.004342 9
1089 134 1106 176 0.004319 9
1096 134 1106 154 0.004228 9
362 167 373 188 0.004141 9
978 139 993 163 0.003969 9
1172 150 1182 162 0.003923 9
1088 149 1110 178 0.003732 9
1013 134 1030 172 0.003549 9
1208 168 1215 200 0.003540 9
840 119 851 133 0.003340 9
974 119 1001 168 0.003283 9
1200 135 1209 152 0.003264 9
1130 64 1152 72 0.003126 9
511 189 521 204 0.003043 9
1213 272 1231 327 0.002993 9
864 440 876 455 0.002989 9
982 138 1000 169 0.002942 9
843 149 860 166 0.002871 9
808 161 857 180 0.002739 9
840 119 858 135 0.002527 9
1098 135 1106 164 0.002499 9
1181 183 1200 217 0.002473 9
1122 64 1152 74 0.002465 9
511 177 523 200 0.002414 9
1065 113 1082 143 0.002394 9
832 142 846 151 0.002365 9
1009 127 1041 174 0.002293 9
165 64 180 75 0.002197 9
1216 190 1222 203 0.002148 9
960 136 977 160 0.002134 9
804 148 811 156 0.002133 9
878 155 892 168 0.002054 9
1065 105 1072 117 0.002033 9
831 136 846 151 0.002026 9
1099 135 1109 169 0.001979 9
1192 165 1201 185 0.001864 9
975 168 992 184 0.001747 9
849 119 866 136 0.001724 9
512 161 525 189 0.001675 9
981 120 993 141 0.001656 9
1073 151 1082 168 0.001585 9
1204 162 1216 197 0.001476 9
990 679 1008 703 0.001474 9
1209 167 1225 202 0.001365 9
999 141 1007 184 0.001358 9
1056 154 1064 168 0.001267 9
831 135 888 161 0.001248 9
1231 167 1246 187 0.001242 9
1199 135 1212 181 0.001226 9
814 150 824 160 0.001199 9
1098 135 1109 157 0.001190 9
1107 149 1119 167 0.001126 9
870 119 879 133 0.001112 9
805 147 814 162 0.001100 9
1050 110 1066 138 0.001084 9
959 134 989 167 0.001036 9
974 188 981 200 0.001017 9
1050 152 1064 184 0.000978 9
999 123 1007 135 0.000972 9
842 175 859 220 0.000957 9
879 153 895 172 0.000941 9
864 136 937 154 0.000923 9
224 183 231 191 0.000903 9
864 164 870 179 0.000887 9
1185 163 1204 199 0.000880 9
1091 144 1123 179 0.000840 9
688 119 702 166 0.000839 9
864 137 895 160 0.000833 9
1044 149 1061 177 0.000831 9
862 136 895 149 0.000825 9
1041 124 1103 190 0.000803 9
864 119 870 136 0.000802 9
586 117 597 134 0.000799 9
259 143 269 159 0.000797 9
169 64 184 74 0.000785 9
877 137 896 171 0.000765 9
804 143 814 158 0.000763 9
686 118 705 185 0.000736 9
118 64 196 91 0.000733 9
966 71 976 82 0.000731 9
1169 149 1181 163 0.000710 9
696 121 706 169 0.000692 9
862 136 896 173 0.000690 9
1047 180 1060 197 0.000689 9
1270 694 1279 703 0.000681 9
257 146 267 159 0.000673 9
847 695 880 703 0.000656 9
977 119 983 135 0.000649 9
963 71 976 91 0.000645 9
997 101 1034 175 0.000638 9
1064 124 1108 185 0.000627 9
1040 155 1051 171 0.000619 9
1029 126 1065 173 0.000610 9
697 150 707 176 0.000602 9
1171 141 1183 162 0.000591 9
1007 136 1027 203 0.000590 9
1264 694 1278 703 0.000575 9
872 164 880 177 0.000565 9
840 118 863 144 0.000562 9
1071 155 1087 188 0.000549 9
516 167 545 183 0.000541 9
1079 166 1089 182 0.000541 9
999 119 1008 133 0.000538 9
1200 134 1215 154 0.000535 9
827 136 897 171 0.000522 9
774 695 808 703 0.000515 9
1096 130 1105 137 0.000500 9
691 167 707 207 0.000495 9
1199 134 1217 193 0.000495 9
1074 149 1099 181 0.000480 9
1199 146 1210 184 0.000480 9
398 83 410 96 0.000479 9
160 64 191 90 0.000477 9
1000 130 1090 190 0.000477 9
1184 165 1200 185 0.000471 9
813 143 823 158 0.000471 9
1151 122 1160 135 0.000461 9
980 116 1006 139 0.000459 9
874 137 895 148 0.000457 9
495 152 523 176 0.000455 9
172 64 200 88 0.000433 9
314 139 359 196 0.000430 9
447 153 576 219 0.000429 9
906 136 937 153 0.000427 9
1021 152 1058 186 0.000426 9
214 183 225 192 0.000424 9
265 215 275 232 0.000415 9
521 173 547 184 0.000395 9
1005 137 1050 189 0.000394 9
1198 383 1207 409 0.000393 9
496 151 524 192 0.000392 9
1217 165 1230 184 0.000391 9
801 155 840 199 0.000391 9
1099 155 1110 185 0.000391 9
1109 163 1157 221 0.000382 9
1153 163 1167 184 0.000377 9
1201 166 1211 184 0.000374 9
517 175 546 194 0.000373 9
75 64 159 73 0.000371 9
461 184 480 204 0.000370 9
690 148 713 209 0.000369 9
959 160 989 169 0.000369 9
582 64 595 70 0.000365 9
1151 103 1168 134 0.000364 9
686 168 699 210 0.000361 9
338 162 351 191 0.000356 9
837 117 853 136 0.000343 9
904 127 911 138 0.000338 9
1210 165 1232 209 0.000320 9
1005 158 1069 204 0.000319 9
311 185 323 197 0.000318 9
447 151 531 173 0.000317 9
971 132 1018 181 0.000310 9
999 180 1009 197 0.000309 9
1072 113 1085 142 0.000305 9
162 64 188 80 0.000305 9
511 151 545 192 0.000305 9
811 159 872 183 0.000302 9
973 182 988 202 0.000298 9
1129 165 1155 185 0.000296 9
1183 166 1201 217 0.000292 9
700 150 713 176 0.000283 9
1226 158 1248 182 0.000278 9
801 146 811 161 0.000278 9
660 149 671 173 0.000278 9
862 136 937 176 0.000277 9
896 167 904 177 0.000275 9
257 179 264 191 0.000273 9
873 161 897 177 0.000273 9
1193 164 1216 197 0.000273 9
322 92 331 119 0.000264 9
1079 135 1092 146 0.000262 9
686 118 706 152 0.000256 9
1073 134 1103 179 0.000253 9
959 144 993 169 0.000253 9
800 142 812 157 0.000251 9
1064 64 1152 75 0.000251 9
685 144 710 191 0.000245 9
592 64 642 93 0.000244 9
320 64 366 111 0.000241 9
962 162 991 187 0.000239 9
1150 102 1185 137 0.000233 9
587 173 593 185 0.000233 9
370 154 382 185 0.000232 9
1102 165 1143 207 0.000232 9
243 217 255 240 0.000232 9
1033 119 1066 162 0.000230 9
599 679 607 701 0.000228 9
810 151 854 171 0.000226 9
654 150 671 177 0.000226 9
240 164 248 179 0.000225 9
830 122 858 163 0.000225 9
1102 164 1152 188 0.000225 9
938 72 976 92 0.000225 9
596 64 622 90 0.000224 9
966 121 981 137 0.000224 9
1085 151 1107 212 0.000223 9
1158 366 1167 391 0.000222 9
248 177 256 191 0.000222 9
1049 111 1084 174 0.000222 9
389 84 407 96 0.000221 9
1151 328 1166 395 0.000220 9
583 83 598 136 0.000216 9
246 215 256 238 0.000215 9
652 127 661 143 0.000212 9
1204 157 1229 195 0.000212 9
1151 350 1165 394 0.000212 9
920 128 1216 254 0.000206 9
801 153 819 193 0.000204 9
680 166 688 187 0.000203 9
832 120 849 136 0.000203 9
680 167 689 210 0.000202 9
325 154 353 198 0.000200 9
951 346 959 373 0.000199 9
845 144 891 177 0.000198 9
415 64 432 95 0.000196 9
376 165 389 184 0.000187 9
293 176 307 198 0.000186 9
1106 140 1120 168 0.000186 9
1104 166 1135 186 0.000184 9
636 68 675 172 0.000179 9
876 120 888 137 0.000179 9
998 122 1104 275 0.000175 9
663 119 671 147 0.000174 9
919 159 997 211 0.000172 9
1051 148 1092 217 0.000172 9
1166 146 1189 183 0.000172 9
1188 148 1207 185 0.000170 9
545 141 552 152 0.000169 9
682 169 702 217 0.000169 9
664 140 671 165 0.000168 9
579 64 596 93 0.000167 9
214 164 227 177 0.000166 9
1148 101 1189 181 0.000164 9
679 64 691 101 0.000160 9
800 159 922 213 0.000158 9
1147 137 1195 189 0.000156 9
310 64 432 231 0.000156 9
367 64 429 98 0.000156 9
1070 127 1086 172 0.000155 9
1167 142 1204 186 0.000154 9
219 165 232 175 0.000151 9
679 148 689 163 0.000151 9
1147 325 1192 399 0.000151 9
256 154 267 174 0.000149 9
1050 113 1067 160 0.000148 9
359 150 381 188 0.000146 9
703 80 722 95 0.000142 9
1185 133 1214 188 0.000142 9
352 166 362 188 0.000140 9
432 170 445 195 0.000140 9
979 143 1006 193 0.000138 9
546 172 569 195 0.000137 9
1199 66 1216 131 0.000135 9
1217 158 1248 190 0.000133 9
320 168 341 195 0.000133 9
1204 141 1230 188 0.000133 9
1159 423 1168 449 0.000132 9
1264 78 1279 105 0.000132 9
959 118 981 162 0.000130 9
1103 679 1120 695 0.000129 9
623 64 640 91 0.000127 9
119 64 161 87 0.000125 9
883 153 907 177 0.000125 9
256 175 266 190 0.000125 9
258 143 270 177 0.000124 9
804 132 816 157 0.000123 9
1264 683 1279 703 0.000123 9
1096 129 1110 160 0.000122 9
341 153 371 194 0.000122 9
650 125 672 174 0.000121 9
255 86 268 102 0.000119 9
1215 65 1232 107 0.000118 9
661 129 671 158 0.000118 9
382 84 396 97 0.000116 9
1101 150 1132 185 0.000116 9
689 118 713 182 0.000115 9
679 119 702 181 0.000114 9
1263 78 1279 170 0.000114 9
1024 118 1036 130 0.000113 9
1048 146 1096 191 0.000112 9
1152 132 1176 163 0.000111 9
680 85 717 233 0.000110 9
971 111 1028 177 0.000110 9
903 70 943 120 0.000108 9
1000 103 1026 148 0.000108 9
311 64 369 202 0.000107 9
990 679 1023 703 0.000107 9
575 136 581 143 0.000107 9
1181 171 1216 218 0.000107 9
624 64 639 77 0.000106 9
642 121 661 155 0.000105 9
1046 181 1064 202 0.000105 9
255 160 264 177 0.000103 9
661 75 671 153 0.000102 9
463 170 473 186 0.000101 9
550 141 566 151 0.000101 9
523 183 536 197 0.057032 11
312 149 341 194 0.022125 11
1181 188 1200 216 0.016529 11
517 190 526 200 0.012990 11
325 111 366 164 0.011051 11
449 157 491 171 0.001909 11
521 182 547 201 0.000169 11
