927 190 959 265 0.769580 0
1158 198 1181 252 0.718044 0
731 200 768 275 0.689206 0
816 192 847 272 0.680203 0
541 188 571 253 0.520790 0
1076 192 1097 253 0.508819 0
830 189 848 225 0.093967 0
846 200 861 240 0.077634 0
222 200 240 232 0.061637 0
1231 189 1265 264 0.056491 0
829 190 849 242 0.054893 0
1244 189 1264 233 0.050017 0
221 200 240 258 0.038312 0
1248 189 1265 258 0.036898 0
604 151 633 197 0.033697 0
1036 195 1050 230 0.032980 0
612 151 631 168 0.032686 0
1272 201 1279 238 0.030602 0
743 200 768 235 0.023951 0
953 372 980 454 0.023541 0
1077 192 1096 217 0.023180 0
1113 193 1120 203 0.016261 0
818 193 842 243 0.014615 0
731 217 756 272 0.013394 0
633 201 645 216 0.013183 0
718 212 728 234 0.012970 0
843 198 868 266 0.012570 0
957 373 978 425 0.011573 0
815 195 835 244 0.011255 0
1273 201 1279 260 0.011022 0
842 203 857 242 0.010734 0
1218 210 1229 233 0.010285 0
823 192 853 265 0.010264 0
470 203 478 218 0.010151 0
1260 200 1279 269 0.009513 0
1231 190 1264 233 0.009194 0
632 201 645 228 0.009064 0
1036 194 1047 223 0.008840 0
787 198 793 214 0.008825 0
1270 200 1279 270 0.008517 0
529 187 572 281 0.008066 0
942 213 967 267 0.007623 0
821 189 832 215 0.006943 0
1267 200 1279 241 0.006643 0
1076 196 1092 231 0.006203 0
1217 196 1232 234 0.005653 0
1113 196 1120 208 0.005468 0
832 199 859 261 0.005365 0
243 195 255 215 0.005304 0
242 196 255 234 0.004768 0
784 198 794 233 0.004748 0
1176 202 1192 245 0.004124 0
878 199 906 243 0.003847 0
957 370 984 413 0.003686 0
511 195 519 212 0.003657 0
1230 194 1252 232 0.003554 0
897 201 905 224 0.003512 0
735 201 749 227 0.003491 0
722 201 748 236 0.003484 0
517 191 525 202 0.003380 0
1255 194 1279 233 0.003257 0
1216 192 1227 225 0.002992 0
459 204 466 216 0.002747 0
840 199 881 268 0.002741 0
1174 198 1183 224 0.002705 0
783 192 794 212 0.002648 0
975 219 985 233 0.002588 0
952 219 968 265 0.002534 0
1039 198 1054 230 0.002524 0
974 208 985 233 0.002468 0
375 185 387 202 0.002454 0
950 274 961 292 0.002424 0
864 217 875 237 0.002375 0
878 211 890 242 0.002260 0
784 330 817 392 0.002250 0
1120 312 1127 344 0.002243 0
1000 383 1025 408 0.002222 0
515 191 527 209 0.002067 0
1073 199 1086 219 0.001979 0
1120 312 1128 328 0.001949 0
199 208 206 218 0.001912 0
1216 190 1223 207 0.001817 0
958 376 974 408 0.001809 0
212 199 220 226 0.001791 0
1206 212 1242 267 0.001790 0
1222 194 1245 264 0.001787 0
863 437 880 478 0.001740 0
965 368 980 390 0.001716 0
863 440 878 467 0.001694 0
819 200 872 283 0.001688 0
680 199 690 216 0.001619 0
844 203 878 245 0.001613 0
986 244 993 256 0.001595 0
1264 172 1279 245 0.001579 0
468 180 611 275 0.001576 0
544 197 571 282 0.001527 0
1263 243 1279 270 0.001456 0
997 382 1024 424 0.001395 0
995 380 1024 455 0.001307 0
785 198 797 226 0.001301 0
1212 183 1236 235 0.001297 0
552 190 571 222 0.001252 0
599 150 632 180 0.001249 0
1057 209 1101 332 0.001241 0
1208 190 1228 222 0.001225 0
1208 201 1223 221 0.001189 0
464 203 477 217 0.001148 0
864 213 884 268 0.001115 0
215 200 227 230 0.001111 0
1120 312 1134 344 0.001108 0
929 190 948 217 0.001077 0
963 371 980 399 0.001033 0
1082 196 1105 248 0.001019 0
1180 204 1204 234 0.001016 0
557 183 567 199 0.001016 0
943 351 966 408 0.001011 0
786 199 800 236 0.001009 0
873 210 895 244 0.001003 0
821 184 853 224 0.000977 0
835 191 866 235 0.000945 0
461 199 479 217 0.000928 0
463 202 478 226 0.000921 0
864 440 879 456 0.000915 0
955 233 968 263 0.000905 0
940 198 964 232 0.000901 0
1207 209 1228 226 0.000882 0
932 218 958 265 0.000881 0
1212 204 1263 267 0.000855 0
641 202 653 216 0.000845 0
603 168 640 199 0.000837 0
977 373 1024 455 0.000834 0
971 361 992 393 0.000818 0
951 365 1023 459 0.000807 0
631 200 657 234 0.000804 0
802 183 837 241 0.000803 0
1231 169 1246 182 0.000791 0
552 194 575 251 0.000766 0
1178 220 1193 247 0.000754 0
718 213 756 273 0.000743 0
463 201 478 252 0.000742 0
1092 201 1101 218 0.000733 0
1216 215 1238 242 0.000730 0
636 163 658 194 0.000729 0
639 160 645 168 0.000727 0
654 197 663 217 0.000723 0
533 182 598 282 0.000710 0
512 193 529 243 0.000696 0
867 228 883 267 0.000689 0
94 150 110 177 0.000683 0
507 174 561 265 0.000683 0
1072 483 1081 501 0.000679 0
867 201 895 274 0.000676 0
1243 200 1279 268 0.000665 0
198 210 207 221 0.000650 0
853 215 879 269 0.000631 0
801 205 824 236 0.000620 0
801 187 827 234 0.000616 0
540 190 555 222 0.000602 0
977 233 993 256 0.000594 0
1148 275 1168 352 0.000594 0
879 438 906 483 0.000591 0
997 372 1024 402 0.000586 0
718 215 746 237 0.000583 0
375 184 393 203 0.000577 0
943 345 986 405 0.000574 0
941 349 981 456 0.000565 0
988 377 1025 417 0.000557 0
1058 220 1075 295 0.000552 0
1135 447 1143 461 0.000552 0
869 199 913 280 0.000551 0
1092 197 1101 212 0.000546 0
1039 205 1063 236 0.000540 0
206 200 222 227 0.000539 0
847 199 873 238 0.000536 0
628 180 642 198 0.000536 0
1120 273 1146 345 0.000533 0
670 208 679 230 0.000527 0
912 452 929 486 0.000526 0
741 215 768 269 0.000497 0
910 201 935 245 0.000488 0
1198 382 1211 419 0.000465 0
691 213 703 263 0.000463 0
183 197 191 208 0.000455 0
217 183 238 226 0.000453 0
928 232 967 297 0.000451 0
1179 192 1199 222 0.000443 0
386 196 396 206 0.000441 0
901 335 926 387 0.000440 0
531 190 547 221 0.000431 0
1056 215 1096 282 0.000426 0
263 196 272 210 0.000417 0
544 248 569 281 0.000414 0
1198 380 1216 427 0.000410 0
351 189 358 199 0.000403 0
447 159 482 279 0.000402 0
975 352 992 391 0.000400 0
924 188 967 236 0.000400 0
1201 368 1232 432 0.000400 0
978 370 991 392 0.000389 0
611 145 634 169 0.000389 0
269 198 279 215 0.000382 0
535 197 548 238 0.000380 0
1078 189 1103 213 0.000375 0
774 196 791 231 0.000374 0
880 439 904 458 0.000372 0
271 199 279 219 0.000371 0
775 191 788 208 0.000366 0
969 356 1025 414 0.000362 0
768 199 793 237 0.000360 0
1189 213 1205 231 0.000358 0
1072 173 1258 264 0.000356 0
994 359 1024 403 0.000352 0
462 199 479 304 0.000350 0
1197 383 1207 406 0.000349 0
1215 387 1232 431 0.000349 0
1219 400 1232 432 0.000348 0
849 439 914 483 0.000346 0
575 79 586 101 0.000343 0
1039 278 1057 335 0.000342 0
743 150 752 157 0.000341 0
1057 222 1073 332 0.000334 0
978 244 991 267 0.000333 0
512 193 544 253 0.000332 0
1119 309 1147 344 0.000327 0
910 268 925 296 0.000326 0
1024 272 1038 294 0.000321 0
782 326 846 383 0.000314 0
367 182 387 203 0.000309 0
937 339 994 396 0.000308 0
1149 209 1206 256 0.000304 0
328 185 342 199 0.000298 0
452 183 480 299 0.000298 0
346 188 353 199 0.000296 0
1056 488 1066 497 0.000295 0
931 341 1003 453 0.000294 0
948 348 961 389 0.000289 0
23 215 42 253 0.000287 0
897 334 940 400 0.000282 0
1150 322 1167 352 0.000276 0
941 367 969 422 0.000271 0
910 198 940 273 0.000268 0
243 212 253 240 0.000268 0
918 192 957 240 0.000267 0
77 64 164 76 0.000266 0
664 197 673 217 0.000266 0
1073 489 1081 501 0.000265 0
1125 273 1151 334 0.000265 0
926 189 960 224 0.000264 0
817 238 845 281 0.000259 0
911 234 934 295 0.000259 0
780 321 835 415 0.000256 0
319 203 331 223 0.000256 0
964 347 993 391 0.000252 0
1102 312 1118 346 0.000252 0
449 166 565 271 0.000251 0
244 204 256 238 0.000250 0
783 316 826 345 0.000250 0
264 196 275 228 0.000249 0
239 202 254 238 0.000240 0
265 193 272 206 0.000231 0
848 451 874 479 0.000230 0
862 432 878 456 0.000227 0
1082 311 1138 349 0.000227 0
203 204 223 235 0.000225 0
848 438 881 480 0.000224 0
749 456 767 472 0.000221 0
689 208 704 277 0.000219 0
1206 368 1226 417 0.000217 0
1072 331 1088 343 0.000215 0
32 214 41 228 0.000215 0
1180 343 1196 358 0.000213 0
321 186 341 199 0.000212 0
1187 200 1208 231 0.000200 0
1127 444 1134 468 0.000197 0
542 224 568 282 0.000192 0
664 189 671 216 0.000190 0
922 188 939 209 0.000188 0
579 64 662 170 0.000186 0
879 440 894 458 0.000184 0
524 192 551 255 0.000184 0
400 183 409 204 0.000183 0
879 406 905 462 0.000182 0
310 186 331 200 0.000181 0
578 64 650 95 0.000180 0
1159 193 1185 230 0.000180 0
1184 382 1209 412 0.000179 0
924 346 966 409 0.000178 0
785 324 849 344 0.000175 0
740 200 789 238 0.000169 0
448 184 547 337 0.000169 0
924 447 934 459 0.000169 0
905 341 952 410 0.000167 0
578 64 596 94 0.000165 0
370 155 389 210 0.000163 0
848 462 870 478 0.000163 0
1261 254 1279 295 0.000163 0
661 695 812 703 0.000161 0
938 374 973 452 0.000159 0
832 469 840 486 0.000157 0
1104 312 1133 330 0.000157 0
1069 64 1080 70 0.000154 0
894 260 919 301 0.000153 0
485 429 495 447 0.000152 0
871 195 969 310 0.000151 0
584 64 680 223 0.000150 0
909 262 942 296 0.000149 0
1202 407 1216 424 0.000149 0
1183 378 1215 423 0.000146 0
173 201 192 216 0.000145 0
798 431 809 464 0.000142 0
450 204 465 222 0.000142 0
878 407 923 465 0.000140 0
1192 356 1225 420 0.000140 0
798 440 830 473 0.000139 0
453 202 467 232 0.000139 0
216 208 254 244 0.000136 0
1213 369 1223 389 0.000136 0
553 188 591 249 0.000134 0
1064 64 1151 75 0.000134 0
0 198 15 292 0.000129 0
0 438 17 507 0.000128 0
1084 312 1107 367 0.000127 0
1072 326 1089 363 0.000126 0
691 150 717 217 0.000125 0
103 249 130 265 0.000125 0
773 306 848 371 0.000125 0
798 441 814 472 0.000125 0
891 165 1267 266 0.000124 0
315 64 432 206 0.000124 0
1014 382 1029 397 0.000124 0
990 192 1001 214 0.000123 0
1083 335 1104 378 0.000123 0
1191 356 1212 412 0.000123 0
0 187 5 205 0.000123 0
510 225 532 278 0.000123 0
902 242 928 296 0.000123 0
199 200 212 218 0.000123 0
1144 328 1155 344 0.000123 0
651 161 671 207 0.000122 0
963 345 1024 392 0.000122 0
0 143 39 203 0.000122 0
367 207 375 217 0.000122 0
665 186 671 212 0.000121 0
1078 318 1104 374 0.000120 0
891 335 930 411 0.000119 0
653 153 669 175 0.000118 0
1051 486 1077 500 0.000117 0
960 345 967 352 0.000117 0
996 373 1049 446 0.000117 0
728 194 836 261 0.000115 0
1122 274 1169 350 0.000113 0
733 149 743 157 0.000109 0
591 156 605 183 0.000109 0
456 198 525 266 0.000109 0
0 149 6 204 0.000107 0
496 64 552 142 0.000107 0
1168 344 1195 360 0.000106 0
0 144 14 301 0.000106 0
1052 132 1105 260 0.000105 0
211 205 257 263 0.000105 0
783 362 816 392 0.000105 0
527 230 548 280 0.000104 0
1183 166 1201 216 0.000104 0
982 390 993 410 0.000104 0
1184 332 1214 413 0.000102 0
927 212 950 263 0.000101 0
767 178 781 198 0.000101 0
586 173 597 190 0.000101 0
483 178 585 307 0.000100 0
731 232 766 298 0.745633 1
923 215 991 274 0.718263 1
1154 229 1188 263 0.702756 1
790 219 849 260 0.374692 1
790 217 824 260 0.166326 1
923 230 965 274 0.049397 1
731 245 749 295 0.047287 1
1075 218 1095 254 0.041124 1
802 214 825 240 0.031196 1
1060 216 1094 259 0.030661 1
814 217 828 246 0.021693 1
732 232 762 274 0.008722 1
1114 221 1133 248 0.007542 1
823 228 854 260 0.006496 1
943 211 967 266 0.005195 1
1055 217 1082 256 0.004928 1
922 214 969 268 0.004897 1
1078 215 1114 253 0.004889 1
834 227 856 245 0.004646 1
927 275 964 309 0.003840 1
1032 218 1079 259 0.003684 1
952 214 990 268 0.003323 1
926 232 954 268 0.003050 1
764 234 792 282 0.002438 1
1100 221 1129 248 0.002333 1
923 234 947 273 0.002288 1
942 230 964 267 0.001967 1
832 233 848 261 0.001895 1
956 212 981 237 0.001590 1
827 213 860 274 0.001555 1
790 233 816 266 0.001524 1
804 209 870 284 0.001466 1
1081 220 1096 258 0.001416 1
943 274 962 304 0.001335 1
736 231 784 295 0.001228 1
1102 228 1119 248 0.001215 1
731 208 830 288 0.001039 1
818 223 862 282 0.001034 1
767 250 785 280 0.000896 1
1117 215 1184 250 0.000892 1
730 232 750 276 0.000828 1
926 278 955 301 0.000803 1
921 233 942 265 0.000775 1
1224 217 1241 233 0.000770 1
761 246 802 281 0.000765 1
740 230 767 276 0.000679 1
1057 232 1079 261 0.000619 1
917 204 941 261 0.000575 1
704 210 864 266 0.000570 1
780 229 824 281 0.000543 1
948 208 1058 265 0.000521 1
778 252 801 281 0.000501 1
717 219 760 273 0.000386 1
960 237 990 270 0.000382 1
752 231 821 273 0.000365 1
1182 227 1193 247 0.000364 1
1178 233 1203 265 0.000341 1
918 235 956 295 0.000335 1
899 214 988 304 0.000318 1
686 205 1086 301 0.000309 1
766 231 791 238 0.000303 1
924 215 1065 278 0.000299 1
734 209 934 311 0.000291 1
923 273 1006 311 0.000279 1
700 228 765 299 0.000279 1
779 202 880 292 0.000266 1
726 231 781 330 0.000228 1
732 212 809 262 0.000204 1
926 286 943 311 0.000201 1
716 206 770 289 0.000181 1
851 222 886 281 0.000173 1
714 226 755 297 0.000166 1
820 261 855 282 0.000161 1
765 247 825 283 0.000160 1
738 224 882 290 0.000150 1
880 205 1013 311 0.000150 1
1091 217 1222 284 0.000148 1
966 247 989 271 0.000145 1
730 250 759 305 0.000142 1
797 223 849 283 0.000127 1
1036 278 1057 338 0.000118 1
0 361 141 565 0.738000 2
989 197 1051 230 0.256323 2
697 201 719 217 0.080174 2
484 201 515 217 0.079778 2
535 204 546 219 0.041897 2
694 202 728 235 0.024550 2
529 203 543 219 0.023253 2
1005 198 1038 223 0.022872 2
1263 280 1279 328 0.020223 2
1007 198 1035 214 0.019543 2
606 201 646 216 0.018907 2
986 203 1028 229 0.015335 2
1164 274 1279 415 0.013290 2
1122 271 1215 332 0.011394 2
953 206 985 229 0.010401 2
1003 195 1089 228 0.009062 2
1164 273 1279 356 0.008751 2
697 184 729 229 0.008639 2
1263 279 1279 363 0.008435 2
0 500 49 555 0.007876 2
874 197 934 242 0.007861 2
821 328 848 344 0.007729 2
590 183 621 201 0.007680 2
975 200 1040 229 0.007168 2
915 201 975 255 0.006070 2
681 198 719 218 0.005857 2
1215 276 1231 328 0.005734 2
867 191 969 279 0.005539 2
1264 279 1279 421 0.005425 2
1167 273 1215 330 0.004880 2
980 206 996 226 0.004706 2
622 190 657 213 0.004534 2
1220 276 1279 363 0.004096 2
1006 204 1036 230 0.003643 2
913 207 988 242 0.003643 2
588 183 622 214 0.003545 2
1099 198 1121 209 0.003412 2
1002 235 1023 249 0.003275 2
1257 200 1279 232 0.003193 2
974 205 986 225 0.003004 2
983 197 1059 244 0.002947 2
1040 195 1084 226 0.002638 2
589 200 632 215 0.002628 2
1008 194 1051 225 0.002555 2
628 197 655 215 0.002538 2
1183 268 1279 294 0.002535 2
680 199 690 216 0.002505 2
623 189 655 205 0.002469 2
0 499 60 607 0.002432 2
1168 272 1265 330 0.002339 2
1003 206 1025 230 0.002335 2
881 199 907 231 0.002277 2
875 199 911 244 0.002259 2
1264 350 1279 407 0.002073 2
1009 194 1039 212 0.002055 2
602 185 659 216 0.001897 2
1053 195 1085 221 0.001893 2
971 206 998 245 0.001891 2
1222 276 1279 328 0.001877 2
708 199 749 232 0.001865 2
559 185 578 204 0.001835 2
968 201 988 224 0.001828 2
1098 214 1133 245 0.001657 2
948 200 982 225 0.001549 2
311 187 323 198 0.001527 2
1165 270 1217 360 0.001517 2
976 200 998 227 0.001465 2
1054 220 1066 237 0.001460 2
1071 196 1086 215 0.001449 2
590 174 659 216 0.001447 2
555 181 621 205 0.001439 2
1035 196 1057 230 0.001427 2
976 218 1026 253 0.001390 2
1187 342 1279 416 0.001369 2
1053 194 1086 251 0.001342 2
803 183 843 229 0.001322 2
512 196 529 217 0.001318 2
589 201 614 215 0.001310 2
1015 196 1083 259 0.001296 2
1199 275 1231 328 0.001287 2
1013 199 1053 231 0.001281 2
449 157 491 171 0.001263 2
866 225 881 243 0.001216 2
304 190 314 198 0.001193 2
707 199 730 234 0.001116 2
606 201 650 231 0.001091 2
905 199 940 245 0.001082 2
677 211 698 233 0.001050 2
1054 214 1073 233 0.001026 2
1125 272 1246 415 0.000998 2
1179 213 1279 292 0.000980 2
990 225 1025 250 0.000961 2
957 215 995 256 0.000957 2
965 197 1054 258 0.000888 2
883 187 987 254 0.000817 2
1263 168 1279 182 0.000810 2
1114 215 1152 245 0.000796 2
1025 193 1085 220 0.000792 2
0 506 18 555 0.000760 2
833 208 1229 259 0.000736 2
1114 216 1132 232 0.000719 2
1263 317 1279 372 0.000713 2
689 190 1265 296 0.000700 2
679 200 703 234 0.000699 2
1104 487 1121 496 0.000689 2
0 361 121 444 0.000685 2
1001 237 1024 257 0.000681 2
1106 488 1136 497 0.000669 2
0 494 115 604 0.000657 2
303 184 317 198 0.000657 2
621 168 660 212 0.000626 2
699 184 749 230 0.000622 2
864 215 883 243 0.000609 2
1207 276 1279 302 0.000600 2
657 195 693 217 0.000592 2
1099 207 1128 217 0.000589 2
793 185 962 276 0.000558 2
555 181 604 217 0.000532 2
1218 246 1279 271 0.000529 2
640 270 1021 356 0.000511 2
1152 272 1167 335 0.000495 2
1113 183 1177 249 0.000491 2
1199 275 1215 324 0.000486 2
481 172 563 245 0.000484 2
1185 273 1200 283 0.000474 2
453 203 465 222 0.000469 2
1263 350 1279 375 0.000469 2
387 198 397 206 0.000463 2
1120 488 1136 497 0.000458 2
1230 278 1266 328 0.000448 2
0 496 24 602 0.000444 2
1097 208 1135 231 0.000442 2
1212 273 1232 362 0.000442 2
1128 272 1216 375 0.000440 2
876 178 937 201 0.000409 2
869 199 922 281 0.000409 2
500 182 565 227 0.000398 2
1101 191 1121 209 0.000386 2
1219 167 1279 183 0.000381 2
1144 184 1202 208 0.000373 2
1169 273 1201 284 0.000364 2
543 160 580 171 0.000361 2
0 497 96 559 0.000350 2
1103 487 1136 505 0.000340 2
174 205 186 216 0.000340 2
294 183 307 198 0.000338 2
903 456 913 463 0.000336 2
917 185 987 233 0.000332 2
1098 205 1124 220 0.000330 2
789 326 848 344 0.000329 2
848 467 869 479 0.000319 2
588 175 626 202 0.000316 2
651 179 671 212 0.000301 2
0 498 37 544 0.000299 2
1135 173 1280 266 0.000291 2
456 166 572 267 0.000287 2
0 502 20 536 0.000285 2
1263 362 1279 429 0.000283 2
832 479 840 486 0.000278 2
471 188 480 204 0.000271 2
651 186 668 216 0.000268 2
1124 272 1168 345 0.000267 2
600 168 731 235 0.000267 2
487 206 517 222 0.000252 2
1167 273 1214 285 0.000248 2
0 480 140 565 0.000248 2
1263 196 1279 344 0.000242 2
1201 277 1214 285 0.000241 2
1240 291 1279 376 0.000239 2
652 172 693 217 0.000230 2
1071 311 1122 348 0.000229 2
1237 335 1279 409 0.000227 2
450 197 474 233 0.000222 2
575 445 592 459 0.000219 2
356 216 368 228 0.000219 2
1226 158 1248 181 0.000216 2
913 194 1056 230 0.000215 2
635 167 671 212 0.000212 2
508 234 530 251 0.000207 2
1071 327 1088 340 0.000205 2
1233 180 1279 231 0.000204 2
1055 267 1148 335 0.000203 2
1180 328 1250 418 0.000200 2
988 240 1007 258 0.000196 2
496 238 533 252 0.000195 2
1157 190 1179 218 0.000194 2
1151 182 1204 223 0.000189 2
922 454 937 463 0.000182 2
353 174 613 274 0.000180 2
1218 327 1278 412 0.000180 2
0 499 41 640 0.000179 2
539 186 666 223 0.000179 2
1120 208 1135 219 0.000175 2
127 204 137 217 0.000175 2
542 160 583 184 0.000175 2
1104 185 1122 204 0.000173 2
820 327 848 360 0.000168 2
341 158 943 304 0.000166 2
866 200 883 240 0.000162 2
1003 183 1054 215 0.000162 2
543 161 590 198 0.000162 2
659 180 671 206 0.000161 2
827 282 849 301 0.000160 2
1193 359 1266 415 0.000159 2
680 173 717 218 0.000157 2
397 201 410 207 0.000156 2
1216 331 1277 379 0.000154 2
1199 370 1271 425 0.000154 2
432 162 741 256 0.000148 2
1244 339 1279 380 0.000146 2
0 349 150 628 0.000144 2
535 181 560 202 0.000144 2
1247 345 1269 363 0.000144 2
627 203 676 235 0.000143 2
633 379 656 396 0.000143 2
1077 312 1159 354 0.000142 2
1245 334 1279 364 0.000140 2
1219 503 1232 511 0.000139 2
449 205 459 220 0.000137 2
923 180 945 201 0.000134 2
578 199 655 234 0.000134 2
989 247 1007 264 0.000134 2
0 206 142 565 0.000131 2
0 469 31 545 0.000130 2
894 270 968 312 0.000128 2
670 695 811 703 0.000127 2
575 197 618 216 0.000125 2
1054 257 1113 333 0.000122 2
680 181 691 216 0.000121 2
1202 323 1259 413 0.000115 2
466 201 515 225 0.000114 2
1149 329 1215 359 0.000113 2
1019 310 1106 333 0.000113 2
319 202 332 231 0.000112 2
925 181 954 211 0.000112 2
992 249 1008 262 0.000109 2
1152 330 1221 395 0.000109 2
1226 322 1272 367 0.000109 2
1220 340 1275 369 0.000105 2
1248 346 1263 360 0.000103 2
886 477 913 487 0.000100 2
480 173 516 217 0.036855 5
480 169 565 217 0.019504 5
1217 175 1279 264 0.003623 5
1228 188 1278 235 0.003324 5
484 172 572 250 0.001995 5
1212 164 1269 231 0.001007 5
1263 169 1279 206 0.000791 5
1212 169 1279 207 0.000734 5
448 155 574 219 0.000482 5
1263 72 1279 269 0.000201 5
445 156 518 181 0.000135 5
445 170 487 240 0.000125 5
444 178 483 211 0.000102 5
642 269 1269 337 0.012698 6
926 269 1215 340 0.011717 6
643 267 1274 403 0.011566 6
1263 277 1279 496 0.003674 6
1130 274 1279 417 0.003500 6
650 193 1266 335 0.003162 6
866 268 1279 386 0.002927 6
1102 173 1279 289 0.002925 6
1073 171 1279 417 0.002321 6
1174 172 1278 278 0.002261 6
1049 270 1279 425 0.001941 6
1180 333 1279 415 0.001254 6
3 64 479 395 0.001181 6
0 64 75 279 0.001041 6
684 180 1033 298 0.000901 6
975 167 1278 352 0.000821 6
723 192 1271 281 0.000748 6
3 64 344 310 0.000676 6
1159 175 1279 344 0.000637 6
331 64 675 228 0.000491 6
641 689 812 703 0.000416 6
374 131 943 248 0.000409 6
1111 215 1191 250 0.000381 6
473 158 652 208 0.000373 6
424 64 936 253 0.000368 6
541 64 665 212 0.000327 6
636 691 943 703 0.000305 6
0 64 234 238 0.000297 6
0 141 40 204 0.000297 6
30 64 453 243 0.000253 6
471 65 657 217 0.000223 6
117 64 262 100 0.000218 6
578 64 685 220 0.000215 6
992 268 1279 479 0.000186 6
0 65 55 209 0.000176 6
1070 159 1278 262 0.000164 6
519 64 715 248 0.000157 6
343 101 630 257 0.000143 6
312 64 485 283 0.000134 6
136 64 442 211 0.000130 6
1 137 344 402 0.000128 6
1231 301 1279 486 0.000124 6
1135 329 1277 422 0.000124 6
317 64 635 270 0.000122 6
173 64 257 102 0.000111 6
1247 319 1279 498 0.000105 6
865 177 939 242 0.259647 7
703 151 859 234 0.222877 7
810 176 940 241 0.065654 7
699 151 943 240 0.043115 7
865 177 979 258 0.034500 7
867 190 967 243 0.019306 7
698 184 728 218 0.013988 7
866 177 936 217 0.012252 7
1119 184 1196 218 0.006258 7
1118 183 1223 249 0.004152 7
696 173 728 229 0.001809 7
867 177 936 201 0.001565 7
803 167 858 224 0.001461 7
857 175 1065 260 0.001441 7
479 166 584 211 0.001384 7
506 149 945 236 0.001174 7
598 164 664 215 0.001072 7
1094 164 1163 217 0.001012 7
1105 173 1267 222 0.000966 7
509 167 580 197 0.000963 7
1121 184 1165 216 0.000956 7
596 158 731 223 0.000903 7
543 160 581 184 0.000833 7
838 178 1197 281 0.000806 7
544 161 582 204 0.000796 7
712 178 977 276 0.000753 7
1263 167 1279 218 0.000730 7
474 164 648 209 0.000665 7
718 152 806 208 0.000644 7
597 167 914 241 0.000603 7
699 153 804 247 0.000571 7
542 163 617 205 0.000490 7
587 166 633 202 0.000487 7
538 64 951 247 0.000441 7
797 162 939 222 0.000437 7
1101 163 1240 211 0.000419 7
688 156 727 232 0.000388 7
1107 171 1280 264 0.000385 7
521 161 582 188 0.000377 7
373 149 941 265 0.000288 7
701 118 1216 271 0.000278 7
1004 183 1066 224 0.000274 7
857 173 1261 253 0.000271 7
722 153 1142 257 0.000259 7
516 157 947 299 0.000236 7
679 89 946 240 0.000212 7
543 175 636 203 0.000201 7
1157 195 1194 221 0.000197 7
577 64 720 228 0.000186 7
1209 163 1242 217 0.000183 7
1084 180 1167 261 0.000181 7
548 171 568 189 0.000176 7
514 172 646 230 0.000174 7
549 171 569 198 0.000168 7
343 140 947 332 0.000158 7
533 178 576 214 0.000150 7
675 695 811 703 0.000127 7
676 115 725 237 0.000115 7
696 111 855 228 0.000104 7
1088 150 1103 177 0.620825 9
1007 136 1024 174 0.098556 9
512 151 524 182 0.093742 9
119 64 159 73 0.022373 9
366 167 373 186 0.020367 9
373 167 381 184 0.016396 9
118 64 182 76 0.013478 9
1023 127 1040 160 0.012942 9
312 148 341 195 0.010901 9
994 136 1024 176 0.010538 9
831 136 861 166 0.010138 9
449 157 490 171 0.010098 9
995 138 1001 172 0.008678 9
1048 158 1056 180 0.007505 9
996 136 1010 176 0.006231 9
1207 167 1215 186 0.005893 9
1080 173 1088 183 0.005676 9
1054 114 1066 136 0.005587 9
808 160 857 186 0.004871 9
1048 172 1056 185 0.004835 9
975 136 996 168 0.004700 9
239 177 246 190 0.003984 9
362 167 373 188 0.003974 9
1172 150 1182 162 0.003955 9
844 150 859 166 0.003706 9
1054 112 1082 145 0.003689 9
802 157 858 218 0.003602 9
1097 134 1105 152 0.003313 9
979 138 993 163 0.003295 9
1215 276 1231 327 0.003249 9
804 148 811 157 0.003047 9
1088 149 1110 178 0.002989 9
1213 168 1225 185 0.002975 9
1130 64 1152 72 0.002964 9
511 189 522 204 0.002906 9
1089 133 1106 176 0.002794 9
878 155 890 168 0.002691 9
1207 168 1215 199 0.002652 9
840 119 852 134 0.002621 9
1200 135 1209 153 0.002480 9
511 180 523 200 0.002237 9
842 119 863 136 0.002223 9
1122 64 1152 74 0.002150 9
1073 151 1082 168 0.002147 9
832 140 846 151 0.002146 9
1013 135 1030 173 0.002065 9
988 135 1001 171 0.001959 9
1065 113 1082 143 0.001938 9
165 64 180 75 0.001913 9
864 441 877 455 0.001899 9
1065 105 1072 117 0.001869 9
806 148 813 160 0.001760 9
982 138 1000 169 0.001743 9
814 150 824 160 0.001708 9
1100 135 1109 161 0.001600 9
960 136 976 159 0.001588 9
849 119 866 136 0.001561 9
1009 127 1041 174 0.001508 9
975 168 992 184 0.001368 9
879 153 895 171 0.001221 9
1012 131 1074 173 0.001119 9
586 117 597 134 0.001067 9
1109 149 1120 166 0.000989 9
1264 78 1279 104 0.000975 9
991 679 1004 703 0.000961 9
878 143 896 170 0.000944 9
869 137 895 168 0.000891 9
803 144 813 158 0.000891 9
259 143 269 159 0.000888 9
1199 135 1211 180 0.000886 9
1050 110 1066 138 0.000878 9
973 122 1010 172 0.000833 9
224 183 231 192 0.000825 9
688 119 704 173 0.000815 9
1017 131 1103 185 0.000814 9
862 136 937 153 0.000811 9
828 136 897 166 0.000786 9
257 146 267 159 0.000779 9
1172 143 1183 162 0.000779 9
982 120 993 140 0.000760 9
1191 165 1201 185 0.000760 9
697 136 705 155 0.000736 9
169 64 184 74 0.000732 9
999 143 1007 184 0.000723 9
448 155 514 172 0.000713 9
838 119 863 146 0.000701 9
1056 154 1064 168 0.000687 9
1009 135 1046 188 0.000685 9
697 151 708 176 0.000680 9
974 188 981 200 0.000678 9
999 125 1007 135 0.000657 9
118 64 196 91 0.000641 9
770 695 809 703 0.000636 9
959 134 990 167 0.000623 9
870 119 879 133 0.000622 9
1088 142 1126 180 0.000620 9
865 150 891 175 0.000614 9
813 143 823 158 0.000608 9
1151 121 1160 135 0.000603 9
1206 160 1216 192 0.000589 9
692 173 704 201 0.000582 9
1198 384 1207 408 0.000576 9
890 136 937 153 0.000568 9
866 137 910 172 0.000566 9
863 119 870 136 0.000555 9
855 136 895 150 0.000542 9
847 695 880 703 0.000529 9
896 167 903 177 0.000527 9
514 167 546 184 0.000518 9
1044 150 1058 176 0.000516 9
1096 130 1105 138 0.000515 9
829 140 868 174 0.000507 9
801 155 846 196 0.000495 9
1046 180 1060 195 0.000490 9
852 136 938 163 0.000487 9
1071 154 1085 187 0.000487 9
802 146 811 160 0.000479 9
1264 694 1274 703 0.000476 9
871 163 880 177 0.000475 9
864 164 871 178 0.000470 9
1087 182 1098 199 0.000463 9
1209 167 1227 208 0.000456 9
685 119 709 186 0.000455 9
866 137 894 149 0.000455 9
1181 170 1201 218 0.000453 9
1074 149 1099 180 0.000448 9
172 64 200 88 0.000442 9
1026 126 1065 173 0.000435 9
951 346 959 371 0.000431 9
1040 155 1051 171 0.000430 9
160 64 191 90 0.000429 9
340 164 351 189 0.000426 9
314 139 359 196 0.000423 9
1061 123 1109 185 0.000421 9
1051 153 1064 184 0.000418 9
691 149 713 203 0.000418 9
398 83 410 96 0.000417 9
493 152 524 176 0.000417 9
966 71 976 82 0.000411 9
1228 165 1247 182 0.000397 9
460 184 480 203 0.000397 9
310 185 323 197 0.000386 9
1056 152 1064 164 0.000382 9
699 150 713 176 0.000382 9
265 216 276 232 0.000379 9
582 64 595 70 0.000372 9
830 126 855 159 0.000371 9
1127 64 1152 78 0.000371 9
1078 161 1090 182 0.000371 9
75 64 159 73 0.000369 9
516 175 546 196 0.000362 9
989 114 1026 175 0.000361 9
214 183 226 194 0.000355 9
976 118 993 163 0.000353 9
257 179 264 191 0.000349 9
521 173 547 184 0.000346 9
1151 103 1168 134 0.000345 9
874 159 896 176 0.000344 9
1200 134 1214 154 0.000333 9
496 151 524 191 0.000332 9
963 71 976 91 0.000329 9
1197 140 1213 191 0.000329 9
1039 277 1056 335 0.000326 9
837 117 853 136 0.000323 9
1150 103 1185 136 0.000315 9
1105 150 1119 169 0.000311 9
1086 147 1102 196 0.000309 9
865 136 932 175 0.000306 9
511 151 546 192 0.000305 9
1195 161 1220 210 0.000305 9
1007 136 1028 206 0.000301 9
808 159 880 182 0.000300 9
686 168 700 210 0.000294 9
697 150 714 186 0.000293 9
163 64 189 80 0.000289 9
545 141 552 152 0.000289 9
1201 166 1214 185 0.000286 9
973 182 987 201 0.000283 9
1167 139 1183 161 0.000276 9
892 154 906 175 0.000271 9
977 119 983 135 0.000266 9
322 93 330 118 0.000264 9
1013 153 1058 187 0.000263 9
1160 372 1166 389 0.000263 9
1270 693 1279 703 0.000253 9
1130 165 1154 185 0.000251 9
1002 112 1090 184 0.000241 9
1077 178 1093 213 0.000240 9
904 127 911 137 0.000240 9
1005 159 1068 204 0.000235 9
801 153 818 188 0.000234 9
840 145 891 175 0.000228 9
686 118 705 153 0.000226 9
1148 102 1188 176 0.000225 9
686 147 711 186 0.000222 9
1098 153 1112 190 0.000222 9
959 159 989 168 0.000220 9
320 64 366 111 0.000218 9
592 64 644 93 0.000214 9
810 151 856 173 0.000213 9
1156 134 1169 158 0.000212 9
370 154 382 185 0.000209 9
1152 164 1170 184 0.000207 9
1263 80 1279 120 0.000206 9
583 91 598 136 0.000205 9
389 84 406 96 0.000204 9
1186 164 1217 204 0.000203 9
1079 135 1090 146 0.000203 9
1071 113 1085 142 0.000200 9
1186 384 1207 403 0.000199 9
998 131 1105 233 0.000196 9
663 149 671 172 0.000193 9
1032 119 1066 163 0.000192 9
415 64 432 96 0.000188 9
256 154 267 174 0.000185 9
1040 123 1064 175 0.000185 9
240 164 248 178 0.000185 9
333 156 353 198 0.000183 9
597 64 622 90 0.000182 9
1065 64 1152 75 0.000181 9
1263 78 1279 169 0.000180 9
1103 163 1176 219 0.000176 9
1050 111 1084 171 0.000174 9
293 176 307 198 0.000172 9
679 64 691 101 0.000170 9
1073 135 1103 179 0.000169 9
877 130 1224 244 0.000167 9
703 80 722 95 0.000166 9
550 141 565 151 0.000164 9
1184 165 1201 185 0.000164 9
680 167 689 209 0.000163 9
432 170 445 195 0.000162 9
579 64 596 92 0.000161 9
1172 167 1228 217 0.000161 9
1107 141 1120 166 0.000160 9
1215 163 1241 186 0.000159 9
516 168 568 185 0.000157 9
987 115 999 136 0.000157 9
1151 131 1163 158 0.000154 9
680 166 688 187 0.000154 9
219 165 232 175 0.000151 9
682 169 703 217 0.000150 9
214 164 227 177 0.000149 9
624 64 639 88 0.000149 9
652 127 661 143 0.000148 9
681 89 716 232 0.000147 9
575 136 581 143 0.000147 9
256 175 266 190 0.000147 9
258 143 270 177 0.000146 9
958 153 992 169 0.000146 9
320 165 341 195 0.000145 9
663 119 671 146 0.000145 9
636 68 674 171 0.000143 9
375 165 391 185 0.000141 9
950 343 960 365 0.000140 9
367 64 429 98 0.000139 9
832 120 851 138 0.000138 9
359 151 381 188 0.000137 9
654 150 671 178 0.000136 9
310 64 432 237 0.000135 9
1204 156 1229 196 0.000135 9
664 139 671 161 0.000135 9
999 118 1007 133 0.000134 9
552 142 571 152 0.000133 9
1071 136 1085 172 0.000133 9
1167 146 1189 183 0.000133 9
663 131 671 152 0.000133 9
624 64 640 77 0.000132 9
352 165 363 189 0.000131 9
247 177 257 192 0.000130 9
680 148 689 163 0.000127 9
1050 114 1066 153 0.000124 9
119 64 161 87 0.000124 9
1150 129 1184 179 0.000123 9
917 158 1000 218 0.000123 9
255 160 264 177 0.000122 9
1101 164 1157 193 0.000121 9
580 76 599 137 0.000120 9
876 120 889 137 0.000120 9
692 121 713 180 0.000119 9
959 160 995 201 0.000119 9
344 153 370 193 0.000118 9
255 86 268 102 0.000117 9
818 134 880 209 0.000117 9
1150 114 1165 157 0.000116 9
702 117 717 128 0.000113 9
1006 183 1061 223 0.000111 9
375 161 409 190 0.000109 9
599 679 608 702 0.000109 9
1096 129 1110 158 0.000108 9
820 135 934 174 0.000107 9
1054 148 1088 217 0.000106 9
247 163 257 175 0.000106 9
1199 65 1216 131 0.000106 9
956 160 993 187 0.000106 9
965 122 981 137 0.000105 9
1162 142 1204 186 0.000105 9
382 84 396 97 0.000104 9
937 72 977 92 0.000104 9
994 180 1020 207 0.000104 9
1076 156 1162 213 0.000103 9
1103 679 1120 695 0.000102 9
523 183 536 197 0.061028 11
517 190 526 200 0.015802 11
312 149 341 194 0.015687 11
1182 189 1199 216 0.014020 11
325 111 366 164 0.008706 11
449 157 491 171 0.001506 11
519 181 551 202 0.000164 11
