524 184 557 261 0.784123 0
790 191 830 276 0.751817 0
958 189 986 256 0.723369 0
738 200 779 292 0.581468 0
771 190 793 270 0.389948 0
227 200 242 242 0.370074 0
1054 194 1077 251 0.322226 0
772 191 792 243 0.209059 0
1215 200 1229 233 0.163549 0
1054 194 1075 222 0.155651 0
750 200 778 248 0.110069 0
951 372 980 451 0.094021 0
750 200 778 278 0.091189 0
849 199 857 223 0.089625 0
1215 201 1228 216 0.073898 0
849 200 857 237 0.063782 0
770 184 791 219 0.055398 0
1234 197 1256 233 0.044026 0
770 183 786 208 0.043540 0
768 186 787 239 0.040541 0
769 183 782 204 0.035132 0
770 184 799 236 0.034612 0
718 212 728 235 0.027200 0
848 193 859 241 0.024026 0
956 371 979 426 0.017984 0
1215 191 1224 216 0.017728 0
1214 198 1229 252 0.017587 0
471 200 478 217 0.017192 0
517 191 526 200 0.015315 0
612 151 624 168 0.014722 0
848 200 864 238 0.014615 0
1014 200 1029 222 0.014120 0
786 196 800 234 0.013972 0
1214 191 1231 217 0.011303 0
1250 199 1265 233 0.010141 0
519 191 530 211 0.010091 0
1052 215 1080 254 0.009685 0
1272 200 1279 248 0.009608 0
990 383 1024 454 0.008964 0
1112 193 1120 203 0.008756 0
738 228 763 300 0.008704 0
1201 211 1206 223 0.008676 0
244 196 255 215 0.008158 0
1037 198 1051 230 0.007593 0
633 203 644 216 0.006915 0
848 183 857 225 0.006294 0
225 200 243 260 0.005973 0
1203 192 1228 227 0.005817 0
212 198 221 228 0.005594 0
1208 189 1228 218 0.005399 0
374 185 388 203 0.005393 0
459 203 466 217 0.005175 0
774 212 792 251 0.005149 0
780 196 801 249 0.005014 0
1184 200 1230 268 0.004445 0
242 199 252 234 0.004412 0
1197 207 1206 223 0.004394 0
511 189 524 202 0.004117 0
1181 189 1200 232 0.004005 0
510 195 517 215 0.003964 0
465 201 479 249 0.003685 0
997 383 1024 430 0.003608 0
463 200 479 218 0.003195 0
521 193 531 217 0.003079 0
1182 214 1199 242 0.003019 0
958 375 979 409 0.002837 0
1265 200 1279 270 0.002430 0
949 366 1022 457 0.002400 0
965 368 980 390 0.002344 0
464 202 478 228 0.002307 0
1209 196 1258 263 0.002294 0
612 151 632 168 0.002189 0
1230 196 1260 261 0.002158 0
212 201 225 232 0.002114 0
1224 192 1241 213 0.001928 0
1040 196 1066 230 0.001864 0
879 200 904 242 0.001862 0
1041 195 1073 241 0.001845 0
1109 196 1120 208 0.001748 0
998 384 1024 403 0.001712 0
199 206 206 219 0.001692 0
513 185 529 228 0.001692 0
464 202 473 220 0.001682 0
1251 199 1279 268 0.001659 0
632 202 646 225 0.001610 0
1180 216 1202 259 0.001594 0
462 197 479 260 0.001587 0
1027 195 1050 225 0.001542 0
783 330 816 392 0.001535 0
965 365 985 392 0.001482 0
805 184 814 201 0.001456 0
633 183 642 198 0.001439 0
1185 221 1203 248 0.001428 0
758 184 785 231 0.001408 0
863 438 880 479 0.001386 0
950 275 960 293 0.001378 0
804 184 817 215 0.001374 0
511 183 522 200 0.001364 0
1210 224 1228 268 0.001359 0
1187 203 1279 269 0.001343 0
958 190 978 222 0.001272 0
519 184 535 200 0.001261 0
760 183 783 212 0.001253 0
516 191 530 245 0.001247 0
1120 312 1136 344 0.001213 0
1053 193 1096 250 0.001170 0
864 218 875 238 0.001147 0
209 199 224 228 0.001076 0
1079 188 1090 202 0.001012 0
510 189 530 250 0.000987 0
1135 447 1143 461 0.000968 0
557 184 566 198 0.000947 0
242 213 251 239 0.000929 0
1088 195 1096 209 0.000928 0
974 354 992 393 0.000928 0
367 208 375 217 0.000902 0
384 191 396 206 0.000871 0
1208 216 1234 269 0.000863 0
639 190 655 213 0.000852 0
158 204 172 233 0.000851 0
960 370 983 393 0.000833 0
350 189 358 200 0.000829 0
1087 187 1096 205 0.000824 0
199 210 208 227 0.000779 0
603 151 634 188 0.000776 0
1120 312 1128 339 0.000734 0
462 196 480 307 0.000726 0
854 207 875 240 0.000711 0
948 346 962 394 0.000689 0
265 196 272 211 0.000681 0
956 366 993 414 0.000681 0
1072 485 1080 501 0.000673 0
454 202 465 223 0.000671 0
183 198 191 209 0.000670 0
943 346 966 411 0.000657 0
268 199 279 215 0.000656 0
791 185 815 228 0.000645 0
271 200 279 220 0.000618 0
346 188 354 199 0.000612 0
535 205 555 262 0.000606 0
947 343 988 399 0.000600 0
983 370 1024 419 0.000596 0
265 197 275 226 0.000588 0
511 186 539 258 0.000573 0
850 198 876 275 0.000569 0
1191 189 1213 222 0.000560 0
1215 164 1246 215 0.000556 0
319 203 330 222 0.000553 0
455 190 483 295 0.000539 0
924 353 982 456 0.000535 0
971 353 1024 421 0.000519 0
328 185 342 199 0.000518 0
1120 312 1128 329 0.000518 0
603 171 621 183 0.000514 0
967 348 992 391 0.000503 0
311 185 323 197 0.000488 0
914 454 928 485 0.000486 0
1218 403 1232 431 0.000476 0
980 367 992 392 0.000471 0
919 205 945 244 0.000460 0
846 205 887 275 0.000457 0
213 188 226 228 0.000444 0
1201 365 1232 430 0.000434 0
1214 386 1232 430 0.000433 0
958 208 981 255 0.000430 0
387 198 396 206 0.000429 0
522 185 579 269 0.000426 0
976 200 995 224 0.000426 0
933 203 947 218 0.000420 0
1120 304 1143 345 0.000399 0
847 269 853 281 0.000397 0
368 183 387 204 0.000389 0
1217 191 1279 299 0.000388 0
1197 379 1216 424 0.000387 0
942 190 990 254 0.000385 0
1187 378 1213 418 0.000383 0
230 212 248 243 0.000382 0
455 201 478 253 0.000378 0
323 188 341 199 0.000377 0
454 202 467 232 0.000373 0
998 380 1045 463 0.000364 0
1147 271 1168 359 0.000362 0
216 204 242 261 0.000361 0
1180 182 1202 256 0.000359 0
1194 372 1222 426 0.000355 0
1120 274 1146 346 0.000353 0
1038 278 1058 331 0.000347 0
156 204 177 240 0.000337 0
173 201 189 216 0.000336 0
784 270 849 345 0.000333 0
1263 188 1279 357 0.000332 0
467 194 479 218 0.000332 0
915 466 928 484 0.000326 0
784 321 828 415 0.000318 0
879 440 889 458 0.000316 0
1053 181 1083 223 0.000309 0
1126 443 1134 466 0.000305 0
924 343 971 409 0.000303 0
240 194 256 218 0.000302 0
400 184 409 204 0.000298 0
1208 369 1224 411 0.000297 0
311 187 328 200 0.000296 0
988 359 1025 406 0.000295 0
1195 383 1206 401 0.000293 0
749 455 764 472 0.000292 0
788 331 812 375 0.000291 0
1030 387 1056 462 0.000286 0
1206 252 1230 273 0.000284 0
717 208 754 236 0.000282 0
915 475 926 486 0.000281 0
1068 64 1081 69 0.000280 0
933 343 968 396 0.000276 0
782 195 877 275 0.000274 0
158 202 173 224 0.000272 0
1179 233 1188 248 0.000271 0
765 187 799 280 0.000270 0
972 354 1024 392 0.000268 0
448 169 486 274 0.000266 0
1035 393 1052 424 0.000258 0
524 198 544 260 0.000251 0
950 344 962 365 0.000249 0
1181 177 1217 222 0.000248 0
651 197 666 217 0.000246 0
957 189 1015 258 0.000241 0
796 441 831 473 0.000239 0
1150 321 1168 359 0.000239 0
1185 354 1223 419 0.000239 0
453 168 520 270 0.000239 0
893 335 930 405 0.000238 0
246 214 255 239 0.000238 0
918 339 1018 450 0.000238 0
534 223 550 263 0.000234 0
575 79 585 100 0.000232 0
856 212 868 270 0.000231 0
786 318 819 345 0.000228 0
1176 212 1185 222 0.000228 0
865 215 883 269 0.000224 0
894 335 960 406 0.000224 0
950 374 974 416 0.000224 0
782 330 835 390 0.000222 0
265 193 273 208 0.000221 0
767 176 784 202 0.000221 0
961 345 966 351 0.000220 0
796 415 812 470 0.000215 0
861 441 900 483 0.000213 0
1054 224 1076 298 0.000211 0
1175 344 1193 360 0.000208 0
580 64 662 167 0.000203 0
77 64 165 76 0.000201 0
1153 423 1168 464 0.000200 0
1059 220 1072 297 0.000199 0
334 203 353 233 0.000199 0
670 207 680 229 0.000196 0
806 205 828 269 0.000195 0
537 177 930 287 0.000193 0
539 195 558 261 0.000190 0
897 336 925 361 0.000186 0
1018 380 1056 429 0.000185 0
496 64 554 143 0.000182 0
1059 64 1132 74 0.000181 0
606 150 651 192 0.000180 0
654 204 786 303 0.000180 0
729 192 859 287 0.000180 0
848 443 876 479 0.000180 0
1160 372 1167 391 0.000180 0
438 211 444 218 0.000180 0
951 344 970 382 0.000179 0
963 188 995 231 0.000178 0
1128 274 1151 337 0.000178 0
987 383 1065 466 0.000177 0
318 198 332 226 0.000176 0
970 189 984 207 0.000176 0
578 64 720 224 0.000175 0
333 200 354 255 0.000173 0
563 64 947 159 0.000173 0
1134 445 1152 473 0.000173 0
869 342 998 463 0.000173 0
878 440 911 474 0.000170 0
1202 407 1216 423 0.000168 0
308 379 324 392 0.000168 0
786 326 849 344 0.000168 0
181 197 191 213 0.000166 0
274 199 287 224 0.000166 0
579 64 652 99 0.000165 0
941 366 967 422 0.000163 0
1057 199 1100 335 0.000160 0
880 440 905 465 0.000160 0
492 197 535 252 0.000159 0
743 150 752 157 0.000158 0
32 214 40 226 0.000158 0
95 151 106 170 0.000157 0
662 194 672 217 0.000157 0
984 169 1244 261 0.000156 0
1025 122 1110 253 0.000156 0
1201 241 1239 277 0.000156 0
1080 323 1104 375 0.000155 0
449 204 460 221 0.000155 0
1030 376 1062 426 0.000154 0
1144 328 1156 345 0.000154 0
866 222 889 263 0.000153 0
1189 357 1211 409 0.000153 0
931 369 967 432 0.000152 0
1055 488 1066 497 0.000149 0
1137 273 1206 387 0.000147 0
459 199 519 251 0.000146 0
848 463 866 479 0.000143 0
1061 64 1082 70 0.000138 0
794 410 833 474 0.000137 0
727 66 738 82 0.000135 0
848 181 900 239 0.000135 0
832 469 841 486 0.000134 0
1125 443 1137 470 0.000134 0
367 207 375 224 0.000133 0
323 202 336 254 0.000133 0
366 166 636 269 0.000133 0
827 64 840 70 0.000132 0
449 181 511 337 0.000132 0
1150 338 1165 395 0.000131 0
452 163 562 293 0.000130 0
1199 411 1216 424 0.000129 0
996 381 1039 422 0.000128 0
1152 439 1165 453 0.000128 0
199 200 211 219 0.000128 0
542 64 661 182 0.000126 0
527 237 540 280 0.000126 0
369 202 383 216 0.000126 0
374 184 400 206 0.000123 0
784 314 849 344 0.000120 0
1157 197 1170 212 0.000119 0
604 144 628 171 0.000119 0
992 375 1118 460 0.000119 0
804 175 947 288 0.000118 0
1169 341 1197 389 0.000117 0
1134 326 1146 345 0.000117 0
542 65 602 205 0.000116 0
796 415 809 454 0.000116 0
846 228 879 283 0.000112 0
1206 372 1257 429 0.000112 0
1211 370 1223 390 0.000112 0
809 224 880 283 0.000112 0
496 64 602 162 0.000111 0
578 64 596 94 0.000111 0
983 391 992 409 0.000110 0
1163 339 1207 405 0.000109 0
863 325 886 344 0.000108 0
999 382 1031 410 0.000108 0
315 64 431 207 0.000108 0
1156 423 1168 453 0.000108 0
764 174 801 213 0.000107 0
1118 272 1171 360 0.000105 0
328 478 368 506 0.000105 0
723 217 767 299 0.000104 0
938 340 1001 393 0.000103 0
1050 233 1072 296 0.000103 0
895 335 948 369 0.000103 0
0 143 37 203 0.000103 0
969 331 1140 462 0.000103 0
1167 379 1179 392 0.000102 0
0 64 59 164 0.000102 0
0 147 6 204 0.000102 0
514 194 601 285 0.000102 0
1142 326 1169 359 0.000101 0
1044 219 1082 262 0.749079 1
739 236 776 302 0.426798 1
953 226 1014 272 0.289031 1
954 231 993 271 0.258109 1
739 244 764 302 0.081616 1
953 233 977 271 0.041581 1
975 209 995 254 0.010562 1
771 239 788 280 0.010035 1
748 237 781 282 0.008080 1
953 216 1068 271 0.007976 1
976 207 995 234 0.006597 1
963 214 995 259 0.005728 1
738 263 761 301 0.005724 1
980 215 1016 259 0.004178 1
780 232 795 268 0.004031 1
954 204 997 269 0.003888 1
1077 217 1095 246 0.003624 1
1008 232 1040 261 0.003618 1
984 232 1018 263 0.003045 1
977 205 993 223 0.003009 1
1048 240 1082 262 0.002537 1
1056 226 1082 259 0.002132 1
769 233 795 281 0.002046 1
1074 226 1092 248 0.001749 1
1085 227 1105 247 0.001485 1
777 207 800 268 0.001456 1
980 230 994 256 0.001338 1
1068 226 1093 260 0.001318 1
1042 220 1065 254 0.001239 1
746 243 769 303 0.001050 1
1023 245 1042 259 0.000922 1
1020 228 1082 261 0.000909 1
954 246 1010 271 0.000898 1
987 208 1004 232 0.000752 1
952 232 1009 291 0.000714 1
730 226 868 304 0.000608 1
994 213 1056 253 0.000580 1
1021 227 1064 254 0.000541 1
874 200 1001 269 0.000438 1
1049 230 1095 263 0.000390 1
922 209 936 244 0.000384 1
953 424 974 453 0.000335 1
871 201 1237 273 0.000299 1
127 535 243 671 0.000271 1
738 233 821 304 0.000261 1
914 213 999 272 0.000241 1
1057 224 1104 272 0.000214 1
777 228 804 270 0.000211 1
1050 210 1102 266 0.000188 1
970 232 1039 275 0.000172 1
719 229 855 333 0.000156 1
943 216 1070 302 0.000155 1
780 259 834 283 0.000141 1
786 249 829 280 0.000137 1
945 219 1022 295 0.000134 1
945 203 967 258 0.000126 1
931 241 958 254 0.000120 1
689 246 828 336 0.000114 1
16 231 117 260 0.000110 1
737 211 869 286 0.000107 1
1 280 480 672 0.867360 2
1006 197 1051 229 0.271851 2
484 202 515 217 0.079459 2
694 202 728 235 0.070009 2
1007 199 1036 223 0.067053 2
1271 200 1279 236 0.039455 2
871 198 955 242 0.037875 2
606 201 647 216 0.031040 2
589 183 622 201 0.028876 2
1262 200 1279 234 0.016656 2
1183 218 1279 267 0.015383 2
698 184 729 235 0.012736 2
990 200 1036 228 0.010710 2
821 328 848 344 0.009899 2
1160 272 1279 358 0.009335 2
1144 271 1279 416 0.008483 2
1007 195 1080 228 0.007791 2
1263 280 1279 330 0.007131 2
589 186 655 216 0.007018 2
1066 197 1096 246 0.006953 2
588 183 628 215 0.006005 2
880 199 940 227 0.005410 2
693 200 721 218 0.005271 2
482 193 516 217 0.005105 2
875 199 912 242 0.004980 2
1101 199 1121 209 0.004745 2
1076 204 1122 248 0.004565 2
1259 199 1279 266 0.004437 2
1088 198 1121 209 0.004055 2
1251 198 1266 231 0.003860 2
553 183 625 216 0.003604 2
1263 278 1279 368 0.003524 2
1008 194 1039 218 0.003322 2
884 199 908 229 0.003191 2
1077 213 1096 233 0.003132 2
1225 178 1279 233 0.002954 2
680 199 690 216 0.002859 2
1246 198 1279 267 0.002848 2
589 200 623 215 0.002827 2
1218 203 1279 267 0.002774 2
1073 199 1097 232 0.002622 2
1022 196 1059 231 0.002340 2
1180 207 1279 292 0.002312 2
973 199 1051 229 0.002190 2
551 179 622 205 0.001982 2
1076 197 1094 212 0.001926 2
1091 213 1132 240 0.001911 2
918 203 958 250 0.001881 2
1166 273 1215 330 0.001846 2
549 199 571 216 0.001763 2
553 195 630 217 0.001762 2
1214 277 1231 327 0.001706 2
556 200 579 216 0.001695 2
1169 256 1279 294 0.001558 2
1040 195 1072 227 0.001500 2
711 199 766 231 0.001479 2
616 189 656 215 0.001392 2
494 193 514 216 0.001382 2
680 198 697 216 0.001358 2
1114 215 1170 229 0.001335 2
1137 270 1236 345 0.001310 2
678 200 708 234 0.001310 2
866 196 1001 249 0.001289 2
839 215 891 243 0.001236 2
638 198 655 215 0.001190 2
1099 186 1121 209 0.001130 2
1264 279 1279 453 0.001119 2
1165 270 1279 292 0.001066 2
1263 180 1279 239 0.001034 2
868 211 892 243 0.000987 2
1199 270 1231 328 0.000982 2
819 195 855 240 0.000936 2
638 206 653 216 0.000929 2
865 222 890 243 0.000914 2
1084 185 1124 210 0.000912 2
311 186 323 198 0.000875 2
449 157 491 171 0.000868 2
603 172 659 210 0.000817 2
1071 327 1088 339 0.000800 2
1212 232 1279 269 0.000795 2
1084 185 1097 201 0.000783 2
555 184 573 204 0.000761 2
1115 220 1136 231 0.000757 2
678 210 697 233 0.000743 2
1230 276 1279 328 0.000726 2
1104 487 1120 496 0.000716 2
737 214 760 251 0.000710 2
304 190 315 199 0.000702 2
174 205 186 216 0.000694 2
1091 201 1124 220 0.000692 2
1151 271 1168 336 0.000688 2
1165 269 1218 361 0.000679 2
554 182 579 214 0.000664 2
1263 249 1279 269 0.000664 2
1263 168 1279 181 0.000624 2
1205 278 1268 328 0.000610 2
1182 334 1266 415 0.000596 2
698 184 765 234 0.000585 2
387 199 397 206 0.000583 2
1108 488 1135 497 0.000581 2
1090 269 1231 339 0.000579 2
660 196 692 217 0.000561 2
1054 192 1120 248 0.000542 2
356 216 368 229 0.000515 2
1246 248 1279 268 0.000513 2
974 188 1042 222 0.000493 2
1103 184 1123 204 0.000492 2
1263 168 1279 201 0.000484 2
600 201 657 230 0.000454 2
1075 184 1096 202 0.000452 2
507 238 529 251 0.000431 2
1195 276 1278 292 0.000426 2
1120 488 1136 497 0.000423 2
895 199 955 215 0.000411 2
1030 178 1122 248 0.000397 2
848 466 867 479 0.000397 2
490 186 585 221 0.000385 2
797 327 849 344 0.000384 2
928 198 957 207 0.000359 2
1084 203 1161 227 0.000352 2
485 206 517 222 0.000347 2
903 457 913 463 0.000338 2
411 166 755 233 0.000337 2
1168 274 1214 285 0.000333 2
1234 282 1279 351 0.000329 2
1263 351 1279 377 0.000328 2
827 196 1232 272 0.000325 2
1189 241 1279 291 0.000319 2
1010 206 1082 255 0.000310 2
1103 487 1136 504 0.000305 2
1146 208 1181 219 0.000304 2
303 184 318 198 0.000303 2
602 164 630 184 0.000302 2
1263 349 1279 411 0.000300 2
820 328 848 358 0.000282 2
471 195 532 252 0.000273 2
0 386 32 410 0.000269 2
1229 248 1279 271 0.000268 2
1183 275 1214 285 0.000268 2
1136 183 1200 217 0.000262 2
126 533 244 671 0.000260 2
1 442 257 670 0.000244 2
1189 236 1239 323 0.000240 2
319 202 331 231 0.000239 2
1184 273 1203 284 0.000238 2
175 203 191 216 0.000233 2
702 181 797 220 0.000233 2
948 236 1034 300 0.000230 2
1143 272 1213 334 0.000229 2
650 182 671 213 0.000224 2
294 184 306 198 0.000221 2
832 479 840 486 0.000221 2
471 188 480 204 0.000218 2
1204 284 1272 351 0.000214 2
397 201 410 207 0.000204 2
1134 271 1209 363 0.000201 2
1208 251 1280 295 0.000200 2
1187 274 1215 324 0.000194 2
515 179 658 219 0.000193 2
1007 183 1054 218 0.000189 2
1202 411 1216 424 0.000187 2
1263 337 1279 372 0.000186 2
1151 270 1181 330 0.000184 2
451 202 472 230 0.000181 2
1264 362 1279 375 0.000177 2
661 183 671 205 0.000175 2
1199 366 1261 426 0.000173 2
1118 208 1174 222 0.000173 2
319 538 402 613 0.000172 2
680 182 691 216 0.000167 2
1211 326 1264 417 0.000164 2
496 241 526 256 0.000161 2
864 204 888 241 0.000161 2
920 283 1024 311 0.000158 2
1244 282 1279 391 0.000158 2
1094 497 1104 504 0.000157 2
1048 324 1090 342 0.000154 2
466 202 508 226 0.000153 2
1161 331 1261 395 0.000153 2
1152 269 1214 286 0.000151 2
1178 248 1237 289 0.000149 2
1192 347 1251 418 0.000149 2
1167 263 1178 269 0.000147 2
922 455 939 463 0.000146 2
458 173 561 258 0.000144 2
1188 272 1234 362 0.000142 2
1183 268 1214 285 0.000140 2
127 203 138 216 0.000139 2
658 174 692 217 0.000136 2
4 279 480 505 0.000131 2
1158 187 1188 215 0.000130 2
1099 178 1135 210 0.000130 2
738 444 804 457 0.000127 2
1199 277 1214 286 0.000126 2
1223 277 1276 369 0.000126 2
680 173 716 218 0.000125 2
1097 187 1142 218 0.000124 2
1039 481 1057 494 0.000124 2
868 205 912 257 0.000124 2
1022 315 1092 342 0.000121 2
602 150 668 195 0.000116 2
879 220 911 246 0.000113 2
270 469 351 508 0.000113 2
1167 289 1206 328 0.000113 2
567 200 660 232 0.000112 2
670 208 691 233 0.000112 2
665 185 671 214 0.000110 2
1213 276 1243 362 0.000110 2
1073 311 1154 347 0.000110 2
1016 305 1105 338 0.000102 2
1073 321 1126 350 0.000102 2
125 448 321 667 0.000101 2
1213 368 1225 389 0.000101 2
1210 282 1269 387 0.000101 2
1184 171 1279 270 0.017632 5
480 172 517 217 0.016204 5
479 168 573 217 0.010500 5
1213 173 1279 250 0.005473 5
1211 179 1279 219 0.004275 5
1205 169 1279 202 0.001987 5
1208 165 1238 260 0.001536 5
1217 164 1273 210 0.001189 5
1209 170 1233 213 0.000951 5
1210 162 1248 242 0.000913 5
448 156 576 219 0.000479 5
1250 180 1279 202 0.000453 5
1263 73 1279 270 0.000338 5
444 161 528 227 0.000285 5
445 156 519 181 0.000178 5
442 160 516 216 0.000135 5
640 268 1276 344 0.042165 6
641 268 1277 412 0.024645 6
1183 168 1279 270 0.007642 6
925 268 1223 347 0.005289 6
1097 171 1279 276 0.003417 6
647 199 1274 335 0.003125 6
0 64 76 262 0.002516 6
994 265 1279 362 0.002500 6
1140 269 1279 408 0.001668 6
1046 267 1279 408 0.001509 6
1052 170 1279 391 0.001351 6
2 65 185 256 0.000997 6
2 64 352 279 0.000907 6
641 270 1026 366 0.000866 6
820 269 1169 344 0.000807 6
1005 180 1278 286 0.000681 6
896 193 1269 272 0.000649 6
1176 169 1279 357 0.000618 6
1177 334 1267 415 0.000592 6
927 173 1280 356 0.000586 6
1263 275 1279 492 0.000535 6
1021 268 1219 335 0.000520 6
12 64 541 377 0.000485 6
901 267 1278 454 0.000453 6
1148 154 1280 406 0.000342 6
902 259 1146 337 0.000286 6
575 66 674 214 0.000282 6
374 152 699 229 0.000238 6
516 64 940 245 0.000230 6
1033 219 1204 338 0.000224 6
117 64 263 100 0.000209 6
327 64 698 263 0.000206 6
1016 402 1268 476 0.000198 6
1 64 74 165 0.000189 6
52 64 466 243 0.000188 6
478 65 639 223 0.000163 6
160 248 637 421 0.000162 6
1017 151 1254 248 0.000127 6
1013 200 1118 336 0.000124 6
0 133 63 242 0.000114 6
461 64 706 245 0.000113 6
666 79 955 241 0.000109 6
689 97 1171 254 0.000106 6
173 64 259 103 0.000105 6
67 77 623 304 0.000103 6
865 177 955 240 0.477804 7
698 151 859 233 0.247835 7
802 177 955 241 0.045997 7
697 150 954 240 0.030919 7
805 161 858 222 0.016790 7
1206 178 1279 267 0.015653 7
866 177 945 208 0.010434 7
480 169 577 217 0.006033 7
698 184 729 233 0.005958 7
1116 183 1204 249 0.005219 7
602 166 658 206 0.004677 7
590 150 843 228 0.004627 7
805 183 854 220 0.004343 7
701 184 728 218 0.003909 7
1119 183 1190 219 0.003833 7
807 160 858 197 0.002540 7
600 163 688 216 0.002268 7
718 152 809 207 0.002259 7
587 170 661 215 0.001668 7
687 161 729 234 0.001640 7
481 173 635 217 0.001601 7
8 209 635 423 0.001467 7
689 147 1097 242 0.001211 7
670 156 1236 263 0.001114 7
587 171 626 202 0.001046 7
507 163 583 206 0.001033 7
1093 164 1153 217 0.000979 7
810 161 857 181 0.000920 7
597 154 740 234 0.000914 7
542 170 620 205 0.000857 7
843 175 933 232 0.000811 7
477 150 929 233 0.000802 7
865 177 921 236 0.000752 7
540 171 577 212 0.000748 7
1180 164 1240 267 0.000701 7
1105 168 1245 221 0.000676 7
474 180 516 218 0.000583 7
504 171 555 197 0.000574 7
684 157 891 257 0.000540 7
1263 167 1279 205 0.000504 7
602 166 635 192 0.000491 7
668 190 1162 274 0.000464 7
600 150 665 213 0.000463 7
556 181 580 202 0.000447 7
1007 183 1068 218 0.000323 7
863 178 998 248 0.000318 7
541 161 582 201 0.000303 7
686 167 1029 262 0.000282 7
595 162 631 199 0.000279 7
1080 171 1134 248 0.000271 7
508 167 578 188 0.000260 7
14 198 499 373 0.000249 7
893 178 950 201 0.000242 7
328 142 941 389 0.000237 7
507 152 949 315 0.000233 7
36 75 638 423 0.000231 7
551 173 568 199 0.000222 7
796 154 856 206 0.000171 7
529 154 669 210 0.000166 7
457 155 526 211 0.000161 7
814 164 932 226 0.000134 7
1111 177 1165 217 0.000120 7
657 167 692 217 0.000118 7
350 132 614 247 0.000104 7
689 155 716 215 0.000102 7
979 144 1073 232 0.000101 7
1121 185 1149 215 0.000101 7
694 167 727 215 0.000100 7
1088 150 1102 177 0.623224 9
1007 136 1024 174 0.077580 9
512 151 523 181 0.071547 9
1023 127 1040 160 0.060443 9
975 135 993 162 0.034528 9
373 167 381 184 0.030164 9
366 167 373 186 0.029176 9
119 64 160 75 0.021481 9
831 136 861 166 0.016248 9
1207 168 1215 190 0.014532 9
119 64 183 76 0.012441 9
449 157 490 171 0.010292 9
239 177 246 190 0.009377 9
1099 135 1106 161 0.009100 9
1097 134 1106 151 0.007546 9
362 167 372 187 0.006832 9
1047 157 1056 179 0.006701 9
1093 133 1107 176 0.006475 9
843 146 860 166 0.006391 9
1130 64 1152 72 0.005825 9
995 138 1001 170 0.005790 9
1029 130 1041 159 0.005507 9
974 133 999 169 0.005289 9
997 136 1009 176 0.005221 9
1052 113 1082 145 0.005215 9
960 135 977 160 0.005128 9
1012 132 1031 173 0.005054 9
840 119 852 135 0.004878 9
865 441 875 455 0.004824 9
1172 150 1182 162 0.004741 9
1121 64 1151 75 0.004350 9
1055 115 1066 136 0.004294 9
1211 167 1225 188 0.004239 9
1011 127 1041 172 0.004034 9
1088 147 1110 179 0.003873 9
1191 165 1201 185 0.003606 9
1098 133 1109 165 0.003519 9
832 143 846 151 0.003498 9
841 119 859 136 0.003284 9
831 136 846 152 0.003208 9
1048 171 1057 184 0.003182 9
1181 183 1200 215 0.003111 9
1065 114 1082 142 0.002923 9
960 123 986 163 0.002810 9
1181 169 1200 223 0.002595 9
1087 137 1104 177 0.002554 9
162 64 182 75 0.002479 9
257 145 267 159 0.002359 9
1264 79 1279 104 0.002352 9
1080 173 1088 182 0.002062 9
846 119 866 136 0.002016 9
1050 118 1065 136 0.001954 9
812 162 857 180 0.001803 9
224 183 231 193 0.001683 9
1096 130 1105 147 0.001649 9
1120 64 1139 74 0.001647 9
1073 151 1082 168 0.001565 9
963 71 976 84 0.001525 9
878 155 889 168 0.001487 9
1056 153 1064 170 0.001447 9
690 119 700 152 0.001416 9
814 150 823 160 0.001361 9
976 124 1026 178 0.001267 9
961 71 976 90 0.001242 9
1184 165 1200 186 0.001236 9
1065 105 1072 118 0.001215 9
864 440 879 456 0.001189 9
118 64 200 91 0.001181 9
1208 167 1232 211 0.001173 9
1229 164 1247 182 0.001171 9
1000 126 1007 135 0.001168 9
1046 151 1056 172 0.001152 9
169 64 184 74 0.001148 9
688 119 702 177 0.001142 9
340 165 351 189 0.001073 9
1202 167 1215 185 0.001031 9
1055 153 1064 182 0.001013 9
870 119 879 134 0.001010 9
214 183 224 193 0.001008 9
848 181 858 217 0.001005 9
693 119 704 167 0.000995 9
863 440 880 478 0.000990 9
1195 166 1216 201 0.000973 9
1066 123 1109 187 0.000966 9
1195 165 1227 263 0.000964 9
977 119 984 134 0.000962 9
1000 141 1007 183 0.000950 9
967 123 981 138 0.000946 9
257 179 263 191 0.000933 9
813 142 823 158 0.000917 9
878 150 891 168 0.000910 9
1194 167 1220 217 0.000905 9
1200 135 1207 156 0.000903 9
586 117 597 134 0.000887 9
1001 136 1024 185 0.000874 9
935 72 976 91 0.000824 9
173 64 200 88 0.000816 9
1214 276 1231 326 0.000805 9
1036 115 1103 198 0.000803 9
1171 143 1184 162 0.000803 9
1182 163 1228 228 0.000795 9
830 136 898 165 0.000773 9
1050 116 1068 146 0.000770 9
1263 79 1279 119 0.000739 9
864 137 895 167 0.000721 9
696 151 706 174 0.000713 9
1088 133 1122 182 0.000676 9
448 155 513 172 0.000660 9
894 136 936 153 0.000659 9
1154 164 1167 183 0.000656 9
1023 119 1035 128 0.000652 9
1194 383 1206 403 0.000651 9
693 178 702 205 0.000650 9
265 216 275 232 0.000647 9
977 119 996 150 0.000629 9
256 145 267 173 0.000610 9
652 127 660 143 0.000588 9
1096 130 1109 155 0.000561 9
863 119 870 136 0.000554 9
862 137 937 154 0.000553 9
119 64 159 88 0.000551 9
904 128 912 137 0.000541 9
160 64 191 90 0.000539 9
1205 160 1221 195 0.000520 9
639 160 645 167 0.000519 9
1088 264 1096 270 0.000513 9
1034 153 1055 172 0.000509 9
832 118 843 135 0.000504 9
863 137 896 153 0.000502 9
1215 64 1232 106 0.000491 9
806 158 858 194 0.000485 9
1151 103 1168 134 0.000482 9
315 138 359 196 0.000475 9
164 64 190 79 0.000472 9
398 83 409 96 0.000468 9
993 117 1028 175 0.000465 9
1021 130 1056 175 0.000464 9
873 137 898 172 0.000457 9
1107 148 1119 168 0.000455 9
1074 145 1102 180 0.000455 9
1199 135 1211 187 0.000452 9
1002 128 1108 194 0.000449 9
1145 166 1154 184 0.000441 9
1006 135 1053 184 0.000438 9
1183 162 1237 255 0.000425 9
480 152 524 176 0.000422 9
685 117 703 154 0.000411 9
1079 135 1093 147 0.000404 9
951 345 960 367 0.000396 9
1189 384 1205 401 0.000394 9
582 64 595 70 0.000386 9
1150 103 1186 137 0.000379 9
1084 145 1104 215 0.000377 9
1109 164 1155 217 0.000375 9
1151 119 1161 135 0.000371 9
851 137 939 166 0.000371 9
991 680 1002 703 0.000359 9
665 148 671 170 0.000353 9
836 117 855 137 0.000335 9
214 165 227 177 0.000334 9
878 152 895 172 0.000327 9
76 64 159 73 0.000326 9
1098 152 1116 197 0.000325 9
1011 152 1059 184 0.000324 9
255 156 265 175 0.000316 9
256 176 265 191 0.000314 9
1088 229 1103 275 0.000307 9
811 151 855 168 0.000306 9
322 92 331 118 0.000298 9
1071 149 1092 200 0.000293 9
1191 152 1217 192 0.000292 9
1205 156 1231 203 0.000292 9
1169 147 1185 173 0.000292 9
804 148 833 172 0.000291 9
685 111 704 211 0.000288 9
687 147 707 178 0.000288 9
877 120 888 136 0.000284 9
657 150 671 174 0.000280 9
1071 113 1085 143 0.000280 9
460 184 480 203 0.000278 9
494 151 524 193 0.000278 9
219 165 232 175 0.000277 9
112 150 127 164 0.000276 9
500 151 524 175 0.000273 9
1167 141 1183 161 0.000262 9
1263 78 1279 168 0.000262 9
1027 125 1052 160 0.000261 9
1050 154 1065 187 0.000260 9
416 64 432 95 0.000260 9
872 137 895 149 0.000257 9
933 111 1179 224 0.000256 9
680 83 708 226 0.000254 9
700 151 713 176 0.000251 9
806 142 815 158 0.000251 9
240 165 248 178 0.000250 9
663 120 670 146 0.000248 9
513 167 546 185 0.000246 9
986 117 1003 135 0.000246 9
864 165 870 180 0.000245 9
625 117 631 127 0.000243 9
689 149 713 208 0.000242 9
432 170 445 195 0.000241 9
1225 158 1248 185 0.000239 9
608 150 659 167 0.000237 9
862 136 924 177 0.000237 9
1006 155 1068 200 0.000236 9
1148 102 1189 178 0.000234 9
1248 346 1262 360 0.000232 9
391 83 405 96 0.000232 9
1104 679 1120 696 0.000230 9
117 64 263 95 0.000229 9
1006 114 1089 184 0.000226 9
959 137 993 169 0.000224 9
340 159 354 199 0.000223 9
1050 112 1084 186 0.000223 9
224 176 248 193 0.000220 9
447 151 532 173 0.000220 9
1211 155 1248 209 0.000219 9
1001 124 1106 232 0.000218 9
248 177 257 191 0.000218 9
896 167 904 177 0.000214 9
545 141 552 152 0.000214 9
220 183 232 209 0.000213 9
999 119 1008 133 0.000203 9
852 439 878 479 0.000202 9
368 157 382 186 0.000202 9
664 140 671 160 0.000198 9
504 170 551 197 0.000198 9
1101 164 1152 191 0.000196 9
663 131 671 149 0.000191 9
248 163 257 175 0.000190 9
943 129 955 150 0.000184 9
680 148 689 164 0.000182 9
809 159 876 182 0.000176 9
1064 64 1152 75 0.000176 9
870 72 888 87 0.000175 9
679 119 698 172 0.000174 9
576 64 717 224 0.000170 9
380 66 418 98 0.000168 9
257 154 270 179 0.000168 9
293 176 307 198 0.000167 9
944 129 951 139 0.000166 9
1197 135 1228 196 0.000166 9
1103 167 1131 203 0.000166 9
639 126 661 163 0.000164 9
320 64 365 111 0.000164 9
959 119 970 134 0.000163 9
111 121 128 166 0.000163 9
1125 64 1164 88 0.000160 9
216 175 225 189 0.000159 9
1052 103 1075 138 0.000159 9
862 432 874 456 0.000157 9
579 64 596 92 0.000156 9
678 65 691 101 0.000156 9
575 136 581 143 0.000155 9
318 154 346 194 0.000155 9
255 86 269 102 0.000153 9
637 136 659 163 0.000150 9
655 154 667 174 0.000149 9
1104 137 1120 168 0.000149 9
686 118 714 183 0.000148 9
958 149 990 169 0.000147 9
375 165 391 186 0.000147 9
680 166 688 188 0.000146 9
596 134 605 143 0.000144 9
684 160 704 215 0.000143 9
359 154 381 188 0.000142 9
1153 138 1191 186 0.000142 9
584 92 599 137 0.000139 9
1174 145 1200 184 0.000137 9
1076 157 1151 223 0.000136 9
810 136 851 170 0.000134 9
352 166 364 189 0.000133 9
990 679 1009 703 0.000133 9
821 138 902 183 0.000132 9
95 151 105 171 0.000131 9
842 129 1216 252 0.000130 9
595 141 609 166 0.000129 9
350 154 384 197 0.000129 9
376 161 409 189 0.000126 9
638 68 675 167 0.000125 9
1070 127 1089 174 0.000124 9
1085 124 1109 165 0.000124 9
348 160 367 192 0.000123 9
594 77 657 167 0.000122 9
310 64 370 206 0.000122 9
309 66 431 231 0.000121 9
1153 130 1170 159 0.000120 9
1036 121 1063 173 0.000120 9
1151 156 1171 184 0.000119 9
1208 146 1227 171 0.000118 9
884 152 908 176 0.000117 9
642 126 673 173 0.000117 9
598 64 622 90 0.000117 9
510 151 546 193 0.000116 9
367 64 435 98 0.000116 9
882 120 895 137 0.000115 9
590 64 645 93 0.000115 9
944 129 961 155 0.000114 9
896 90 904 104 0.000114 9
641 142 672 177 0.000112 9
1186 146 1204 186 0.000112 9
1007 178 1066 211 0.000111 9
867 94 883 135 0.000108 9
1087 356 1103 376 0.000107 9
860 74 871 89 0.000107 9
903 69 943 121 0.000104 9
769 695 808 703 0.000104 9
212 179 223 193 0.000103 9
370 162 396 204 0.000103 9
1038 276 1056 336 0.000103 9
111 126 122 163 0.000102 9
1234 197 1256 232 0.149006 11
1181 191 1199 214 0.041003 11
312 149 341 194 0.024169 11
325 111 366 164 0.017747 11
1052 113 1082 146 0.004997 11
449 157 491 171 0.001338 11
