767 189 787 268 0.744708 0
1007 191 1037 257 0.713716 0
497 187 517 255 0.654587 0
814 201 852 273 0.334528 0
1035 207 1063 256 0.225915 0
679 193 694 220 0.180674 0
235 202 248 241 0.157439 0
677 192 706 246 0.146733 0
1037 207 1063 237 0.119368 0
510 198 520 250 0.105968 0
815 201 848 248 0.072073 0
848 200 857 223 0.055322 0
848 200 858 236 0.045379 0
673 193 695 238 0.042046 0
646 192 657 214 0.036882 0
696 193 705 216 0.031706 0
471 200 479 217 0.026802 0
507 200 520 217 0.024593 0
848 199 865 236 0.022870 0
1008 191 1032 225 0.021558 0
246 196 255 215 0.019108 0
670 208 689 241 0.018973 0
213 200 225 236 0.011544 0
1182 210 1199 243 0.011325 0
718 192 729 234 0.011193 0
510 193 526 247 0.010573 0
782 193 794 233 0.009932 0
783 193 794 208 0.009626 0
1219 197 1256 262 0.009217 0
1182 214 1194 244 0.008943 0
804 211 845 259 0.008204 0
1026 222 1039 257 0.007473 0
650 192 660 213 0.007441 0
1029 217 1040 251 0.007250 0
273 199 284 232 0.006522 0
633 202 644 216 0.006299 0
237 199 254 242 0.006266 0
246 198 255 230 0.006191 0
242 196 254 231 0.005381 0
1215 211 1228 258 0.005198 0
515 191 527 216 0.004886 0
718 211 728 234 0.004711 0
516 198 526 224 0.004524 0
244 199 255 240 0.004468 0
632 202 644 226 0.004405 0
638 185 647 207 0.003755 0
504 192 522 252 0.003650 0
541 195 552 218 0.003452 0
936 202 944 216 0.003449 0
1031 212 1041 234 0.003399 0
848 183 857 224 0.003206 0
696 188 709 230 0.003094 0
1273 200 1279 258 0.003004 0
228 201 249 242 0.002902 0
816 201 839 234 0.002658 0
987 211 1016 261 0.002608 0
1037 212 1073 262 0.002507 0
778 192 793 265 0.002456 0
1214 209 1234 269 0.002413 0
553 192 572 216 0.002377 0
1015 206 1039 257 0.002299 0
534 202 544 217 0.002281 0
808 198 867 287 0.002128 0
1216 211 1227 234 0.002118 0
577 186 581 202 0.002034 0
273 199 282 216 0.002014 0
1233 199 1256 234 0.001973 0
633 200 648 215 0.001954 0
982 200 1010 234 0.001908 0
845 199 867 273 0.001872 0
783 194 797 223 0.001838 0
768 190 785 227 0.001808 0
470 189 480 217 0.001795 0
1209 212 1227 270 0.001790 0
532 195 549 218 0.001733 0
1215 195 1228 234 0.001671 0
878 201 903 242 0.001668 0
516 191 525 203 0.001646 0
771 189 785 217 0.001469 0
387 199 396 206 0.001410 0
512 196 538 249 0.001400 0
557 184 570 200 0.001297 0
1021 695 1040 703 0.001254 0
1225 167 1253 233 0.001250 0
697 182 705 206 0.001249 0
236 455 314 586 0.001244 0
633 189 649 215 0.001202 0
814 233 833 313 0.001196 0
841 200 856 230 0.001190 0
496 189 507 217 0.001174 0
1027 207 1040 228 0.001163 0
1268 202 1279 269 0.001129 0
854 203 873 237 0.001127 0
1219 214 1230 234 0.001103 0
311 186 323 199 0.001099 0
266 195 273 215 0.001043 0
624 181 632 197 0.001039 0
1216 190 1223 207 0.001001 0
1042 226 1073 264 0.000986 0
542 200 555 218 0.000971 0
1215 166 1235 238 0.000965 0
229 202 247 229 0.000955 0
1211 166 1258 263 0.000950 0
681 180 691 202 0.000931 0
499 188 514 217 0.000928 0
265 197 278 232 0.000911 0
838 220 849 235 0.000904 0
1262 166 1279 248 0.000903 0
1177 182 1202 246 0.000891 0
1209 182 1228 236 0.000863 0
1015 693 1039 703 0.000855 0
865 209 874 235 0.000850 0
640 194 657 217 0.000834 0
1217 203 1240 234 0.000826 0
1214 220 1247 265 0.000825 0
1215 191 1256 236 0.000822 0
665 186 671 204 0.000796 0
236 452 296 535 0.000752 0
679 182 703 221 0.000742 0
1216 190 1226 215 0.000741 0
468 200 479 247 0.000734 0
464 202 476 217 0.000723 0
861 208 874 238 0.000698 0
780 195 801 246 0.000677 0
375 185 387 201 0.000676 0
184 198 191 207 0.000668 0
210 197 223 228 0.000658 0
563 184 578 214 0.000642 0
558 200 574 216 0.000631 0
573 190 583 215 0.000613 0
924 202 946 247 0.000599 0
1003 197 1039 238 0.000574 0
626 182 645 201 0.000565 0
892 200 905 229 0.000551 0
325 190 338 199 0.000536 0
619 190 636 209 0.000507 0
1053 223 1074 295 0.000501 0
1177 169 1242 260 0.000482 0
458 201 470 217 0.000469 0
609 150 627 168 0.000456 0
846 202 879 244 0.000452 0
319 203 331 228 0.000452 0
604 150 628 184 0.000451 0
928 201 949 217 0.000449 0
919 200 950 225 0.000444 0
1209 169 1228 220 0.000438 0
804 203 823 240 0.000425 0
328 184 343 199 0.000415 0
464 201 479 227 0.000397 0
1119 312 1130 341 0.000393 0
1026 195 1039 219 0.000389 0
664 190 672 217 0.000387 0
462 186 480 216 0.000386 0
644 192 830 268 0.000379 0
949 246 958 254 0.000373 0
253 454 291 514 0.000359 0
803 184 836 227 0.000357 0
764 194 850 269 0.000353 0
352 192 363 200 0.000350 0
159 206 169 228 0.000347 0
1204 212 1238 274 0.000346 0
239 193 255 215 0.000345 0
1030 195 1054 223 0.000337 0
1263 76 1279 265 0.000332 0
585 170 597 187 0.000331 0
465 198 479 264 0.000328 0
265 193 279 221 0.000326 0
801 216 827 259 0.000322 0
1014 687 1037 703 0.000316 0
966 373 979 387 0.000309 0
803 185 827 218 0.000306 0
345 188 353 199 0.000303 0
787 190 822 234 0.000302 0
440 185 523 260 0.000300 0
559 182 579 204 0.000294 0
460 185 481 272 0.000292 0
457 202 465 216 0.000292 0
636 183 659 209 0.000289 0
226 456 324 629 0.000285 0
1018 657 1156 703 0.000283 0
104 247 129 264 0.000278 0
991 188 1027 232 0.000270 0
538 199 552 221 0.000269 0
840 200 878 273 0.000266 0
1262 169 1279 201 0.000262 0
1037 237 1071 289 0.000260 0
1008 190 1054 246 0.000254 0
103 254 113 264 0.000248 0
438 212 443 218 0.000248 0
367 182 384 201 0.000244 0
471 200 485 223 0.000235 0
847 181 867 231 0.000234 0
788 183 966 283 0.000223 0
1018 665 1068 703 0.000215 0
226 415 295 620 0.000207 0
717 204 734 235 0.000206 0
102 246 128 304 0.000206 0
32 214 41 229 0.000204 0
716 187 735 235 0.000204 0
376 184 393 202 0.000200 0
530 200 547 221 0.000196 0
232 457 286 577 0.000191 0
242 453 324 539 0.000188 0
234 416 282 538 0.000187 0
928 239 938 253 0.000185 0
199 208 208 222 0.000177 0
226 202 246 263 0.000176 0
1205 230 1227 272 0.000176 0
1274 155 1279 176 0.000174 0
830 240 861 315 0.000166 0
627 194 713 255 0.000158 0
868 199 899 239 0.000157 0
774 186 784 205 0.000156 0
842 447 886 483 0.000153 0
1118 312 1137 344 0.000151 0
400 184 410 203 0.000144 0
852 219 875 270 0.000144 0
234 194 294 237 0.000143 0
864 204 881 239 0.000142 0
1152 311 1168 349 0.000138 0
471 188 517 263 0.000138 0
375 191 391 205 0.000137 0
394 183 580 232 0.000135 0
935 205 979 256 0.000135 0
250 469 295 590 0.000130 0
1057 235 1072 298 0.000128 0
211 199 238 245 0.000126 0
1053 657 1104 703 0.000126 0
218 180 236 219 0.000125 0
966 169 1007 239 0.000118 0
108 239 136 264 0.000118 0
1218 562 1264 629 0.000115 0
250 482 321 592 0.000114 0
615 187 694 220 0.000112 0
173 201 189 216 0.000110 0
1038 223 1073 335 0.000109 0
231 459 265 574 0.000108 0
801 216 816 233 0.000106 0
845 164 1266 263 0.000106 0
347 647 384 703 0.000104 0
1257 682 1279 703 0.000103 0
1009 191 1071 345 0.000103 0
232 447 409 603 0.000101 0
655 220 712 257 0.785132 1
1004 224 1064 268 0.280771 1
990 223 1038 265 0.204430 1
798 238 855 287 0.159707 1
831 239 856 299 0.091459 1
1169 221 1204 253 0.076175 1
990 232 1009 264 0.041948 1
771 237 857 307 0.028609 1
792 255 855 283 0.020391 1
1005 230 1028 267 0.017390 1
1009 223 1039 262 0.011946 1
1186 218 1204 243 0.009215 1
707 211 728 234 0.008076 1
286 564 428 704 0.007015 1
990 208 1065 266 0.006982 1
981 230 1007 261 0.006776 1
786 255 817 281 0.006447 1
1022 219 1037 257 0.006441 1
797 258 816 280 0.005819 1
1168 230 1185 253 0.005746 1
1179 197 1204 244 0.005534 1
832 237 855 272 0.005385 1
767 225 785 267 0.004591 1
801 239 913 303 0.004450 1
780 231 823 281 0.004445 1
763 241 819 281 0.004300 1
985 218 1009 259 0.004051 1
767 233 782 262 0.003935 1
1168 231 1179 252 0.003369 1
1038 232 1064 262 0.003132 1
809 235 855 313 0.003102 1
655 228 683 256 0.002988 1
1190 223 1205 241 0.002891 1
831 238 867 312 0.002837 1
700 200 726 233 0.002571 1
803 231 833 271 0.002527 1
224 507 432 704 0.002523 1
799 253 854 305 0.002394 1
972 220 1001 253 0.002035 1
673 227 712 257 0.001876 1
657 207 692 255 0.001775 1
973 219 1031 263 0.001666 1
687 206 724 234 0.001533 1
284 437 431 704 0.001503 1
767 235 786 279 0.001473 1
829 235 900 294 0.001432 1
837 237 855 248 0.001215 1
1047 244 1064 265 0.001025 1
698 200 711 232 0.000917 1
831 250 917 300 0.000861 1
766 231 845 272 0.000813 1
520 231 538 247 0.000794 1
676 194 728 235 0.000686 1
985 231 1029 270 0.000652 1
831 199 866 277 0.000593 1
949 274 960 302 0.000533 1
767 250 837 308 0.000532 1
773 227 810 270 0.000471 1
845 241 900 286 0.000440 1
1168 226 1204 266 0.000434 1
1183 229 1204 265 0.000432 1
762 258 796 280 0.000429 1
981 186 1076 263 0.000386 1
880 214 1046 275 0.000337 1
529 208 715 266 0.000279 1
765 245 816 306 0.000267 1
650 201 825 268 0.000244 1
864 244 914 288 0.000232 1
988 219 1067 292 0.000227 1
761 226 834 306 0.000218 1
521 231 543 251 0.000209 1
791 183 976 297 0.000194 1
929 271 960 304 0.000171 1
1155 215 1280 286 0.000171 1
867 243 888 273 0.000155 1
736 236 898 333 0.000153 1
654 213 771 258 0.000131 1
813 251 833 311 0.000131 1
759 218 786 272 0.000105 1
754 230 791 281 0.000104 1
225 298 639 703 0.936697 2
320 298 959 702 0.603615 2
320 298 959 368 0.247085 2
642 301 1279 699 0.168466 2
320 299 959 438 0.025999 2
1115 217 1182 248 0.024688 2
640 302 1279 477 0.022693 2
1070 217 1120 247 0.016791 2
605 201 646 216 0.014899 2
805 232 833 258 0.012645 2
982 206 1009 238 0.012148 2
1100 223 1119 248 0.011063 2
1070 216 1093 244 0.009902 2
1246 200 1279 267 0.008303 2
1271 200 1279 247 0.007941 2
982 206 994 230 0.007411 2
1070 215 1091 234 0.006857 2
981 207 1001 246 0.006703 2
973 222 990 247 0.006484 2
972 208 991 244 0.006082 2
974 222 986 240 0.006026 2
973 210 1001 252 0.005862 2
1186 205 1279 266 0.005843 2
1058 213 1093 245 0.005551 2
483 202 499 217 0.005230 2
972 222 996 252 0.004801 2
866 188 952 230 0.004778 2
1264 570 1279 630 0.004465 2
962 205 990 243 0.003843 2
589 185 620 213 0.003657 2
1116 223 1164 248 0.003267 2
605 201 626 216 0.003177 2
282 441 489 704 0.003158 2
601 194 656 216 0.002976 2
321 193 956 366 0.002943 2
1262 199 1279 249 0.002802 2
1115 221 1135 238 0.002776 2
589 184 621 201 0.002700 2
1219 178 1279 235 0.002425 2
1113 194 1120 203 0.002310 2
1036 203 1082 240 0.002110 2
939 202 990 245 0.002020 2
225 442 437 704 0.001988 2
589 185 644 216 0.001955 2
868 199 955 245 0.001921 2
1248 211 1276 250 0.001847 2
705 192 729 234 0.001830 2
975 201 1040 249 0.001787 2
1027 207 1120 248 0.001672 2
1099 215 1137 246 0.001585 2
904 201 984 251 0.001466 2
1255 190 1279 240 0.001459 2
3 190 491 498 0.001451 2
589 197 622 215 0.001381 2
1206 226 1279 267 0.001356 2
1185 225 1223 256 0.001314 2
1112 221 1143 248 0.001249 2
1059 204 1090 235 0.001216 2
1068 201 1093 234 0.001192 2
1117 193 1205 249 0.001168 2
1218 179 1279 208 0.001122 2
1102 196 1121 209 0.001091 2
1121 184 1201 218 0.001062 2
1069 195 1090 211 0.000977 2
1114 216 1141 230 0.000961 2
225 521 275 623 0.000926 2
1249 199 1277 238 0.000893 2
871 201 908 243 0.000892 2
1001 188 1065 224 0.000890 2
1 394 241 536 0.000857 2
836 217 848 230 0.000818 2
1114 215 1178 234 0.000760 2
528 197 547 217 0.000745 2
1002 189 1071 247 0.000721 2
471 188 480 203 0.000720 2
1007 184 1090 226 0.000681 2
1263 495 1279 635 0.000673 2
605 201 650 225 0.000660 2
305 191 314 198 0.000659 2
1191 215 1227 249 0.000654 2
5 227 534 643 0.000650 2
227 453 326 627 0.000628 2
1248 242 1279 268 0.000618 2
555 190 576 216 0.000617 2
1049 196 1089 226 0.000613 2
239 295 639 519 0.000600 2
867 174 1076 252 0.000598 2
260 441 634 702 0.000597 2
1067 193 1196 249 0.000585 2
792 178 981 290 0.000583 2
1083 185 1096 198 0.000573 2
471 188 492 218 0.000568 2
1259 179 1279 229 0.000564 2
1216 165 1279 205 0.000548 2
1087 186 1095 200 0.000545 2
171 205 192 216 0.000536 2
866 228 883 242 0.000534 2
1028 196 1065 233 0.000534 2
572 182 622 214 0.000533 2
878 267 1279 469 0.000532 2
1072 188 1092 203 0.000520 2
479 183 506 217 0.000494 2
908 200 954 244 0.000487 2
998 191 1103 234 0.000486 2
1201 210 1228 235 0.000467 2
956 196 991 236 0.000465 2
869 211 902 244 0.000461 2
1008 190 1044 226 0.000446 2
911 200 983 233 0.000441 2
1069 195 1107 237 0.000434 2
1087 195 1119 210 0.000429 2
1183 454 1215 471 0.000422 2
588 178 627 204 0.000421 2
714 199 776 235 0.000416 2
1263 168 1279 183 0.000416 2
1208 488 1279 630 0.000414 2
814 446 886 487 0.000409 2
1213 486 1279 567 0.000407 2
379 159 891 270 0.000406 2
929 200 954 207 0.000371 2
6 391 241 480 0.000371 2
0 390 246 655 0.000367 2
319 203 332 231 0.000362 2
160 205 194 217 0.000348 2
500 187 715 220 0.000343 2
1263 350 1279 376 0.000333 2
802 176 864 230 0.000328 2
550 278 959 373 0.000326 2
1246 486 1279 567 0.000323 2
904 200 952 225 0.000319 2
1183 215 1279 294 0.000317 2
1051 657 1125 703 0.000312 2
1064 216 1186 252 0.000306 2
1018 656 1156 703 0.000305 2
1012 591 1274 704 0.000303 2
1217 561 1264 622 0.000298 2
668 185 730 236 0.000298 2
1077 183 1096 200 0.000291 2
1002 183 1128 247 0.000289 2
915 200 951 215 0.000287 2
469 247 601 307 0.000287 2
1262 167 1279 217 0.000281 2
864 210 883 241 0.000276 2
1084 184 1110 208 0.000272 2
920 181 989 239 0.000272 2
1263 362 1279 376 0.000270 2
0 395 28 421 0.000263 2
1254 489 1279 627 0.000261 2
1088 189 1097 209 0.000255 2
303 184 321 198 0.000253 2
563 174 625 204 0.000248 2
803 181 856 219 0.000247 2
937 209 996 256 0.000238 2
463 186 480 204 0.000235 2
1067 197 1125 243 0.000229 2
225 520 307 628 0.000220 2
1264 600 1279 632 0.000217 2
1103 184 1121 204 0.000215 2
1180 488 1279 701 0.000208 2
0 396 21 413 0.000196 2
0 375 511 693 0.000195 2
977 184 1061 252 0.000194 2
566 196 587 216 0.000194 2
1051 188 1091 214 0.000191 2
505 197 734 272 0.000185 2
1094 196 1131 222 0.000185 2
238 413 294 520 0.000179 2
353 192 367 200 0.000172 2
226 522 258 604 0.000168 2
976 205 1221 253 0.000167 2
229 448 420 620 0.000165 2
1082 166 1123 209 0.000158 2
853 186 971 296 0.000154 2
912 204 943 246 0.000153 2
359 299 959 545 0.000153 2
732 201 772 233 0.000149 2
1086 197 1157 232 0.000148 2
273 544 633 704 0.000147 2
1263 251 1278 270 0.000146 2
1247 565 1279 639 0.000144 2
1262 569 1279 691 0.000144 2
1077 222 1121 262 0.000144 2
293 178 307 199 0.000141 2
1007 183 1064 212 0.000135 2
1069 159 1118 249 0.000130 2
841 447 887 482 0.000128 2
1227 559 1279 622 0.000126 2
444 182 481 210 0.000125 2
1196 560 1279 703 0.000123 2
356 216 368 228 0.000118 2
907 178 949 202 0.000116 2
1263 590 1279 665 0.000115 2
366 677 384 703 0.000114 2
446 289 503 315 0.000112 2
1020 644 1271 704 0.000112 2
851 193 1048 269 0.000110 2
102 389 241 486 0.000107 2
443 167 488 217 0.000107 2
0 333 480 603 0.000106 2
340 295 725 355 0.000105 2
507 247 814 302 0.000105 2
1201 246 1280 295 0.000101 2
480 171 576 213 0.004814 5
1216 166 1279 255 0.004425 5
480 173 517 214 0.004096 5
480 173 515 199 0.002321 5
803 161 859 226 0.000920 5
1210 165 1250 245 0.000660 5
1193 167 1257 234 0.000491 5
806 161 859 202 0.000338 5
804 159 922 227 0.000141 5
1184 150 1280 269 0.000136 5
445 157 523 196 0.000119 5
480 172 579 208 0.005291 6
1110 166 1279 263 0.003447 6
580 150 955 241 0.002798 6
479 165 673 212 0.001314 6
22 68 471 398 0.000739 6
592 151 823 222 0.000688 6
727 150 1278 464 0.000618 6
931 164 1278 262 0.000528 6
420 161 855 221 0.000452 6
0 65 72 281 0.000422 6
415 146 925 237 0.000384 6
570 149 661 214 0.000232 6
710 135 1267 262 0.000173 6
1058 174 1280 321 0.000153 6
883 161 1280 364 0.000128 6
519 108 947 239 0.000125 6
1213 73 1279 264 0.000104 6
864 177 954 242 0.235436 7
802 177 955 240 0.102274 7
707 151 952 238 0.057739 7
712 152 859 234 0.031890 7
704 173 992 246 0.019601 7
1214 175 1279 266 0.019108 7
1116 184 1207 247 0.015508 7
3 81 463 416 0.006026 7
1111 163 1254 249 0.006013 7
394 153 957 375 0.004741 7
668 133 1273 468 0.004041 7
1134 166 1279 267 0.003043 7
3 205 615 430 0.002967 7
587 151 834 231 0.002883 7
866 177 945 204 0.002838 7
496 156 956 244 0.002681 7
1119 184 1191 218 0.002418 7
718 152 805 207 0.002130 7
757 177 1220 262 0.002113 7
803 161 858 221 0.001664 7
865 186 1011 253 0.001071 7
695 141 1228 251 0.000949 7
802 179 867 225 0.000708 7
1067 163 1202 250 0.000685 7
587 157 668 215 0.000597 7
1099 164 1234 214 0.000534 7
1093 164 1154 217 0.000517 7
1183 177 1280 292 0.000491 7
545 173 580 204 0.000462 7
847 176 925 236 0.000437 7
1178 163 1241 262 0.000427 7
400 175 930 288 0.000389 7
588 194 959 373 0.000372 7
701 184 730 231 0.000360 7
491 160 669 214 0.000335 7
3 204 615 596 0.000312 7
697 112 1017 246 0.000263 7
1112 184 1184 236 0.000221 7
320 247 711 364 0.000197 7
818 138 954 240 0.000171 7
711 157 802 233 0.000162 7
724 162 800 191 0.000152 7
672 162 1009 317 0.000129 7
541 160 581 202 0.000121 7
863 178 909 239 0.000114 7
849 138 1005 244 0.000104 7
942 163 1069 248 0.000100 7
1089 150 1103 176 0.555066 9
512 151 524 179 0.340262 9
239 177 247 190 0.044498 9
1007 136 1024 171 0.033231 9
449 157 490 171 0.032488 9
366 167 374 187 0.017653 9
658 153 671 174 0.015941 9
373 167 381 183 0.015423 9
1225 165 1232 180 0.013475 9
312 148 341 193 0.013027 9
1207 169 1215 198 0.011458 9
1232 167 1245 181 0.011451 9
587 172 592 185 0.011404 9
119 64 128 71 0.009676 9
995 138 1002 171 0.009505 9
119 64 147 72 0.007002 9
222 183 232 192 0.006920 9
1125 64 1154 76 0.006765 9
119 64 175 75 0.006666 9
995 136 1010 173 0.005359 9
639 160 645 168 0.005046 9
681 168 688 186 0.004667 9
366 166 381 187 0.004614 9
995 135 1023 173 0.004468 9
1088 134 1107 177 0.004436 9
215 183 224 191 0.004097 9
839 151 859 166 0.003678 9
362 167 373 188 0.003514 9
1224 165 1232 188 0.003463 9
222 183 232 199 0.003462 9
1096 134 1107 165 0.003042 9
1212 167 1224 194 0.002923 9
581 64 595 71 0.002755 9
1263 170 1274 181 0.002716 9
1089 148 1110 178 0.002610 9
1228 166 1250 232 0.002573 9
838 135 860 166 0.002465 9
1052 114 1083 146 0.002373 9
1154 164 1168 184 0.002186 9
217 166 226 178 0.002080 9
1200 136 1215 152 0.002061 9
1181 185 1200 215 0.001978 9
974 188 981 199 0.001958 9
590 173 600 186 0.001828 9
648 152 669 176 0.001771 9
222 168 232 176 0.001748 9
840 119 862 136 0.001743 9
665 183 671 198 0.001729 9
848 183 858 215 0.001647 9
1200 150 1210 173 0.001609 9
259 167 271 179 0.001531 9
215 182 229 201 0.001529 9
1056 115 1066 136 0.001521 9
653 127 660 143 0.001492 9
999 125 1007 135 0.001457 9
1050 120 1060 136 0.001422 9
257 149 265 161 0.001409 9
1086 147 1103 193 0.001388 9
1263 79 1279 136 0.001355 9
698 136 704 153 0.001331 9
1222 165 1277 181 0.001275 9
1206 159 1215 194 0.001260 9
557 184 566 197 0.001235 9
595 64 625 92 0.001210 9
840 119 854 134 0.001201 9
1200 152 1209 183 0.001189 9
448 64 463 72 0.001184 9
1088 132 1124 182 0.001147 9
809 162 858 180 0.001116 9
653 125 671 175 0.001112 9
118 64 158 78 0.001095 9
638 151 651 166 0.001094 9
1148 102 1184 136 0.001087 9
638 163 650 183 0.001087 9
1186 166 1200 185 0.001066 9
512 153 527 196 0.001060 9
573 164 581 177 0.001041 9
993 136 1006 175 0.001040 9
636 151 671 175 0.001040 9
165 64 178 75 0.001037 9
543 168 552 176 0.001030 9
541 181 555 201 0.001025 9
1081 172 1089 183 0.001017 9
869 136 938 153 0.001009 9
218 181 233 195 0.000983 9
588 166 625 187 0.000976 9
217 161 224 176 0.000974 9
256 149 267 172 0.000966 9
1208 167 1229 213 0.000966 9
480 169 578 200 0.000964 9
1264 79 1279 109 0.000963 9
504 151 524 180 0.000961 9
609 150 628 168 0.000954 9
1097 135 1109 154 0.000938 9
663 167 671 190 0.000938 9
1184 162 1226 237 0.000931 9
340 164 351 188 0.000929 9
140 64 172 74 0.000919 9
1227 162 1251 181 0.000916 9
586 167 608 186 0.000871 9
650 155 660 176 0.000847 9
361 148 374 167 0.000834 9
577 64 642 93 0.000832 9
1013 135 1032 171 0.000804 9
451 151 576 201 0.000802 9
1181 165 1212 244 0.000795 9
831 136 904 166 0.000785 9
605 173 614 184 0.000783 9
319 158 352 191 0.000758 9
697 152 706 175 0.000746 9
256 174 264 183 0.000736 9
831 145 854 165 0.000733 9
580 64 596 90 0.000725 9
257 166 271 183 0.000708 9
1217 164 1278 238 0.000695 9
1187 167 1216 200 0.000688 9
803 149 813 159 0.000686 9
1200 166 1215 191 0.000674 9
1200 135 1214 161 0.000673 9
552 173 567 198 0.000666 9
897 136 938 152 0.000647 9
240 162 248 177 0.000645 9
158 64 180 78 0.000638 9
118 64 192 82 0.000599 9
701 64 721 98 0.000599 9
315 141 358 194 0.000594 9
400 86 408 96 0.000591 9
216 173 224 186 0.000589 9
1181 168 1200 216 0.000585 9
690 119 704 154 0.000566 9
1198 167 1216 202 0.000565 9
686 170 694 191 0.000554 9
695 135 706 175 0.000544 9
226 177 247 191 0.000541 9
221 161 233 176 0.000529 9
1200 148 1216 190 0.000526 9
1053 114 1070 142 0.000520 9
257 146 269 179 0.000508 9
1090 146 1121 178 0.000506 9
870 119 879 135 0.000501 9
515 176 544 197 0.000498 9
1263 167 1279 181 0.000490 9
516 171 574 203 0.000487 9
686 120 703 178 0.000482 9
833 136 898 151 0.000479 9
864 76 870 88 0.000478 9
545 141 552 151 0.000476 9
168 64 184 74 0.000472 9
257 179 263 191 0.000471 9
588 146 627 188 0.000469 9
480 173 518 197 0.000457 9
1135 102 1186 155 0.000447 9
634 153 673 202 0.000447 9
694 176 704 194 0.000442 9
1104 152 1118 171 0.000441 9
603 167 620 184 0.000429 9
1064 104 1073 118 0.000428 9
974 179 986 202 0.000424 9
639 169 649 195 0.000421 9
1017 126 1105 185 0.000415 9
598 89 625 144 0.000410 9
904 127 912 138 0.000409 9
1076 147 1102 181 0.000405 9
1050 117 1074 147 0.000402 9
879 153 895 172 0.000401 9
361 148 375 187 0.000400 9
521 182 548 199 0.000398 9
544 173 572 201 0.000379 9
624 64 640 92 0.000377 9
595 143 619 165 0.000377 9
248 177 258 191 0.000371 9
897 168 904 177 0.000368 9
220 176 235 191 0.000357 9
864 165 870 180 0.000355 9
651 127 659 143 0.000353 9
662 119 671 154 0.000347 9
686 80 698 119 0.000344 9
860 137 895 152 0.000342 9
624 64 639 76 0.000335 9
855 136 922 174 0.000329 9
681 64 701 119 0.000327 9
1073 135 1099 178 0.000327 9
514 161 542 183 0.000326 9
1055 152 1064 166 0.000326 9
1171 148 1183 164 0.000325 9
512 151 540 184 0.000325 9
374 183 392 201 0.000321 9
807 160 858 191 0.000319 9
692 150 707 182 0.000314 9
812 150 832 161 0.000311 9
1084 150 1106 204 0.000310 9
688 150 704 178 0.000306 9
860 136 899 172 0.000303 9
1096 130 1107 154 0.000300 9
559 64 578 85 0.000299 9
1047 156 1056 168 0.000299 9
1186 156 1204 188 0.000298 9
600 150 664 202 0.000295 9
1124 163 1196 203 0.000287 9
586 117 597 133 0.000287 9
653 183 670 201 0.000287 9
93 64 131 71 0.000287 9
1050 112 1067 137 0.000282 9
1096 150 1120 199 0.000281 9
861 119 871 136 0.000278 9
1054 103 1063 130 0.000278 9
687 94 693 109 0.000278 9
232 161 242 176 0.000272 9
976 168 992 185 0.000271 9
831 136 858 159 0.000270 9
1123 64 1164 79 0.000269 9
650 127 660 148 0.000268 9
169 64 200 90 0.000265 9
687 160 701 185 0.000265 9
656 118 666 149 0.000263 9
982 138 996 168 0.000263 9
1263 78 1279 172 0.000262 9
533 190 546 202 0.000258 9
1206 156 1231 202 0.000255 9
460 184 480 204 0.000250 9
160 64 187 90 0.000248 9
1000 118 1008 133 0.000247 9
256 145 268 164 0.000243 9
658 162 694 201 0.000239 9
638 123 671 177 0.000239 9
112 151 127 164 0.000236 9
627 165 665 202 0.000234 9
1075 135 1093 149 0.000230 9
525 168 556 180 0.000230 9
1193 383 1206 405 0.000229 9
209 167 219 177 0.000229 9
989 115 1027 173 0.000228 9
1093 163 1224 212 0.000228 9
293 177 307 198 0.000227 9
1019 145 1041 162 0.000225 9
368 151 384 185 0.000224 9
116 64 197 92 0.000222 9
785 141 1249 250 0.000219 9
1187 138 1201 152 0.000215 9
1138 164 1193 185 0.000215 9
711 64 775 72 0.000214 9
1017 135 1040 162 0.000213 9
1101 164 1178 186 0.000212 9
687 64 703 119 0.000211 9
603 111 625 143 0.000209 9
1005 138 1059 193 0.000208 9
95 152 104 173 0.000206 9
248 161 257 173 0.000203 9
1121 64 1225 82 0.000200 9
542 160 581 204 0.000200 9
680 152 689 181 0.000198 9
1073 148 1083 168 0.000196 9
678 64 694 114 0.000196 9
447 151 530 172 0.000194 9
95 168 103 176 0.000190 9
1040 131 1064 168 0.000189 9
990 115 998 132 0.000186 9
1101 153 1119 183 0.000185 9
1030 123 1064 169 0.000181 9
702 134 735 153 0.000179 9
596 149 719 191 0.000179 9
597 71 645 169 0.000178 9
604 150 664 175 0.000177 9
431 171 445 193 0.000176 9
596 157 626 192 0.000173 9
1134 136 1157 152 0.000172 9
1184 148 1212 187 0.000171 9
919 137 939 170 0.000168 9
1101 136 1120 172 0.000168 9
241 176 258 191 0.000166 9
371 148 385 169 0.000163 9
1006 136 1033 222 0.000162 9
830 134 941 167 0.000162 9
680 96 691 120 0.000161 9
1002 136 1027 213 0.000159 9
544 169 605 204 0.000158 9
313 149 333 187 0.000156 9
959 132 992 166 0.000156 9
586 167 626 202 0.000156 9
1040 111 1107 192 0.000154 9
984 137 1002 172 0.000150 9
1201 85 1215 128 0.000150 9
831 150 875 173 0.000149 9
990 123 1006 170 0.000149 9
1250 154 1279 183 0.000148 9
693 64 721 114 0.000148 9
974 168 992 200 0.000147 9
372 166 391 188 0.000144 9
607 150 629 188 0.000142 9
1051 183 1062 198 0.000142 9
1166 104 1185 136 0.000141 9
959 133 978 163 0.000140 9
565 144 578 161 0.000139 9
1014 137 1060 170 0.000137 9
820 138 905 181 0.000135 9
654 150 697 184 0.000135 9
1148 154 1169 185 0.000134 9
1169 142 1183 153 0.000134 9
400 184 410 202 0.000133 9
830 89 849 112 0.000132 9
595 64 626 149 0.000132 9
548 141 565 152 0.000131 9
927 149 937 169 0.000131 9
807 160 891 183 0.000131 9
368 166 393 203 0.000131 9
1246 87 1264 137 0.000129 9
257 167 272 194 0.000127 9
576 65 672 215 0.000127 9
1066 113 1083 139 0.000126 9
928 143 944 169 0.000126 9
451 163 484 196 0.000126 9
832 118 852 135 0.000125 9
332 154 370 192 0.000125 9
445 156 491 206 0.000125 9
1167 143 1178 152 0.000124 9
832 87 845 108 0.000124 9
575 136 581 147 0.000123 9
878 148 908 177 0.000123 9
1022 154 1056 169 0.000122 9
981 133 993 147 0.000122 9
1132 133 1178 153 0.000120 9
948 134 1016 173 0.000118 9
680 145 688 168 0.000117 9
1188 381 1211 415 0.000116 9
933 142 944 156 0.000116 9
1083 127 1209 195 0.000115 9
981 120 992 143 0.000113 9
638 129 656 167 0.000109 9
1086 124 1134 188 0.000109 9
1102 163 1121 202 0.000107 9
679 122 692 169 0.000106 9
1214 65 1280 175 0.000106 9
209 180 228 198 0.000105 9
546 64 582 89 0.000104 9
1071 143 1096 190 0.000104 9
1209 150 1224 166 0.000104 9
1207 67 1279 266 0.000103 9
784 113 842 155 0.000103 9
680 84 692 119 0.000102 9
800 140 816 158 0.000102 9
1102 165 1153 188 0.000102 9
538 152 631 188 0.000101 9
596 103 626 157 0.000101 9
1182 191 1199 214 0.064323 11
324 110 366 164 0.048078 11
523 183 536 197 0.032615 11
1233 198 1256 233 0.020840 11
1053 113 1082 146 0.010092 11
517 191 527 200 0.005733 11
1177 209 1195 217 0.000606 11
