985 190 1020 257 0.721784 0
511 187 535 264 0.695229 0
766 201 808 280 0.678098 0
714 187 742 251 0.621387 0
1028 191 1054 239 0.416502 0
848 200 857 240 0.123376 0
781 187 807 222 0.102607 0
1026 191 1057 263 0.101409 0
230 200 246 240 0.099115 0
849 200 857 223 0.088343 0
780 187 799 217 0.079257 0
1029 190 1050 223 0.068746 0
781 188 795 208 0.060738 0
848 200 864 240 0.038301 0
243 195 255 216 0.034764 0
231 200 245 217 0.022533 0
722 191 744 235 0.020140 0
633 202 645 216 0.017854 0
780 192 808 242 0.014771 0
1216 190 1222 204 0.009393 0
1015 209 1054 261 0.009155 0
244 195 255 233 0.008523 0
632 202 645 227 0.006874 0
229 199 249 255 0.006760 0
1016 204 1025 216 0.006416 0
1214 190 1224 221 0.006136 0
765 209 795 263 0.005941 0
719 184 743 219 0.005060 0
1204 191 1225 240 0.005024 0
1010 206 1041 260 0.004884 0
511 190 524 219 0.004824 0
777 200 805 250 0.004391 0
240 197 253 240 0.004195 0
720 184 736 207 0.004176 0
534 195 552 218 0.003929 0
934 201 943 215 0.003735 0
711 191 731 219 0.003403 0
767 188 798 234 0.003258 0
524 183 536 200 0.003191 0
1208 190 1221 206 0.003026 0
1113 194 1120 203 0.002975 0
529 196 540 219 0.002888 0
1010 204 1030 236 0.002673 0
986 190 1008 225 0.002565 0
789 328 810 344 0.002552 0
964 372 980 391 0.002350 0
752 190 800 250 0.002284 0
763 227 796 280 0.002251 0
471 198 479 215 0.002205 0
878 200 905 243 0.002094 0
1191 209 1204 230 0.002087 0
1009 200 1042 239 0.002035 0
1184 209 1209 253 0.001858 0
1207 217 1225 250 0.001833 0
1205 226 1217 249 0.001828 0
681 199 690 216 0.001786 0
520 187 539 256 0.001741 0
641 205 653 216 0.001661 0
1200 201 1222 238 0.001661 0
375 185 386 201 0.001654 0
848 200 868 277 0.001539 0
1231 167 1246 181 0.001467 0
271 199 279 216 0.001394 0
848 183 857 225 0.001309 0
226 199 245 264 0.001259 0
815 209 827 222 0.001215 0
692 208 701 230 0.001209 0
1232 170 1243 181 0.001208 0
959 371 982 409 0.001187 0
1271 199 1279 264 0.001165 0
853 203 874 240 0.001164 0
470 202 478 225 0.001144 0
1230 165 1246 192 0.001096 0
267 198 273 213 0.001071 0
709 213 723 236 0.001057 0
965 369 986 392 0.001046 0
1266 199 1279 269 0.001022 0
994 215 1021 256 0.001002 0
525 191 544 255 0.000917 0
785 185 830 239 0.000915 0
612 152 624 168 0.000890 0
1263 64 1279 73 0.000861 0
975 189 981 200 0.000848 0
606 151 628 182 0.000842 0
1262 179 1279 237 0.000841 0
1177 213 1184 222 0.000840 0
654 198 661 217 0.000833 0
1104 312 1115 327 0.000813 0
1120 312 1129 329 0.000802 0
982 204 1041 263 0.000790 0
1213 180 1279 293 0.000787 0
1072 485 1080 499 0.000783 0
669 208 678 229 0.000748 0
459 202 467 216 0.000747 0
374 184 392 202 0.000745 0
804 186 814 205 0.000729 0
850 196 883 277 0.000695 0
923 201 945 245 0.000669 0
501 188 525 259 0.000646 0
434 183 549 263 0.000642 0
626 184 647 202 0.000640 0
924 200 946 224 0.000624 0
921 211 932 243 0.000604 0
681 198 696 220 0.000550 0
1006 198 1020 216 0.000540 0
632 202 656 233 0.000530 0
809 196 855 241 0.000512 0
1115 312 1143 344 0.000500 0
927 201 946 216 0.000496 0
231 194 248 218 0.000493 0
927 224 939 253 0.000482 0
212 199 222 231 0.000476 0
784 327 816 393 0.000469 0
351 192 357 200 0.000459 0
1000 385 1024 403 0.000453 0
775 183 949 281 0.000453 0
975 372 991 392 0.000432 0
970 366 991 392 0.000429 0
591 680 630 703 0.000426 0
988 190 1018 220 0.000414 0
695 183 703 202 0.000413 0
367 207 376 219 0.000410 0
214 199 224 227 0.000409 0
602 151 633 190 0.000402 0
510 186 581 264 0.000400 0
224 183 231 199 0.000399 0
836 194 857 238 0.000399 0
1119 283 1142 345 0.000382 0
557 184 566 197 0.000379 0
1075 332 1088 344 0.000375 0
539 197 556 218 0.000373 0
1173 344 1189 361 0.000370 0
184 198 191 207 0.000370 0
1088 190 1099 209 0.000361 0
386 198 397 206 0.000360 0
575 280 597 351 0.000354 0
653 188 661 216 0.000345 0
665 201 674 217 0.000339 0
1204 170 1275 237 0.000337 0
458 182 933 272 0.000337 0
848 177 956 287 0.000328 0
950 245 958 254 0.000325 0
957 370 980 429 0.000307 0
269 199 280 232 0.000300 0
462 192 479 258 0.000300 0
677 197 698 216 0.000299 0
853 215 868 281 0.000294 0
1041 279 1057 313 0.000293 0
345 186 353 199 0.000273 0
817 195 872 282 0.000272 0
319 203 330 224 0.000270 0
1120 273 1154 331 0.000268 0
551 199 574 217 0.000254 0
752 188 881 290 0.000254 0
695 196 726 239 0.000245 0
852 212 892 284 0.000245 0
787 320 811 344 0.000242 0
591 663 630 703 0.000242 0
330 185 343 199 0.000241 0
463 187 480 216 0.000240 0
1212 184 1255 236 0.000239 0
1147 293 1168 352 0.000238 0
679 199 699 231 0.000236 0
709 171 820 243 0.000234 0
665 189 672 217 0.000233 0
215 183 225 211 0.000233 0
689 198 705 224 0.000227 0
1067 204 1109 311 0.000225 0
1063 64 1152 75 0.000225 0
1043 279 1057 295 0.000221 0
544 195 870 269 0.000220 0
1177 344 1196 360 0.000218 0
1181 193 1203 223 0.000216 0
556 185 572 201 0.000215 0
1263 239 1279 271 0.000213 0
223 200 256 265 0.000213 0
1038 184 1054 207 0.000211 0
852 186 1135 248 0.000205 0
367 184 386 201 0.000200 0
960 349 991 393 0.000192 0
950 274 959 293 0.000192 0
220 198 246 243 0.000191 0
1262 64 1279 79 0.000190 0
1091 216 1122 270 0.000188 0
103 255 112 265 0.000187 0
944 354 985 394 0.000184 0
1104 312 1135 328 0.000184 0
1148 324 1167 354 0.000183 0
689 186 744 241 0.000182 0
691 210 714 251 0.000179 0
1119 325 1146 344 0.000176 0
503 198 522 244 0.000174 0
1199 406 1215 415 0.000174 0
1071 481 1080 497 0.000171 0
773 236 817 344 0.000170 0
946 348 971 392 0.000166 0
917 206 935 249 0.000166 0
992 284 1000 297 0.000163 0
1247 340 1264 379 0.000163 0
779 255 824 344 0.000160 0
1216 407 1235 426 0.000159 0
999 181 1008 199 0.000156 0
266 193 274 213 0.000154 0
1263 73 1279 263 0.000154 0
1079 312 1148 344 0.000152 0
266 199 277 232 0.000150 0
882 220 904 246 0.000149 0
925 342 989 394 0.000146 0
1246 334 1264 398 0.000145 0
431 424 441 440 0.000144 0
680 186 691 216 0.000137 0
1088 258 1097 269 0.000135 0
523 183 547 206 0.000134 0
751 164 966 297 0.000132 0
1263 78 1279 170 0.000131 0
981 351 992 390 0.000130 0
159 205 170 229 0.000128 0
1039 271 1060 329 0.000125 0
460 177 937 376 0.000124 0
788 329 810 354 0.000124 0
614 661 649 703 0.000123 0
958 370 1011 400 0.000123 0
1025 226 1076 300 0.000123 0
1138 272 1171 355 0.000121 0
335 170 722 277 0.000120 0
496 183 634 262 0.000119 0
199 205 209 218 0.000119 0
1058 252 1078 295 0.000119 0
947 369 981 452 0.000118 0
993 378 1023 406 0.000116 0
212 193 222 219 0.000115 0
1272 150 1279 181 0.000115 0
513 190 901 332 0.000113 0
772 261 849 344 0.000112 0
1119 303 1147 344 0.000112 0
1033 226 1098 286 0.000111 0
782 318 842 344 0.000110 0
866 215 902 270 0.000109 0
821 280 848 345 0.000109 0
400 184 410 202 0.000107 0
621 681 638 703 0.000107 0
367 206 377 232 0.000106 0
526 192 554 255 0.000106 0
910 275 925 296 0.000106 0
1051 212 1104 324 0.000105 0
992 280 1007 328 0.000104 0
478 192 529 253 0.000103 0
732 194 795 233 0.000101 0
701 215 754 258 0.791002 1
982 229 1041 269 0.648089 1
755 237 811 299 0.631300 1
1023 222 1059 263 0.103055 1
1038 226 1064 263 0.071118 1
1038 220 1063 250 0.037387 1
755 238 819 329 0.033232 1
0 528 83 661 0.029428 1
981 221 1066 269 0.027853 1
1014 213 1061 266 0.027247 1
784 239 820 281 0.010042 1
755 256 779 298 0.007988 1
1045 219 1065 246 0.007099 1
798 248 820 281 0.005097 1
989 231 1015 263 0.004287 1
785 238 808 274 0.004045 1
982 234 1001 269 0.003843 1
1040 228 1078 262 0.003292 1
755 256 796 302 0.002766 1
985 232 1007 264 0.002224 1
791 235 810 252 0.001855 1
803 248 825 282 0.001776 1
760 231 807 280 0.001676 1
755 257 771 310 0.001177 1
1026 236 1043 266 0.001174 1
0 448 88 659 0.001096 1
792 229 828 281 0.000975 1
800 247 832 296 0.000931 1
968 222 992 262 0.000844 1
972 208 1002 261 0.000685 1
724 205 754 253 0.000523 1
0 532 19 654 0.000522 1
701 203 809 270 0.000511 1
745 222 783 253 0.000507 1
0 533 35 655 0.000482 1
796 227 816 279 0.000464 1
701 231 718 257 0.000410 1
45 236 69 256 0.000395 1
16 226 75 257 0.000381 1
1019 223 1073 277 0.000380 1
702 220 718 250 0.000361 1
31 234 72 256 0.000358 1
756 228 796 290 0.000322 1
861 203 1054 272 0.000319 1
724 228 754 257 0.000316 1
797 243 837 282 0.000251 1
215 232 242 265 0.000240 1
862 261 909 285 0.000233 1
18 231 77 281 0.000229 1
753 232 966 325 0.000224 1
669 222 815 311 0.000215 1
858 239 907 285 0.000192 1
715 237 827 345 0.000180 1
0 568 72 659 0.000172 1
619 213 756 263 0.000168 1
797 241 822 303 0.000165 1
977 214 1069 315 0.000156 1
755 235 850 291 0.000153 1
753 178 927 289 0.000130 1
699 214 804 296 0.000117 1
0 465 15 650 0.000112 1
0 529 48 621 0.000101 1
697 202 723 237 0.000100 1
0 284 639 690 0.576968 2
321 285 911 701 0.277000 2
0 285 639 382 0.120155 2
606 201 648 216 0.016548 2
1149 270 1279 329 0.015292 2
484 199 513 217 0.014049 2
1009 200 1030 215 0.011822 2
1271 199 1279 235 0.011550 2
588 184 621 201 0.010445 2
1123 270 1214 329 0.009981 2
1132 270 1279 417 0.009350 2
1202 216 1223 236 0.008379 2
1184 216 1279 266 0.007223 2
1262 199 1279 236 0.006064 2
1202 216 1224 249 0.005946 2
821 328 848 344 0.005746 2
603 189 657 215 0.005373 2
588 184 649 215 0.004973 2
1196 209 1277 254 0.004815 2
873 199 954 243 0.004736 2
1027 194 1073 246 0.004554 2
1098 222 1119 248 0.004037 2
624 195 656 216 0.003647 2
1210 271 1279 328 0.003646 2
1200 206 1222 237 0.003638 2
588 183 621 213 0.003532 2
1215 201 1279 265 0.003133 2
1244 199 1279 266 0.002851 2
1190 214 1223 251 0.002691 2
1056 214 1091 247 0.002640 2
1102 199 1121 209 0.002628 2
304 190 313 198 0.002559 2
1263 481 1279 514 0.002403 2
1248 210 1268 234 0.002369 2
1166 272 1216 328 0.002269 2
589 200 624 214 0.002152 2
1168 270 1279 382 0.002137 2
307 188 323 198 0.002091 2
1066 213 1120 241 0.001998 2
873 199 951 225 0.001994 2
1178 204 1279 299 0.001929 2
1070 214 1090 231 0.001928 2
847 206 883 243 0.001924 2
0 420 118 661 0.001838 2
1008 192 1047 215 0.001829 2
874 200 911 243 0.001788 2
1222 179 1279 233 0.001591 2
880 199 910 224 0.001563 2
1104 488 1135 506 0.001537 2
800 597 875 636 0.001494 2
1184 212 1224 266 0.001486 2
803 184 853 232 0.001483 2
799 597 877 687 0.001312 2
1188 212 1204 236 0.001287 2
1198 230 1279 268 0.001271 2
991 455 999 463 0.001251 2
304 185 319 198 0.001243 2
865 225 884 243 0.001161 2
1224 165 1279 182 0.001129 2
1087 198 1121 209 0.001078 2
1261 168 1279 181 0.001049 2
550 199 570 216 0.000970 2
1041 200 1075 233 0.000966 2
1115 216 1182 228 0.000942 2
915 201 984 254 0.000938 2
1057 209 1082 234 0.000919 2
1090 213 1124 243 0.000910 2
0 528 111 662 0.000892 2
1217 220 1232 233 0.000887 2
552 197 578 216 0.000876 2
1103 487 1123 498 0.000871 2
1067 203 1092 232 0.000862 2
1019 456 1031 464 0.000844 2
889 200 905 226 0.000842 2
1001 183 1068 214 0.000834 2
1217 164 1279 203 0.000819 2
632 202 653 217 0.000812 2
961 205 986 223 0.000761 2
1086 185 1097 199 0.000757 2
1207 199 1255 236 0.000748 2
574 181 622 204 0.000746 2
1246 240 1279 267 0.000745 2
1223 179 1279 212 0.000710 2
572 199 702 216 0.000696 2
908 199 952 244 0.000693 2
868 211 894 243 0.000690 2
1115 488 1136 500 0.000680 2
475 191 513 217 0.000651 2
1132 271 1185 329 0.000642 2
866 184 962 286 0.000623 2
1115 220 1150 236 0.000604 2
471 188 480 204 0.000592 2
1252 248 1279 267 0.000589 2
550 178 622 204 0.000566 2
1016 457 1025 465 0.000554 2
1135 327 1277 421 0.000546 2
11 284 638 463 0.000537 2
1099 187 1122 209 0.000534 2
863 216 883 242 0.000507 2
1064 195 1123 234 0.000494 2
938 204 982 222 0.000485 2
983 187 1063 253 0.000478 2
1181 213 1205 249 0.000476 2
1060 194 1095 233 0.000473 2
0 449 16 608 0.000473 2
556 195 614 216 0.000471 2
905 200 951 216 0.000470 2
1174 271 1246 329 0.000467 2
1216 294 1279 328 0.000460 2
915 200 983 226 0.000453 2
1114 222 1156 247 0.000449 2
0 348 10 361 0.000445 2
1210 497 1231 512 0.000444 2
971 209 986 224 0.000439 2
1116 489 1136 507 0.000437 2
1226 247 1279 379 0.000382 2
964 203 987 242 0.000381 2
928 199 955 207 0.000376 2
554 199 593 216 0.000362 2
479 201 499 217 0.000356 2
1023 483 1064 498 0.000355 2
319 204 332 231 0.000349 2
0 344 16 362 0.000347 2
604 201 651 228 0.000347 2
1244 274 1279 383 0.000343 2
1178 280 1223 329 0.000335 2
356 217 368 229 0.000335 2
695 196 723 217 0.000298 2
9 566 593 682 0.000297 2
1214 202 1279 330 0.000295 2
294 182 308 199 0.000294 2
1072 195 1096 210 0.000292 2
1077 183 1096 200 0.000290 2
1236 285 1279 328 0.000285 2
1075 186 1092 201 0.000285 2
1188 333 1278 424 0.000283 2
1263 351 1279 375 0.000279 2
172 205 191 216 0.000275 2
463 187 480 205 0.000269 2
1263 480 1279 701 0.000268 2
621 182 658 213 0.000267 2
0 454 81 654 0.000260 2
1056 488 1066 497 0.000256 2
1092 202 1123 221 0.000254 2
387 199 397 206 0.000253 2
1215 274 1233 326 0.000248 2
292 199 456 291 0.000245 2
680 205 702 232 0.000244 2
1184 275 1214 290 0.000243 2
1136 318 1279 482 0.000243 2
801 327 848 344 0.000237 2
1250 166 1279 235 0.000236 2
1012 184 1114 249 0.000235 2
1225 159 1248 182 0.000233 2
1258 290 1279 394 0.000232 2
0 530 16 612 0.000231 2
866 191 1009 254 0.000230 2
1218 248 1279 273 0.000230 2
1183 273 1215 302 0.000229 2
1087 183 1104 207 0.000227 2
1262 253 1279 270 0.000223 2
1203 255 1279 294 0.000209 2
0 347 12 364 0.000208 2
706 184 741 215 0.000205 2
1245 297 1279 328 0.000205 2
459 185 480 213 0.000197 2
1029 184 1076 231 0.000191 2
0 538 45 654 0.000190 2
825 599 874 634 0.000186 2
1209 281 1279 375 0.000185 2
1090 269 1143 329 0.000183 2
0 297 27 361 0.000182 2
0 542 23 653 0.000182 2
1250 294 1279 355 0.000180 2
1042 482 1056 492 0.000180 2
1173 297 1253 329 0.000179 2
1056 490 1067 501 0.000175 2
1211 311 1279 419 0.000173 2
1202 408 1215 416 0.000170 2
1072 188 1088 202 0.000167 2
555 179 579 214 0.000164 2
527 248 600 280 0.000160 2
1056 486 1076 498 0.000160 2
1184 495 1232 513 0.000160 2
1205 273 1279 294 0.000150 2
1128 268 1230 400 0.000150 2
870 222 893 247 0.000150 2
818 329 848 362 0.000148 2
695 186 739 223 0.000148 2
1103 184 1122 204 0.000148 2
736 202 788 235 0.000145 2
12 532 80 622 0.000145 2
865 197 1061 282 0.000141 2
43 174 639 385 0.000140 2
1094 171 1124 208 0.000135 2
1150 471 1168 478 0.000135 2
660 448 1271 704 0.000135 2
0 526 8 542 0.000132 2
1021 442 1037 457 0.000128 2
1024 455 1039 465 0.000125 2
1263 292 1279 371 0.000124 2
0 468 15 541 0.000123 2
1080 201 1175 228 0.000123 2
1196 338 1252 426 0.000119 2
778 530 806 547 0.000118 2
1072 327 1088 343 0.000117 2
12 476 611 704 0.000117 2
1215 305 1239 328 0.000116 2
1088 266 1104 329 0.000115 2
1263 350 1279 404 0.000110 2
1205 293 1279 471 0.000110 2
447 183 481 212 0.000108 2
820 562 874 634 0.000106 2
326 199 378 237 0.000105 2
0 446 196 651 0.000104 2
0 523 197 659 0.000103 2
326 200 373 271 0.000101 2
822 279 849 340 0.000101 2
1183 168 1279 267 0.038201 5
480 170 573 217 0.017636 5
1220 178 1279 266 0.004634 5
480 172 516 217 0.003388 5
1220 177 1279 222 0.000803 5
1005 184 1069 215 0.000754 5
461 169 515 217 0.000616 5
1219 161 1279 241 0.000504 5
446 150 526 172 0.000160 5
444 157 522 185 0.000133 5
321 285 910 701 0.583594 6
0 285 638 359 0.172689 6
1181 166 1279 270 0.051798 6
641 269 1276 336 0.020258 6
699 151 953 242 0.019147 6
643 267 1276 397 0.014379 6
481 170 576 217 0.006427 6
640 265 1277 481 0.006278 6
1163 169 1279 347 0.005931 6
445 150 953 242 0.004579 6
979 266 1211 330 0.003297 6
479 166 635 217 0.003090 6
1124 171 1279 406 0.003072 6
1 235 628 358 0.003064 6
673 176 1278 329 0.002595 6
1028 175 1278 257 0.001786 6
1080 268 1213 329 0.001705 6
1131 268 1279 416 0.001552 6
821 273 1166 341 0.001496 6
853 268 1279 378 0.001485 6
1054 175 1278 315 0.001451 6
884 174 1278 292 0.001317 6
971 235 1278 372 0.001301 6
382 156 884 219 0.001144 6
702 179 1126 263 0.000987 6
685 145 1111 245 0.000987 6
963 166 1279 341 0.000858 6
586 150 843 218 0.000770 6
964 153 1276 250 0.000688 6
1219 162 1279 241 0.000642 6
925 194 1250 259 0.000562 6
7 165 586 362 0.000534 6
988 263 1279 472 0.000498 6
641 268 1041 382 0.000365 6
831 192 1109 265 0.000356 6
932 271 1151 335 0.000315 6
646 199 1164 308 0.000288 6
1 66 72 255 0.000276 6
2 66 129 260 0.000273 6
337 175 934 281 0.000262 6
488 188 615 218 0.000223 6
686 106 1247 256 0.000214 6
12 64 605 376 0.000207 6
983 233 1140 330 0.000190 6
1175 64 1280 279 0.000185 6
504 97 945 247 0.000177 6
1221 68 1279 259 0.000169 6
1022 265 1149 347 0.000141 6
974 274 1122 345 0.000137 6
454 117 658 215 0.000120 6
0 82 365 350 0.000117 6
376 66 869 230 0.000117 6
1079 161 1262 220 0.000109 6
343 144 675 226 0.000108 6
90 117 414 365 0.000102 6
864 177 953 241 0.392563 7
802 177 951 242 0.184213 7
1184 174 1279 267 0.101724 7
705 152 861 228 0.036623 7
703 155 955 242 0.019357 7
480 170 575 217 0.013588 7
803 183 854 242 0.009090 7
1116 183 1250 248 0.007469 7
1219 180 1279 266 0.007306 7
1115 184 1194 249 0.006888 7
803 162 857 219 0.005490 7
707 152 811 213 0.005121 7
1269 199 1279 235 0.004991 7
866 177 942 213 0.004395 7
480 171 526 217 0.004156 7
803 182 853 219 0.003406 7
587 183 656 216 0.002939 7
1223 179 1279 235 0.002791 7
1118 183 1189 219 0.002586 7
480 167 652 216 0.002120 7
512 170 574 205 0.001555 7
700 171 1102 246 0.001552 7
863 174 1073 248 0.001131 7
1182 194 1236 262 0.000922 7
586 161 659 216 0.000821 7
1205 167 1280 233 0.000699 7
587 169 629 202 0.000686 7
1115 165 1270 239 0.000682 7
599 151 836 217 0.000637 7
869 188 980 253 0.000618 7
530 172 576 212 0.000589 7
846 176 928 239 0.000580 7
604 166 633 192 0.000579 7
539 172 573 203 0.000486 7
711 177 819 253 0.000387 7
973 177 1074 230 0.000345 7
447 154 579 218 0.000280 7
1080 134 1111 251 0.000271 7
1067 160 1222 254 0.000251 7
1075 148 1136 253 0.000243 7
703 139 941 207 0.000233 7
549 173 569 200 0.000217 7
292 199 456 291 0.000202 7
959 161 993 210 0.000193 7
989 169 1117 244 0.000185 7
541 171 621 204 0.000181 7
552 177 580 205 0.000164 7
1056 184 1198 249 0.000159 7
1067 128 1118 250 0.000157 7
539 160 582 203 0.000153 7
1043 131 1109 251 0.000149 7
697 183 742 214 0.000125 7
602 159 641 192 0.000118 7
690 103 1021 246 0.000116 7
441 159 513 214 0.000115 7
914 179 947 201 0.000110 7
830 137 996 239 0.000107 7
703 125 848 213 0.000105 7
932 160 994 211 0.000104 7
740 152 848 212 0.000103 7
1098 163 1153 216 0.000101 7
1088 150 1103 176 0.595945 9
512 152 524 182 0.049368 9
1012 136 1024 169 0.019588 9
840 151 859 166 0.015689 9
1181 189 1200 215 0.014705 9
994 137 1002 171 0.013323 9
1007 135 1024 174 0.012766 9
1123 64 1153 75 0.009668 9
312 149 341 194 0.009189 9
366 167 374 187 0.007832 9
1207 169 1215 190 0.006990 9
1129 64 1152 72 0.006144 9
994 134 1006 173 0.005570 9
1089 132 1107 176 0.005413 9
1052 114 1082 147 0.005352 9
1199 136 1212 152 0.005283 9
449 157 490 171 0.005231 9
373 167 381 184 0.005197 9
1096 133 1105 153 0.005069 9
993 130 1024 174 0.004217 9
239 177 246 190 0.003803 9
808 162 857 182 0.003391 9
840 135 861 166 0.003128 9
119 64 128 71 0.002726 9
1212 167 1224 186 0.002597 9
1207 168 1218 199 0.002384 9
1000 119 1007 134 0.002318 9
510 152 531 210 0.002310 9
1181 166 1203 230 0.002253 9
362 167 373 188 0.002129 9
1088 148 1111 178 0.002049 9
520 181 536 200 0.001956 9
119 64 176 75 0.001798 9
312 151 325 188 0.001796 9
1096 132 1110 173 0.001736 9
1120 64 1139 75 0.001624 9
119 64 162 72 0.001564 9
1172 151 1182 162 0.001323 9
1050 119 1065 135 0.001316 9
841 119 860 136 0.001308 9
1086 144 1103 247 0.001295 9
858 137 938 153 0.001263 9
1023 159 1032 169 0.001246 9
1181 166 1222 220 0.001169 9
803 150 813 159 0.001144 9
1199 152 1207 181 0.001117 9
224 183 231 197 0.001115 9
1065 105 1073 121 0.001102 9
368 166 380 187 0.001093 9
1192 164 1201 184 0.001056 9
803 159 857 213 0.001028 9
1199 146 1208 176 0.001023 9
975 135 1000 171 0.001016 9
1080 173 1089 182 0.001014 9
1141 165 1154 204 0.000943 9
1181 185 1206 219 0.000891 9
850 119 865 136 0.000848 9
832 117 840 133 0.000842 9
801 150 811 160 0.000837 9
1052 112 1069 141 0.000796 9
1096 130 1105 144 0.000774 9
1153 165 1167 184 0.000767 9
831 149 860 167 0.000745 9
1087 129 1127 186 0.000733 9
164 64 178 75 0.000730 9
1144 165 1154 184 0.000716 9
863 165 870 181 0.000694 9
1210 168 1226 203 0.000694 9
1046 155 1056 168 0.000693 9
975 141 990 157 0.000671 9
974 138 994 166 0.000665 9
831 135 847 152 0.000656 9
1013 135 1039 172 0.000626 9
834 133 869 157 0.000622 9
1068 113 1083 142 0.000614 9
693 177 702 200 0.000609 9
1183 167 1200 185 0.000605 9
1201 163 1211 185 0.000600 9
1105 152 1118 169 0.000586 9
159 64 169 72 0.000584 9
1195 166 1216 200 0.000580 9
1122 64 1162 79 0.000556 9
960 135 979 163 0.000553 9
1085 150 1105 205 0.000552 9
364 166 377 189 0.000542 9
1021 150 1040 165 0.000538 9
1040 132 1061 168 0.000530 9
586 117 597 134 0.000527 9
828 136 907 163 0.000507 9
1001 136 1024 187 0.000502 9
992 117 1002 134 0.000496 9
215 183 224 196 0.000482 9
864 139 882 168 0.000475 9
508 156 538 200 0.000471 9
992 118 1008 172 0.000462 9
1041 110 1108 183 0.000457 9
1181 155 1227 235 0.000448 9
1090 144 1125 176 0.000443 9
804 157 857 188 0.000430 9
511 174 537 200 0.000426 9
857 136 938 172 0.000422 9
1039 115 1066 169 0.000417 9
1021 155 1040 169 0.000414 9
1195 150 1222 196 0.000408 9
861 111 869 118 0.000399 9
863 137 896 151 0.000397 9
809 153 872 184 0.000396 9
1192 138 1200 151 0.000395 9
1076 149 1102 180 0.000391 9
997 136 1009 184 0.000376 9
689 119 705 153 0.000376 9
812 151 845 162 0.000375 9
614 150 629 168 0.000370 9
1263 78 1279 172 0.000360 9
1248 347 1262 359 0.000360 9
863 117 870 136 0.000354 9
829 136 899 151 0.000353 9
1132 166 1147 185 0.000352 9
260 143 269 159 0.000350 9
168 64 184 74 0.000345 9
870 119 878 135 0.000341 9
581 64 595 70 0.000334 9
1110 165 1150 205 0.000311 9
638 160 645 170 0.000311 9
1151 103 1167 135 0.000310 9
257 146 265 159 0.000309 9
1171 140 1183 154 0.000306 9
1199 134 1217 190 0.000297 9
864 150 881 171 0.000296 9
1183 157 1202 189 0.000292 9
1074 133 1104 179 0.000285 9
1038 152 1056 169 0.000282 9
974 135 991 144 0.000281 9
1204 87 1214 106 0.000281 9
899 137 938 153 0.000280 9
653 127 660 145 0.000279 9
685 119 704 178 0.000278 9
322 151 342 191 0.000277 9
905 126 912 137 0.000273 9
1121 164 1135 184 0.000272 9
1147 165 1171 184 0.000268 9
1004 136 1036 209 0.000262 9
1121 164 1200 216 0.000260 9
158 64 181 78 0.000259 9
597 134 605 143 0.000259 9
1052 103 1074 144 0.000254 9
1190 135 1208 151 0.000252 9
999 108 1105 176 0.000250 9
1222 163 1246 190 0.000250 9
961 134 990 160 0.000246 9
1045 183 1062 199 0.000245 9
1036 128 1109 222 0.000244 9
1189 151 1207 185 0.000243 9
500 152 524 181 0.000241 9
834 149 882 177 0.000235 9
1201 85 1212 108 0.000235 9
1006 155 1063 197 0.000234 9
1117 164 1132 183 0.000233 9
873 149 893 169 0.000232 9
594 64 625 91 0.000228 9
693 120 705 171 0.000223 9
119 64 197 92 0.000222 9
487 151 525 210 0.000215 9
804 182 835 203 0.000214 9
1150 134 1170 158 0.000213 9
1169 147 1183 165 0.000208 9
1072 149 1083 168 0.000205 9
448 154 520 173 0.000203 9
1048 112 1084 169 0.000202 9
575 276 599 350 0.000202 9
653 143 671 177 0.000202 9
1065 64 1155 75 0.000200 9
1070 133 1105 253 0.000199 9
336 161 351 194 0.000198 9
1189 383 1207 407 0.000197 9
1092 149 1124 209 0.000196 9
1137 133 1169 160 0.000194 9
806 158 898 207 0.000193 9
1177 180 1201 218 0.000192 9
1101 162 1135 205 0.000190 9
1076 135 1092 148 0.000189 9
1208 165 1247 216 0.000189 9
1150 102 1188 137 0.000186 9
637 131 654 152 0.000184 9
1002 167 1070 212 0.000178 9
663 140 671 174 0.000174 9
1167 138 1178 153 0.000174 9
1139 165 1189 186 0.000174 9
705 81 722 91 0.000174 9
1137 134 1188 186 0.000172 9
697 151 706 175 0.000171 9
830 137 940 159 0.000170 9
171 64 201 89 0.000162 9
317 128 359 196 0.000161 9
1054 151 1065 168 0.000160 9
579 65 673 214 0.000157 9
1186 384 1206 401 0.000156 9
1202 153 1229 196 0.000154 9
545 140 552 151 0.000152 9
963 123 1017 178 0.000152 9
1140 103 1187 162 0.000149 9
651 127 672 178 0.000146 9
865 137 907 175 0.000145 9
368 158 382 186 0.000144 9
1076 140 1135 255 0.000143 9
808 152 861 175 0.000140 9
952 348 959 364 0.000139 9
328 159 352 194 0.000137 9
1101 134 1121 170 0.000137 9
997 107 1008 136 0.000135 9
601 150 645 194 0.000135 9
223 176 247 191 0.000135 9
160 64 183 90 0.000134 9
359 154 381 189 0.000132 9
580 64 596 90 0.000129 9
1264 79 1279 107 0.000127 9
704 81 727 95 0.000126 9
650 128 659 150 0.000126 9
1101 154 1120 182 0.000125 9
895 167 904 177 0.000122 9
972 119 999 162 0.000119 9
1071 116 1086 145 0.000118 9
801 152 816 193 0.000118 9
223 176 248 202 0.000117 9
216 163 225 177 0.000117 9
158 64 199 91 0.000117 9
511 144 524 172 0.000116 9
1247 341 1263 364 0.000114 9
830 123 938 161 0.000113 9
990 109 1112 251 0.000112 9
1123 158 1135 172 0.000112 9
811 140 825 158 0.000111 9
649 145 671 210 0.000111 9
1154 110 1206 160 0.000111 9
982 130 1078 226 0.000111 9
1263 78 1279 134 0.000108 9
460 185 480 204 0.000107 9
579 64 629 93 0.000107 9
221 167 232 176 0.000106 9
118 64 158 78 0.000105 9
599 91 625 144 0.000104 9
623 71 640 149 0.000104 9
1170 145 1205 186 0.000104 9
661 134 672 166 0.000103 9
1205 144 1229 182 0.000103 9
664 183 671 207 0.000103 9
1166 148 1196 178 0.000102 9
1233 198 1256 232 0.159817 11
325 110 366 164 0.030443 11
1182 191 1199 215 0.016615 11
312 149 341 194 0.010663 11
1053 113 1082 146 0.006883 11
312 152 324 187 0.001656 11
449 157 490 171 0.001162 11
1249 199 1266 231 0.000556 11
