929 198 985 304 0.826938 0
729 190 765 274 0.819123 0
590 190 614 249 0.680827 0
240 202 255 242 0.554007 0
1131 199 1154 249 0.519531 0
475 204 490 255 0.498579 0
1068 190 1093 257 0.454581 0
1065 189 1104 266 0.050320 0
471 206 483 247 0.040118 0
848 200 857 241 0.034264 0
848 199 857 222 0.031932 0
959 187 977 229 0.028335 0
472 206 482 225 0.022027 0
1140 218 1151 254 0.019633 0
468 205 480 250 0.014955 0
963 187 976 219 0.013291 0
633 202 645 216 0.011124 0
785 197 794 215 0.010360 0
1112 193 1120 203 0.009795 0
241 204 254 227 0.008077 0
954 201 980 248 0.007776 0
848 199 865 240 0.007052 0
1216 191 1225 214 0.006498 0
1069 190 1090 219 0.006143 0
213 202 224 235 0.005883 0
958 198 969 217 0.005836 0
784 197 794 230 0.005767 0
1271 198 1279 237 0.005511 0
1131 199 1153 220 0.005471 0
617 155 625 184 0.005133 0
1031 196 1050 227 0.004741 0
611 156 620 184 0.004475 0
464 204 476 249 0.004388 0
1215 193 1228 233 0.004151 0
1229 196 1257 232 0.003223 0
960 371 980 425 0.003060 0
593 191 614 218 0.002889 0
312 186 323 199 0.002821 0
880 203 898 241 0.002729 0
1057 218 1087 254 0.002624 0
851 191 870 272 0.002536 0
848 183 857 222 0.002523 0
975 208 983 229 0.002157 0
863 437 877 455 0.002047 0
375 186 387 202 0.001940 0
457 202 465 217 0.001921 0
214 193 224 227 0.001901 0
639 690 654 703 0.001718 0
1036 194 1048 214 0.001667 0
1056 225 1066 243 0.001649 0
877 200 908 243 0.001636 0
1264 197 1279 238 0.001624 0
1219 220 1229 233 0.001614 0
964 372 981 391 0.001585 0
386 198 396 206 0.001496 0
816 210 825 222 0.001438 0
789 330 810 345 0.001333 0
612 155 627 186 0.001326 0
346 188 353 199 0.001308 0
320 204 330 220 0.001289 0
624 183 635 200 0.001266 0
681 199 690 216 0.001262 0
861 432 872 455 0.001253 0
513 196 525 219 0.001228 0
515 191 531 216 0.001206 0
183 197 191 207 0.001081 0
1206 195 1217 219 0.001066 0
605 158 617 183 0.001053 0
1251 197 1277 233 0.001037 0
304 192 313 199 0.001016 0
670 208 679 230 0.001006 0
158 205 167 219 0.000996 0
1216 194 1248 234 0.000981 0
350 189 357 199 0.000972 0
1119 312 1129 329 0.000967 0
1131 199 1169 249 0.000965 0
1208 192 1222 216 0.000911 0
928 214 965 302 0.000911 0
1039 203 1050 228 0.000878 0
1080 191 1095 217 0.000862 0
329 184 343 199 0.000845 0
859 432 879 456 0.000825 0
626 182 641 200 0.000822 0
216 185 223 206 0.000821 0
609 154 623 183 0.000791 0
635 204 653 216 0.000789 0
956 207 993 253 0.000783 0
1145 311 1168 350 0.000780 0
1215 194 1232 222 0.000778 0
864 220 874 236 0.000769 0
863 436 878 479 0.000764 0
1267 197 1279 267 0.000751 0
866 208 873 230 0.000740 0
1265 230 1274 241 0.000728 0
1087 185 1096 209 0.000724 0
1079 199 1096 224 0.000721 0
1208 167 1226 217 0.000692 0
514 198 527 239 0.000685 0
1254 217 1266 232 0.000676 0
1217 203 1231 215 0.000669 0
455 202 476 252 0.000668 0
862 209 874 239 0.000666 0
962 182 991 227 0.000643 0
639 678 672 703 0.000631 0
1072 484 1080 500 0.000618 0
948 199 974 234 0.000615 0
1063 194 1085 224 0.000614 0
1045 190 1097 268 0.000607 0
1155 327 1167 350 0.000606 0
693 209 702 233 0.000597 0
1075 184 1095 213 0.000590 0
959 370 979 458 0.000583 0
956 368 1022 426 0.000578 0
1062 194 1100 234 0.000576 0
1088 234 1104 271 0.000575 0
472 196 535 253 0.000571 0
751 451 763 472 0.000570 0
954 214 978 256 0.000558 0
849 206 876 273 0.000558 0
1213 176 1231 227 0.000540 0
269 199 278 213 0.000524 0
803 185 815 218 0.000495 0
640 191 656 214 0.000487 0
635 183 646 201 0.000486 0
784 329 816 392 0.000478 0
1250 204 1279 265 0.000474 0
1088 212 1105 231 0.000464 0
1001 386 1022 400 0.000463 0
375 184 394 205 0.000454 0
1056 221 1068 240 0.000453 0
466 199 583 256 0.000445 0
1104 312 1112 328 0.000433 0
1084 207 1108 231 0.000428 0
207 204 224 233 0.000411 0
785 198 800 237 0.000409 0
999 180 1182 263 0.000407 0
924 345 1014 476 0.000405 0
265 198 277 231 0.000397 0
178 202 192 217 0.000395 0
623 185 647 216 0.000394 0
930 201 956 242 0.000389 0
366 185 376 200 0.000389 0
509 197 530 250 0.000378 0
376 194 387 205 0.000373 0
199 209 208 222 0.000370 0
952 185 980 223 0.000344 0
751 461 762 472 0.000341 0
784 314 841 444 0.000331 0
912 474 928 487 0.000328 0
1125 182 1232 254 0.000326 0
1046 484 1054 490 0.000326 0
265 197 274 211 0.000319 0
269 199 278 228 0.000317 0
325 188 342 199 0.000313 0
1186 374 1232 424 0.000313 0
1118 312 1137 347 0.000312 0
804 188 855 241 0.000303 0
472 188 493 251 0.000301 0
1056 488 1066 499 0.000300 0
1257 182 1279 235 0.000292 0
765 198 1269 323 0.000287 0
934 200 965 250 0.000282 0
585 199 596 216 0.000272 0
1263 167 1279 238 0.000272 0
383 194 677 266 0.000270 0
926 448 935 456 0.000269 0
319 203 332 231 0.000267 0
801 416 808 424 0.000263 0
681 199 694 220 0.000261 0
1073 332 1095 372 0.000260 0
963 365 992 393 0.000260 0
1073 331 1090 345 0.000256 0
1186 381 1220 420 0.000253 0
1104 312 1115 346 0.000249 0
910 336 925 360 0.000248 0
479 201 520 251 0.000247 0
527 193 625 249 0.000246 0
1176 212 1184 226 0.000241 0
622 202 654 225 0.000240 0
181 196 192 211 0.000236 0
856 214 896 273 0.000232 0
800 185 815 234 0.000226 0
460 200 475 216 0.000223 0
984 201 1218 270 0.000220 0
453 162 944 281 0.000219 0
949 349 961 391 0.000218 0
357 191 932 269 0.000214 0
934 197 967 231 0.000213 0
958 369 998 400 0.000204 0
429 223 438 233 0.000203 0
1128 191 1155 218 0.000201 0
214 185 231 235 0.000194 0
789 163 893 284 0.000194 0
653 199 661 216 0.000193 0
724 191 846 274 0.000192 0
315 195 332 229 0.000190 0
910 206 934 246 0.000190 0
1144 327 1168 348 0.000188 0
868 200 998 303 0.000187 0
750 200 767 230 0.000182 0
794 196 829 239 0.000182 0
367 208 374 219 0.000181 0
1160 376 1167 383 0.000180 0
847 176 929 283 0.000180 0
998 385 1022 408 0.000180 0
739 190 752 211 0.000178 0
968 372 991 392 0.000177 0
851 219 875 293 0.000173 0
692 209 707 236 0.000172 0
947 364 1027 472 0.000169 0
735 190 749 214 0.000169 0
1087 185 1104 209 0.000168 0
464 248 478 271 0.000165 0
1013 385 1024 432 0.000163 0
1112 310 1145 342 0.000162 0
925 365 984 428 0.000161 0
1203 367 1229 423 0.000158 0
961 360 1024 408 0.000156 0
910 336 926 393 0.000156 0
450 206 464 223 0.000155 0
1103 312 1125 352 0.000154 0
1102 312 1135 337 0.000154 0
339 165 354 199 0.000154 0
1214 383 1232 424 0.000153 0
821 463 832 474 0.000150 0
1076 187 1166 250 0.000145 0
942 352 1024 430 0.000144 0
926 369 945 466 0.000143 0
916 343 947 424 0.000143 0
926 366 946 424 0.000141 0
172 205 185 216 0.000139 0
515 198 543 248 0.000138 0
311 185 329 233 0.000137 0
848 189 899 237 0.000137 0
959 440 969 458 0.000135 0
1055 222 1073 299 0.000135 0
793 155 818 236 0.000134 0
789 218 810 239 0.000134 0
403 174 903 245 0.000133 0
909 336 924 349 0.000132 0
798 439 817 472 0.000131 0
354 190 367 200 0.000129 0
664 200 674 217 0.000128 0
1086 192 1105 217 0.000127 0
1137 326 1171 359 0.000125 0
551 163 953 368 0.000125 0
1040 198 1061 233 0.000125 0
856 179 964 288 0.000123 0
664 192 671 216 0.000123 0
705 190 1228 281 0.000123 0
1246 335 1263 404 0.000123 0
1264 481 1279 698 0.000122 0
783 325 817 426 0.000121 0
1056 188 1064 199 0.000121 0
1000 384 1023 427 0.000119 0
839 207 873 285 0.000119 0
764 275 852 345 0.000118 0
1213 397 1229 424 0.000118 0
863 471 873 478 0.000116 0
153 202 167 231 0.000116 0
1207 411 1215 424 0.000115 0
1187 191 1214 223 0.000115 0
1183 332 1214 421 0.000114 0
935 132 1217 268 0.000114 0
1183 344 1194 375 0.000113 0
633 180 657 211 0.000113 0
952 345 959 369 0.000112 0
922 332 1005 437 0.000112 0
575 278 597 394 0.000112 0
665 187 671 203 0.000107 0
945 269 961 304 0.000106 0
850 462 864 478 0.000106 0
1180 189 1201 229 0.000104 0
1198 502 1214 513 0.000103 0
1119 279 1166 353 0.000102 0
599 157 619 184 0.000102 0
1168 343 1196 359 0.000101 0
1254 484 1266 513 0.000101 0
1084 167 1243 263 0.000101 0
174 187 280 242 0.000100 0
593 173 624 202 0.000100 0
575 217 622 255 0.856022 1
918 247 1006 321 0.813250 1
1063 228 1120 264 0.420370 1
1134 217 1155 252 0.185818 1
1138 219 1160 249 0.038859 1
960 246 1006 320 0.018313 1
20 219 73 258 0.014149 1
1067 230 1087 259 0.009498 1
47 225 73 256 0.007237 1
1131 208 1158 249 0.006958 1
1099 230 1120 263 0.005878 1
1059 228 1087 264 0.004160 1
1124 220 1140 251 0.003836 1
1135 218 1185 249 0.002871 1
77 226 117 255 0.002837 1
21 229 47 257 0.002457 1
24 216 42 250 0.002400 1
1123 216 1153 250 0.002297 1
1153 231 1183 248 0.002261 1
47 223 108 256 0.002092 1
1025 229 1120 265 0.002050 1
5 228 41 258 0.001999 1
1 219 43 253 0.001334 1
575 225 594 250 0.001076 1
1088 217 1162 259 0.001072 1
966 275 1006 320 0.000837 1
919 264 970 303 0.000773 1
14 231 74 264 0.000757 1
1055 228 1113 284 0.000699 1
561 202 576 216 0.000673 1
533 215 617 256 0.000668 1
917 265 946 298 0.000657 1
917 241 1135 331 0.000592 1
580 213 603 249 0.000556 1
923 251 997 299 0.000549 1
600 224 622 255 0.000546 1
42 230 81 256 0.000441 1
963 248 992 292 0.000425 1
916 264 953 312 0.000422 1
957 248 986 274 0.000336 1
603 222 622 243 0.000335 1
1054 226 1094 294 0.000327 1
74 223 100 251 0.000289 1
48 217 72 245 0.000288 1
17 218 118 258 0.000275 1
1048 216 1242 292 0.000266 1
1102 224 1144 257 0.000259 1
938 257 965 302 0.000257 1
917 265 936 286 0.000234 1
963 254 981 293 0.000229 1
969 247 992 264 0.000217 1
941 247 976 298 0.000215 1
909 267 941 297 0.000204 1
574 211 651 256 0.000194 1
965 239 995 260 0.000193 1
1049 211 1122 335 0.000185 1
466 186 624 275 0.000178 1
1063 199 1156 252 0.000162 1
572 236 604 266 0.000159 1
936 233 1094 303 0.000157 1
0 208 76 261 0.000153 1
1027 228 1096 297 0.000151 1
957 239 992 265 0.000147 1
931 259 974 298 0.000146 1
882 194 1242 273 0.000143 1
575 223 609 253 0.000140 1
590 198 622 250 0.000133 1
49 232 75 264 0.000128 1
76 235 115 264 0.000122 1
740 243 1008 327 0.000109 1
989 196 1051 230 0.268587 2
489 202 515 216 0.048934 2
502 207 514 216 0.037680 2
526 202 551 218 0.024107 2
532 204 545 218 0.013243 2
822 328 848 344 0.008988 2
1168 273 1214 329 0.008175 2
986 203 1032 229 0.006532 2
1068 212 1120 263 0.006228 2
640 689 671 703 0.005991 2
694 204 727 234 0.005803 2
789 232 809 239 0.005072 2
1132 275 1279 419 0.004438 2
610 202 646 216 0.004408 2
873 197 944 244 0.003638 2
1089 214 1120 262 0.002945 2
1102 215 1125 229 0.002492 2
876 198 932 226 0.002408 2
1174 273 1214 302 0.002268 2
977 205 995 227 0.002232 2
488 193 518 216 0.002188 2
695 201 721 217 0.002163 2
1006 209 1027 230 0.002016 2
516 200 544 217 0.001994 2
1001 235 1029 251 0.001994 2
1216 197 1257 233 0.001984 2
705 210 728 234 0.001978 2
880 199 907 239 0.001817 2
1215 275 1231 329 0.001813 2
1155 234 1183 248 0.001742 2
633 199 655 216 0.001684 2
1008 194 1047 214 0.001573 2
550 200 573 216 0.001567 2
1186 275 1214 285 0.001534 2
981 210 997 228 0.001517 2
1167 273 1209 284 0.001508 2
703 199 731 232 0.001448 2
1132 273 1269 356 0.001408 2
608 201 622 216 0.001406 2
1166 273 1250 331 0.001399 2
1104 215 1141 231 0.001380 2
847 215 881 242 0.001320 2
1258 196 1279 235 0.001292 2
986 213 1003 228 0.001288 2
993 253 1013 262 0.001250 2
1104 488 1119 497 0.001237 2
1110 194 1120 203 0.001205 2
801 215 826 239 0.001203 2
1105 215 1153 251 0.001200 2
1189 227 1275 258 0.001184 2
1096 214 1117 232 0.001182 2
708 205 726 222 0.001134 2
1042 520 1067 528 0.001118 2
979 210 1024 238 0.001033 2
866 228 882 243 0.001016 2
990 194 1094 230 0.001009 2
1121 488 1135 497 0.000981 2
1219 197 1276 263 0.000937 2
603 194 657 216 0.000924 2
820 328 848 361 0.000919 2
1263 351 1279 376 0.000872 2
988 250 1011 262 0.000865 2
680 199 690 216 0.000864 2
865 207 904 243 0.000844 2
1103 195 1121 208 0.000828 2
1247 248 1279 267 0.000818 2
555 201 578 216 0.000814 2
592 186 658 216 0.000813 2
1001 217 1121 264 0.000813 2
1007 195 1050 224 0.000808 2
1184 273 1208 284 0.000773 2
525 192 554 218 0.000755 2
633 378 659 396 0.000745 2
699 184 732 228 0.000742 2
1183 334 1278 422 0.000713 2
970 199 1038 230 0.000700 2
662 274 688 283 0.000681 2
513 184 553 218 0.000668 2
992 230 1030 252 0.000647 2
1000 254 1016 261 0.000623 2
968 207 997 248 0.000617 2
1104 487 1135 507 0.000612 2
999 235 1033 259 0.000595 2
693 206 714 233 0.000595 2
911 200 946 247 0.000587 2
864 216 881 241 0.000586 2
984 196 1120 260 0.000575 2
1229 276 1279 405 0.000570 2
0 396 16 409 0.000554 2
1264 316 1279 408 0.000553 2
1263 350 1279 400 0.000549 2
978 243 994 258 0.000541 2
803 185 855 227 0.000533 2
999 250 1040 262 0.000501 2
1138 218 1278 264 0.000477 2
452 203 466 222 0.000477 2
502 192 559 217 0.000474 2
707 197 744 233 0.000459 2
1016 194 1057 221 0.000458 2
601 193 622 217 0.000450 2
1111 503 1119 511 0.000435 2
588 182 623 200 0.000420 2
1181 182 1280 266 0.000412 2
1257 282 1279 405 0.000387 2
1199 277 1279 416 0.000385 2
1081 205 1120 235 0.000374 2
983 246 1003 259 0.000370 2
985 231 1023 255 0.000356 2
1191 213 1219 231 0.000352 2
989 240 1030 262 0.000349 2
999 230 1058 251 0.000343 2
1070 326 1088 340 0.000339 2
787 327 848 344 0.000337 2
1222 270 1279 336 0.000335 2
908 197 944 213 0.000312 2
676 207 698 234 0.000307 2
1135 226 1202 250 0.000296 2
1166 270 1233 359 0.000295 2
974 190 1050 224 0.000295 2
1100 205 1123 222 0.000293 2
1056 216 1073 234 0.000292 2
1259 249 1279 270 0.000288 2
1014 193 1073 229 0.000285 2
977 248 993 262 0.000284 2
1035 194 1057 207 0.000278 2
983 447 992 455 0.000267 2
1185 271 1228 330 0.000261 2
884 199 943 215 0.000257 2
1263 280 1279 295 0.000257 2
971 229 995 256 0.000253 2
1024 309 1095 340 0.000249 2
1199 198 1226 231 0.000249 2
701 184 759 231 0.000246 2
1117 488 1136 508 0.000246 2
1101 199 1154 243 0.000245 2
1009 207 1049 231 0.000240 2
863 198 914 241 0.000238 2
1263 168 1279 181 0.000235 2
304 185 318 198 0.000232 2
983 222 1015 253 0.000232 2
1031 193 1091 242 0.000227 2
1263 687 1272 702 0.000223 2
1029 195 1063 230 0.000223 2
630 370 659 397 0.000218 2
479 203 517 233 0.000218 2
1027 219 1070 251 0.000218 2
913 455 927 463 0.000216 2
1186 218 1279 297 0.000208 2
1182 273 1215 320 0.000192 2
1021 253 1040 263 0.000192 2
1263 167 1279 195 0.000192 2
761 207 792 237 0.000191 2
918 196 947 217 0.000190 2
522 201 552 223 0.000184 2
903 457 913 463 0.000179 2
111 408 128 426 0.000178 2
941 187 1053 231 0.000176 2
0 395 32 424 0.000176 2
489 207 516 222 0.000170 2
848 471 867 479 0.000167 2
1137 272 1215 333 0.000163 2
865 228 891 246 0.000160 2
958 183 1008 229 0.000160 2
559 249 591 279 0.000158 2
906 455 927 463 0.000158 2
464 194 637 255 0.000155 2
1106 489 1129 510 0.000154 2
1247 215 1279 267 0.000152 2
1031 210 1055 231 0.000150 2
1269 687 1279 704 0.000148 2
159 397 176 422 0.000147 2
1268 668 1279 704 0.000147 2
640 675 672 703 0.000146 2
356 216 368 228 0.000144 2
1209 273 1279 294 0.000141 2
665 198 693 220 0.000140 2
593 169 663 216 0.000136 2
1191 277 1215 330 0.000134 2
1222 166 1279 181 0.000133 2
323 196 658 271 0.000133 2
784 326 848 362 0.000130 2
1216 273 1279 310 0.000127 2
1225 202 1279 386 0.000126 2
1264 616 1279 703 0.000124 2
1231 291 1279 356 0.000123 2
881 177 941 201 0.000123 2
917 199 1117 290 0.000120 2
1105 185 1122 204 0.000120 2
911 179 942 201 0.000117 2
867 203 882 236 0.000116 2
0 397 17 419 0.000114 2
1223 288 1279 328 0.000111 2
1198 271 1232 362 0.000109 2
768 193 1233 279 0.000105 2
483 179 661 230 0.000104 2
871 204 946 266 0.000104 2
1258 298 1279 374 0.000103 2
890 234 909 246 0.000102 2
1167 343 1194 359 0.000101 2
1217 177 1279 266 0.002274 5
1213 172 1279 235 0.002125 5
803 161 859 221 0.001727 5
444 167 580 216 0.000347 5
1234 176 1279 230 0.000274 5
1182 189 1203 219 0.000239 5
1216 166 1279 210 0.000190 5
442 173 514 247 0.000135 5
552 175 580 215 0.000112 5
2 68 346 401 0.001186 6
4 65 577 402 0.000770 6
1164 164 1279 266 0.000719 6
1029 272 1279 414 0.000483 6
1 65 74 256 0.000422 6
0 138 39 212 0.000408 6
0 138 40 261 0.000338 6
668 133 1258 265 0.000325 6
0 66 131 251 0.000318 6
1127 158 1279 422 0.000316 6
426 149 942 243 0.000267 6
1 195 337 399 0.000190 6
1081 152 1280 267 0.000185 6
5 64 337 269 0.000162 6
115 64 320 89 0.000146 6
1105 162 1241 224 0.000138 6
706 134 945 228 0.000127 6
0 66 193 287 0.000118 6
119 64 200 91 0.000116 6
564 150 835 219 0.000115 6
452 158 583 214 0.000106 6
864 177 943 238 0.235514 7
801 177 944 241 0.078652 7
712 153 858 238 0.069361 7
705 151 945 240 0.056813 7
865 177 942 213 0.009017 7
704 152 811 229 0.005186 7
1197 171 1279 267 0.002567 7
1226 185 1279 266 0.001690 7
1213 175 1279 236 0.001370 7
803 163 857 223 0.001368 7
681 160 1094 247 0.000955 7
802 184 855 239 0.000891 7
443 170 528 220 0.000684 7
700 184 730 218 0.000609 7
542 148 941 242 0.000532 7
588 162 949 283 0.000496 7
460 168 580 215 0.000448 7
717 153 805 207 0.000438 7
845 176 930 226 0.000399 7
480 171 516 211 0.000399 7
876 178 942 202 0.000377 7
459 183 536 219 0.000347 7
660 179 1170 280 0.000341 7
865 176 988 242 0.000326 7
694 183 730 233 0.000326 7
577 151 831 221 0.000291 7
800 141 945 236 0.000169 7
1003 180 1066 226 0.000165 7
693 106 958 241 0.000156 7
543 172 578 217 0.000146 7
967 181 1066 222 0.000122 7
829 135 996 238 0.000116 7
790 151 855 231 0.000108 7
953 154 1062 232 0.000100 7
1088 150 1103 176 0.521288 9
512 151 524 183 0.146690 9
1007 135 1024 174 0.079689 9
373 168 381 184 0.029722 9
366 167 373 188 0.023025 9
1208 170 1215 190 0.018130 9
449 157 490 171 0.010925 9
512 151 526 197 0.010586 9
997 136 1007 176 0.009743 9
995 137 1002 172 0.007948 9
844 151 859 166 0.006258 9
1130 64 1152 72 0.005777 9
993 138 1001 170 0.005404 9
239 178 246 190 0.004618 9
1233 168 1245 181 0.004252 9
840 119 861 136 0.004045 9
1224 164 1232 180 0.003579 9
1120 64 1151 75 0.003481 9
1088 133 1105 176 0.003275 9
224 183 231 198 0.003102 9
838 132 860 166 0.002916 9
1096 134 1105 153 0.002888 9
362 167 374 189 0.002840 9
993 136 1006 176 0.002790 9
119 64 160 73 0.002705 9
808 164 853 185 0.002623 9
814 149 822 159 0.002388 9
517 192 524 201 0.002383 9
557 184 566 197 0.002331 9
993 130 1024 176 0.002330 9
1080 173 1088 183 0.002177 9
1212 167 1225 202 0.002167 9
1213 167 1224 189 0.002084 9
965 372 980 388 0.002079 9
999 124 1007 135 0.001915 9
803 156 858 206 0.001864 9
961 135 976 159 0.001842 9
848 181 858 214 0.001748 9
513 187 525 202 0.001567 9
520 183 536 198 0.001538 9
1149 103 1184 135 0.001487 9
215 183 223 199 0.001454 9
1055 116 1065 137 0.001407 9
1181 173 1200 217 0.001398 9
463 184 477 198 0.001342 9
1089 148 1110 177 0.001304 9
556 173 567 198 0.001270 9
829 135 864 160 0.001267 9
1200 136 1208 154 0.001256 9
802 154 856 187 0.001190 9
981 142 993 165 0.001135 9
639 160 644 167 0.001129 9
1100 134 1109 156 0.001067 9
998 133 1104 181 0.001065 9
1171 149 1183 163 0.001062 9
693 177 702 200 0.001044 9
864 165 870 181 0.001013 9
368 167 385 199 0.001007 9
1053 112 1083 146 0.000988 9
1012 134 1033 175 0.000962 9
1189 165 1201 186 0.000919 9
803 149 811 156 0.000900 9
257 147 265 159 0.000863 9
1192 384 1206 401 0.000829 9
1000 119 1008 134 0.000815 9
118 64 187 77 0.000796 9
1065 104 1072 115 0.000783 9
829 135 849 151 0.000780 9
257 180 262 191 0.000779 9
830 136 898 155 0.000758 9
1018 152 1030 171 0.000748 9
983 131 992 145 0.000726 9
1211 164 1232 216 0.000723 9
802 149 813 162 0.000693 9
981 121 992 144 0.000689 9
512 151 542 192 0.000684 9
1199 135 1209 180 0.000680 9
164 64 177 75 0.000675 9
1151 124 1162 134 0.000670 9
512 163 547 186 0.000656 9
1084 184 1097 204 0.000641 9
801 156 812 188 0.000588 9
813 144 823 158 0.000571 9
1181 163 1213 222 0.000568 9
522 174 546 183 0.000561 9
879 155 892 168 0.000561 9
471 187 479 200 0.000559 9
1025 146 1040 161 0.000552 9
1050 119 1060 136 0.000552 9
446 152 574 212 0.000541 9
1206 160 1216 191 0.000541 9
1096 130 1105 140 0.000533 9
863 118 870 136 0.000531 9
260 145 269 159 0.000523 9
1003 136 1025 184 0.000519 9
680 167 687 203 0.000511 9
1033 144 1040 159 0.000500 9
1144 329 1154 344 0.000487 9
340 164 351 189 0.000474 9
1053 114 1070 145 0.000463 9
553 173 574 200 0.000456 9
515 175 546 189 0.000449 9
1180 161 1227 231 0.000429 9
1199 167 1215 197 0.000423 9
1087 134 1129 183 0.000399 9
983 140 1000 168 0.000395 9
855 136 939 154 0.000395 9
501 152 524 184 0.000391 9
1097 134 1108 165 0.000385 9
256 177 264 187 0.000378 9
1227 160 1248 181 0.000378 9
136 64 176 75 0.000376 9
1076 148 1102 181 0.000357 9
582 64 595 71 0.000351 9
829 146 859 165 0.000349 9
665 327 679 345 0.000345 9
988 122 1004 172 0.000344 9
1192 161 1202 186 0.000341 9
586 117 597 133 0.000336 9
680 167 687 184 0.000331 9
556 183 570 198 0.000331 9
312 148 346 194 0.000311 9
545 141 552 152 0.000307 9
878 151 895 174 0.000306 9
119 64 199 86 0.000306 9
375 166 389 185 0.000305 9
371 151 385 186 0.000305 9
689 118 702 177 0.000305 9
293 176 306 198 0.000303 9
806 160 866 195 0.000296 9
831 136 911 174 0.000291 9
1193 140 1216 194 0.000286 9
520 169 547 183 0.000284 9
1085 147 1103 215 0.000284 9
993 130 1108 225 0.000283 9
214 165 223 177 0.000283 9
171 64 201 89 0.000280 9
1079 123 1108 182 0.000280 9
95 168 104 176 0.000277 9
1078 156 1094 182 0.000276 9
1188 383 1210 414 0.000275 9
167 64 184 74 0.000272 9
1182 166 1201 192 0.000266 9
863 137 895 149 0.000263 9
829 64 839 69 0.000253 9
1106 148 1119 169 0.000251 9
112 151 127 163 0.000250 9
928 152 937 168 0.000248 9
1073 150 1083 168 0.000243 9
657 153 670 174 0.000242 9
1032 134 1059 168 0.000228 9
1130 64 1162 73 0.000226 9
479 165 523 204 0.000226 9
359 148 381 189 0.000226 9
372 165 390 195 0.000222 9
1011 139 1046 187 0.000220 9
372 148 384 174 0.000218 9
160 64 191 89 0.000217 9
326 159 352 192 0.000213 9
896 165 904 177 0.000212 9
1033 111 1103 187 0.000208 9
809 158 874 183 0.000207 9
857 136 939 177 0.000204 9
1200 133 1215 176 0.000201 9
447 154 519 174 0.000201 9
888 136 938 152 0.000201 9
263 279 272 296 0.000200 9
240 166 247 178 0.000198 9
680 171 689 211 0.000196 9
399 84 409 96 0.000195 9
1022 140 1057 169 0.000194 9
1197 132 1223 195 0.000193 9
594 64 625 90 0.000192 9
975 134 990 146 0.000191 9
974 137 991 162 0.000190 9
580 64 637 92 0.000188 9
1143 103 1187 169 0.000188 9
1006 167 1065 202 0.000186 9
314 138 361 195 0.000183 9
860 110 870 134 0.000182 9
1048 155 1056 168 0.000182 9
580 64 596 91 0.000181 9
457 181 483 201 0.000181 9
894 156 906 175 0.000174 9
1202 155 1231 203 0.000171 9
544 168 552 177 0.000170 9
257 144 268 159 0.000170 9
870 119 879 136 0.000170 9
959 137 994 168 0.000167 9
266 208 277 232 0.000166 9
639 151 653 164 0.000165 9
511 180 543 206 0.000164 9
1203 86 1215 104 0.000163 9
530 176 556 204 0.000162 9
1019 155 1042 170 0.000161 9
265 179 272 195 0.000157 9
834 76 849 89 0.000157 9
991 118 1005 136 0.000156 9
516 168 573 204 0.000156 9
248 178 257 191 0.000156 9
682 172 702 216 0.000156 9
1018 130 1041 165 0.000156 9
520 182 547 199 0.000155 9
831 119 857 144 0.000151 9
624 64 638 90 0.000151 9
851 143 896 176 0.000149 9
1086 124 1106 167 0.000149 9
933 149 943 166 0.000144 9
238 182 251 211 0.000144 9
1042 147 1058 167 0.000144 9
829 118 864 152 0.000142 9
1167 140 1178 157 0.000141 9
824 142 896 180 0.000139 9
352 165 365 189 0.000138 9
698 151 705 175 0.000137 9
1033 156 1053 169 0.000136 9
542 162 581 202 0.000136 9
360 148 374 179 0.000133 9
486 149 579 219 0.000129 9
378 163 406 184 0.000129 9
226 176 249 193 0.000126 9
1074 132 1103 179 0.000123 9
806 152 857 176 0.000123 9
120 164 127 175 0.000123 9
1121 64 1224 81 0.000122 9
1122 64 1169 84 0.000120 9
840 110 872 137 0.000119 9
1011 168 1062 186 0.000119 9
1184 383 1206 405 0.000119 9
1116 165 1154 185 0.000118 9
829 135 940 162 0.000117 9
833 119 855 137 0.000116 9
1097 151 1128 209 0.000115 9
685 118 704 200 0.000114 9
575 136 581 143 0.000114 9
936 131 1016 174 0.000114 9
343 149 382 199 0.000113 9
1049 110 1067 139 0.000112 9
1072 157 1090 193 0.000112 9
482 173 502 194 0.000111 9
1191 129 1223 229 0.000110 9
444 157 494 207 0.000110 9
1148 130 1164 157 0.000109 9
1200 133 1215 158 0.000108 9
255 165 266 178 0.000107 9
693 182 716 216 0.000105 9
462 170 475 185 0.000104 9
853 165 883 209 0.000104 9
217 161 223 175 0.000102 9
432 171 446 195 0.000102 9
809 159 884 211 0.000101 9
550 141 565 150 0.000100 9
1181 191 1199 216 0.051990 11
523 183 536 196 0.012979 11
312 148 342 194 0.009176 11
517 191 526 200 0.004696 11
1181 165 1201 218 0.001627 11
449 157 491 171 0.000867 11
416 64 431 96 0.000148 11
