970 200 1032 313 0.839391 0
722 191 747 274 0.789906 0
933 186 963 258 0.760016 0
1119 194 1141 240 0.624101 0
565 193 590 242 0.521865 0
1087 195 1112 255 0.333664 0
848 199 857 222 0.089825 0
848 199 857 242 0.089418 0
1120 194 1139 219 0.045147 0
245 207 258 241 0.037485 0
958 370 980 424 0.022680 0
848 199 865 241 0.021348 0
787 198 794 217 0.018177 0
633 202 644 216 0.016157 0
1099 208 1114 255 0.013833 0
1113 193 1120 202 0.008659 0
572 192 593 219 0.008051 0
785 197 794 230 0.007316 0
1214 192 1228 233 0.006148 0
1217 191 1224 203 0.006114 0
1087 194 1111 228 0.005888 0
881 201 908 243 0.005737 0
458 205 465 216 0.005500 0
957 369 981 460 0.005394 0
466 203 480 253 0.005197 0
1102 205 1114 226 0.004548 0
1214 192 1225 221 0.004222 0
616 155 625 184 0.004081 0
1106 216 1120 231 0.003898 0
1217 215 1228 233 0.003751 0
1220 220 1229 234 0.003671 0
1110 194 1121 214 0.003518 0
611 155 621 185 0.003401 0
848 183 857 222 0.003391 0
1087 196 1098 217 0.003251 0
640 688 672 703 0.002605 0
1208 189 1226 223 0.002516 0
1120 312 1133 344 0.002355 0
803 185 814 216 0.002281 0
849 192 871 275 0.002223 0
242 195 259 241 0.002146 0
1100 196 1114 228 0.002061 0
1120 312 1130 329 0.002041 0
1089 189 1108 219 0.002012 0
861 436 876 456 0.001932 0
1108 194 1119 204 0.001828 0
1093 188 1117 227 0.001803 0
1255 197 1279 268 0.001776 0
816 210 825 223 0.001768 0
1087 189 1097 214 0.001702 0
964 370 980 390 0.001688 0
784 193 794 214 0.001678 0
633 201 654 216 0.001626 0
948 183 959 205 0.001449 0
1264 197 1279 236 0.001392 0
681 199 690 216 0.001378 0
561 206 592 244 0.001362 0
608 187 617 200 0.001288 0
1039 203 1050 228 0.001274 0
848 170 881 283 0.001250 0
938 208 962 257 0.001247 0
861 437 878 466 0.001214 0
462 203 480 296 0.001212 0
853 207 874 240 0.001168 0
862 435 879 479 0.001162 0
864 207 873 238 0.001116 0
864 219 874 237 0.001101 0
607 154 625 184 0.001101 0
605 158 617 184 0.001095 0
965 368 986 392 0.001037 0
637 206 653 216 0.001035 0
557 183 566 196 0.001028 0
956 366 1022 425 0.000957 0
622 184 634 200 0.000941 0
214 199 224 225 0.000927 0
944 184 961 214 0.000926 0
943 187 961 230 0.000923 0
1222 197 1266 264 0.000901 0
670 208 679 230 0.000892 0
751 451 763 472 0.000886 0
215 192 224 219 0.000873 0
848 173 901 285 0.000855 0
1033 194 1049 221 0.000846 0
863 441 879 455 0.000831 0
1087 224 1104 273 0.000823 0
312 184 323 198 0.000808 0
886 200 906 231 0.000798 0
556 173 567 197 0.000721 0
1075 191 1093 214 0.000716 0
959 369 982 393 0.000714 0
375 185 387 202 0.000669 0
786 197 796 222 0.000667 0
1150 309 1167 356 0.000643 0
216 185 223 205 0.000641 0
808 194 855 241 0.000638 0
626 182 641 200 0.000621 0
516 191 528 212 0.000614 0
1249 200 1267 232 0.000611 0
1191 383 1214 417 0.000598 0
632 202 647 222 0.000597 0
1159 328 1167 354 0.000582 0
1249 213 1266 233 0.000580 0
1087 232 1098 270 0.000566 0
724 197 744 251 0.000564 0
635 183 646 200 0.000547 0
1213 180 1241 233 0.000529 0
971 205 987 231 0.000528 0
983 210 1026 254 0.000518 0
1072 486 1081 501 0.000502 0
846 199 865 270 0.000501 0
1104 312 1114 328 0.000494 0
784 329 816 392 0.000493 0
470 195 481 216 0.000493 0
1129 274 1149 350 0.000489 0
346 188 353 199 0.000486 0
849 197 875 238 0.000480 0
992 384 1023 424 0.000480 0
1155 329 1167 359 0.000479 0
693 208 701 229 0.000478 0
913 474 928 487 0.000477 0
457 202 480 254 0.000477 0
1144 328 1152 344 0.000476 0
955 361 1018 462 0.000471 0
1198 382 1226 424 0.000470 0
803 185 843 219 0.000464 0
783 304 839 444 0.000463 0
350 188 357 199 0.000455 0
469 203 486 253 0.000446 0
975 189 981 199 0.000444 0
1149 278 1167 356 0.000442 0
641 189 655 213 0.000440 0
863 470 872 478 0.000439 0
847 205 884 276 0.000438 0
1184 226 1203 251 0.000437 0
934 193 957 221 0.000436 0
786 197 798 234 0.000427 0
1142 299 1152 346 0.000420 0
1000 384 1023 400 0.000420 0
635 185 654 209 0.000402 0
1134 304 1147 345 0.000400 0
1230 205 1279 305 0.000399 0
1056 488 1066 497 0.000398 0
822 328 848 343 0.000398 0
1120 311 1137 375 0.000394 0
971 198 1071 259 0.000391 0
1214 403 1225 424 0.000388 0
1009 431 1015 440 0.000387 0
1248 195 1277 233 0.000381 0
386 197 396 206 0.000371 0
926 446 934 458 0.000363 0
1263 169 1279 204 0.000360 0
1206 234 1233 320 0.000354 0
1118 198 1160 243 0.000353 0
1199 407 1208 416 0.000346 0
1041 200 1061 231 0.000338 0
799 190 825 238 0.000337 0
1053 206 1105 299 0.000335 0
975 204 1003 231 0.000328 0
379 171 942 277 0.000325 0
1087 202 1104 336 0.000322 0
852 178 955 286 0.000318 0
1176 212 1185 223 0.000318 0
1188 371 1229 423 0.000317 0
799 439 817 473 0.000311 0
910 336 925 359 0.000310 0
1000 384 1024 411 0.000310 0
458 203 481 225 0.000309 0
1177 215 1205 248 0.000308 0
801 416 808 423 0.000307 0
977 373 991 393 0.000307 0
1046 484 1054 490 0.000304 0
329 184 343 199 0.000304 0
885 190 968 224 0.000303 0
618 192 752 274 0.000298 0
554 184 576 218 0.000295 0
723 194 742 231 0.000278 0
921 199 1031 277 0.000274 0
73 64 173 75 0.000274 0
896 426 904 448 0.000273 0
931 345 1003 459 0.000273 0
1042 230 1094 297 0.000271 0
455 205 465 222 0.000269 0
1207 248 1231 275 0.000265 0
990 383 1023 448 0.000265 0
184 197 191 206 0.000263 0
103 250 135 264 0.000260 0
1182 193 1203 231 0.000257 0
566 185 588 217 0.000257 0
953 180 1164 262 0.000257 0
948 348 962 391 0.000254 0
802 203 831 239 0.000253 0
639 673 672 703 0.000252 0
366 183 376 200 0.000251 0
799 439 809 457 0.000248 0
212 201 221 226 0.000247 0
629 202 655 223 0.000245 0
1055 489 1068 501 0.000243 0
960 194 1086 275 0.000241 0
1206 408 1216 424 0.000240 0
715 193 866 275 0.000239 0
319 203 331 221 0.000239 0
158 205 169 223 0.000238 0
923 345 1020 426 0.000232 0
724 191 738 216 0.000229 0
173 64 201 90 0.000229 0
1183 344 1193 375 0.000220 0
1247 421 1253 429 0.000220 0
934 182 1272 361 0.000219 0
848 219 878 294 0.000217 0
266 199 276 232 0.000216 0
943 342 988 400 0.000214 0
832 192 857 227 0.000213 0
329 195 856 269 0.000213 0
1053 239 1076 298 0.000212 0
796 312 842 344 0.000210 0
1149 327 1169 373 0.000206 0
1219 407 1232 424 0.000205 0
799 417 808 432 0.000203 0
878 314 895 341 0.000203 0
1122 310 1149 344 0.000197 0
818 462 832 476 0.000197 0
376 184 393 204 0.000196 0
158 64 198 90 0.000195 0
812 324 831 344 0.000192 0
456 179 594 273 0.000188 0
1032 174 1260 265 0.000187 0
654 197 662 216 0.000186 0
718 197 728 221 0.000184 0
934 365 980 426 0.000180 0
557 181 579 205 0.000179 0
1084 224 1135 275 0.000178 0
599 155 620 185 0.000175 0
618 185 651 214 0.000175 0
1181 210 1200 226 0.000172 0
1040 591 1048 600 0.000172 0
910 206 933 246 0.000170 0
866 422 881 457 0.000170 0
1109 209 1157 337 0.000170 0
963 359 981 391 0.000170 0
1213 388 1234 424 0.000169 0
942 193 1225 315 0.000167 0
550 173 573 214 0.000167 0
318 155 345 197 0.000166 0
849 190 1073 273 0.000164 0
1135 345 1153 376 0.000163 0
1133 274 1161 354 0.000162 0
1075 226 1102 274 0.000161 0
926 445 940 463 0.000161 0
824 279 849 343 0.000160 0
1136 321 1170 377 0.000158 0
314 64 433 209 0.000157 0
1264 352 1279 501 0.000154 0
998 216 1030 250 0.000153 0
1053 486 1080 500 0.000151 0
848 188 922 303 0.000150 0
590 174 598 185 0.000150 0
861 436 902 484 0.000149 0
848 463 867 478 0.000147 0
648 199 663 217 0.000147 0
213 193 222 213 0.000146 0
653 187 1145 309 0.000145 0
766 272 851 345 0.000144 0
956 357 991 394 0.000143 0
1055 511 1066 523 0.000143 0
1155 196 1169 214 0.000142 0
306 64 475 337 0.000141 0
738 199 753 257 0.000140 0
978 378 1024 408 0.000139 0
1183 341 1217 420 0.000139 0
1073 329 1088 343 0.000139 0
199 206 210 218 0.000138 0
665 201 674 218 0.000135 0
1071 467 1081 502 0.000133 0
878 438 901 456 0.000132 0
466 160 947 402 0.000132 0
318 64 368 174 0.000132 0
238 207 258 251 0.000131 0
1197 395 1216 424 0.000130 0
822 312 848 344 0.000129 0
878 438 904 487 0.000126 0
665 191 672 216 0.000126 0
547 146 655 208 0.000125 0
849 435 888 480 0.000123 0
925 123 1208 267 0.000122 0
715 191 730 220 0.000121 0
578 64 642 93 0.000121 0
0 202 14 278 0.000120 0
316 183 344 199 0.000119 0
264 197 274 210 0.000119 0
914 453 926 467 0.000118 0
308 64 373 244 0.000118 0
1045 484 1069 497 0.000116 0
855 283 862 295 0.000114 0
763 198 1091 302 0.000113 0
1071 64 1080 70 0.000113 0
878 435 924 484 0.000113 0
1094 311 1123 351 0.000112 0
640 156 970 357 0.000111 0
1117 188 1199 244 0.000111 0
786 201 809 239 0.000110 0
878 438 895 478 0.000108 0
848 179 869 230 0.000107 0
726 191 745 219 0.000107 0
442 188 597 317 0.000106 0
909 336 927 394 0.000106 0
847 264 854 281 0.000105 0
728 234 742 274 0.000103 0
125 209 135 235 0.000103 0
784 322 847 378 0.000103 0
670 203 686 229 0.000103 0
879 315 895 331 0.000103 0
1086 214 1125 332 0.000102 0
962 433 975 464 0.000101 0
1181 183 1208 218 0.000100 0
1144 328 1168 350 0.000100 0
1104 222 1149 266 0.000100 0
551 216 596 254 0.848868 1
956 247 1046 331 0.841404 1
925 215 968 266 0.576630 1
1084 224 1112 261 0.051602 1
1081 212 1139 260 0.049415 1
1120 214 1142 241 0.026396 1
1098 228 1137 262 0.021185 1
1083 230 1133 263 0.020405 1
19 219 73 257 0.019527 1
926 227 988 266 0.013433 1
1071 220 1100 263 0.011936 1
1079 225 1093 263 0.009186 1
48 225 73 256 0.008370 1
1099 233 1112 258 0.007631 1
1066 216 1093 260 0.007618 1
21 214 42 247 0.006862 1
1084 237 1094 263 0.005686 1
19 226 41 246 0.005669 1
1102 210 1138 260 0.005662 1
1063 215 1089 245 0.004688 1
1114 218 1154 248 0.004137 1
16 226 42 257 0.003054 1
1043 278 1058 315 0.002772 1
21 213 57 251 0.002666 1
0 225 41 252 0.002605 1
948 273 965 304 0.002229 1
949 267 989 305 0.002080 1
926 215 950 263 0.001964 1
1043 278 1058 296 0.001904 1
1001 247 1045 329 0.001716 1
0 241 6 258 0.001459 1
956 266 1014 312 0.001392 1
0 238 16 277 0.001358 1
464 204 598 256 0.001291 1
948 222 993 306 0.001235 1
954 230 973 262 0.001223 1
932 218 964 258 0.001113 1
1041 278 1058 331 0.001023 1
1109 243 1136 262 0.000971 1
949 270 974 303 0.000835 1
930 273 965 308 0.000798 1
966 232 1105 329 0.000766 1
0 212 44 249 0.000746 1
1035 250 1060 322 0.000688 1
47 222 111 257 0.000681 1
926 212 944 251 0.000585 1
1042 310 1087 336 0.000581 1
955 226 1011 312 0.000570 1
910 278 945 312 0.000548 1
970 271 992 312 0.000546 1
951 217 972 258 0.000543 1
862 205 969 271 0.000510 1
1043 277 1072 332 0.000504 1
861 254 895 286 0.000498 1
530 200 558 218 0.000491 1
963 250 1041 305 0.000460 1
1010 247 1066 307 0.000422 1
861 253 916 288 0.000377 1
13 230 75 266 0.000360 1
916 208 937 246 0.000352 1
963 201 1133 259 0.000343 1
1041 269 1098 333 0.000341 1
885 205 966 299 0.000314 1
925 218 989 302 0.000296 1
906 260 962 298 0.000292 1
1036 243 1078 303 0.000292 1
909 271 949 297 0.000285 1
909 279 937 297 0.000281 1
987 252 1009 313 0.000268 1
1000 248 1035 306 0.000265 1
931 209 992 267 0.000265 1
575 224 597 252 0.000250 1
1043 208 1104 333 0.000247 1
865 236 890 275 0.000242 1
551 234 575 254 0.000229 1
1009 273 1048 331 0.000222 1
999 246 1053 300 0.000209 1
927 281 954 313 0.000180 1
999 249 1023 293 0.000174 1
909 265 927 297 0.000173 1
895 262 926 297 0.000162 1
914 209 949 261 0.000162 1
895 265 912 293 0.000150 1
946 172 1280 396 0.000146 1
539 209 684 258 0.000144 1
919 242 964 295 0.000142 1
1045 260 1078 296 0.000139 1
565 197 597 248 0.000135 1
869 249 890 274 0.000135 1
931 216 1034 302 0.000128 1
1044 274 1073 302 0.000120 1
848 253 901 298 0.000115 1
947 267 1119 349 0.000109 1
907 211 960 266 0.000109 1
16 208 43 240 0.000104 1
551 218 575 248 0.000103 1
895 266 908 287 0.000101 1
1005 197 1050 229 0.294006 2
1167 272 1232 330 0.041477 2
1184 227 1279 266 0.027750 2
1141 272 1280 419 0.026839 2
1006 198 1037 225 0.021440 2
483 200 516 217 0.018900 2
1106 210 1119 221 0.015328 2
1104 211 1120 227 0.014738 2
1215 276 1231 329 0.013715 2
1065 214 1089 241 0.010773 2
605 201 646 216 0.010181 2
527 201 550 217 0.007828 2
873 197 943 244 0.005769 2
1070 196 1094 238 0.004789 2
1164 271 1257 386 0.004773 2
1163 270 1279 339 0.004603 2
1144 271 1236 367 0.003833 2
464 189 517 217 0.003827 2
1062 201 1114 248 0.003801 2
1265 198 1279 216 0.003486 2
531 204 545 217 0.003117 2
1006 195 1086 226 0.002840 2
1055 196 1092 244 0.002796 2
1074 196 1093 218 0.002576 2
640 688 672 703 0.002513 2
1160 224 1234 333 0.002327 2
1263 249 1279 268 0.002321 2
1230 271 1279 389 0.002114 2
502 195 552 217 0.002099 2
1074 205 1112 239 0.002069 2
1069 197 1089 217 0.002001 2
1165 270 1216 358 0.001975 2
1164 226 1279 299 0.001931 2
1181 331 1279 422 0.001881 2
1034 196 1091 235 0.001865 2
880 199 915 228 0.001806 2
847 212 879 242 0.001777 2
1006 207 1039 229 0.001716 2
1232 265 1279 329 0.001676 2
548 202 565 217 0.001624 2
1130 270 1218 332 0.001585 2
803 183 855 219 0.001552 2
1198 275 1231 332 0.001529 2
1246 248 1279 268 0.001439 2
1191 270 1232 361 0.001388 2
1216 211 1279 266 0.001310 2
1009 194 1044 209 0.001261 2
994 196 1044 224 0.001229 2
695 202 722 230 0.001208 2
1247 202 1279 268 0.001184 2
590 183 623 200 0.001154 2
864 224 882 243 0.001118 2
579 200 607 217 0.001117 2
1007 194 1042 219 0.001058 2
823 329 847 343 0.001022 2
965 194 1039 226 0.001015 2
312 186 323 199 0.000999 2
680 199 690 216 0.000996 2
1263 349 1279 402 0.000994 2
1226 177 1279 234 0.000988 2
866 206 903 244 0.000979 2
304 191 313 199 0.000974 2
1212 279 1280 329 0.000940 2
633 203 654 216 0.000919 2
969 200 1031 233 0.000907 2
1052 211 1087 240 0.000898 2
692 200 721 219 0.000895 2
1005 195 1073 251 0.000891 2
1263 280 1279 415 0.000772 2
998 212 1015 228 0.000743 2
1254 218 1279 268 0.000730 2
1261 178 1279 225 0.000681 2
1120 272 1173 341 0.000676 2
1219 198 1279 328 0.000673 2
303 184 318 198 0.000576 2
1263 349 1279 376 0.000519 2
1005 218 1018 230 0.000493 2
458 187 484 215 0.000486 2
1180 274 1215 327 0.000481 2
1229 288 1279 337 0.000481 2
1120 488 1135 497 0.000471 2
1151 271 1186 331 0.000464 2
1104 487 1116 495 0.000460 2
1263 168 1279 203 0.000441 2
872 178 941 201 0.000433 2
159 204 202 233 0.000433 2
1263 167 1279 181 0.000433 2
1155 272 1206 331 0.000430 2
1210 168 1279 198 0.000430 2
452 205 466 217 0.000427 2
1229 248 1279 276 0.000427 2
594 191 657 216 0.000418 2
1048 311 1119 345 0.000418 2
524 188 559 218 0.000413 2
1250 196 1274 225 0.000406 2
848 470 870 479 0.000384 2
1179 275 1214 286 0.000379 2
1183 181 1279 268 0.000374 2
907 201 944 243 0.000373 2
1240 298 1279 328 0.000372 2
1014 187 1096 222 0.000364 2
479 177 560 218 0.000354 2
1038 194 1058 211 0.000350 2
1169 273 1204 284 0.000349 2
1046 310 1112 333 0.000343 2
556 197 572 217 0.000340 2
863 191 967 246 0.000332 2
1104 487 1135 507 0.000329 2
676 206 698 233 0.000326 2
1211 275 1232 355 0.000326 2
1087 226 1104 329 0.000321 2
1069 323 1088 339 0.000320 2
446 166 512 220 0.000319 2
0 395 16 410 0.000315 2
1209 172 1260 231 0.000309 2
1221 166 1279 182 0.000309 2
1247 290 1279 373 0.000308 2
1044 311 1088 335 0.000281 2
600 183 626 203 0.000278 2
1147 208 1180 220 0.000274 2
1043 196 1107 334 0.000273 2
961 205 979 226 0.000271 2
573 180 659 217 0.000267 2
1042 271 1116 336 0.000262 2
789 233 809 239 0.000251 2
1181 274 1202 283 0.000249 2
567 200 647 217 0.000244 2
925 205 946 243 0.000239 2
888 197 941 216 0.000230 2
969 197 1015 229 0.000228 2
386 198 398 206 0.000228 2
1043 291 1156 350 0.000224 2
1195 289 1279 354 0.000223 2
1118 200 1197 247 0.000222 2
1050 310 1149 358 0.000220 2
864 208 881 240 0.000215 2
1128 201 1187 233 0.000214 2
1167 273 1213 290 0.000213 2
1082 212 1156 335 0.000213 2
447 64 491 73 0.000210 2
909 179 942 201 0.000210 2
514 197 582 219 0.000205 2
293 178 307 199 0.000204 2
1255 306 1279 377 0.000203 2
1182 354 1229 422 0.000203 2
524 191 548 217 0.000201 2
356 216 368 228 0.000199 2
1087 275 1112 329 0.000194 2
1217 255 1279 295 0.000191 2
1263 340 1279 370 0.000183 2
1264 297 1279 371 0.000182 2
1135 270 1168 336 0.000181 2
1144 183 1201 219 0.000180 2
1073 183 1101 204 0.000178 2
1073 313 1116 329 0.000178 2
865 225 897 246 0.000176 2
1119 326 1137 376 0.000171 2
1179 327 1241 421 0.000168 2
1205 373 1258 424 0.000167 2
1212 273 1279 293 0.000165 2
1063 275 1160 335 0.000163 2
867 180 1072 260 0.000157 2
1245 327 1279 412 0.000156 2
1260 301 1279 328 0.000155 2
526 200 564 221 0.000155 2
449 200 465 216 0.000153 2
693 184 724 224 0.000152 2
916 195 947 219 0.000149 2
1178 254 1232 289 0.000147 2
596 201 655 225 0.000145 2
667 198 692 220 0.000144 2
1221 321 1269 418 0.000142 2
1142 198 1198 226 0.000142 2
1261 277 1279 328 0.000140 2
1139 271 1204 363 0.000139 2
1264 688 1279 704 0.000138 2
1247 336 1279 376 0.000135 2
1171 268 1220 285 0.000134 2
1114 216 1155 371 0.000131 2
1193 268 1279 292 0.000131 2
567 192 638 219 0.000129 2
1073 311 1122 353 0.000129 2
967 195 1001 226 0.000127 2
1204 336 1216 346 0.000127 2
870 178 943 217 0.000126 2
1124 184 1219 248 0.000126 2
1118 185 1189 232 0.000125 2
743 202 793 236 0.000124 2
943 193 989 245 0.000119 2
541 174 574 218 0.000117 2
636 379 659 396 0.000116 2
1192 282 1217 329 0.000114 2
1137 326 1226 415 0.000112 2
111 408 129 426 0.000112 2
862 470 888 478 0.000112 2
870 165 898 177 0.000112 2
1203 339 1257 422 0.000110 2
922 186 943 201 0.000110 2
1087 249 1120 331 0.000110 2
430 205 453 217 0.000110 2
1159 329 1234 381 0.000106 2
0 394 32 424 0.000105 2
1042 520 1065 529 0.000102 2
803 161 858 221 0.005065 5
474 167 577 217 0.004469 5
479 172 517 217 0.002811 5
1213 175 1279 266 0.001705 5
445 169 516 217 0.001489 5
806 161 858 189 0.000619 5
1219 179 1279 218 0.000421 5
445 157 517 193 0.000351 5
448 155 514 172 0.000327 5
447 149 526 174 0.000234 5
1182 189 1203 218 0.000216 5
543 160 580 173 0.000193 5
543 160 580 191 0.000155 5
444 178 486 213 0.000121 5
1127 272 1279 419 0.004141 6
2 65 494 401 0.003446 6
1148 173 1279 414 0.003056 6
1169 172 1279 273 0.001482 6
0 65 76 276 0.001351 6
1 65 343 272 0.000590 6
3 64 201 243 0.000535 6
1033 271 1279 425 0.000503 6
662 139 1134 257 0.000434 6
114 64 298 91 0.000401 6
118 64 200 91 0.000393 6
1 64 76 177 0.000280 6
1 196 339 401 0.000260 6
172 64 317 103 0.000257 6
91 64 458 246 0.000247 6
0 95 53 247 0.000213 6
463 160 582 214 0.000212 6
311 64 487 309 0.000212 6
0 134 43 253 0.000208 6
573 64 673 213 0.000195 6
639 682 889 703 0.000157 6
6 64 133 230 0.000144 6
931 159 1280 421 0.000111 6
0 64 275 408 0.000108 6
1064 175 1277 293 0.000107 6
830 137 939 162 0.000107 6
0 143 13 283 0.000104 6
0 140 23 282 0.000102 6
865 177 943 241 0.237158 7
802 177 944 242 0.088824 7
705 153 945 242 0.041930 7
713 153 859 238 0.027070 7
866 177 942 216 0.006835 7
803 161 858 220 0.005275 7
480 172 517 216 0.003666 7
473 166 579 216 0.003253 7
715 153 813 225 0.002962 7
749 157 859 240 0.002616 7
1209 173 1279 267 0.002590 7
803 182 856 219 0.002338 7
680 162 1068 248 0.001955 7
456 169 517 216 0.001076 7
802 172 858 240 0.001072 7
1213 179 1279 212 0.001010 7
1214 170 1279 233 0.000776 7
481 172 514 200 0.000760 7
842 175 928 238 0.000630 7
1263 167 1279 219 0.000587 7
1260 168 1279 262 0.000451 7
857 155 993 249 0.000432 7
498 158 947 251 0.000388 7
749 189 1046 235 0.000292 7
543 160 581 184 0.000254 7
516 169 576 218 0.000243 7
787 152 854 231 0.000214 7
1003 180 1065 226 0.000213 7
726 176 1101 269 0.000196 7
513 160 582 194 0.000191 7
1099 164 1243 242 0.000172 7
650 182 1140 304 0.000154 7
831 148 993 192 0.000152 7
576 64 683 218 0.000145 7
821 140 993 227 0.000144 7
467 166 518 204 0.000131 7
692 98 959 244 0.000116 7
995 165 1101 234 0.000116 7
576 151 836 220 0.000115 7
916 159 994 216 0.000107 7
546 163 581 203 0.000101 7
1088 150 1103 176 0.589580 9
1007 135 1024 173 0.125902 9
512 152 524 185 0.042244 9
1208 169 1215 187 0.023012 9
366 167 373 188 0.017374 9
1207 169 1215 199 0.017067 9
372 167 381 184 0.016136 9
995 139 1001 171 0.013196 9
843 151 859 166 0.010557 9
449 157 490 171 0.008070 9
997 136 1008 175 0.006518 9
119 64 184 75 0.005813 9
119 64 159 73 0.005745 9
1224 164 1232 181 0.005400 9
841 119 859 136 0.005200 9
1123 64 1152 74 0.005186 9
1130 64 1152 72 0.005043 9
960 136 976 159 0.004221 9
839 132 860 166 0.004079 9
1233 168 1245 181 0.003963 9
1088 133 1105 176 0.003507 9
1096 133 1105 158 0.003355 9
990 126 1024 174 0.003186 9
814 150 822 159 0.003035 9
999 122 1008 135 0.002988 9
801 155 858 218 0.002970 9
1213 167 1224 185 0.002912 9
808 162 857 187 0.002838 9
993 137 1005 176 0.002657 9
804 149 811 157 0.002642 9
239 177 246 189 0.002638 9
1055 116 1065 136 0.002577 9
1213 167 1224 194 0.002577 9
1080 173 1088 182 0.002458 9
313 149 341 193 0.002404 9
981 143 993 163 0.002251 9
1181 176 1200 216 0.002247 9
803 149 813 160 0.002124 9
119 64 162 78 0.002077 9
865 440 875 455 0.001927 9
1053 114 1078 146 0.001884 9
1013 134 1037 174 0.001698 9
829 134 863 166 0.001688 9
1120 64 1136 75 0.001544 9
224 183 231 197 0.001496 9
1200 135 1208 155 0.001494 9
1032 136 1040 160 0.001490 9
1190 165 1201 185 0.001469 9
1172 150 1182 162 0.001463 9
982 133 991 144 0.001442 9
463 184 474 197 0.001388 9
851 88 859 106 0.001373 9
1209 170 1218 202 0.001357 9
1017 146 1030 171 0.001335 9
1024 146 1040 162 0.001318 9
1054 115 1067 144 0.001298 9
1209 168 1227 204 0.001252 9
1089 148 1110 178 0.001177 9
146 64 184 75 0.001128 9
512 152 526 198 0.001088 9
829 135 897 166 0.001087 9
1065 104 1072 115 0.001067 9
982 124 992 144 0.001002 9
864 165 870 181 0.000969 9
983 139 1001 169 0.000937 9
1093 176 1107 200 0.000917 9
871 691 880 703 0.000904 9
1100 134 1109 166 0.000889 9
1101 170 1123 202 0.000888 9
1002 131 1104 185 0.000865 9
340 164 351 188 0.000865 9
848 180 858 215 0.000850 9
829 135 847 151 0.000841 9
448 64 490 72 0.000837 9
864 117 871 136 0.000831 9
360 166 375 190 0.000831 9
257 147 265 159 0.000819 9
1050 118 1061 136 0.000784 9
119 64 196 86 0.000758 9
1181 163 1217 224 0.000749 9
1199 135 1209 181 0.000741 9
639 160 644 167 0.000715 9
1096 129 1105 139 0.000712 9
1144 328 1152 344 0.000707 9
1098 134 1109 156 0.000699 9
1005 116 1098 174 0.000684 9
975 134 991 145 0.000672 9
226 185 231 199 0.000670 9
1206 160 1217 190 0.000668 9
1200 167 1215 195 0.000664 9
1086 183 1099 201 0.000651 9
214 183 224 199 0.000635 9
813 144 822 158 0.000634 9
1211 163 1232 207 0.000634 9
1224 160 1248 181 0.000627 9
1149 103 1185 135 0.000621 9
159 64 183 78 0.000607 9
173 64 201 89 0.000606 9
974 137 992 160 0.000604 9
1086 145 1105 260 0.000602 9
1195 167 1216 212 0.000599 9
858 137 938 153 0.000598 9
829 135 862 152 0.000594 9
260 145 269 159 0.000593 9
831 135 896 152 0.000580 9
1192 384 1207 406 0.000564 9
829 149 858 165 0.000555 9
801 155 813 190 0.000536 9
379 166 389 184 0.000524 9
1215 64 1232 89 0.000508 9
973 137 1000 168 0.000499 9
1078 158 1091 182 0.000494 9
1079 125 1107 183 0.000483 9
870 119 879 136 0.000481 9
1076 149 1102 181 0.000478 9
988 124 998 156 0.000470 9
257 179 263 191 0.000455 9
1072 156 1089 193 0.000420 9
1086 134 1130 187 0.000405 9
314 137 362 195 0.000403 9
1032 133 1058 167 0.000402 9
372 169 391 202 0.000398 9
927 146 939 168 0.000398 9
991 117 1002 134 0.000397 9
896 166 904 177 0.000391 9
1109 149 1120 168 0.000388 9
463 185 480 207 0.000375 9
1073 149 1083 168 0.000361 9
928 152 937 168 0.000360 9
1183 166 1201 192 0.000360 9
1120 64 1167 86 0.000349 9
512 190 525 203 0.000347 9
399 85 409 96 0.000346 9
861 111 870 133 0.000344 9
159 64 192 89 0.000338 9
1011 168 1063 200 0.000338 9
943 131 952 146 0.000334 9
957 134 983 161 0.000333 9
1129 64 1162 74 0.000329 9
1046 111 1090 186 0.000329 9
693 177 702 200 0.000320 9
1009 136 1055 194 0.000319 9
944 130 951 141 0.000315 9
545 140 552 151 0.000304 9
1172 145 1183 160 0.000299 9
371 153 383 185 0.000291 9
896 136 938 153 0.000289 9
862 137 895 149 0.000287 9
582 64 595 71 0.000285 9
1205 156 1231 200 0.000278 9
824 136 931 175 0.000278 9
1124 165 1154 185 0.000278 9
1106 151 1118 170 0.000276 9
998 136 1027 189 0.000274 9
358 148 376 190 0.000273 9
1197 132 1225 194 0.000270 9
967 125 1016 169 0.000265 9
1193 143 1216 192 0.000265 9
878 154 894 170 0.000263 9
415 64 432 96 0.000261 9
1200 132 1216 186 0.000257 9
1208 165 1269 219 0.000252 9
1087 124 1106 163 0.000246 9
895 157 906 175 0.000242 9
470 185 481 199 0.000242 9
266 213 277 232 0.000237 9
809 156 876 182 0.000237 9
802 143 813 158 0.000235 9
1151 125 1161 135 0.000234 9
807 151 856 172 0.000233 9
513 167 546 185 0.000226 9
1101 164 1153 197 0.000220 9
293 176 307 198 0.000219 9
849 83 861 106 0.000218 9
311 64 432 234 0.000217 9
320 64 368 113 0.000216 9
376 184 393 203 0.000214 9
975 121 993 148 0.000213 9
256 177 266 188 0.000210 9
1177 379 1184 392 0.000207 9
829 119 863 153 0.000201 9
1106 163 1158 210 0.000201 9
1039 137 1060 168 0.000200 9
95 150 109 177 0.000196 9
836 116 860 137 0.000193 9
257 143 268 159 0.000192 9
861 136 939 176 0.000192 9
878 151 896 175 0.000190 9
1208 165 1251 234 0.000187 9
378 161 408 184 0.000186 9
263 179 272 196 0.000184 9
1014 168 1061 185 0.000181 9
834 76 849 90 0.000181 9
511 152 559 191 0.000180 9
241 192 257 226 0.000179 9
593 64 627 90 0.000176 9
1092 164 1126 246 0.000176 9
1120 64 1223 84 0.000175 9
831 120 851 137 0.000175 9
1025 125 1041 162 0.000174 9
586 116 598 136 0.000172 9
240 166 248 178 0.000171 9
1050 110 1067 138 0.000171 9
373 149 384 169 0.000171 9
95 169 103 176 0.000169 9
1186 383 1206 401 0.000169 9
347 152 370 193 0.000169 9
351 161 365 191 0.000168 9
840 110 872 137 0.000165 9
1052 111 1085 171 0.000163 9
483 151 524 205 0.000162 9
936 140 944 154 0.000161 9
689 118 702 179 0.000157 9
930 147 943 167 0.000157 9
999 128 1105 244 0.000156 9
1200 133 1215 162 0.000154 9
1030 122 1063 167 0.000154 9
255 86 263 101 0.000154 9
496 152 523 185 0.000153 9
1207 140 1230 178 0.000152 9
580 64 634 92 0.000151 9
680 167 687 208 0.000151 9
1051 104 1072 140 0.000150 9
463 170 474 184 0.000150 9
1069 144 1107 259 0.000147 9
826 146 893 179 0.000146 9
828 132 940 155 0.000144 9
809 73 873 90 0.000143 9
1022 153 1053 170 0.000142 9
936 134 944 151 0.000139 9
1167 141 1178 158 0.000139 9
310 64 376 212 0.000137 9
855 148 891 176 0.000137 9
1203 86 1215 104 0.000136 9
1054 149 1064 166 0.000131 9
322 154 354 199 0.000130 9
515 173 545 197 0.000130 9
248 177 257 192 0.000129 9
806 158 900 216 0.000128 9
787 123 1229 268 0.000128 9
361 64 432 98 0.000127 9
1013 120 1042 172 0.000125 9
455 181 486 211 0.000124 9
624 64 639 89 0.000123 9
263 279 272 295 0.000122 9
580 64 596 90 0.000120 9
382 85 395 97 0.000120 9
680 167 687 188 0.000120 9
1205 131 1235 185 0.000120 9
1175 376 1186 392 0.000118 9
1071 112 1086 146 0.000116 9
1039 125 1144 188 0.000116 9
1038 147 1059 170 0.000115 9
521 170 546 184 0.000114 9
639 151 653 164 0.000114 9
816 134 850 161 0.000113 9
389 85 407 96 0.000111 9
870 165 883 178 0.000110 9
926 110 1216 254 0.000108 9
975 694 991 703 0.000106 9
445 158 493 213 0.000103 9
1066 64 1155 76 0.000102 9
119 64 164 87 0.000101 9
1137 132 1152 160 0.000101 9
848 439 878 455 0.000100 9
1233 197 1256 232 0.208054 11
1182 191 1199 216 0.058990 11
523 183 536 197 0.037665 11
312 148 342 194 0.012005 11
518 190 526 200 0.009717 11
449 156 491 171 0.002446 11
1054 112 1083 146 0.001548 11
416 64 431 96 0.000265 11
1180 164 1239 231 0.000222 11
520 179 551 212 0.000176 11
