638 200 674 291 0.824837 0
790 185 824 265 0.674600 0
991 192 1016 252 0.643406 0
791 185 823 266 0.569397 0
790 185 826 266 0.323513 0
788 186 824 265 0.257834 0
791 190 823 266 0.252024 0
992 197 1016 251 0.230159 0
259 199 272 243 0.223173 0
1038 201 1052 231 0.148496 0
1039 201 1052 230 0.144019 0
259 199 273 244 0.138969 0
792 185 823 252 0.128692 0
258 199 273 243 0.122938 0
1038 199 1052 230 0.121127 0
1212 193 1229 232 0.099419 0
1211 193 1228 233 0.095273 0
1211 193 1229 234 0.091569 0
1038 196 1053 231 0.084492 0
1212 193 1227 230 0.081099 0
1212 193 1230 233 0.074651 0
1212 193 1230 232 0.073388 0
1212 193 1227 220 0.066788 0
925 203 946 253 0.063651 0
1038 197 1053 231 0.061265 0
991 199 1015 252 0.057343 0
1213 193 1226 219 0.054981 0
604 156 625 183 0.053394 0
1036 188 1053 230 0.049034 0
1211 192 1229 249 0.048549 0
1210 193 1230 261 0.047928 0
1037 191 1052 231 0.047629 0
604 157 624 183 0.045237 0
1039 201 1053 230 0.044284 0
1039 200 1053 231 0.044120 0
1212 193 1230 227 0.041103 0
604 156 625 184 0.039705 0
1210 192 1230 264 0.039344 0
924 203 946 253 0.039200 0
992 201 1016 252 0.038074 0
804 184 816 210 0.037794 0
259 198 273 243 0.036706 0
1211 192 1231 250 0.036057 0
991 192 1017 254 0.035550 0
214 188 224 228 0.033765 0
1272 199 1279 256 0.033467 0
1269 199 1279 266 0.032423 0
1209 192 1228 232 0.031948 0
214 189 225 229 0.031719 0
604 156 632 196 0.030918 0
1272 200 1279 263 0.030371 0
1209 192 1225 227 0.029294 0
1210 192 1233 265 0.028889 0
603 156 631 190 0.028339 0
1269 199 1279 268 0.028146 0
800 184 816 212 0.027494 0
604 153 625 184 0.026236 0
1035 188 1054 230 0.025837 0
632 202 647 234 0.025729 0
784 195 794 219 0.025286 0
1039 200 1054 232 0.024927 0
213 189 225 228 0.022880 0
670 207 679 230 0.022815 0
213 190 225 229 0.022581 0
1209 193 1224 218 0.021761 0
632 202 647 223 0.021049 0
1271 199 1279 244 0.020800 0
633 202 644 216 0.020479 0
785 196 795 218 0.020397 0
803 184 817 212 0.019825 0
1272 198 1279 267 0.019582 0
1272 200 1279 266 0.019537 0
934 203 945 250 0.019272 0
603 156 633 194 0.019107 0
924 203 946 252 0.018811 0
793 195 825 266 0.018769 0
783 193 794 220 0.018050 0
607 157 634 191 0.017496 0
990 199 1015 253 0.017342 0
670 207 678 230 0.017210 0
669 207 679 230 0.016466 0
216 187 224 228 0.016291 0
783 195 795 228 0.016230 0
1209 191 1225 220 0.016109 0
1187 190 1230 266 0.014135 0
956 362 982 474 0.013974 0
605 157 634 197 0.013871 0
633 203 647 236 0.013642 0
1193 203 1206 225 0.013556 0
213 188 225 229 0.013387 0
632 202 645 216 0.013062 0
632 202 646 217 0.012915 0
604 156 635 197 0.012857 0
608 157 633 199 0.012724 0
1270 198 1279 244 0.012386 0
797 185 816 218 0.012142 0
1191 208 1205 227 0.012005 0
602 157 623 184 0.011888 0
602 156 624 184 0.011794 0
1196 189 1230 264 0.011786 0
1194 208 1206 225 0.011712 0
990 203 1001 244 0.011359 0
1273 197 1279 270 0.011058 0
955 368 980 465 0.010964 0
784 195 797 222 0.010651 0
260 199 273 238 0.010416 0
1208 194 1230 265 0.010225 0
1187 192 1229 252 0.010190 0
1072 486 1079 498 0.010121 0
214 189 225 231 0.010056 0
955 354 983 470 0.009898 0
966 372 979 391 0.009795 0
804 185 816 218 0.009620 0
795 185 817 225 0.009466 0
1185 208 1215 250 0.009317 0
633 203 647 235 0.009262 0
955 367 979 461 0.009250 0
863 436 875 454 0.009249 0
1038 201 1053 235 0.009135 0
225 183 232 199 0.008754 0
1265 199 1279 270 0.008313 0
692 207 703 235 0.008111 0
848 184 858 239 0.008051 0
924 203 953 254 0.007982 0
609 157 633 200 0.007916 0
847 183 860 241 0.007889 0
606 157 634 197 0.007846 0
923 201 946 250 0.007747 0
511 196 518 210 0.007742 0
955 358 984 463 0.007522 0
1196 194 1205 216 0.007469 0
965 372 979 391 0.007464 0
955 365 980 441 0.007370 0
691 207 704 237 0.007356 0
471 201 479 216 0.007195 0
1191 204 1205 224 0.007181 0
955 371 978 465 0.007115 0
470 203 478 216 0.006914 0
998 383 1024 423 0.006904 0
956 368 981 430 0.006730 0
848 181 868 240 0.006698 0
956 368 979 479 0.006683 0
1269 195 1279 265 0.006680 0
1033 191 1052 230 0.006529 0
978 202 1011 258 0.006519 0
821 328 849 344 0.006501 0
990 197 1007 235 0.006470 0
1113 194 1120 202 0.006331 0
994 382 1023 423 0.006304 0
994 192 1016 248 0.006271 0
993 382 1023 423 0.006188 0
510 195 518 217 0.006013 0
965 368 983 392 0.006008 0
259 200 272 245 0.005980 0
692 207 704 235 0.005964 0
848 183 858 225 0.005916 0
864 443 874 455 0.005875 0
605 152 634 188 0.005790 0
1244 197 1256 232 0.005773 0
784 195 798 224 0.005727 0
1034 193 1046 227 0.005702 0
953 362 984 462 0.005692 0
822 328 848 343 0.005658 0
690 208 704 238 0.005620 0
789 330 809 344 0.005554 0
1186 208 1215 249 0.005539 0
602 159 621 184 0.005390 0
993 381 1024 424 0.005224 0
789 329 809 344 0.005195 0
992 382 1023 424 0.005101 0
511 191 522 209 0.005084 0
786 184 827 265 0.005066 0
997 382 1024 423 0.005018 0
794 207 826 266 0.004966 0
1034 189 1049 226 0.004851 0
319 203 331 231 0.004843 0
955 363 989 427 0.004783 0
847 183 869 241 0.004774 0
995 382 1024 423 0.004704 0
519 191 527 210 0.004555 0
924 203 957 254 0.004550 0
1210 194 1234 265 0.004522 0
956 366 980 427 0.004508 0
956 367 981 427 0.004474 0
509 189 533 246 0.004398 0
954 366 996 462 0.004336 0
965 368 980 390 0.004247 0
998 382 1024 424 0.004180 0
955 361 987 426 0.004113 0
965 368 980 391 0.004075 0
1104 312 1113 327 0.004062 0
1150 310 1168 343 0.004012 0
1241 196 1255 232 0.003973 0
1137 446 1143 457 0.003950 0
803 185 822 217 0.003885 0
794 185 818 232 0.003832 0
1182 177 1224 266 0.003719 0
911 455 928 486 0.003702 0
846 194 861 242 0.003660 0
738 201 744 214 0.003642 0
887 471 896 486 0.003623 0
994 195 1016 226 0.003619 0
1247 198 1256 232 0.003618 0
911 455 928 485 0.003596 0
0 64 61 217 0.003588 0
242 195 250 223 0.003566 0
966 370 981 392 0.003508 0
813 327 847 344 0.003489 0
691 209 704 238 0.003427 0
789 328 818 344 0.003366 0
1183 198 1231 266 0.003323 0
980 203 1004 251 0.003247 0
848 182 858 218 0.003242 0
979 194 1017 256 0.003240 0
1261 200 1279 265 0.003234 0
784 190 798 223 0.003220 0
789 329 810 344 0.003214 0
1037 184 1051 229 0.003210 0
1215 191 1271 266 0.003143 0
665 206 678 230 0.003131 0
860 432 872 446 0.003102 0
795 190 823 245 0.003088 0
848 462 865 478 0.003057 0
991 217 1010 252 0.003031 0
999 192 1016 223 0.003022 0
1119 312 1128 329 0.003012 0
811 328 848 344 0.002939 0
999 384 1012 399 0.002930 0
1119 312 1134 340 0.002898 0
824 328 848 343 0.002853 0
615 169 633 200 0.002841 0
848 182 858 217 0.002799 0
1155 309 1168 343 0.002798 0
1245 198 1256 233 0.002758 0
1135 446 1143 464 0.002716 0
1206 167 1216 197 0.002708 0
790 327 830 344 0.002687 0
690 207 703 237 0.002618 0
861 434 883 456 0.002616 0
993 192 1016 229 0.002599 0
984 200 1002 229 0.002541 0
804 183 823 214 0.002522 0
247 195 255 214 0.002514 0
552 200 563 216 0.002513 0
1259 200 1279 267 0.002504 0
551 201 561 216 0.002483 0
1119 312 1131 335 0.002462 0
1127 446 1136 468 0.002459 0
879 155 893 172 0.002438 0
1102 311 1119 344 0.002432 0
1178 344 1187 359 0.002427 0
199 210 209 226 0.002424 0
1074 428 1088 455 0.002419 0
497 184 541 252 0.002419 0
0 64 59 221 0.002416 0
199 211 208 226 0.002396 0
751 463 763 472 0.002387 0
1146 312 1168 343 0.002379 0
1103 312 1114 328 0.002358 0
10 64 348 212 0.002357 0
241 194 254 237 0.002318 0
848 180 868 239 0.002301 0
990 380 1021 423 0.002296 0
214 185 230 230 0.002288 0
861 431 888 456 0.002271 0
991 192 1016 221 0.002246 0
1245 197 1256 233 0.002235 0
1072 435 1088 455 0.002228 0
586 169 596 185 0.002202 0
1127 446 1135 465 0.002196 0
1149 321 1169 343 0.002165 0
1109 233 1119 248 0.002135 0
665 208 677 233 0.002135 0
974 367 985 391 0.002132 0
914 471 928 484 0.002131 0
708 210 728 234 0.002117 0
797 185 823 238 0.002098 0
864 218 873 234 0.002079 0
864 210 873 236 0.002039 0
1195 190 1205 211 0.002036 0
1149 327 1169 344 0.002033 0
510 189 533 250 0.002028 0
983 204 998 226 0.002012 0
1175 205 1213 251 0.001987 0
214 186 230 230 0.001983 0
671 454 683 488 0.001981 0
990 380 1024 426 0.001971 0
241 194 253 239 0.001968 0
1009 430 1014 440 0.001962 0
367 208 375 219 0.001960 0
852 430 887 456 0.001932 0
789 328 811 391 0.001926 0
1072 429 1083 455 0.001922 0
1 64 257 211 0.001920 0
859 216 874 242 0.001907 0
1088 191 1095 209 0.001903 0
513 191 528 228 0.001887 0
1072 434 1088 455 0.001875 0
603 156 632 200 0.001869 0
921 215 932 241 0.001860 0
977 363 987 391 0.001858 0
1149 310 1168 343 0.001852 0
888 472 896 487 0.001848 0
999 382 1021 400 0.001841 0
215 184 224 199 0.001832 0
875 433 888 456 0.001832 0
512 188 529 245 0.001829 0
637 203 653 289 0.001807 0
738 202 744 214 0.001806 0
215 183 231 230 0.001800 0
1240 456 1258 472 0.001798 0
4 64 331 213 0.001770 0
1177 190 1209 247 0.001768 0
464 198 473 216 0.001768 0
1240 196 1256 233 0.001766 0
979 193 1017 254 0.001758 0
849 430 888 478 0.001746 0
991 376 1018 423 0.001740 0
863 434 881 478 0.001734 0
21 64 352 208 0.001722 0
959 370 980 400 0.001721 0
959 427 974 473 0.001703 0
932 342 987 464 0.001696 0
1207 193 1260 266 0.001688 0
1113 194 1121 206 0.001685 0
1 64 228 212 0.001672 0
1173 212 1189 247 0.001648 0
1230 193 1278 265 0.001645 0
465 203 472 216 0.001598 0
671 454 686 488 0.001595 0
926 445 935 457 0.001580 0
367 207 375 230 0.001573 0
908 335 923 346 0.001563 0
591 163 603 184 0.001557 0
952 357 991 432 0.001554 0
376 186 386 201 0.001546 0
864 444 879 456 0.001542 0
961 370 980 407 0.001516 0
1190 497 1200 504 0.001511 0
921 214 932 243 0.001501 0
999 384 1021 402 0.001486 0
242 195 252 222 0.001478 0
907 335 925 381 0.001472 0
676 450 688 466 0.001469 0
1 64 275 206 0.001460 0
729 204 736 216 0.001442 0
959 429 973 473 0.001427 0
961 455 976 472 0.001427 0
957 370 978 407 0.001424 0
1260 201 1279 258 0.001412 0
848 211 870 241 0.001410 0
1072 488 1081 502 0.001389 0
638 203 674 290 0.001384 0
1167 380 1181 410 0.001380 0
514 189 533 248 0.001377 0
1119 312 1135 341 0.001375 0
878 199 906 244 0.001373 0
1013 387 1023 401 0.001364 0
245 195 256 219 0.001362 0
1045 486 1056 497 0.001359 0
952 353 997 470 0.001348 0
4 64 344 220 0.001346 0
1009 382 1025 400 0.001346 0
1 64 186 216 0.001346 0
1178 344 1189 359 0.001337 0
1180 344 1194 357 0.001336 0
788 325 846 344 0.001334 0
654 200 661 214 0.001306 0
1076 333 1088 343 0.001304 0
1243 458 1257 472 0.001299 0
848 217 870 242 0.001294 0
952 352 1000 465 0.001293 0
1209 210 1244 267 0.001290 0
248 194 256 215 0.001284 0
1199 502 1210 512 0.001284 0
942 367 978 462 0.001271 0
1015 457 1024 467 0.001261 0
607 446 624 467 0.001250 0
1119 313 1135 343 0.001233 0
800 440 808 448 0.001229 0
345 185 353 199 0.001225 0
1234 195 1256 232 0.001225 0
510 192 524 233 0.001225 0
932 201 952 214 0.001217 0
1072 438 1089 455 0.001205 0
671 450 690 488 0.001204 0
1227 195 1257 232 0.001201 0
953 364 1024 430 0.001188 0
986 371 1024 424 0.001188 0
671 454 684 488 0.001185 0
241 195 256 239 0.001165 0
878 198 907 243 0.001161 0
1182 344 1194 390 0.001159 0
35 64 352 205 0.001158 0
915 474 928 486 0.001155 0
896 445 904 456 0.001147 0
1103 221 1123 248 0.001145 0
718 197 730 214 0.001140 0
864 433 889 461 0.001140 0
1151 440 1159 453 0.001128 0
637 203 651 282 0.001125 0
1071 456 1096 472 0.001125 0
1232 457 1250 509 0.001118 0
1237 196 1256 232 0.001116 0
999 385 1010 399 0.001107 0
1226 195 1257 232 0.001097 0
910 335 927 349 0.001095 0
959 432 975 472 0.001091 0
904 335 923 346 0.001083 0
1146 322 1169 344 0.001079 0
958 367 984 410 0.001078 0
848 180 866 225 0.001077 0
948 335 976 392 0.001074 0
0 64 30 211 0.001074 0
942 347 980 428 0.001073 0
958 423 976 474 0.001070 0
0 64 69 213 0.001065 0
979 369 990 392 0.001064 0
950 347 961 391 0.001059 0
1079 192 1089 201 0.001051 0
1252 211 1267 233 0.001049 0
1071 456 1096 472 0.001043 0
949 350 961 392 0.001032 0
690 217 703 238 0.001028 0
1112 497 1135 507 0.001021 0
640 668 672 703 0.001013 0
1246 465 1260 494 0.001011 0
786 318 815 344 0.001010 0
669 204 684 232 0.001008 0
5 64 325 208 0.001007 0
1039 322 1055 335 0.001005 0
978 361 991 392 0.000992 0
1234 468 1249 502 0.000990 0
637 159 653 191 0.000983 0
551 171 578 215 0.000980 0
317 199 334 231 0.000980 0
1120 393 1128 411 0.000979 0
1098 329 1105 343 0.000971 0
1098 318 1119 344 0.000970 0
241 212 253 239 0.000970 0
645 200 656 215 0.000969 0
848 188 881 240 0.000963 0
991 380 1025 454 0.000963 0
1039 322 1055 335 0.000959 0
927 202 954 248 0.000957 0
959 423 976 475 0.000957 0
862 434 880 477 0.000955 0
479 202 485 216 0.000948 0
983 446 992 455 0.000946 0
787 324 832 343 0.000945 0
671 452 693 488 0.000942 0
1205 497 1214 504 0.000941 0
1236 452 1254 471 0.000941 0
788 327 813 384 0.000939 0
1214 192 1257 260 0.000935 0
949 358 1024 426 0.000935 0
892 473 908 486 0.000935 0
1129 440 1147 467 0.000924 0
648 409 656 424 0.000924 0
947 349 964 403 0.000920 0
1262 198 1279 238 0.000906 0
943 336 977 402 0.000902 0
1007 409 1024 444 0.000900 0
906 335 925 362 0.000899 0
464 202 476 261 0.000895 0
1238 456 1257 472 0.000890 0
1143 395 1152 408 0.000888 0
607 447 624 468 0.000888 0
0 64 188 211 0.000884 0
1121 325 1136 343 0.000883 0
926 439 935 455 0.000880 0
635 201 661 233 0.000876 0
647 408 656 424 0.000874 0
1041 409 1057 461 0.000874 0
1 64 196 221 0.000871 0
224 182 233 203 0.000869 0
1129 500 1137 509 0.000868 0
795 328 849 345 0.000868 0
607 448 624 468 0.000865 0
933 347 987 473 0.000863 0
790 217 823 269 0.000861 0
991 388 1009 423 0.000861 0
465 202 478 270 0.000860 0
1199 497 1212 505 0.000853 0
1120 405 1128 424 0.000846 0
1046 482 1055 488 0.000839 0
1205 503 1218 513 0.000836 0
976 359 992 393 0.000834 0
1071 341 1080 360 0.000829 0
951 341 962 368 0.000826 0
868 324 883 343 0.000824 0
210 192 224 229 0.000817 0
1179 344 1195 359 0.000815 0
1122 326 1135 339 0.000811 0
914 202 946 245 0.000803 0
497 183 543 253 0.000795 0
943 356 979 440 0.000792 0
1150 328 1169 360 0.000789 0
1231 178 1279 372 0.000787 0
1223 195 1256 233 0.000787 0
386 197 395 205 0.000786 0
751 458 769 472 0.000777 0
1147 327 1170 344 0.000775 0
1118 312 1135 336 0.000772 0
1150 440 1161 459 0.000770 0
1101 311 1134 343 0.000763 0
1222 502 1233 511 0.000761 0
209 191 224 229 0.000759 0
1175 214 1184 224 0.000757 0
0 64 34 211 0.000755 0
1011 423 1025 440 0.000752 0
1183 355 1193 389 0.000752 0
468 202 479 245 0.000751 0
247 210 259 239 0.000749 0
1071 192 1084 207 0.000749 0
315 64 427 217 0.000748 0
793 328 809 390 0.000748 0
1165 328 1173 337 0.000747 0
1008 472 1016 484 0.000746 0
1125 444 1137 475 0.000742 0
677 449 689 463 0.000741 0
1098 399 1103 408 0.000736 0
823 328 848 360 0.000735 0
832 479 841 490 0.000734 0
906 335 927 386 0.000732 0
1150 448 1161 470 0.000725 0
1062 461 1071 471 0.000724 0
1007 473 1016 488 0.000723 0
688 204 703 235 0.000722 0
0 65 51 252 0.000720 0
822 328 848 345 0.000717 0
1103 312 1131 341 0.000716 0
784 328 810 344 0.000710 0
1001 431 1008 440 0.000709 0
258 198 279 244 0.000708 0
324 64 504 205 0.000707 0
945 347 973 417 0.000707 0
1039 410 1057 463 0.000703 0
918 341 989 459 0.000700 0
332 185 342 199 0.000696 0
1247 476 1260 489 0.000692 0
959 357 992 393 0.000691 0
1053 486 1071 499 0.000689 0
825 328 848 358 0.000684 0
848 421 888 456 0.000683 0
351 189 357 199 0.000683 0
343 64 432 215 0.000682 0
906 336 926 385 0.000681 0
968 363 1006 425 0.000680 0
1012 425 1025 441 0.000678 0
1017 444 1038 465 0.000674 0
1143 324 1169 343 0.000674 0
864 334 884 343 0.000665 0
1072 423 1087 454 0.000664 0
1 66 369 397 0.000663 0
1045 410 1057 425 0.000661 0
1250 214 1267 234 0.000661 0
338 64 433 216 0.000661 0
895 438 903 456 0.000661 0
991 394 1002 424 0.000660 0
1071 456 1096 472 0.000659 0
912 473 928 487 0.000659 0
831 416 848 452 0.000658 0
646 201 672 229 0.000658 0
602 148 638 197 0.000657 0
1119 438 1157 471 0.000656 0
1103 488 1131 506 0.000656 0
258 198 278 243 0.000654 0
1197 497 1213 508 0.000653 0
806 256 850 345 0.000651 0
912 447 929 457 0.000650 0
1097 329 1105 344 0.000649 0
1119 443 1129 470 0.000647 0
956 366 1015 425 0.000644 0
782 325 849 344 0.000644 0
1102 321 1121 344 0.000643 0
766 252 835 345 0.000642 0
1023 442 1037 459 0.000642 0
1075 334 1088 359 0.000640 0
812 271 851 345 0.000639 0
1024 484 1058 498 0.000638 0
1138 442 1152 461 0.000638 0
1071 333 1088 345 0.000638 0
1071 482 1080 498 0.000634 0
960 455 976 472 0.000632 0
340 65 440 231 0.000622 0
1104 312 1130 330 0.000622 0
800 440 816 456 0.000619 0
1071 457 1094 472 0.000617 0
0 64 47 212 0.000616 0
1131 443 1152 474 0.000616 0
930 436 944 454 0.000613 0
787 318 810 343 0.000610 0
911 336 926 353 0.000610 0
50 64 349 204 0.000603 0
931 346 1024 427 0.000602 0
1040 455 1048 465 0.000600 0
328 64 497 341 0.000599 0
629 423 640 440 0.000596 0
875 334 885 343 0.000595 0
310 64 498 201 0.000594 0
1247 474 1262 512 0.000594 0
1152 446 1168 472 0.000588 0
1251 199 1265 230 0.000588 0
199 210 212 232 0.000588 0
342 64 469 219 0.000586 0
1090 193 1102 210 0.000585 0
785 329 810 344 0.000584 0
923 437 944 475 0.000581 0
950 335 978 395 0.000581 0
741 278 755 302 0.000579 0
1141 390 1153 408 0.000577 0
983 363 1015 422 0.000576 0
817 181 859 242 0.000574 0
820 328 849 363 0.000574 0
517 195 540 248 0.000569 0
774 248 834 346 0.000566 0
0 64 54 211 0.000561 0
788 254 844 345 0.000556 0
768 175 775 184 0.000555 0
821 327 848 343 0.000555 0
1074 422 1088 455 0.000554 0
320 64 478 365 0.000553 0
636 160 655 198 0.000550 0
876 199 910 247 0.000550 0
533 203 551 221 0.000546 0
1233 181 1279 447 0.000543 0
311 65 455 362 0.000542 0
1218 193 1280 319 0.000540 0
783 242 840 347 0.000540 0
681 197 690 216 0.000539 0
671 454 700 488 0.000538 0
856 215 873 275 0.000538 0
1109 392 1128 410 0.000533 0
0 64 28 215 0.000531 0
1147 327 1174 346 0.000530 0
958 408 976 473 0.000529 0
881 471 896 505 0.000528 0
606 446 624 468 0.000527 0
877 319 888 343 0.000526 0
991 455 1002 466 0.000525 0
255 64 348 197 0.000523 0
848 419 890 456 0.000521 0
308 64 445 200 0.000521 0
957 409 975 471 0.000519 0
1119 444 1130 473 0.000519 0
1102 392 1127 408 0.000517 0
212 200 226 242 0.000516 0
584 431 591 439 0.000514 0
207 396 224 415 0.000514 0
848 231 856 242 0.000512 0
317 64 368 181 0.000511 0
529 181 555 217 0.000509 0
1134 443 1153 471 0.000508 0
1172 218 1188 247 0.000508 0
1080 400 1088 411 0.000507 0
1038 199 1070 234 0.000507 0
183 190 190 204 0.000505 0
310 64 488 327 0.000504 0
830 336 842 363 0.000504 0
1231 465 1248 502 0.000503 0
828 329 848 363 0.000503 0
588 135 625 185 0.000500 0
954 370 1026 468 0.000500 0
1095 439 1108 456 0.000500 0
708 200 736 234 0.000500 0
1061 197 1078 233 0.000498 0
0 144 7 204 0.000498 0
958 337 968 353 0.000497 0
933 334 989 390 0.000492 0
630 423 640 446 0.000490 0
830 419 846 449 0.000490 0
772 195 795 235 0.000490 0
0 149 7 204 0.000488 0
767 226 834 341 0.000488 0
0 64 63 220 0.000486 0
997 359 1025 406 0.000486 0
311 64 368 199 0.000483 0
940 349 954 390 0.000480 0
1247 422 1253 432 0.000479 0
241 193 251 219 0.000477 0
1199 472 1211 482 0.000476 0
1067 195 1096 241 0.000472 0
937 338 989 393 0.000471 0
511 193 548 248 0.000471 0
634 160 646 185 0.000471 0
461 191 482 302 0.000471 0
243 215 268 241 0.000470 0
847 422 888 455 0.000469 0
880 317 897 343 0.000465 0
1246 471 1264 510 0.000463 0
800 440 816 471 0.000463 0
854 321 864 337 0.000460 0
320 64 548 202 0.000459 0
908 327 928 345 0.000458 0
1140 486 1152 502 0.000457 0
344 64 601 379 0.000456 0
1080 404 1088 414 0.000453 0
1247 471 1262 511 0.000453 0
1231 466 1249 509 0.000453 0
819 456 832 472 0.000452 0
682 205 689 216 0.000452 0
558 178 581 203 0.000451 0
1150 451 1164 473 0.000449 0
935 429 944 441 0.000449 0
313 64 434 230 0.000448 0
940 346 953 390 0.000448 0
334 64 497 371 0.000447 0
0 64 79 220 0.000444 0
773 227 833 342 0.000443 0
808 380 814 392 0.000442 0
0 141 8 203 0.000439 0
1073 487 1088 501 0.000438 0
1142 320 1167 341 0.000438 0
867 205 891 235 0.000434 0
1118 458 1128 476 0.000434 0
1043 409 1056 424 0.000433 0
1208 184 1258 268 0.000432 0
1146 308 1169 346 0.000432 0
1095 440 1105 457 0.000431 0
1021 440 1040 466 0.000431 0
309 64 368 201 0.000431 0
1122 324 1137 361 0.000429 0
674 455 704 488 0.000425 0
306 65 465 248 0.000424 0
92 64 357 201 0.000424 0
1125 346 1136 359 0.000424 0
983 454 991 464 0.000424 0
787 184 816 222 0.000423 0
973 211 985 231 0.000420 0
1019 440 1040 468 0.000418 0
722 320 742 344 0.000417 0
1160 503 1169 510 0.000416 0
0 64 71 223 0.000416 0
866 457 880 477 0.000413 0
783 326 839 392 0.000412 0
1151 441 1168 465 0.000410 0
632 160 643 186 0.000410 0
631 163 643 190 0.000408 0
782 324 817 392 0.000408 0
772 267 835 346 0.000408 0
1187 355 1212 410 0.000408 0
881 437 898 456 0.000406 0
332 183 345 199 0.000406 0
703 407 724 470 0.000405 0
1183 372 1193 391 0.000405 0
639 668 672 703 0.000404 0
1167 381 1184 423 0.000401 0
1147 319 1169 352 0.000401 0
1167 381 1181 423 0.000399 0
341 64 497 214 0.000397 0
1248 413 1253 427 0.000396 0
478 191 492 216 0.000395 0
920 339 996 395 0.000391 0
1120 409 1128 426 0.000391 0
1039 409 1050 426 0.000390 0
943 363 1031 479 0.000390 0
852 215 873 272 0.000390 0
213 188 239 240 0.000389 0
208 182 225 229 0.000388 0
1231 503 1240 510 0.000388 0
1111 457 1121 475 0.000384 0
208 396 223 413 0.000383 0
779 263 838 345 0.000383 0
891 200 912 243 0.000382 0
0 65 30 216 0.000381 0
959 335 969 349 0.000380 0
998 367 1024 400 0.000379 0
777 192 794 229 0.000378 0
665 197 675 225 0.000378 0
0 64 76 213 0.000377 0
853 317 864 337 0.000377 0
752 426 772 445 0.000376 0
1241 413 1247 425 0.000376 0
878 316 895 342 0.000375 0
866 207 885 239 0.000374 0
1177 343 1197 359 0.000373 0
314 65 421 208 0.000372 0
1032 183 1053 227 0.000372 0
779 439 802 453 0.000371 0
255 64 337 203 0.000371 0
1232 466 1254 509 0.000370 0
1071 504 1080 511 0.000369 0
895 414 909 424 0.000369 0
741 279 756 301 0.000368 0
308 64 369 196 0.000368 0
959 455 973 472 0.000368 0
1220 406 1233 424 0.000366 0
640 663 673 704 0.000365 0
1118 439 1133 471 0.000363 0
874 198 914 247 0.000361 0
1245 460 1267 479 0.000361 0
1231 458 1241 471 0.000358 0
1063 194 1079 221 0.000358 0
970 364 994 418 0.000357 0
1218 454 1224 467 0.000357 0
607 440 625 479 0.000356 0
824 422 832 435 0.000355 0
752 200 768 232 0.000353 0
948 350 1025 426 0.000352 0
850 431 931 484 0.000352 0
1167 377 1181 392 0.000351 0
903 335 925 379 0.000351 0
607 429 624 466 0.000350 0
923 340 989 437 0.000349 0
345 64 433 194 0.000349 0
1232 457 1240 468 0.000349 0
581 447 592 458 0.000348 0
1174 378 1185 391 0.000347 0
924 203 973 254 0.000346 0
1069 193 1110 237 0.000345 0
801 213 848 277 0.000344 0
0 65 347 403 0.000344 0
518 392 527 411 0.000343 0
1057 64 1139 220 0.000342 0
956 336 977 363 0.000342 0
753 422 769 443 0.000341 0
941 351 959 394 0.000341 0
250 210 276 266 0.000340 0
772 193 795 233 0.000340 0
255 64 355 204 0.000340 0
1039 417 1050 437 0.000339 0
1268 168 1279 244 0.000336 0
317 64 368 176 0.000336 0
849 425 935 484 0.000335 0
328 64 628 388 0.000333 0
751 200 769 232 0.000332 0
896 414 913 424 0.000332 0
1055 462 1068 471 0.000332 0
1071 333 1091 397 0.000331 0
1051 456 1067 468 0.000331 0
883 317 894 340 0.000330 0
1189 489 1202 504 0.000329 0
862 323 884 344 0.000329 0
255 64 337 186 0.000329 0
1006 433 1023 456 0.000328 0
342 68 503 224 0.000328 0
948 331 973 362 0.000328 0
831 419 845 450 0.000326 0
1222 450 1233 472 0.000326 0
2 64 355 338 0.000325 0
785 316 841 344 0.000325 0
1072 337 1089 395 0.000325 0
672 453 695 489 0.000325 0
926 205 970 255 0.000324 0
895 416 904 438 0.000323 0
154 64 265 238 0.000322 0
222 373 240 409 0.000322 0
1189 353 1211 392 0.000321 0
377 185 395 205 0.000320 0
783 326 819 392 0.000320 0
993 456 1008 469 0.000319 0
399 186 412 205 0.000318 0
909 327 928 346 0.000317 0
990 388 1023 443 0.000317 0
939 344 956 388 0.000316 0
1144 505 1152 510 0.000315 0
255 65 326 166 0.000315 0
575 447 587 457 0.000315 0
863 335 882 344 0.000314 0
300 64 488 200 0.000312 0
1234 204 1279 452 0.000312 0
1168 386 1179 423 0.000311 0
1038 416 1056 461 0.000311 0
408 178 418 204 0.000310 0
1175 409 1183 423 0.000310 0
603 148 632 188 0.000310 0
787 419 824 474 0.000310 0
902 335 925 366 0.000309 0
812 316 840 343 0.000308 0
633 202 648 245 0.000308 0
696 475 704 488 0.000307 0
25 64 381 349 0.000307 0
1088 185 1104 203 0.000306 0
1096 439 1120 457 0.000305 0
659 664 672 703 0.000304 0
321 64 430 196 0.000304 0
857 223 871 275 0.000304 0
319 64 413 195 0.000303 0
386 197 397 206 0.000303 0
204 198 224 228 0.000303 0
1216 407 1223 424 0.000302 0
1011 185 1033 226 0.000301 0
373 192 387 208 0.000301 0
995 366 1011 399 0.000301 0
953 334 977 364 0.000301 0
908 453 928 485 0.000299 0
1246 466 1269 495 0.000299 0
1151 449 1168 475 0.000299 0
809 207 830 240 0.000298 0
1182 354 1212 416 0.000298 0
1134 439 1158 470 0.000298 0
143 64 402 200 0.000296 0
813 175 858 240 0.000296 0
829 277 851 343 0.000295 0
1181 373 1208 402 0.000294 0
1072 397 1079 408 0.000293 0
247 279 255 295 0.000291 0
830 415 848 452 0.000291 0
1177 495 1184 504 0.000290 0
939 346 953 388 0.000290 0
741 281 759 302 0.000289 0
1148 391 1160 405 0.000289 0
1031 374 1040 391 0.000289 0
1073 402 1089 446 0.000288 0
518 392 527 424 0.000288 0
634 183 642 193 0.000287 0
413 175 422 204 0.000287 0
258 199 278 243 0.000286 0
1008 438 1040 471 0.000286 0
685 196 693 215 0.000286 0
730 323 744 339 0.000284 0
46 64 362 227 0.000283 0
1158 497 1173 508 0.000283 0
765 196 789 233 0.000283 0
855 223 871 273 0.000282 0
1196 391 1213 424 0.000282 0
1111 502 1120 509 0.000282 0
255 64 360 185 0.000281 0
852 394 863 410 0.000281 0
592 423 609 438 0.000280 0
255 65 327 175 0.000280 0
193 186 201 201 0.000280 0
1074 335 1090 360 0.000280 0
632 201 651 283 0.000280 0
1159 302 1168 323 0.000279 0
789 329 811 361 0.000279 0
895 412 916 442 0.000279 0
158 64 259 214 0.000279 0
1219 454 1232 483 0.000277 0
766 257 832 345 0.000277 0
1177 382 1207 411 0.000276 0
1168 343 1196 392 0.000276 0
1071 336 1086 394 0.000275 0
365 200 384 223 0.000273 0
641 665 672 704 0.000273 0
191 392 209 458 0.000273 0
814 317 849 343 0.000273 0
719 323 740 362 0.000272 0
1177 192 1199 224 0.000272 0
229 182 330 385 0.000272 0
629 427 640 457 0.000272 0
590 423 610 465 0.000271 0
929 346 954 390 0.000270 0
1231 465 1251 508 0.000270 0
817 326 848 377 0.000268 0
1016 480 1024 488 0.000268 0
991 343 1009 390 0.000268 0
941 350 963 416 0.000267 0
879 470 896 505 0.000267 0
1135 392 1152 412 0.000267 0
790 377 812 391 0.000266 0
196 209 210 229 0.000266 0
716 316 745 338 0.000266 0
932 389 944 409 0.000265 0
846 422 888 454 0.000265 0
317 64 430 190 0.000264 0
1029 375 1041 408 0.000264 0
906 335 927 391 0.000264 0
1054 397 1084 463 0.000263 0
1015 320 1028 348 0.000263 0
779 422 817 472 0.000262 0
1100 455 1116 474 0.000262 0
904 326 926 345 0.000262 0
1046 455 1057 468 0.000261 0
0 69 64 226 0.000261 0
255 64 324 164 0.000260 0
895 406 913 424 0.000259 0
255 696 271 703 0.000258 0
777 193 793 231 0.000258 0
1149 327 1170 360 0.000257 0
1071 335 1084 392 0.000257 0
785 226 836 344 0.000256 0
906 336 939 390 0.000255 0
206 378 224 412 0.000255 0
338 67 498 211 0.000254 0
0 73 17 213 0.000254 0
1095 439 1118 455 0.000252 0
154 64 259 208 0.000252 0
144 64 410 197 0.000251 0
65 64 129 194 0.000251 0
934 333 976 389 0.000251 0
1232 467 1251 510 0.000250 0
1146 310 1175 344 0.000250 0
1062 190 1080 218 0.000249 0
1235 182 1280 462 0.000249 0
1036 410 1063 468 0.000248 0
206 370 229 412 0.000247 0
973 357 1011 404 0.000246 0
1130 442 1168 475 0.000245 0
190 391 209 462 0.000244 0
879 472 890 487 0.000243 0
934 417 944 440 0.000242 0
520 197 545 249 0.000242 0
1044 279 1058 295 0.000242 0
1027 376 1041 408 0.000241 0
0 139 36 256 0.000240 0
1095 450 1119 472 0.000240 0
895 322 905 343 0.000240 0
269 221 291 295 0.000239 0
907 336 929 393 0.000239 0
855 223 871 277 0.000239 0
1075 454 1106 475 0.000239 0
783 423 817 468 0.000239 0
990 343 1008 383 0.000238 0
1073 385 1089 411 0.000238 0
1046 197 1066 228 0.000238 0
1073 474 1088 500 0.000238 0
1214 497 1233 511 0.000237 0
1236 214 1280 472 0.000237 0
152 64 441 255 0.000237 0
1136 386 1156 409 0.000237 0
1216 455 1233 493 0.000236 0
787 327 840 366 0.000236 0
865 313 902 342 0.000236 0
726 327 737 345 0.000235 0
266 64 433 199 0.000235 0
1166 471 1177 479 0.000235 0
895 421 906 454 0.000234 0
623 404 640 423 0.000234 0
1091 312 1119 344 0.000234 0
255 65 341 220 0.000232 0
453 205 466 223 0.000231 0
1185 354 1211 393 0.000231 0
1247 359 1263 394 0.000231 0
853 230 877 282 0.000230 0
992 357 1009 391 0.000230 0
154 65 264 227 0.000230 0
928 390 941 408 0.000229 0
680 384 688 394 0.000229 0
765 200 784 233 0.000229 0
1097 442 1124 476 0.000228 0
349 170 364 199 0.000228 0
184 196 190 206 0.000228 0
583 451 592 462 0.000227 0
690 207 704 279 0.000227 0
656 423 678 438 0.000227 0
1035 179 1061 225 0.000226 0
1221 175 1262 236 0.000226 0
1 64 77 207 0.000226 0
1244 406 1261 427 0.000225 0
1178 344 1197 359 0.000225 0
820 335 846 363 0.000225 0
357 83 500 229 0.000223 0
817 419 840 449 0.000223 0
718 317 742 340 0.000223 0
895 407 914 424 0.000222 0
791 367 816 392 0.000222 0
0 139 13 218 0.000222 0
779 422 816 456 0.000222 0
775 321 818 392 0.000221 0
66 64 128 163 0.000221 0
1209 213 1279 346 0.000221 0
1250 477 1268 502 0.000219 0
386 195 397 206 0.000219 0
1151 439 1168 456 0.000219 0
786 348 816 392 0.000218 0
311 64 567 364 0.000218 0
882 470 896 491 0.000218 0
1067 405 1121 461 0.000217 0
638 224 651 287 0.000217 0
735 424 780 456 0.000217 0
1007 359 1024 399 0.000216 0
648 480 655 487 0.000216 0
352 78 502 262 0.000216 0
1248 343 1264 358 0.000216 0
688 210 704 280 0.000216 0
1136 408 1162 424 0.000216 0
1154 470 1169 479 0.000215 0
626 679 673 703 0.000215 0
787 366 815 391 0.000215 0
918 424 927 437 0.000214 0
1006 163 1059 232 0.000214 0
739 200 761 215 0.000213 0
1232 409 1241 425 0.000213 0
963 207 987 257 0.000213 0
915 452 944 480 0.000213 0
1005 438 1026 463 0.000212 0
0 64 162 237 0.000212 0
237 189 339 384 0.000211 0
999 181 1010 198 0.000211 0
1 64 80 212 0.000211 0
482 177 545 252 0.000211 0
265 194 273 205 0.000210 0
1055 417 1075 463 0.000210 0
1164 343 1197 398 0.000208 0
1135 397 1170 424 0.000208 0
1121 342 1136 386 0.000208 0
785 368 815 391 0.000208 0
1001 338 1025 395 0.000208 0
853 153 912 181 0.000208 0
0 65 45 344 0.000207 0
755 414 768 427 0.000207 0
245 279 256 295 0.000206 0
601 137 627 183 0.000206 0
155 71 214 214 0.000206 0
932 392 944 409 0.000205 0
764 273 813 346 0.000204 0
881 331 898 344 0.000204 0
425 64 498 130 0.000204 0
140 64 258 211 0.000204 0
930 348 952 385 0.000203 0
991 192 1017 252 0.000201 0
1232 173 1280 441 0.000201 0
431 192 441 203 0.000201 0
1234 493 1248 510 0.000200 0
1038 321 1057 339 0.000200 0
655 423 676 436 0.000199 0
1050 455 1074 471 0.000199 0
918 390 928 405 0.000198 0
816 317 849 343 0.000197 0
192 186 203 216 0.000197 0
365 186 376 200 0.000197 0
689 209 704 280 0.000197 0
1248 360 1265 397 0.000196 0
607 359 624 378 0.000196 0
1079 447 1114 472 0.000196 0
960 374 1013 434 0.000195 0
610 424 624 436 0.000195 0
198 198 210 225 0.000195 0
1045 394 1093 460 0.000195 0
213 181 239 231 0.000194 0
607 449 624 472 0.000194 0
511 391 526 425 0.000193 0
790 363 816 391 0.000193 0
906 438 938 457 0.000193 0
1071 392 1079 405 0.000193 0
701 440 721 470 0.000193 0
765 199 784 234 0.000192 0
1043 64 1120 200 0.000192 0
1007 439 1040 470 0.000192 0
782 326 850 364 0.000192 0
808 170 825 202 0.000191 0
810 404 847 452 0.000191 0
800 409 822 445 0.000190 0
574 426 593 460 0.000190 0
895 417 927 458 0.000189 0
663 190 686 231 0.000189 0
348 69 514 239 0.000189 0
0 136 37 307 0.000189 0
984 481 991 487 0.000189 0
801 405 843 449 0.000189 0
1253 406 1263 424 0.000188 0
1013 172 1033 226 0.000188 0
152 64 454 198 0.000188 0
307 66 428 227 0.000187 0
582 278 590 289 0.000187 0
703 439 722 470 0.000186 0
336 65 461 226 0.000186 0
1023 381 1030 395 0.000185 0
1239 449 1248 458 0.000185 0
822 317 849 343 0.000185 0
159 64 258 176 0.000185 0
256 64 341 171 0.000185 0
318 64 439 143 0.000185 0
317 64 438 176 0.000184 0
1027 425 1040 449 0.000184 0
787 240 831 319 0.000184 0
770 262 840 348 0.000184 0
1231 466 1252 510 0.000183 0
777 313 807 343 0.000182 0
689 208 704 280 0.000182 0
790 211 822 266 0.000182 0
895 329 904 344 0.000182 0
1168 455 1192 473 0.000181 0
955 381 996 458 0.000181 0
946 388 975 453 0.000181 0
1119 408 1128 433 0.000181 0
154 64 436 266 0.000180 0
1088 488 1099 504 0.000180 0
1002 451 1031 471 0.000179 0
1155 423 1168 440 0.000179 0
880 470 896 504 0.000179 0
1009 191 1032 224 0.000178 0
794 414 848 448 0.000178 0
628 202 651 286 0.000178 0
271 198 279 211 0.000178 0
146 64 258 173 0.000177 0
910 337 990 391 0.000177 0
1031 346 1068 392 0.000177 0
636 201 719 287 0.000176 0
877 428 900 457 0.000176 0
100 64 524 331 0.000176 0
928 389 945 435 0.000176 0
1024 411 1041 463 0.000175 0
610 358 624 376 0.000175 0
779 237 830 324 0.000175 0
640 408 678 442 0.000173 0
0 64 75 203 0.000172 0
913 426 928 442 0.000172 0
268 210 292 295 0.000172 0
198 200 226 235 0.000172 0
0 65 90 215 0.000172 0
65 64 167 197 0.000171 0
1055 373 1065 389 0.000171 0
60 65 139 198 0.000170 0
1071 337 1084 406 0.000170 0
319 200 342 273 0.000170 0
592 422 639 467 0.000169 0
1071 337 1083 389 0.000169 0
202 64 458 200 0.000169 0
169 64 505 372 0.000169 0
272 243 290 294 0.000168 0
1061 64 1137 195 0.000168 0
663 293 681 349 0.000168 0
592 135 625 186 0.000168 0
924 423 941 456 0.000167 0
1039 407 1053 423 0.000167 0
319 298 344 392 0.000167 0
766 277 850 347 0.000167 0
1251 337 1279 464 0.000166 0
1049 518 1072 542 0.000166 0
741 279 764 302 0.000166 0
347 64 497 102 0.000163 0
659 451 682 487 0.000163 0
1008 477 1016 495 0.000163 0
511 392 527 427 0.000163 0
798 418 824 444 0.000163 0
194 369 225 414 0.000162 0
1173 365 1222 420 0.000162 0
1008 376 1041 416 0.000162 0
974 357 1009 393 0.000161 0
447 512 456 535 0.000161 0
1083 403 1121 461 0.000160 0
1025 335 1073 392 0.000160 0
933 375 946 392 0.000160 0
1230 417 1248 438 0.000160 0
1057 478 1074 497 0.000159 0
1148 410 1168 424 0.000159 0
955 388 1034 473 0.000159 0
97 68 217 211 0.000159 0
148 64 491 262 0.000159 0
0 91 61 227 0.000159 0
1135 406 1164 424 0.000159 0
59 64 127 171 0.000158 0
800 451 816 472 0.000158 0
752 415 769 440 0.000157 0
346 64 497 109 0.000157 0
627 629 676 703 0.000157 0
645 190 655 202 0.000157 0
880 512 887 519 0.000156 0
848 394 858 409 0.000156 0
832 479 848 512 0.000156 0
0 433 96 602 0.000156 0
1257 249 1279 295 0.000155 0
1142 392 1174 409 0.000155 0
805 239 833 321 0.000155 0
703 411 735 470 0.000154 0
1010 457 1035 472 0.000154 0
928 344 956 386 0.000154 0
1011 380 1042 427 0.000153 0
1202 371 1264 428 0.000153 0
1073 348 1088 397 0.000153 0
775 326 848 389 0.000153 0
1151 424 1168 440 0.000152 0
1232 222 1279 365 0.000152 0
1053 420 1066 455 0.000152 0
614 655 674 704 0.000151 0
980 438 1001 457 0.000151 0
1269 251 1279 282 0.000151 0
1060 64 1142 211 0.000151 0
47 64 129 197 0.000150 0
857 210 900 278 0.000150 0
1237 225 1279 454 0.000149 0
1253 407 1263 425 0.000149 0
880 391 888 414 0.000149 0
976 345 1009 389 0.000148 0
719 428 737 471 0.000148 0
907 335 940 393 0.000148 0
355 213 371 276 0.000148 0
1076 330 1116 344 0.000148 0
671 421 689 436 0.000147 0
832 290 865 343 0.000147 0
1259 243 1279 295 0.000147 0
644 409 668 426 0.000146 0
1248 354 1269 407 0.000146 0
623 404 642 431 0.000146 0
64 65 157 198 0.000146 0
1039 416 1074 467 0.000146 0
1024 332 1080 392 0.000146 0
927 350 942 378 0.000146 0
175 401 197 424 0.000146 0
385 186 398 206 0.000146 0
1077 336 1100 360 0.000146 0
1270 315 1279 327 0.000146 0
612 199 646 215 0.000145 0
900 457 929 490 0.000145 0
267 216 291 294 0.000145 0
607 449 622 485 0.000145 0
577 385 609 432 0.000145 0
1071 334 1097 393 0.000145 0
1176 500 1185 511 0.000144 0
1255 318 1278 328 0.000144 0
580 424 592 439 0.000144 0
1086 398 1124 446 0.000144 0
1025 358 1048 390 0.000144 0
1246 365 1264 398 0.000144 0
928 392 943 409 0.000144 0
1263 75 1279 170 0.000143 0
778 293 812 344 0.000143 0
1151 379 1161 397 0.000143 0
246 64 455 222 0.000143 0
659 414 670 428 0.000143 0
908 339 989 396 0.000142 0
909 337 937 395 0.000142 0
446 158 490 299 0.000142 0
65 66 217 210 0.000142 0
272 185 280 203 0.000141 0
930 369 945 390 0.000141 0
1270 424 1279 437 0.000141 0
724 167 951 263 0.000141 0
590 389 608 426 0.000141 0
979 187 1016 227 0.000141 0
1207 440 1241 457 0.000141 0
1048 183 1067 227 0.000140 0
0 71 78 226 0.000140 0
326 64 657 227 0.000140 0
768 229 826 322 0.000140 0
1261 66 1279 281 0.000140 0
664 423 688 437 0.000140 0
1055 391 1065 402 0.000140 0
344 64 498 142 0.000139 0
1188 472 1202 480 0.000139 0
1169 208 1179 217 0.000139 0
201 395 224 428 0.000139 0
716 317 741 354 0.000139 0
739 267 773 303 0.000139 0
1250 331 1279 459 0.000139 0
1211 183 1279 298 0.000139 0
685 215 703 281 0.000138 0
687 410 701 439 0.000138 0
680 385 688 402 0.000137 0
737 422 774 446 0.000137 0
952 429 966 452 0.000137 0
1265 312 1279 367 0.000137 0
512 392 528 428 0.000137 0
574 358 608 439 0.000137 0
988 345 1008 375 0.000137 0
148 68 269 250 0.000136 0
1132 500 1143 509 0.000136 0
591 420 638 466 0.000136 0
767 231 817 321 0.000136 0
1243 351 1279 432 0.000136 0
374 184 393 204 0.000136 0
1091 316 1139 363 0.000136 0
704 413 736 471 0.000136 0
936 360 964 424 0.000135 0
1069 68 1104 130 0.000135 0
984 559 992 584 0.000135 0
1013 446 1040 472 0.000135 0
1091 401 1104 419 0.000135 0
800 414 811 428 0.000135 0
400 184 410 203 0.000135 0
64 64 140 157 0.000134 0
64 64 212 198 0.000134 0
905 425 929 449 0.000134 0
629 689 671 703 0.000134 0
745 134 1141 286 0.000133 0
1196 406 1251 443 0.000133 0
750 460 765 479 0.000133 0
0 64 111 210 0.000133 0
830 417 847 434 0.000133 0
151 82 211 222 0.000132 0
283 178 324 241 0.000132 0
1 64 345 267 0.000132 0
187 392 211 438 0.000132 0
723 416 737 460 0.000132 0
626 376 654 425 0.000131 0
1220 442 1233 457 0.000131 0
756 403 769 428 0.000131 0
923 345 947 393 0.000131 0
1208 350 1270 430 0.000131 0
1084 346 1097 360 0.000131 0
300 77 362 203 0.000131 0
107 247 124 296 0.000131 0
930 409 943 437 0.000131 0
305 185 325 202 0.000130 0
816 393 835 440 0.000130 0
1149 410 1169 424 0.000130 0
849 405 885 460 0.000130 0
527 576 536 600 0.000130 0
739 200 759 227 0.000130 0
319 303 364 390 0.000129 0
916 332 991 389 0.000129 0
736 277 760 302 0.000129 0
30 64 136 206 0.000129 0
735 446 761 471 0.000129 0
1208 362 1219 391 0.000129 0
342 64 498 161 0.000129 0
1052 404 1129 465 0.000129 0
780 418 865 466 0.000129 0
742 286 760 303 0.000128 0
845 399 889 459 0.000128 0
924 345 948 390 0.000128 0
1183 442 1191 457 0.000128 0
1263 312 1279 375 0.000127 0
228 66 331 228 0.000127 0
1210 467 1247 503 0.000127 0
824 328 856 344 0.000127 0
1087 408 1120 447 0.000127 0
1036 380 1051 410 0.000127 0
1216 403 1245 425 0.000127 0
1060 392 1073 403 0.000126 0
318 68 609 377 0.000126 0
108 243 128 296 0.000126 0
222 361 240 410 0.000126 0
601 359 624 391 0.000126 0
780 329 817 392 0.000125 0
601 359 624 379 0.000125 0
542 64 598 211 0.000125 0
989 64 1089 227 0.000125 0
428 64 497 133 0.000125 0
319 244 337 364 0.000124 0
910 474 937 487 0.000124 0
859 406 882 460 0.000124 0
1 64 127 199 0.000124 0
893 413 936 449 0.000124 0
193 192 208 217 0.000124 0
1029 362 1070 418 0.000124 0
0 130 36 329 0.000124 0
1103 64 1120 70 0.000124 0
588 422 626 470 0.000123 0
58 392 245 423 0.000123 0
353 190 368 199 0.000123 0
1094 440 1121 470 0.000123 0
320 262 338 357 0.000123 0
372 64 498 117 0.000122 0
1068 66 1104 128 0.000122 0
561 137 797 238 0.000122 0
868 392 879 408 0.000122 0
1060 64 1134 144 0.000121 0
991 439 1031 470 0.000121 0
426 74 498 220 0.000121 0
261 191 318 263 0.000121 0
824 326 861 343 0.000121 0
92 65 217 205 0.000121 0
5 64 126 184 0.000120 0
1203 373 1245 423 0.000120 0
895 285 911 312 0.000120 0
1052 418 1081 464 0.000120 0
818 260 844 344 0.000120 0
625 440 640 461 0.000120 0
0 397 98 606 0.000119 0
708 204 736 234 0.000119 0
993 343 1008 360 0.000119 0
781 418 822 453 0.000119 0
390 84 502 225 0.000119 0
815 469 827 478 0.000119 0
575 370 609 435 0.000119 0
719 415 748 469 0.000118 0
991 357 1025 407 0.000118 0
1113 313 1137 364 0.000118 0
922 410 944 450 0.000118 0
603 358 624 375 0.000118 0
827 278 850 337 0.000118 0
1027 357 1044 377 0.000118 0
915 401 928 423 0.000118 0
1215 455 1229 480 0.000118 0
343 64 498 136 0.000118 0
912 275 928 346 0.000118 0
198 281 211 296 0.000118 0
768 312 801 343 0.000118 0
1039 322 1064 358 0.000118 0
718 326 739 367 0.000117 0
918 342 950 383 0.000117 0
1029 408 1041 434 0.000117 0
36 64 126 201 0.000117 0
206 64 326 215 0.000117 0
110 64 261 177 0.000116 0
55 64 128 165 0.000116 0
156 205 167 218 0.000116 0
324 237 354 351 0.000116 0
447 512 456 532 0.000116 0
883 392 897 417 0.000116 0
320 64 371 111 0.000115 0
820 332 848 393 0.000115 0
92 69 214 217 0.000115 0
320 303 336 392 0.000115 0
1263 67 1279 223 0.000115 0
1183 480 1216 506 0.000115 0
1079 319 1122 361 0.000114 0
620 369 643 427 0.000114 0
263 193 361 391 0.000114 0
161 64 279 217 0.000114 0
663 313 679 351 0.000114 0
880 391 889 422 0.000114 0
342 64 500 102 0.000114 0
1111 501 1120 521 0.000113 0
848 278 864 339 0.000113 0
784 184 798 216 0.000113 0
444 156 490 297 0.000113 0
157 210 167 232 0.000113 0
881 341 1009 467 0.000113 0
611 423 640 439 0.000113 0
926 372 946 401 0.000113 0
1185 591 1192 601 0.000113 0
800 403 825 431 0.000112 0
1087 406 1098 418 0.000112 0
1023 64 1114 191 0.000112 0
328 64 658 203 0.000112 0
1145 328 1199 359 0.000112 0
1212 369 1273 430 0.000112 0
1027 347 1055 379 0.000111 0
318 304 336 392 0.000111 0
1208 386 1257 428 0.000111 0
663 299 681 348 0.000111 0
889 338 993 457 0.000111 0
747 455 797 482 0.000111 0
1012 424 1040 465 0.000111 0
66 65 197 204 0.000110 0
628 366 658 397 0.000110 0
1026 356 1060 392 0.000110 0
1167 455 1210 477 0.000110 0
1141 375 1153 401 0.000110 0
11 64 126 194 0.000110 0
1101 232 1120 253 0.000110 0
740 407 862 474 0.000110 0
262 210 291 295 0.000110 0
765 261 820 345 0.000110 0
905 335 959 383 0.000110 0
759 272 842 347 0.000109 0
889 334 1026 429 0.000109 0
1135 408 1151 424 0.000109 0
31 65 129 208 0.000109 0
255 391 288 406 0.000109 0
1133 486 1152 506 0.000109 0
318 64 367 128 0.000109 0
1066 64 1106 128 0.000108 0
1135 395 1179 424 0.000108 0
1089 398 1099 410 0.000108 0
1025 353 1059 390 0.000108 0
173 392 210 454 0.000108 0
1167 456 1187 477 0.000108 0
1014 381 1041 421 0.000108 0
320 64 371 103 0.000108 0
600 619 674 703 0.000107 0
1092 386 1108 409 0.000107 0
282 245 297 295 0.000107 0
734 422 777 454 0.000107 0
987 440 1023 469 0.000107 0
546 64 621 209 0.000107 0
255 64 370 180 0.000107 0
1023 422 1038 441 0.000106 0
333 203 354 256 0.000106 0
0 64 234 227 0.000106 0
1062 411 1073 431 0.000106 0
911 337 989 389 0.000106 0
887 561 897 587 0.000106 0
623 405 640 424 0.000106 0
108 248 123 297 0.000105 0
814 406 829 424 0.000105 0
815 375 833 425 0.000105 0
1233 231 1279 371 0.000105 0
945 310 964 343 0.000105 0
542 64 597 189 0.000105 0
717 327 738 362 0.000105 0
1177 329 1191 340 0.000105 0
1087 409 1097 427 0.000105 0
1089 311 1117 336 0.000105 0
825 273 865 343 0.000105 0
1133 345 1146 359 0.000105 0
280 213 297 294 0.000104 0
319 64 369 117 0.000104 0
873 413 907 462 0.000104 0
1149 343 1196 394 0.000104 0
255 68 349 224 0.000104 0
661 458 676 487 0.000104 0
1043 389 1060 411 0.000104 0
1212 422 1245 438 0.000104 0
1071 455 1097 481 0.000103 0
952 379 1059 470 0.000103 0
539 425 587 437 0.000103 0
1207 507 1216 517 0.000103 0
948 360 1095 470 0.000103 0
485 182 570 256 0.000102 0
935 371 964 425 0.000102 0
372 89 498 210 0.000102 0
1069 403 1123 457 0.000102 0
1039 401 1072 459 0.000101 0
104 243 131 296 0.000101 0
1094 498 1106 510 0.000101 0
0 502 94 599 0.000101 0
1188 409 1205 424 0.000101 0
1222 401 1257 427 0.000101 0
1026 337 1070 382 0.000101 0
823 266 835 312 0.000100 0
589 395 609 427 0.000100 0
1263 67 1279 169 0.000100 0
720 324 745 346 0.000100 0
847 423 866 444 0.000100 0
977 218 1026 264 0.751289 1
977 221 1027 264 0.699870 1
773 223 828 280 0.676654 1
977 220 1024 264 0.375021 1
775 228 826 281 0.332092 1
977 222 1026 264 0.239844 1
774 228 819 281 0.224079 1
774 230 821 280 0.217164 1
773 224 819 281 0.186087 1
775 234 827 281 0.150140 1
773 224 804 280 0.098351 1
773 228 802 280 0.072934 1
774 232 801 280 0.064237 1
773 231 801 280 0.063527 1
774 238 828 281 0.053920 1
774 234 813 280 0.053829 1
773 236 800 280 0.041031 1
772 221 824 280 0.036496 1
779 241 828 281 0.035627 1
775 237 800 280 0.031803 1
773 223 804 279 0.025202 1
782 240 828 280 0.016958 1
781 242 820 281 0.013225 1
777 240 819 281 0.013139 1
800 241 827 281 0.012115 1
991 219 1016 255 0.009794 1
773 225 802 279 0.009594 1
808 242 828 281 0.009553 1
773 243 799 280 0.009012 1
925 204 946 253 0.008080 1
1012 218 1026 251 0.007776 1
968 236 986 260 0.007638 1
968 231 993 262 0.007472 1
782 219 823 270 0.007133 1
973 236 991 262 0.007076 1
809 240 827 277 0.007030 1
1004 221 1026 260 0.006693 1
808 240 830 281 0.005881 1
923 271 960 298 0.005701 1
978 221 1005 261 0.005499 1
1009 221 1024 251 0.005312 1
925 271 961 301 0.004832 1
990 221 1024 258 0.004790 1
923 271 961 303 0.004732 1
776 222 818 274 0.004106 1
926 232 944 253 0.004106 1
930 240 945 253 0.004057 1
968 236 982 256 0.003788 1
977 221 1016 263 0.003735 1
809 240 830 279 0.003623 1
862 244 920 289 0.003213 1
810 241 832 281 0.003191 1
970 221 995 260 0.003024 1
861 228 921 291 0.002974 1
925 271 961 300 0.002633 1
973 236 993 262 0.002581 1
924 271 961 297 0.002542 1
949 272 961 302 0.002487 1
989 222 1027 263 0.002475 1
864 259 917 289 0.002440 1
774 221 807 275 0.002391 1
950 272 960 294 0.002283 1
950 272 960 293 0.002137 1
968 237 987 262 0.002084 1
1180 162 1205 218 0.002067 1
864 248 892 284 0.001987 1
922 271 961 296 0.001881 1
862 261 918 295 0.001816 1
924 272 962 304 0.001778 1
864 249 895 286 0.001776 1
968 222 986 258 0.001665 1
860 205 922 286 0.001623 1
865 263 894 286 0.001584 1
864 263 894 285 0.001572 1
922 202 960 255 0.001532 1
946 272 961 304 0.001451 1
917 207 942 250 0.001450 1
863 262 913 291 0.001262 1
865 246 891 282 0.001224 1
1014 208 1025 243 0.001219 1
865 245 890 281 0.001185 1
784 241 830 292 0.001120 1
863 235 920 292 0.001056 1
861 213 912 281 0.001038 1
857 229 889 283 0.001024 1
927 242 960 255 0.001018 1
1017 224 1035 259 0.000949 1
892 263 925 295 0.000945 1
973 219 986 243 0.000919 1
898 207 988 256 0.000839 1
713 184 876 281 0.000834 1
787 209 810 247 0.000814 1
910 265 962 301 0.000800 1
1010 230 1034 260 0.000775 1
885 253 924 294 0.000771 1
924 273 963 309 0.000748 1
773 223 829 282 0.000736 1
786 218 808 260 0.000721 1
861 262 904 297 0.000717 1
771 221 831 343 0.000714 1
771 221 898 282 0.000703 1
892 263 925 296 0.000702 1
904 266 927 296 0.000691 1
861 261 894 284 0.000658 1
947 239 986 261 0.000650 1
911 269 927 296 0.000650 1
998 227 1027 263 0.000647 1
972 212 1083 257 0.000626 1
23 235 74 257 0.000622 1
806 241 832 292 0.000619 1
809 236 858 282 0.000613 1
783 220 800 236 0.000612 1
19 231 75 256 0.000609 1
893 264 911 287 0.000587 1
916 212 946 254 0.000583 1
892 264 914 293 0.000582 1
861 213 891 280 0.000582 1
911 239 982 299 0.000571 1
17 231 75 256 0.000561 1
947 210 986 261 0.000529 1
820 263 833 281 0.000513 1
1005 240 1033 263 0.000503 1
914 204 973 254 0.000501 1
911 210 1014 260 0.000497 1
862 250 924 294 0.000490 1
28 235 73 256 0.000488 1
811 238 857 283 0.000483 1
912 271 947 303 0.000477 1
918 271 946 295 0.000455 1
905 245 947 296 0.000447 1
910 269 927 296 0.000437 1
895 233 947 297 0.000432 1
923 272 945 295 0.000432 1
860 249 968 301 0.000424 1
774 234 814 290 0.000407 1
768 234 797 279 0.000406 1
890 262 911 288 0.000406 1
666 204 835 282 0.000405 1
863 249 928 295 0.000399 1
778 222 803 264 0.000399 1
877 205 1033 288 0.000394 1
903 269 964 308 0.000391 1
695 217 728 237 0.000385 1
863 231 932 295 0.000378 1
856 223 874 279 0.000367 1
776 223 794 236 0.000361 1
775 225 793 238 0.000360 1
867 196 971 259 0.000351 1
769 222 829 284 0.000339 1
969 214 987 257 0.000335 1
904 251 1043 305 0.000328 1
31 231 88 256 0.000326 1
910 203 932 247 0.000315 1
910 239 954 296 0.000298 1
517 231 539 248 0.000293 1
793 258 809 286 0.000284 1
1170 162 1207 219 0.000283 1
869 236 924 295 0.000282 1
773 234 807 295 0.000273 1
899 204 936 249 0.000271 1
945 208 976 257 0.000269 1
930 206 972 255 0.000267 1
856 234 925 293 0.000266 1
861 195 996 299 0.000265 1
813 238 858 282 0.000261 1
858 261 922 306 0.000260 1
777 216 885 279 0.000249 1
900 257 1044 307 0.000247 1
768 246 796 279 0.000239 1
1044 279 1059 295 0.000238 1
850 261 901 300 0.000225 1
899 261 925 296 0.000221 1
975 216 1070 262 0.000211 1
947 272 967 303 0.000211 1
911 271 927 296 0.000210 1
863 200 1011 299 0.000208 1
679 210 697 234 0.000206 1
605 203 906 308 0.000206 1
923 274 946 312 0.000201 1
880 214 956 298 0.000201 1
901 235 947 276 0.000193 1
941 205 968 255 0.000193 1
937 271 972 305 0.000192 1
924 278 981 312 0.000191 1
867 233 917 274 0.000191 1
19 223 93 255 0.000189 1
769 220 925 322 0.000185 1
916 237 946 265 0.000177 1
19 224 75 255 0.000169 1
813 234 867 283 0.000167 1
877 201 1026 300 0.000167 1
766 252 786 280 0.000162 1
952 241 986 261 0.000156 1
748 221 835 342 0.000153 1
864 187 976 285 0.000149 1
714 218 832 286 0.000148 1
906 241 989 280 0.000147 1
895 268 913 311 0.000144 1
769 222 849 349 0.000140 1
916 243 980 295 0.000140 1
817 259 855 282 0.000139 1
860 262 916 301 0.000135 1
935 216 1044 305 0.000129 1
878 212 961 281 0.000129 1
944 215 1076 311 0.000128 1
938 211 1073 298 0.000121 1
894 265 922 306 0.000117 1
792 217 922 290 0.000108 1
847 258 987 315 0.000108 1
927 283 945 312 0.000108 1
623 157 949 280 0.000106 1
205 241 243 264 0.000101 1
305 185 323 198 0.041112 2
305 186 322 198 0.039831 2
1104 487 1113 495 0.036605 2
1118 487 1136 497 0.030059 2
305 186 322 198 0.025378 2
1119 488 1137 498 0.024418 2
691 204 728 236 0.022446 2
691 205 728 236 0.021530 2
832 481 840 486 0.019514 2
1104 488 1120 497 0.017990 2
877 198 955 245 0.014442 2
532 203 548 218 0.012357 2
875 198 952 243 0.011110 2
530 195 553 218 0.010466 2
691 200 729 235 0.009958 2
691 199 730 236 0.009731 2
484 199 516 217 0.009362 2
877 198 941 243 0.009296 2
631 374 658 397 0.009028 2
631 375 657 396 0.008989 2
481 181 518 217 0.007975 2
529 201 548 218 0.007755 2
878 199 952 246 0.007628 2
848 469 866 478 0.007618 2
692 201 729 235 0.007499 2
631 376 658 397 0.007319 2
631 374 659 397 0.007166 2
877 198 924 233 0.007033 2
533 201 553 218 0.006977 2
848 468 866 478 0.006915 2
873 198 952 234 0.006828 2
691 205 730 236 0.006653 2
319 212 331 231 0.006613 2
534 202 549 218 0.006263 2
319 204 331 231 0.005839 2
484 203 515 217 0.005719 2
293 178 311 198 0.005678 2
1055 488 1066 497 0.005633 2
630 373 658 397 0.005614 2
631 373 659 397 0.005570 2
481 193 517 217 0.005378 2
822 328 848 343 0.005339 2
492 199 506 212 0.005102 2
1038 322 1087 344 0.004976 2
691 196 732 233 0.004912 2
494 199 515 213 0.004762 2
631 378 657 397 0.004552 2
879 199 907 240 0.004504 2
879 199 909 241 0.004496 2
691 198 730 232 0.004191 2
531 195 553 218 0.004142 2
633 374 653 396 0.004089 2
878 199 907 242 0.003733 2
1058 487 1073 497 0.003724 2
1120 64 1152 77 0.003616 2
877 198 915 231 0.003459 2
695 197 730 234 0.003421 2
824 328 848 343 0.003352 2
518 192 554 217 0.003312 2
1065 210 1130 246 0.003294 2
703 210 728 235 0.003265 2
1063 209 1129 247 0.003215 2
318 202 335 231 0.003030 2
716 199 735 216 0.003029 2
495 239 532 252 0.002916 2
294 177 306 197 0.002841 2
531 198 555 218 0.002800 2
884 199 906 241 0.002645 2
1039 323 1086 345 0.002604 2
456 205 465 216 0.002597 2
876 200 908 244 0.002460 2
1270 253 1279 270 0.002457 2
1104 487 1114 495 0.002432 2
832 471 841 483 0.002380 2
876 197 956 232 0.002266 2
306 184 335 199 0.002167 2
1263 366 1279 375 0.002145 2
357 217 368 231 0.002131 2
592 423 609 434 0.002119 2
1120 64 1152 78 0.002010 2
480 174 517 217 0.001997 2
591 424 609 433 0.001985 2
847 462 865 478 0.001946 2
293 175 317 198 0.001937 2
851 437 877 454 0.001897 2
632 377 658 398 0.001887 2
670 451 687 465 0.001827 2
903 198 952 246 0.001788 2
552 176 580 203 0.001710 2
881 199 908 243 0.001679 2
878 200 906 241 0.001667 2
496 238 530 252 0.001653 2
849 437 878 455 0.001631 2
847 438 871 453 0.001613 2
106 398 178 424 0.001601 2
1258 254 1279 270 0.001589 2
617 175 633 201 0.001559 2
356 216 368 230 0.001514 2
890 199 913 243 0.001508 2
1122 64 1151 77 0.001507 2
1117 487 1136 498 0.001500 2
925 455 936 463 0.001489 2
610 173 633 201 0.001449 2
1264 254 1279 270 0.001444 2
274 184 294 193 0.001427 2
524 185 553 215 0.001425 2
479 178 523 217 0.001424 2
852 462 873 478 0.001390 2
647 456 656 462 0.001359 2
1027 311 1087 340 0.001345 2
318 200 361 233 0.001301 2
1255 485 1265 498 0.001281 2
1105 490 1122 504 0.001276 2
1039 325 1088 345 0.001269 2
109 398 180 425 0.001249 2
877 199 906 237 0.001245 2
655 439 703 464 0.001245 2
1119 64 1151 77 0.001240 2
1113 220 1134 240 0.001202 2
1039 322 1056 335 0.001178 2
449 403 507 447 0.001176 2
865 454 928 484 0.001171 2
1263 348 1279 367 0.001170 2
861 454 913 479 0.001162 2
1115 488 1137 505 0.001152 2
1014 197 1032 220 0.001143 2
1264 366 1279 375 0.001092 2
861 455 915 483 0.001069 2
633 375 661 396 0.001066 2
1035 323 1088 344 0.001064 2
1110 488 1138 506 0.001052 2
1247 423 1279 457 0.001046 2
1039 322 1056 337 0.001042 2
630 373 659 396 0.001042 2
273 182 312 198 0.001021 2
853 431 877 450 0.000976 2
1112 220 1134 245 0.000964 2
656 450 688 464 0.000951 2
847 439 869 454 0.000950 2
1069 206 1135 245 0.000945 2
904 199 939 247 0.000941 2
863 459 875 477 0.000933 2
1103 230 1119 247 0.000931 2
1121 64 1152 78 0.000925 2
562 201 577 215 0.000925 2
587 190 648 216 0.000912 2
1263 350 1279 371 0.000909 2
1016 202 1031 225 0.000891 2
273 183 315 199 0.000888 2
1264 349 1279 367 0.000884 2
627 189 643 201 0.000877 2
858 446 913 481 0.000868 2
448 401 506 443 0.000856 2
1012 200 1024 221 0.000848 2
1260 201 1279 238 0.000840 2
496 434 528 448 0.000837 2
916 198 954 228 0.000827 2
929 199 954 209 0.000822 2
1264 351 1279 369 0.000820 2
1262 198 1279 236 0.000813 2
325 199 388 234 0.000811 2
111 399 171 426 0.000809 2
654 439 704 464 0.000801 2
496 237 543 252 0.000789 2
589 190 644 215 0.000782 2
1119 499 1129 509 0.000776 2
294 176 308 198 0.000772 2
101 398 186 424 0.000769 2
496 239 532 253 0.000765 2
630 376 654 396 0.000763 2
899 202 982 254 0.000761 2
746 200 769 217 0.000758 2
810 159 857 179 0.000746 2
496 433 528 448 0.000737 2
895 198 954 235 0.000737 2
457 428 481 441 0.000728 2
456 414 500 442 0.000727 2
874 201 908 244 0.000727 2
1257 254 1279 271 0.000723 2
1167 274 1203 283 0.000716 2
461 426 483 441 0.000712 2
111 410 144 426 0.000711 2
319 201 355 235 0.000706 2
863 456 881 478 0.000705 2
1248 345 1260 355 0.000701 2
353 215 370 231 0.000697 2
459 420 497 445 0.000697 2
333 202 383 231 0.000694 2
904 455 912 462 0.000681 2
1014 204 1052 233 0.000671 2
895 477 915 487 0.000671 2
1039 322 1070 345 0.000670 2
1262 168 1279 180 0.000666 2
495 432 527 448 0.000665 2
111 411 141 426 0.000665 2
527 429 589 439 0.000665 2
497 237 540 252 0.000665 2
111 412 137 425 0.000664 2
495 431 527 447 0.000658 2
1185 500 1201 512 0.000648 2
451 413 498 442 0.000646 2
507 437 527 448 0.000631 2
607 449 624 468 0.000627 2
533 201 553 221 0.000624 2
1113 216 1134 234 0.000624 2
456 202 466 216 0.000622 2
496 431 528 447 0.000607 2
326 199 389 234 0.000604 2
111 400 143 426 0.000597 2
1141 326 1170 344 0.000588 2
175 401 192 418 0.000585 2
1183 503 1200 512 0.000579 2
1210 502 1226 512 0.000578 2
878 470 900 487 0.000578 2
910 447 927 457 0.000578 2
448 397 507 444 0.000569 2
1098 208 1137 236 0.000567 2
1245 423 1279 471 0.000566 2
1016 338 1024 344 0.000564 2
274 185 282 194 0.000563 2
296 200 332 232 0.000562 2
860 433 899 479 0.000558 2
1103 488 1121 504 0.000558 2
1060 190 1132 247 0.000556 2
892 474 913 486 0.000555 2
1162 501 1177 510 0.000554 2
1262 509 1279 517 0.000550 2
1200 472 1215 483 0.000548 2
157 415 168 423 0.000542 2
645 439 704 464 0.000541 2
1104 184 1121 202 0.000538 2
895 456 905 463 0.000538 2
110 397 182 424 0.000522 2
497 239 532 253 0.000514 2
350 199 388 229 0.000513 2
126 411 144 425 0.000512 2
353 199 387 231 0.000510 2
684 451 703 470 0.000510 2
492 425 592 455 0.000509 2
110 400 177 424 0.000509 2
494 430 529 446 0.000509 2
833 470 848 478 0.000507 2
699 184 729 206 0.000503 2
1093 491 1105 504 0.000501 2
594 450 608 465 0.000496 2
1073 194 1094 210 0.000493 2
318 199 380 234 0.000489 2
1247 198 1270 234 0.000485 2
1103 393 1125 408 0.000484 2
1092 488 1109 504 0.000483 2
1107 471 1123 478 0.000483 2
1183 496 1201 506 0.000483 2
656 451 673 464 0.000480 2
495 239 533 253 0.000480 2
287 448 321 469 0.000479 2
691 194 725 234 0.000477 2
447 201 463 215 0.000473 2
1144 503 1164 510 0.000468 2
877 200 990 252 0.000467 2
750 200 769 224 0.000464 2
634 373 662 397 0.000463 2
1102 392 1126 408 0.000462 2
494 427 590 439 0.000452 2
505 239 529 251 0.000451 2
1069 195 1087 212 0.000449 2
590 449 609 466 0.000443 2
0 248 324 400 0.000441 2
974 207 986 224 0.000438 2
663 447 700 465 0.000436 2
847 436 874 478 0.000436 2
323 187 340 199 0.000436 2
449 415 492 442 0.000435 2
599 319 608 329 0.000434 2
109 397 189 422 0.000428 2
319 199 387 236 0.000426 2
686 453 704 470 0.000425 2
671 451 705 487 0.000421 2
501 423 587 439 0.000416 2
448 399 491 445 0.000414 2
497 233 545 253 0.000413 2
1122 326 1163 343 0.000405 2
1263 168 1279 180 0.000402 2
150 401 176 423 0.000400 2
1039 322 1056 345 0.000399 2
961 205 987 231 0.000399 2
349 199 387 228 0.000397 2
1070 201 1097 235 0.000396 2
109 396 183 422 0.000392 2
1200 476 1214 486 0.000392 2
592 448 608 459 0.000391 2
866 175 940 202 0.000389 2
1208 304 1217 311 0.000389 2
1201 432 1251 456 0.000389 2
1161 496 1180 506 0.000385 2
870 177 940 200 0.000383 2
1195 422 1252 456 0.000383 2
1094 207 1139 236 0.000383 2
591 449 607 457 0.000382 2
498 424 590 439 0.000381 2
305 186 333 232 0.000378 2
495 423 584 442 0.000378 2
1119 64 1149 77 0.000376 2
111 401 139 425 0.000376 2
456 415 524 438 0.000373 2
883 454 929 487 0.000371 2
492 427 592 455 0.000371 2
495 423 584 439 0.000371 2
865 184 907 239 0.000366 2
595 374 704 464 0.000365 2
501 237 545 253 0.000364 2
629 367 659 397 0.000358 2
190 392 224 415 0.000350 2
463 424 496 450 0.000349 2
103 248 150 264 0.000343 2
634 456 656 467 0.000343 2
848 449 867 478 0.000343 2
1199 473 1216 487 0.000342 2
447 201 465 218 0.000342 2
516 428 587 439 0.000341 2
398 198 412 205 0.000338 2
315 196 336 231 0.000337 2
869 176 938 193 0.000337 2
462 423 496 447 0.000336 2
991 457 1008 472 0.000335 2
296 200 334 277 0.000334 2
1119 325 1171 344 0.000334 2
748 200 769 233 0.000333 2
832 458 842 477 0.000331 2
1037 325 1088 344 0.000328 2
1205 252 1280 292 0.000328 2
111 396 178 425 0.000322 2
460 413 531 440 0.000320 2
1263 462 1279 481 0.000314 2
298 187 330 234 0.000311 2
508 428 590 439 0.000310 2
607 450 624 470 0.000309 2
706 301 768 337 0.000308 2
1023 306 1087 338 0.000303 2
863 173 995 250 0.000301 2
1202 435 1251 456 0.000301 2
287 448 325 469 0.000300 2
1176 223 1279 293 0.000300 2
837 494 848 510 0.000300 2
785 195 864 261 0.000298 2
190 393 224 416 0.000298 2
882 443 896 456 0.000298 2
459 423 502 446 0.000298 2
1263 364 1279 391 0.000296 2
1021 440 1040 460 0.000295 2
1255 464 1279 500 0.000294 2
993 189 1058 240 0.000292 2
847 425 879 454 0.000291 2
512 424 590 439 0.000291 2
0 401 16 422 0.000290 2
104 245 154 264 0.000290 2
0 396 18 422 0.000288 2
596 462 608 470 0.000288 2
1082 181 1125 211 0.000287 2
157 405 176 424 0.000286 2
943 207 984 254 0.000285 2
717 189 729 215 0.000285 2
688 457 704 471 0.000284 2
449 423 482 443 0.000283 2
1263 168 1279 204 0.000277 2
495 407 507 423 0.000275 2
326 198 388 226 0.000275 2
494 423 589 450 0.000273 2
1258 335 1279 369 0.000269 2
640 688 681 703 0.000269 2
919 202 977 253 0.000268 2
191 391 224 413 0.000268 2
604 447 645 470 0.000267 2
1211 496 1233 511 0.000266 2
641 423 703 447 0.000265 2
869 177 953 222 0.000264 2
20 393 292 475 0.000264 2
720 199 772 234 0.000263 2
655 427 699 442 0.000262 2
460 424 496 447 0.000262 2
0 395 16 418 0.000259 2
1248 345 1261 358 0.000259 2
1262 168 1279 208 0.000259 2
630 383 695 428 0.000258 2
359 408 368 415 0.000256 2
821 467 832 478 0.000256 2
948 205 986 239 0.000256 2
297 199 333 233 0.000256 2
697 183 736 223 0.000255 2
913 180 947 202 0.000255 2
1247 422 1279 453 0.000252 2
75 392 291 475 0.000251 2
174 399 193 418 0.000251 2
589 422 634 469 0.000250 2
624 375 638 387 0.000249 2
623 405 676 424 0.000249 2
1029 203 1108 241 0.000246 2
149 413 169 424 0.000246 2
448 397 492 444 0.000246 2
680 200 807 236 0.000243 2
1168 275 1215 285 0.000242 2
448 413 484 443 0.000240 2
0 393 17 420 0.000239 2
103 245 156 264 0.000237 2
1206 438 1250 456 0.000237 2
682 439 722 471 0.000234 2
114 395 193 421 0.000234 2
359 207 378 232 0.000232 2
1067 190 1132 246 0.000230 2
176 402 193 419 0.000227 2
269 448 322 469 0.000225 2
1149 470 1165 479 0.000225 2
447 423 471 445 0.000225 2
103 250 136 264 0.000223 2
154 398 189 424 0.000223 2
1198 254 1279 291 0.000223 2
593 372 704 463 0.000222 2
908 440 933 456 0.000221 2
654 426 700 447 0.000221 2
287 448 321 470 0.000221 2
631 189 654 206 0.000221 2
1102 471 1125 482 0.000219 2
705 302 768 340 0.000219 2
1264 344 1279 366 0.000219 2
797 179 855 241 0.000217 2
1209 167 1257 236 0.000217 2
894 439 931 463 0.000216 2
866 212 885 242 0.000216 2
142 395 196 420 0.000216 2
303 178 325 198 0.000216 2
495 408 508 424 0.000215 2
273 184 297 200 0.000212 2
588 423 611 450 0.000211 2
1117 487 1146 499 0.000211 2
1264 366 1279 390 0.000211 2
1269 435 1279 454 0.000211 2
1263 167 1279 242 0.000210 2
1039 461 1065 472 0.000210 2
1018 187 1092 238 0.000209 2
97 393 290 476 0.000209 2
501 427 592 456 0.000208 2
1072 326 1088 340 0.000205 2
464 392 480 400 0.000200 2
479 172 518 217 0.000200 2
1117 471 1128 478 0.000200 2
0 243 49 282 0.000199 2
607 459 641 471 0.000198 2
634 392 691 440 0.000198 2
103 249 143 264 0.000197 2
484 412 532 440 0.000196 2
0 402 17 423 0.000196 2
1027 308 1088 339 0.000195 2
1033 324 1089 354 0.000193 2
944 327 974 343 0.000193 2
943 327 977 344 0.000192 2
1092 440 1121 464 0.000191 2
629 361 659 398 0.000189 2
0 394 33 423 0.000188 2
463 426 499 450 0.000187 2
557 180 584 216 0.000185 2
1255 358 1279 426 0.000185 2
910 179 938 200 0.000185 2
1186 419 1253 455 0.000184 2
1167 274 1205 285 0.000183 2
1225 162 1279 181 0.000182 2
802 452 833 474 0.000180 2
495 408 515 425 0.000179 2
1263 465 1279 496 0.000179 2
686 444 703 466 0.000178 2
1086 488 1103 504 0.000177 2
996 457 1033 472 0.000177 2
288 176 312 198 0.000176 2
1035 311 1131 345 0.000175 2
0 255 49 287 0.000175 2
1269 424 1279 445 0.000172 2
639 405 671 424 0.000172 2
1024 308 1088 337 0.000171 2
1013 440 1025 452 0.000171 2
0 391 33 422 0.000171 2
520 425 587 439 0.000169 2
1202 251 1280 295 0.000166 2
333 206 354 237 0.000166 2
1257 251 1279 288 0.000165 2
508 404 590 437 0.000165 2
898 455 977 485 0.000164 2
1039 462 1056 472 0.000158 2
0 405 16 423 0.000157 2
1247 422 1279 454 0.000157 2
812 455 833 476 0.000156 2
503 312 529 336 0.000155 2
346 416 385 471 0.000154 2
248 412 264 423 0.000153 2
328 207 372 272 0.000151 2
896 439 933 457 0.000150 2
792 437 860 476 0.000150 2
628 407 669 425 0.000149 2
1022 319 1058 344 0.000147 2
492 419 574 441 0.000147 2
449 389 523 444 0.000147 2
967 200 998 226 0.000146 2
280 447 324 469 0.000146 2
961 199 990 220 0.000146 2
1116 208 1136 227 0.000146 2
1195 253 1280 291 0.000145 2
1264 436 1279 459 0.000145 2
680 209 693 231 0.000145 2
639 389 690 422 0.000143 2
0 255 16 283 0.000142 2
923 456 975 466 0.000142 2
1017 335 1032 344 0.000141 2
0 249 16 286 0.000141 2
942 339 996 395 0.000140 2
504 326 514 336 0.000140 2
1199 438 1251 457 0.000139 2
494 408 517 427 0.000139 2
631 374 694 410 0.000138 2
943 327 974 343 0.000138 2
1202 298 1231 313 0.000137 2
111 396 142 425 0.000136 2
492 420 592 460 0.000136 2
816 455 832 471 0.000136 2
384 442 400 471 0.000135 2
1248 344 1268 363 0.000135 2
1200 423 1251 456 0.000135 2
893 176 942 195 0.000134 2
1 257 49 297 0.000134 2
575 450 592 465 0.000133 2
590 416 628 438 0.000133 2
605 321 662 370 0.000132 2
782 421 867 473 0.000131 2
1119 375 1135 385 0.000131 2
410 401 425 409 0.000131 2
0 232 270 307 0.000130 2
1022 319 1055 334 0.000130 2
623 375 655 394 0.000129 2
604 448 651 470 0.000127 2
832 459 848 477 0.000127 2
503 311 529 336 0.000126 2
383 452 402 471 0.000126 2
455 429 482 446 0.000126 2
640 676 682 703 0.000125 2
1202 438 1254 461 0.000124 2
607 456 653 474 0.000124 2
447 421 469 444 0.000123 2
509 655 520 663 0.000123 2
43 434 98 469 0.000123 2
455 407 519 442 0.000123 2
503 313 513 330 0.000122 2
1192 369 1266 426 0.000121 2
229 447 312 472 0.000120 2
111 409 144 446 0.000119 2
1233 344 1252 354 0.000119 2
490 392 593 439 0.000119 2
370 453 401 472 0.000118 2
157 401 194 424 0.000118 2
479 179 506 215 0.000118 2
510 428 591 456 0.000118 2
509 403 589 436 0.000117 2
943 338 998 379 0.000117 2
606 335 660 384 0.000117 2
153 262 224 295 0.000116 2
920 199 965 217 0.000116 2
0 398 32 423 0.000116 2
582 185 667 221 0.000116 2
1264 364 1279 427 0.000116 2
1000 335 1008 343 0.000115 2
517 393 591 439 0.000115 2
154 244 254 283 0.000115 2
490 417 592 457 0.000114 2
624 372 703 435 0.000114 2
915 180 951 203 0.000113 2
230 446 311 473 0.000112 2
711 301 769 337 0.000112 2
1192 250 1280 289 0.000112 2
502 295 531 337 0.000111 2
591 529 600 535 0.000111 2
669 384 679 393 0.000111 2
622 321 673 365 0.000110 2
448 394 495 434 0.000110 2
328 198 388 227 0.000110 2
384 450 402 471 0.000109 2
463 391 480 399 0.000109 2
608 457 663 472 0.000109 2
591 455 609 471 0.000108 2
1247 360 1274 379 0.000108 2
158 265 223 295 0.000107 2
346 405 386 461 0.000107 2
466 190 480 211 0.000106 2
622 319 665 359 0.000106 2
43 434 115 470 0.000106 2
15 514 46 528 0.000106 2
624 305 682 359 0.000106 2
650 420 703 458 0.000106 2
242 409 264 423 0.000105 2
641 386 692 410 0.000105 2
624 318 677 360 0.000105 2
639 423 653 437 0.000103 2
1224 161 1275 182 0.000102 2
167 279 218 295 0.000100 2
365 202 385 232 0.000100 2
707 212 728 235 0.001244 3
480 171 585 216 0.010779 5
480 172 517 216 0.007498 5
479 174 520 217 0.004568 5
479 173 518 217 0.003436 5
479 169 580 214 0.003365 5
1196 166 1279 252 0.001602 5
1190 165 1279 239 0.001275 5
478 168 582 216 0.001219 5
830 135 939 167 0.001197 5
831 135 939 165 0.001003 5
825 135 939 221 0.000550 5
826 135 940 171 0.000479 5
446 146 527 172 0.000409 5
479 172 524 216 0.000351 5
480 174 502 209 0.000296 5
1222 162 1277 223 0.000260 5
453 153 524 171 0.000259 5
1223 163 1279 217 0.000238 5
455 146 526 171 0.000176 5
446 157 520 216 0.000164 5
445 156 527 196 0.000159 5
1219 174 1279 231 0.000157 5
1262 168 1279 218 0.000118 5
640 125 1082 389 0.000114 5
675 250 1278 504 0.078392 6
717 251 1279 504 0.065854 6
694 258 1278 505 0.042063 6
712 244 1277 499 0.030418 6
679 241 1278 492 0.026821 6
665 245 1279 485 0.016959 6
720 239 1277 490 0.014278 6
734 434 1278 492 0.013011 6
731 323 1277 504 0.012352 6
649 255 1268 485 0.009534 6
735 427 1277 499 0.009380 6
681 244 1278 474 0.009371 6
729 438 1271 486 0.007703 6
736 412 1276 504 0.007039 6
733 439 1126 483 0.006931 6
732 439 1238 484 0.006774 6
708 330 1277 506 0.006357 6
641 263 1164 478 0.005804 6
716 166 1278 441 0.005580 6
735 435 941 480 0.005471 6
641 262 1221 477 0.005461 6
731 348 1278 493 0.005368 6
643 263 1140 478 0.005230 6
666 208 1279 404 0.005108 6
734 439 1080 483 0.004452 6
480 166 582 213 0.004320 6
642 264 1208 408 0.004222 6
739 437 957 481 0.004099 6
479 167 581 212 0.003695 6
735 438 936 479 0.003238 6
651 259 1261 412 0.003237 6
738 331 1278 505 0.003173 6
725 149 1276 426 0.002895 6
641 266 1176 483 0.002793 6
644 275 1095 481 0.002756 6
731 433 1273 515 0.002691 6
653 203 1280 427 0.002640 6
836 452 1116 487 0.002430 6
729 405 1068 484 0.002411 6
708 410 1276 505 0.002297 6
726 386 1260 487 0.002267 6
641 262 1201 423 0.002242 6
728 402 1144 484 0.002233 6
683 148 1276 406 0.002173 6
815 262 1279 500 0.002034 6
1073 153 1279 268 0.001960 6
735 438 944 480 0.001927 6
832 264 1279 488 0.001921 6
735 438 897 478 0.001777 6
653 285 1088 482 0.001761 6
1071 158 1279 260 0.001707 6
842 441 1090 486 0.001665 6
1177 163 1279 267 0.001646 6
716 122 1274 411 0.001575 6
679 145 1278 366 0.001570 6
803 326 1278 505 0.001551 6
745 393 1276 505 0.001515 6
690 447 1273 513 0.001501 6
479 166 583 217 0.001490 6
735 422 907 481 0.001488 6
661 157 1279 360 0.001462 6
735 439 995 483 0.001397 6
692 130 952 244 0.001392 6
729 430 1275 514 0.001360 6
1068 173 1279 261 0.001328 6
740 441 984 483 0.001327 6
841 450 1077 486 0.001326 6
640 260 1216 460 0.001292 6
723 402 1079 484 0.001273 6
734 439 920 479 0.001246 6
497 162 581 207 0.001238 6
1069 162 1279 269 0.001207 6
842 452 1119 487 0.001194 6
321 450 408 472 0.001163 6
667 268 1264 488 0.001152 6
640 262 1188 475 0.001063 6
488 163 580 209 0.001027 6
797 390 1277 506 0.001024 6
735 426 902 478 0.000998 6
655 169 1254 395 0.000983 6
722 112 1268 406 0.000913 6
953 268 1279 491 0.000912 6
742 430 929 483 0.000880 6
977 270 1279 477 0.000852 6
850 429 1071 486 0.000833 6
735 426 882 474 0.000830 6
1185 164 1279 266 0.000825 6
1182 176 1279 267 0.000821 6
987 464 1280 509 0.000813 6
680 122 1259 403 0.000808 6
884 340 1279 505 0.000790 6
20 396 310 476 0.000782 6
994 396 1256 473 0.000766 6
188 444 289 470 0.000745 6
735 428 892 476 0.000740 6
320 448 396 472 0.000738 6
1063 155 1269 254 0.000723 6
789 260 1279 481 0.000720 6
813 379 1278 507 0.000703 6
780 456 1270 508 0.000661 6
319 449 385 471 0.000655 6
644 197 1210 388 0.000646 6
37 434 305 475 0.000636 6
974 459 1280 510 0.000635 6
3 395 303 475 0.000623 6
1016 273 1279 472 0.000595 6
1110 416 1278 504 0.000592 6
994 465 1271 510 0.000586 6
196 445 292 470 0.000583 6
1002 269 1279 490 0.000581 6
455 156 585 214 0.000557 6
840 453 1169 488 0.000539 6
1014 273 1279 488 0.000530 6
1005 268 1279 475 0.000517 6
28 435 323 475 0.000514 6
830 134 939 163 0.000477 6
1107 417 1278 498 0.000476 6
1001 332 1279 502 0.000467 6
1066 173 1278 276 0.000466 6
28 394 263 476 0.000465 6
666 130 1234 391 0.000464 6
816 452 1273 509 0.000463 6
203 444 291 469 0.000458 6
19 435 320 508 0.000448 6
855 275 1164 385 0.000448 6
991 403 1257 470 0.000447 6
849 450 934 484 0.000430 6
999 446 1273 510 0.000424 6
1068 417 1279 507 0.000405 6
14 436 311 475 0.000402 6
1122 417 1278 483 0.000401 6
0 65 344 408 0.000401 6
831 134 939 161 0.000400 6
997 391 1280 475 0.000390 6
1004 416 1274 507 0.000388 6
986 419 1274 503 0.000383 6
319 447 403 472 0.000370 6
640 262 1080 472 0.000370 6
640 264 1060 477 0.000364 6
239 446 324 469 0.000364 6
15 436 335 509 0.000363 6
641 263 1177 465 0.000358 6
1037 280 1256 353 0.000358 6
226 445 315 469 0.000356 6
1139 340 1277 422 0.000356 6
925 384 1278 508 0.000354 6
7 394 263 476 0.000352 6
1124 417 1277 481 0.000349 6
713 176 1280 468 0.000349 6
170 444 305 472 0.000346 6
692 127 934 240 0.000346 6
0 65 362 403 0.000341 6
45 396 297 476 0.000338 6
852 284 1156 394 0.000334 6
1013 461 1278 502 0.000334 6
322 447 405 472 0.000332 6
1137 337 1278 421 0.000323 6
1002 342 1269 468 0.000313 6
192 444 290 469 0.000310 6
721 432 1257 517 0.000302 6
29 433 322 476 0.000293 6
1009 434 1258 494 0.000286 6
886 291 1149 390 0.000285 6
852 434 951 485 0.000279 6
966 267 1278 470 0.000279 6
1134 296 1279 352 0.000279 6
1117 420 1278 496 0.000274 6
863 462 1270 507 0.000270 6
1012 335 1279 502 0.000268 6
830 132 939 165 0.000268 6
1005 393 1258 466 0.000265 6
1126 419 1265 461 0.000264 6
728 169 1278 399 0.000257 6
485 255 956 477 0.000257 6
716 430 1216 524 0.000257 6
640 350 1056 482 0.000257 6
0 446 335 509 0.000255 6
1020 219 1279 466 0.000252 6
1122 366 1278 462 0.000249 6
908 279 1122 379 0.000248 6
17 434 340 504 0.000246 6
660 359 1077 483 0.000246 6
852 451 937 484 0.000244 6
1017 413 1259 464 0.000243 6
234 446 325 469 0.000240 6
94 397 339 477 0.000239 6
470 252 957 473 0.000236 6
1157 341 1278 422 0.000236 6
1135 294 1279 423 0.000234 6
1013 183 1269 262 0.000232 6
286 448 376 471 0.000230 6
1139 340 1274 424 0.000229 6
1002 465 1270 510 0.000228 6
1029 467 1269 509 0.000227 6
330 377 715 467 0.000226 6
1014 266 1279 467 0.000226 6
1127 364 1276 463 0.000225 6
1127 347 1279 460 0.000225 6
1049 422 1277 510 0.000225 6
1096 420 1277 509 0.000223 6
595 415 704 467 0.000223 6
72 437 305 475 0.000223 6
1040 269 1263 352 0.000220 6
640 189 1173 398 0.000215 6
918 274 1125 342 0.000214 6
333 383 724 471 0.000213 6
713 185 1276 283 0.000212 6
1016 436 1276 510 0.000208 6
935 455 1276 511 0.000208 6
640 265 1038 421 0.000205 6
853 374 1027 488 0.000202 6
1027 276 1248 352 0.000202 6
430 242 946 472 0.000201 6
1100 161 1210 214 0.000199 6
88 396 295 476 0.000199 6
832 454 1187 489 0.000196 6
326 64 648 229 0.000194 6
895 271 1171 352 0.000193 6
1139 342 1277 427 0.000191 6
996 403 1278 508 0.000190 6
1142 320 1279 423 0.000189 6
870 315 1164 412 0.000189 6
1043 271 1271 355 0.000188 6
1078 467 1270 509 0.000184 6
13 433 303 477 0.000184 6
288 448 335 469 0.000181 6
662 64 951 251 0.000179 6
869 454 1198 488 0.000179 6
821 453 1103 491 0.000179 6
175 444 303 469 0.000174 6
449 249 943 477 0.000172 6
1138 298 1278 351 0.000172 6
1073 64 1280 278 0.000170 6
317 448 382 471 0.000169 6
845 432 1052 482 0.000167 6
1007 340 1262 464 0.000167 6
850 433 939 484 0.000164 6
675 64 965 254 0.000163 6
881 413 1005 481 0.000162 6
739 410 903 477 0.000162 6
1001 391 1246 475 0.000160 6
1023 160 1280 442 0.000160 6
288 447 378 470 0.000158 6
1032 469 1273 512 0.000157 6
592 417 703 466 0.000155 6
850 421 941 484 0.000154 6
20 393 212 473 0.000153 6
852 411 943 484 0.000153 6
914 272 1147 337 0.000151 6
648 126 1183 386 0.000148 6
900 280 1038 385 0.000148 6
1031 273 1262 350 0.000145 6
1132 286 1278 352 0.000145 6
1132 284 1279 353 0.000144 6
332 385 809 505 0.000144 6
1129 374 1275 460 0.000143 6
699 425 1161 530 0.000143 6
1040 429 1242 485 0.000139 6
1009 472 1266 512 0.000139 6
328 385 765 472 0.000138 6
374 64 640 220 0.000138 6
640 150 1159 389 0.000137 6
6 434 321 495 0.000135 6
627 260 959 476 0.000134 6
1171 422 1278 489 0.000134 6
1118 423 1278 510 0.000132 6
1049 172 1278 323 0.000130 6
1156 342 1279 454 0.000129 6
640 199 1171 390 0.000129 6
367 154 410 185 0.000129 6
1102 64 1280 278 0.000127 6
897 453 1185 489 0.000124 6
1140 366 1279 466 0.000124 6
1057 64 1278 277 0.000121 6
853 399 1035 486 0.000118 6
1020 160 1278 459 0.000118 6
1011 340 1256 405 0.000117 6
916 275 1113 340 0.000117 6
1011 339 1245 417 0.000116 6
330 64 690 234 0.000115 6
907 306 1020 391 0.000115 6
701 423 1269 584 0.000112 6
735 335 1050 388 0.000112 6
683 158 1013 262 0.000112 6
1102 469 1273 510 0.000112 6
813 182 1262 293 0.000110 6
179 443 285 468 0.000110 6
847 454 1109 491 0.000109 6
899 399 1207 497 0.000107 6
451 144 526 172 0.000107 6
1154 406 1279 484 0.000105 6
893 455 1146 496 0.000102 6
1028 390 1265 463 0.000102 6
849 176 953 243 0.446839 7
848 176 952 241 0.339252 7
861 177 953 242 0.315754 7
866 177 943 231 0.052177 7
718 152 859 239 0.045484 7
713 152 860 252 0.040585 7
714 152 859 241 0.040439 7
709 152 858 235 0.030156 7
864 177 946 230 0.029804 7
806 172 950 240 0.029067 7
698 152 871 239 0.028511 7
711 152 859 230 0.026664 7
867 177 938 231 0.022887 7
697 152 866 235 0.020803 7
716 152 859 263 0.017005 7
700 152 808 235 0.014941 7
864 177 961 245 0.014457 7
588 184 620 213 0.014156 7
718 153 808 227 0.013486 7
713 153 808 236 0.013099 7
716 153 807 234 0.012080 7
694 155 920 243 0.011097 7
707 152 807 218 0.010685 7
1068 183 1200 247 0.009501 7
866 176 942 224 0.009497 7
867 176 937 228 0.009423 7
697 147 950 243 0.007920 7
692 147 957 249 0.007486 7
510 171 581 212 0.007053 7
806 156 860 233 0.006651 7
490 170 580 213 0.006586 7
587 184 620 212 0.006290 7
587 182 653 215 0.005923 7
802 176 951 243 0.005759 7
481 170 579 213 0.005737 7
802 164 925 238 0.005593 7
691 151 808 233 0.005566 7
508 171 580 208 0.005562 7
805 156 859 221 0.005429 7
1066 181 1201 247 0.004876 7
1113 184 1205 245 0.004872 7
588 185 620 214 0.004760 7
805 136 945 239 0.004722 7
703 154 951 245 0.004630 7
849 176 935 234 0.004367 7
1111 182 1208 246 0.004344 7
862 175 989 249 0.004103 7
293 199 389 313 0.004096 7
723 154 955 249 0.004037 7
1065 198 1202 247 0.003955 7
293 199 388 295 0.003642 7
867 178 929 235 0.003557 7
694 152 807 209 0.003523 7
866 177 943 211 0.003517 7
1114 184 1216 248 0.003511 7
480 169 579 212 0.003278 7
507 169 580 210 0.003265 7
801 158 858 221 0.002951 7
691 186 730 236 0.002944 7
587 184 650 215 0.002937 7
1200 172 1279 267 0.002901 7
1109 184 1205 247 0.002823 7
1184 186 1279 268 0.002804 7
866 177 949 227 0.002694 7
707 140 873 232 0.002439 7
588 184 619 211 0.002409 7
851 176 919 238 0.002300 7
807 155 858 223 0.002229 7
589 184 625 215 0.002146 7
864 177 970 246 0.002109 7
734 439 893 476 0.002074 7
810 135 945 237 0.002047 7
704 141 957 246 0.001996 7
803 161 858 224 0.001923 7
1068 182 1232 253 0.001909 7
694 135 950 243 0.001870 7
848 177 916 240 0.001868 7
706 143 860 233 0.001841 7
848 176 950 244 0.001778 7
1197 174 1280 268 0.001722 7
848 176 924 235 0.001708 7
709 153 809 209 0.001574 7
691 178 734 235 0.001537 7
808 159 858 216 0.001504 7
692 184 731 225 0.001493 7
863 177 953 240 0.001435 7
855 176 953 244 0.001419 7
734 439 913 478 0.001406 7
1181 193 1279 268 0.001268 7
580 185 619 213 0.001176 7
295 198 387 291 0.001161 7
866 177 942 204 0.001153 7
1090 162 1211 238 0.001122 7
1111 183 1191 229 0.001102 7
810 160 856 179 0.001080 7
588 185 618 214 0.001032 7
809 159 858 187 0.001011 7
860 455 914 483 0.001002 7
704 154 971 249 0.000993 7
807 159 858 215 0.000993 7
734 421 865 473 0.000989 7
1205 176 1273 242 0.000984 7
1067 180 1221 249 0.000984 7
1183 169 1279 267 0.000972 7
864 177 987 251 0.000930 7
807 160 858 230 0.000926 7
689 164 808 236 0.000913 7
1065 187 1137 245 0.000884 7
716 152 809 204 0.000865 7
856 176 937 228 0.000842 7
714 131 939 226 0.000841 7
579 184 619 214 0.000790 7
1112 183 1191 219 0.000789 7
1182 204 1279 269 0.000782 7
832 132 956 241 0.000773 7
672 151 886 237 0.000768 7
1083 162 1207 215 0.000766 7
1211 161 1279 239 0.000739 7
1104 161 1212 219 0.000729 7
587 182 656 216 0.000727 7
1191 161 1279 238 0.000720 7
688 175 732 234 0.000706 7
588 168 635 200 0.000681 7
1182 174 1279 271 0.000676 7
1117 183 1189 222 0.000663 7
1202 164 1279 265 0.000650 7
713 152 809 205 0.000646 7
1223 180 1279 238 0.000642 7
1066 180 1275 263 0.000605 7
720 153 807 208 0.000597 7
1103 163 1212 224 0.000563 7
1218 178 1279 238 0.000544 7
799 172 857 223 0.000494 7
734 413 816 472 0.000490 7
1238 425 1279 488 0.000489 7
866 176 940 203 0.000482 7
1199 165 1277 235 0.000479 7
701 140 860 221 0.000473 7
866 176 939 205 0.000470 7
809 159 858 188 0.000465 7
586 186 657 219 0.000450 7
848 173 919 227 0.000423 7
697 184 731 203 0.000406 7
688 182 729 236 0.000398 7
537 174 638 215 0.000382 7
1106 182 1191 248 0.000380 7
1119 183 1188 219 0.000379 7
1078 187 1279 271 0.000376 7
735 413 849 472 0.000362 7
686 183 734 228 0.000350 7
807 178 857 236 0.000349 7
797 165 882 259 0.000340 7
526 175 581 218 0.000331 7
794 176 950 249 0.000282 7
1104 162 1211 216 0.000264 7
528 166 666 213 0.000264 7
724 155 804 221 0.000253 7
1103 161 1216 219 0.000252 7
1140 184 1189 217 0.000252 7
859 168 995 246 0.000250 7
907 453 940 486 0.000250 7
694 132 821 214 0.000236 7
586 186 654 219 0.000228 7
1102 164 1145 211 0.000221 7
1116 184 1166 219 0.000213 7
1221 178 1280 220 0.000210 7
672 90 914 239 0.000209 7
577 152 909 247 0.000200 7
701 139 851 215 0.000197 7
644 145 1020 285 0.000196 7
793 125 958 251 0.000191 7
1214 159 1279 255 0.000191 7
1103 164 1145 203 0.000187 7
711 164 818 240 0.000182 7
1256 175 1279 242 0.000169 7
1108 165 1187 220 0.000168 7
908 454 944 485 0.000160 7
1146 184 1186 218 0.000146 7
741 152 808 222 0.000130 7
1090 183 1147 225 0.000130 7
714 157 801 221 0.000121 7
735 152 805 204 0.000117 7
1144 183 1200 218 0.000112 7
734 152 806 197 0.000111 7
295 199 331 234 0.000108 7
1117 184 1146 218 0.000107 7
1206 424 1279 475 0.000106 7
1116 184 1162 217 0.000103 7
451 154 538 207 0.000100 7
1088 150 1102 178 0.366484 9
1089 150 1102 178 0.337011 9
1088 150 1102 179 0.283322 9
513 151 524 177 0.267082 9
513 151 524 178 0.226881 9
514 151 524 178 0.093942 9
513 150 524 177 0.061451 9
1088 149 1104 183 0.055126 9
513 152 523 185 0.041219 9
448 157 490 170 0.040085 9
449 157 489 171 0.037554 9
372 170 382 184 0.036148 9
372 167 382 185 0.035346 9
449 158 490 171 0.034607 9
1207 169 1215 187 0.033689 9
1013 135 1025 169 0.032621 9
1088 149 1103 187 0.032427 9
1013 135 1025 170 0.027246 9
1012 135 1025 170 0.026305 9
366 167 373 187 0.026252 9
1088 157 1099 185 0.024635 9
1012 135 1025 170 0.022803 9
366 167 374 187 0.021967 9
1207 167 1216 188 0.021068 9
1207 168 1215 196 0.017706 9
1215 167 1223 184 0.016862 9
313 152 342 191 0.016630 9
879 157 890 169 0.015032 9
313 151 341 187 0.013879 9
896 153 907 174 0.013201 9
559 184 567 196 0.012508 9
313 152 342 192 0.012474 9
313 150 341 189 0.012448 9
1214 167 1224 184 0.011872 9
224 183 232 198 0.011810 9
553 172 572 200 0.011615 9
553 173 571 201 0.011540 9
239 180 247 190 0.011445 9
1097 151 1111 180 0.010877 9
587 169 594 185 0.010441 9
523 183 535 196 0.010392 9
865 152 880 170 0.009875 9
1198 392 1206 416 0.009840 9
1102 160 1111 180 0.009767 9
1007 135 1025 171 0.009343 9
1195 383 1206 400 0.009235 9
449 158 469 171 0.008977 9
1007 135 1025 171 0.008667 9
372 167 381 186 0.008648 9
551 171 581 204 0.008604 9
448 157 490 181 0.008599 9
866 152 880 171 0.008467 9
1192 383 1206 410 0.008307 9
1008 135 1025 172 0.008225 9
881 156 894 169 0.008130 9
896 156 905 176 0.007894 9
1089 150 1111 180 0.007737 9
1008 135 1024 171 0.007437 9
545 168 552 180 0.007207 9
1194 383 1207 416 0.006970 9
1045 155 1056 174 0.006882 9
1156 166 1167 184 0.006814 9
257 180 262 190 0.006695 9
448 157 490 180 0.006287 9
693 182 702 198 0.006241 9
879 153 889 169 0.006149 9
552 172 576 200 0.006111 9
865 151 880 169 0.005900 9
638 160 646 181 0.005855 9
693 179 703 198 0.005824 9
111 151 128 164 0.005688 9
371 166 381 186 0.005681 9
895 152 907 176 0.005604 9
239 177 247 190 0.005569 9
517 191 527 201 0.005527 9
1045 155 1057 176 0.005471 9
1097 131 1105 151 0.005328 9
362 167 369 189 0.005045 9
587 167 593 185 0.005005 9
1081 174 1089 184 0.004887 9
864 151 879 169 0.004878 9
1190 385 1204 401 0.004736 9
638 161 650 184 0.004722 9
665 181 671 197 0.004621 9
638 160 651 185 0.004583 9
1191 384 1206 400 0.004467 9
869 166 880 177 0.004453 9
863 165 870 179 0.004397 9
463 167 472 184 0.004392 9
665 187 671 200 0.004270 9
1088 149 1114 181 0.004055 9
801 142 811 157 0.003973 9
1011 134 1025 170 0.003917 9
1230 169 1247 181 0.003902 9
545 169 553 188 0.003852 9
1155 166 1167 184 0.003618 9
313 152 342 191 0.003592 9
554 176 580 202 0.003540 9
881 156 896 176 0.003457 9
693 179 700 197 0.003433 9
693 176 703 199 0.003429 9
365 167 374 189 0.003368 9
513 145 524 176 0.003368 9
313 149 342 190 0.003261 9
880 153 895 172 0.003244 9
513 153 535 191 0.003191 9
1229 168 1247 181 0.003168 9
111 151 128 165 0.003163 9
1097 130 1104 146 0.003066 9
515 171 550 196 0.003035 9
446 157 490 181 0.002960 9
516 172 548 189 0.002954 9
896 152 909 176 0.002869 9
517 179 552 199 0.002855 9
361 167 368 189 0.002835 9
1044 152 1056 173 0.002762 9
1098 156 1113 186 0.002700 9
588 169 602 185 0.002609 9
240 164 247 178 0.002571 9
1188 381 1209 417 0.002558 9
1088 190 1095 202 0.002524 9
1187 382 1210 416 0.002507 9
876 155 895 176 0.002504 9
569 179 581 201 0.002493 9
259 143 268 160 0.002474 9
1041 154 1056 177 0.002455 9
448 154 490 170 0.002452 9
68 169 80 178 0.002402 9
313 153 341 191 0.002336 9
313 151 341 193 0.002293 9
587 163 603 185 0.002256 9
257 142 268 160 0.002223 9
257 144 267 160 0.002216 9
680 170 688 188 0.002134 9
1188 382 1216 418 0.002100 9
549 167 579 206 0.002083 9
963 358 985 392 0.002072 9
260 142 268 160 0.002050 9
1190 383 1216 417 0.002041 9
521 183 536 199 0.002034 9
1103 168 1122 203 0.001998 9
1229 168 1247 181 0.001977 9
95 152 105 175 0.001901 9
638 160 656 187 0.001883 9
224 182 232 197 0.001850 9
548 168 572 203 0.001838 9
1040 153 1057 184 0.001773 9
1191 163 1202 186 0.001769 9
895 152 909 178 0.001766 9
447 156 490 186 0.001755 9
358 170 367 190 0.001753 9
535 169 547 179 0.001724 9
1209 167 1225 197 0.001723 9
1087 147 1118 181 0.001714 9
596 138 606 152 0.001702 9
516 167 549 184 0.001690 9
1204 407 1215 416 0.001685 9
638 160 656 184 0.001682 9
1088 167 1098 194 0.001672 9
1088 153 1107 180 0.001662 9
1043 156 1056 174 0.001640 9
570 164 579 178 0.001605 9
681 178 689 196 0.001599 9
1012 133 1040 170 0.001594 9
312 165 340 195 0.001594 9
801 143 811 158 0.001594 9
513 145 525 178 0.001593 9
1078 148 1103 186 0.001589 9
522 169 574 201 0.001588 9
847 151 858 167 0.001575 9
596 133 606 152 0.001558 9
571 163 580 178 0.001546 9
1167 384 1179 410 0.001516 9
1097 132 1110 158 0.001505 9
959 360 981 396 0.001496 9
838 152 847 163 0.001472 9
1099 135 1110 171 0.001456 9
681 166 688 184 0.001447 9
449 154 491 171 0.001430 9
1090 231 1103 270 0.001416 9
119 64 159 76 0.001400 9
1214 369 1223 386 0.001381 9
522 183 540 198 0.001363 9
1188 161 1202 187 0.001340 9
562 169 581 201 0.001336 9
313 150 341 196 0.001325 9
94 166 104 176 0.001322 9
1080 156 1102 186 0.001322 9
1207 159 1220 188 0.001304 9
119 64 128 72 0.001288 9
1088 135 1106 179 0.001280 9
568 136 581 161 0.001264 9
119 64 160 77 0.001259 9
591 129 604 156 0.001211 9
970 174 976 185 0.001210 9
167 64 176 76 0.001199 9
960 372 979 392 0.001187 9
637 160 652 185 0.001185 9
554 174 579 201 0.001182 9
1010 135 1025 175 0.001170 9
800 141 814 158 0.001166 9
1177 381 1185 391 0.001159 9
1071 343 1079 360 0.001136 9
1113 163 1129 181 0.001136 9
1089 230 1103 270 0.001131 9
567 139 581 161 0.001130 9
1011 130 1040 170 0.001125 9
1088 146 1103 179 0.001119 9
665 170 671 189 0.001111 9
846 150 858 167 0.001109 9
448 158 478 177 0.001107 9
1168 389 1184 409 0.001092 9
447 157 492 192 0.001067 9
1148 165 1167 185 0.001062 9
1180 162 1206 218 0.001061 9
812 158 858 180 0.001056 9
1180 381 1193 391 0.001042 9
567 139 581 162 0.001041 9
590 127 605 154 0.001039 9
313 147 346 190 0.001035 9
690 168 699 180 0.001031 9
371 155 382 185 0.001031 9
569 161 580 178 0.001029 9
410 177 418 199 0.001021 9
1206 409 1216 423 0.001012 9
313 149 340 191 0.001011 9
1187 164 1202 186 0.001009 9
1006 134 1024 176 0.000999 9
1125 165 1146 185 0.000997 9
841 118 867 136 0.000988 9
1170 379 1207 409 0.000970 9
1126 165 1146 185 0.000968 9
566 143 581 162 0.000955 9
1073 132 1103 188 0.000954 9
863 166 870 183 0.000944 9
371 166 385 199 0.000936 9
847 118 866 136 0.000936 9
512 180 524 200 0.000930 9
456 151 553 213 0.000928 9
586 119 604 156 0.000913 9
173 64 201 90 0.000909 9
809 159 857 180 0.000898 9
1209 167 1230 187 0.000898 9
513 150 545 186 0.000897 9
1168 381 1178 392 0.000895 9
119 64 159 78 0.000888 9
172 64 201 90 0.000886 9
410 178 418 203 0.000884 9
119 64 197 84 0.000884 9
1151 343 1168 360 0.000883 9
344 182 352 199 0.000881 9
951 347 960 368 0.000877 9
432 171 446 193 0.000877 9
1167 378 1206 412 0.000858 9
589 160 603 184 0.000857 9
119 64 200 85 0.000856 9
432 170 446 195 0.000841 9
1144 376 1152 384 0.000822 9
831 140 857 165 0.000821 9
704 163 711 179 0.000811 9
951 348 960 386 0.000799 9
256 176 262 191 0.000794 9
119 64 165 78 0.000782 9
67 168 80 178 0.000780 9
1012 134 1040 169 0.000762 9
832 418 848 451 0.000758 9
814 143 823 154 0.000749 9
638 159 657 183 0.000748 9
1045 155 1057 185 0.000746 9
482 174 496 187 0.000740 9
802 146 813 159 0.000736 9
1180 382 1211 412 0.000734 9
1152 166 1167 184 0.000732 9
690 170 700 198 0.000728 9
1187 162 1215 202 0.000728 9
118 64 186 79 0.000727 9
1222 166 1231 182 0.000719 9
119 64 167 77 0.000718 9
1160 376 1167 383 0.000705 9
811 159 855 179 0.000703 9
155 64 202 90 0.000695 9
119 64 190 82 0.000692 9
1104 176 1121 202 0.000690 9
1072 154 1095 198 0.000683 9
1037 151 1057 176 0.000680 9
1018 131 1040 162 0.000679 9
691 168 702 180 0.000677 9
1106 163 1147 185 0.000675 9
1104 164 1125 181 0.000674 9
413 176 421 203 0.000673 9
840 119 865 136 0.000664 9
549 171 579 216 0.000661 9
878 136 932 178 0.000660 9
1102 163 1147 204 0.000660 9
811 159 857 180 0.000658 9
661 154 671 174 0.000655 9
830 418 845 450 0.000654 9
574 136 581 155 0.000652 9
835 155 852 175 0.000647 9
571 161 580 177 0.000646 9
1119 64 1151 78 0.000645 9
340 166 352 198 0.000642 9
111 135 128 165 0.000629 9
702 151 712 177 0.000619 9
690 174 703 199 0.000617 9
593 121 606 154 0.000615 9
1020 126 1040 164 0.000614 9
587 129 600 162 0.000611 9
1017 154 1034 169 0.000605 9
831 135 860 167 0.000603 9
352 160 363 190 0.000593 9
809 162 852 180 0.000592 9
996 129 1008 174 0.000584 9
509 187 543 211 0.000583 9
1221 402 1232 424 0.000581 9
494 157 581 212 0.000580 9
443 144 526 174 0.000577 9
698 124 704 152 0.000577 9
477 150 524 177 0.000572 9
120 64 185 80 0.000571 9
839 119 863 136 0.000564 9
586 122 599 158 0.000561 9
648 173 658 196 0.000561 9
1025 150 1040 161 0.000559 9
580 64 596 91 0.000557 9
1187 373 1220 417 0.000552 9
1189 374 1207 402 0.000552 9
312 133 382 196 0.000549 9
1103 173 1121 202 0.000548 9
696 152 707 176 0.000546 9
223 178 233 197 0.000546 9
1183 159 1203 188 0.000544 9
665 168 671 174 0.000543 9
488 150 524 188 0.000541 9
818 375 832 392 0.000536 9
975 170 988 185 0.000536 9
1104 164 1146 189 0.000526 9
348 147 375 190 0.000522 9
1121 164 1168 185 0.000521 9
817 376 832 392 0.000521 9
586 119 599 156 0.000520 9
838 119 865 136 0.000517 9
247 177 256 192 0.000516 9
46 315 57 343 0.000516 9
1150 344 1167 360 0.000516 9
1173 150 1184 163 0.000515 9
1210 157 1225 181 0.000508 9
831 135 861 167 0.000502 9
595 127 605 150 0.000498 9
580 64 596 92 0.000498 9
118 64 180 78 0.000497 9
162 64 179 80 0.000490 9
694 120 706 152 0.000488 9
432 170 446 195 0.000488 9
210 167 217 176 0.000485 9
1052 152 1065 176 0.000480 9
1042 152 1064 186 0.000478 9
95 151 105 175 0.000477 9
478 147 524 177 0.000476 9
992 141 1000 167 0.000474 9
1186 154 1214 196 0.000472 9
858 113 869 136 0.000463 9
653 159 661 175 0.000462 9
1039 167 1049 185 0.000457 9
1023 155 1039 169 0.000455 9
1072 146 1096 190 0.000454 9
586 124 600 160 0.000452 9
432 170 447 190 0.000450 9
1216 585 1223 601 0.000449 9
0 142 8 203 0.000449 9
848 136 939 172 0.000448 9
653 154 670 175 0.000446 9
165 64 184 75 0.000446 9
159 64 169 72 0.000441 9
1108 161 1133 182 0.000441 9
1184 163 1216 211 0.000440 9
559 149 567 161 0.000429 9
586 118 600 154 0.000427 9
356 149 382 188 0.000427 9
992 133 1005 175 0.000426 9
848 178 867 223 0.000424 9
160 64 202 90 0.000423 9
861 112 869 119 0.000420 9
834 427 848 451 0.000414 9
338 162 354 195 0.000414 9
549 139 580 161 0.000413 9
67 169 80 182 0.000409 9
995 132 1010 176 0.000408 9
1088 149 1117 202 0.000408 9
1073 128 1105 180 0.000407 9
1219 395 1233 424 0.000406 9
697 151 705 171 0.000405 9
1225 161 1250 181 0.000398 9
800 136 813 157 0.000393 9
1215 367 1224 386 0.000392 9
310 183 338 196 0.000387 9
814 150 828 161 0.000381 9
545 266 558 280 0.000380 9
312 104 379 198 0.000380 9
976 168 991 185 0.000377 9
828 135 928 172 0.000377 9
0 141 8 200 0.000375 9
259 166 271 179 0.000374 9
111 150 128 164 0.000374 9
531 151 544 173 0.000370 9
45 312 57 342 0.000368 9
670 315 680 345 0.000367 9
993 133 1005 173 0.000365 9
480 178 493 196 0.000362 9
1182 164 1217 217 0.000359 9
1103 157 1124 181 0.000359 9
992 132 1025 174 0.000358 9
1224 161 1258 181 0.000353 9
927 147 938 167 0.000353 9
446 155 521 171 0.000350 9
119 64 203 90 0.000347 9
993 292 1008 312 0.000346 9
95 182 103 200 0.000344 9
1098 126 1137 172 0.000343 9
245 176 257 192 0.000340 9
448 152 490 171 0.000335 9
1089 225 1104 270 0.000333 9
1076 168 1100 202 0.000332 9
1097 119 1137 171 0.000330 9
248 164 257 175 0.000329 9
312 147 384 197 0.000325 9
1075 124 1124 183 0.000322 9
585 160 605 185 0.000321 9
996 133 1008 174 0.000321 9
995 132 1010 186 0.000319 9
690 118 700 129 0.000318 9
714 133 720 152 0.000318 9
385 149 395 160 0.000315 9
478 170 497 190 0.000315 9
849 161 871 193 0.000315 9
119 64 158 79 0.000313 9
816 376 832 392 0.000313 9
846 165 871 224 0.000312 9
833 135 941 172 0.000309 9
995 133 1008 175 0.000308 9
808 154 856 180 0.000308 9
312 77 370 195 0.000306 9
535 150 544 170 0.000305 9
830 135 919 170 0.000305 9
352 164 364 190 0.000304 9
834 119 864 135 0.000304 9
1122 165 1168 185 0.000299 9
853 116 870 136 0.000298 9
736 353 755 388 0.000295 9
220 176 248 193 0.000291 9
690 180 703 209 0.000289 9
240 161 249 180 0.000287 9
256 85 262 97 0.000287 9
833 137 886 170 0.000287 9
1225 163 1266 181 0.000286 9
927 149 937 167 0.000286 9
697 150 712 178 0.000286 9
664 311 680 349 0.000276 9
729 334 763 392 0.000275 9
1048 168 1064 196 0.000274 9
1153 158 1168 185 0.000274 9
842 148 879 177 0.000273 9
350 153 372 193 0.000273 9
690 118 704 154 0.000272 9
256 154 268 177 0.000271 9
580 64 598 92 0.000271 9
550 134 581 162 0.000271 9
432 171 446 197 0.000271 9
1213 152 1223 163 0.000270 9
657 148 671 174 0.000269 9
959 161 992 186 0.000268 9
832 151 844 163 0.000268 9
1055 151 1064 162 0.000268 9
846 136 940 155 0.000268 9
293 176 310 198 0.000267 9
1100 127 1137 168 0.000266 9
1073 150 1082 172 0.000265 9
984 351 992 359 0.000265 9
664 317 677 348 0.000264 9
858 136 940 173 0.000264 9
1149 162 1198 185 0.000263 9
448 145 527 171 0.000261 9
1206 165 1227 185 0.000261 9
1211 370 1224 399 0.000260 9
650 168 661 198 0.000259 9
1056 127 1105 192 0.000258 9
95 182 102 200 0.000255 9
811 161 859 216 0.000249 9
665 313 680 347 0.000249 9
1086 161 1126 205 0.000247 9
1073 132 1097 174 0.000241 9
1073 148 1082 164 0.000238 9
0 141 8 157 0.000237 9
664 170 679 197 0.000236 9
444 145 524 171 0.000236 9
1247 359 1261 376 0.000235 9
581 125 602 167 0.000234 9
213 164 223 178 0.000234 9
905 127 912 137 0.000233 9
799 134 823 158 0.000232 9
663 306 681 349 0.000232 9
594 135 605 156 0.000230 9
1184 383 1236 425 0.000229 9
1101 130 1137 170 0.000227 9
1018 171 1031 185 0.000226 9
979 357 992 388 0.000225 9
1190 163 1221 209 0.000224 9
1056 136 1104 189 0.000222 9
312 143 378 197 0.000221 9
63 145 79 177 0.000218 9
892 137 940 185 0.000216 9
1193 373 1254 427 0.000214 9
680 176 690 215 0.000214 9
999 126 1007 138 0.000214 9
585 110 600 155 0.000212 9
1097 128 1115 161 0.000212 9
667 317 680 346 0.000212 9
845 135 938 154 0.000211 9
479 334 496 355 0.000211 9
1150 161 1202 186 0.000210 9
1080 128 1138 197 0.000210 9
1190 379 1235 424 0.000210 9
1098 162 1197 205 0.000208 9
1247 357 1261 373 0.000208 9
693 119 706 153 0.000207 9
160 64 199 90 0.000207 9
972 165 991 185 0.000205 9
663 175 687 213 0.000205 9
445 157 482 206 0.000204 9
975 167 991 185 0.000203 9
256 128 268 161 0.000201 9
520 150 544 176 0.000201 9
1071 122 1106 173 0.000201 9
1202 155 1250 183 0.000201 9
118 64 169 78 0.000201 9
490 170 517 196 0.000201 9
909 271 926 296 0.000200 9
259 178 274 196 0.000198 9
1000 174 1009 194 0.000198 9
554 161 579 176 0.000198 9
475 144 524 174 0.000194 9
110 127 128 165 0.000194 9
981 314 991 332 0.000192 9
1108 162 1146 185 0.000191 9
1054 179 1064 196 0.000190 9
912 169 921 179 0.000190 9
700 122 715 154 0.000190 9
358 147 374 184 0.000190 9
831 136 860 165 0.000189 9
546 139 579 161 0.000189 9
1072 132 1091 160 0.000189 9
689 118 704 157 0.000188 9
585 171 619 208 0.000187 9
991 287 1008 312 0.000186 9
1153 343 1170 392 0.000185 9
915 168 928 180 0.000185 9
64 149 80 178 0.000185 9
1120 375 1136 386 0.000183 9
1151 342 1170 382 0.000183 9
223 178 242 195 0.000183 9
258 168 272 194 0.000183 9
447 156 493 217 0.000181 9
209 182 218 199 0.000181 9
1207 150 1224 182 0.000181 9
891 136 938 154 0.000180 9
814 151 845 164 0.000179 9
1204 166 1234 225 0.000179 9
650 173 667 200 0.000179 9
580 64 598 91 0.000178 9
975 144 988 159 0.000177 9
815 375 832 392 0.000177 9
456 183 464 202 0.000177 9
690 118 704 137 0.000177 9
256 163 269 180 0.000177 9
573 124 581 151 0.000176 9
1050 138 1114 219 0.000174 9
1024 125 1040 162 0.000171 9
96 151 130 177 0.000171 9
1104 146 1128 166 0.000170 9
1198 137 1205 192 0.000170 9
1205 394 1233 424 0.000169 9
16 157 25 180 0.000168 9
698 120 717 179 0.000168 9
257 143 271 179 0.000166 9
652 149 671 175 0.000166 9
62 150 80 177 0.000166 9
992 127 1008 176 0.000165 9
1175 382 1211 419 0.000165 9
576 81 586 106 0.000164 9
222 167 231 176 0.000162 9
931 135 942 146 0.000162 9
479 335 496 355 0.000161 9
701 118 715 128 0.000161 9
412 171 447 203 0.000160 9
357 148 374 181 0.000160 9
369 163 409 186 0.000157 9
62 148 79 174 0.000157 9
544 149 570 161 0.000155 9
901 136 938 153 0.000155 9
1224 161 1266 182 0.000155 9
1010 155 1058 187 0.000154 9
828 335 845 376 0.000154 9
479 140 580 210 0.000154 9
638 64 666 81 0.000153 9
733 335 758 392 0.000153 9
734 349 760 392 0.000153 9
146 64 190 90 0.000152 9
545 267 559 280 0.000150 9
1044 344 1054 360 0.000149 9
991 129 1009 205 0.000149 9
171 64 257 91 0.000148 9
16 157 26 183 0.000146 9
368 164 401 187 0.000145 9
1102 132 1136 164 0.000145 9
1150 342 1169 379 0.000145 9
1011 155 1042 188 0.000143 9
580 64 598 93 0.000143 9
371 150 382 184 0.000141 9
126 176 132 186 0.000141 9
1010 132 1042 170 0.000141 9
374 161 408 185 0.000141 9
927 141 945 166 0.000141 9
119 64 188 91 0.000139 9
1164 149 1200 186 0.000139 9
1099 117 1137 167 0.000139 9
697 171 711 195 0.000139 9
691 118 700 125 0.000138 9
247 161 256 175 0.000137 9
587 64 625 93 0.000137 9
212 176 237 200 0.000137 9
816 375 832 405 0.000137 9
1196 371 1262 430 0.000137 9
575 81 585 107 0.000137 9
1116 157 1177 186 0.000137 9
598 64 624 92 0.000136 9
663 295 672 312 0.000134 9
960 135 981 160 0.000133 9
66 168 80 183 0.000132 9
68 169 80 200 0.000131 9
715 328 763 393 0.000131 9
679 156 689 183 0.000130 9
1184 360 1227 418 0.000130 9
671 154 677 167 0.000130 9
727 337 791 392 0.000129 9
1009 118 1042 170 0.000128 9
689 152 707 183 0.000128 9
313 114 373 198 0.000128 9
638 149 655 178 0.000128 9
909 136 940 183 0.000127 9
1113 161 1149 185 0.000126 9
1009 129 1027 170 0.000122 9
859 136 938 153 0.000122 9
1063 120 1138 185 0.000122 9
1146 163 1201 189 0.000121 9
991 291 1008 312 0.000120 9
375 162 409 185 0.000120 9
1147 151 1201 185 0.000119 9
870 120 879 134 0.000119 9
958 159 992 185 0.000118 9
39 317 55 344 0.000118 9
847 136 938 153 0.000118 9
578 301 593 316 0.000118 9
596 64 625 92 0.000117 9
960 136 969 159 0.000117 9
48 184 64 206 0.000117 9
208 67 224 87 0.000116 9
737 345 762 390 0.000116 9
653 154 671 175 0.000116 9
312 148 343 189 0.000115 9
957 160 990 185 0.000115 9
843 136 938 153 0.000114 9
444 157 493 220 0.000114 9
588 107 607 156 0.000114 9
542 254 582 281 0.000113 9
314 83 336 158 0.000113 9
795 134 836 159 0.000113 9
1009 114 1121 237 0.000112 9
413 170 448 204 0.000112 9
969 140 991 161 0.000111 9
960 71 976 90 0.000111 9
1007 160 1055 202 0.000110 9
968 166 991 204 0.000110 9
989 285 1008 312 0.000109 9
1011 168 1032 199 0.000109 9
699 119 715 155 0.000106 9
831 135 915 168 0.000106 9
110 134 128 165 0.000106 9
478 329 496 355 0.000106 9
1031 103 1122 231 0.000105 9
688 118 706 177 0.000105 9
774 111 833 158 0.000105 9
373 160 440 203 0.000104 9
1138 335 1177 400 0.000104 9
383 148 401 161 0.000104 9
587 64 625 93 0.000104 9
860 135 938 153 0.000103 9
962 71 976 89 0.000103 9
575 81 583 100 0.000102 9
1151 163 1204 197 0.000102 9
372 160 416 188 0.000101 9
976 313 990 335 0.000101 9
103 151 128 167 0.000100 9
229 130 241 146 0.000100 9
1182 193 1198 215 0.016178 11
1051 111 1083 146 0.013616 11
1051 111 1084 147 0.007711 11
1181 191 1199 215 0.006329 11
1182 191 1198 216 0.006003 11
1181 189 1200 216 0.004164 11
1055 113 1069 144 0.002776 11
1179 189 1199 217 0.000413 11
1051 111 1083 146 0.000299 11
1050 118 1062 140 0.000137 11
1050 119 1060 133 0.000132 11
